"i","t","v_x_1","v_x_2","v_x_3","v_p"
1,1,0.488092173093972,-1.50873458612879,0.528268176172332,-0.468415644265288
2,1,1.15752833945733,0.506821813524145,-0.527315788660942,-0.515559202345692
3,1,-2.49400189625243,-0.318271858025803,-0.0996270200521249,-0.893371043162452
4,1,0.0951669247463608,-0.133354095029843,-2.05051678533244,1.91887675262789
5,1,-1.1133100109503,0.103225757226486,2.24317266783436,0.753176943114843
6,1,0.90345127692364,0.496134994230894,0.287161592034252,1.52675531626178
7,1,0.913432665478946,-0.14443184147181,0.129013705676234,-1.1746415683309
8,1,-1.52300197174896,0.356558069610678,-0.474652219852885,-0.736255858649596
9,1,0.643349646429072,0.219156806512519,0.814959978361712,-1.27054484383689
10,1,-0.35808813107255,0.272438516576293,-0.649883010303085,-2.08675819929853
11,1,-1.82523663936148,-1.48840231716069,-1.24478090011769,-0.308145925840089
12,1,0.441604077487468,0.0913746372066169,1.20533280606877,0.0709923795228303
13,1,0.551921201743051,-0.911500108060551,-2.18476709134621,-0.420336364498775
14,1,1.08866927599242,1.24264409900577,0.44791774122018,-0.658091558209365
15,1,-0.388801231083812,0.403752803848546,-1.12563494544875,1.63213083917429
16,1,1.3326742217948,0.622892298071565,-0.0254033358086279,-0.897642227691818
17,1,0.542568442252532,0.482224853783281,-0.582269070150532,-0.141126475915419
18,1,-1.20215336644752,-1.19312884002851,1.2770393287605,-0.462930606790463
19,1,-0.35257094942249,1.03679324755265,-0.80985028184719,-0.312236505695993
20,1,1.34961578620832,0.803819666250871,-2.05180236746275,0.562117598297551
21,1,-0.745040331995154,-0.657760373601392,-2.01936230781457,-0.113139988073213
22,1,0.211958650136362,1.45085727131199,-0.185251202577268,-1.3150532046621
23,1,0.968456025341677,0.227765514793329,1.82491186765592,0.28108741359504
24,1,-2.31532892963561,1.76856819562935,1.36209439299453,0.371956695194329
25,1,1.72054809136208,-0.29117332505697,-0.285673710459617,-0.730499442472417
26,1,-0.807886183251501,0.921265343071014,-0.921353339578642,0.855666625245425
27,1,-1.48872823213824,-1.44976471039124,0.52194669325211,0.123246458241937
28,1,0.399895055350179,-0.241562886246247,-0.640167644066112,-1.27215040549258
29,1,-0.32815672300098,-0.079802906050199,0.408140783743838,-2.24962286520069
30,1,-1.02530022587792,-0.991777880839795,-1.2410925835768,-0.50436175496127
31,1,-0.466257144389847,-0.783087179005572,-1.65148668932994,-0.438991699100478
32,1,0.0349286725588598,2.01994199968497,-0.179886916865666,-0.0285037843591681
33,1,-0.62352051544334,-0.0494666136046005,0.224989690341577,-0.603265655903342
34,1,-0.548488675789696,-0.622997210151522,-0.138223304058122,2.31279965346536
35,1,-1.37206713890823,-0.477050451959039,-0.261549640255105,-0.339425044185916
36,1,0.693534579578856,-1.08782533317384,1.08140179684646,-0.373587290680403
37,1,1.00937401668325,1.40657496575943,-1.130004179027,0.448380692140969
38,1,0.149048351577534,-0.539297410993183,-0.330061012972073,-0.292651009858891
39,1,-0.767962498946289,-2.33175728924004,-0.930506745505253,0.128042996355575
40,1,0.567706610962006,-2.16980572785924,0.590992647361065,0.0110065529749593
41,1,0.951646249768296,1.91814287248238,2.38785346302895,0.224091780907231
42,1,-0.521198610187391,-2.2215583494711,0.46128993190228,-0.652329268155755
43,1,0.697643259621466,0.992979951809788,-0.432593226822151,-0.180149064929061
44,1,-0.098245839957776,0.366618269612453,-0.490927280594108,-0.433357309292461
45,1,-1.39788385328287,0.950287415889137,0.410411714138067,-0.165268467462044
46,1,0.474403782199945,-2.1778350603216,1.39668252481599,-0.962855970526327
47,1,-1.17299185653179,-0.692029183102125,-0.373723853117815,0.301121144485714
48,1,1.29242569132044,1.58950954627925,-0.159653945739485,-0.0547139079126124
49,1,-1.80853976028737,0.467507270809516,-0.276130726428113,0.930611198716644
50,1,-0.698105140847605,0.68634608202235,-1.85151636657675,1.54599518894234
51,1,-0.433516459111943,-0.255828488533964,0.29339341258295,0.293433078778525
52,1,0.520580173792455,0.839484360892331,-0.713965379883675,-0.895406983466644
53,1,0.0738392428884665,1.07360659687451,0.495134979861055,1.79009111175847
54,1,2.08141637573241,0.334048577579995,-1.0840281735085,0.889950142184012
55,1,0.206452801936393,0.226728969074748,-1.21621099817227,0.674653650855924
56,1,0.351104229278573,-1.31097305224944,0.552292085972851,-1.53110291295274
57,1,-0.110658077605894,-0.463828576344929,0.262207256097804,-0.0121263438013776
58,1,-0.760703773556715,1.14400925410416,-0.885602769092052,0.0443138657852409
59,1,1.68306755090445,-1.41324729076942,-0.886030180365772,0.56321459845348
60,1,0.0796432072808985,1.79032233797314,1.417988400972,0.766163898568067
61,1,-1.09363153000881,-0.204168376309994,-0.693470934203522,-1.00421719881097
62,1,-0.605993466757797,-1.03391396485227,0.20273466183127,1.0472468260436
63,1,0.238701956360153,0.0626424759591994,0.149873012640617,0.0739358876208935
64,1,0.684595675533295,1.20268809368629,0.817823850901353,-1.2166260816294
65,1,-0.159560135437106,-1.71087562241102,1.98892201352694,0.644784961919536
66,1,0.158866873304302,0.1713141908959,-0.212703969502899,-1.25735568894249
67,1,-0.309865470164554,0.404076499317601,0.530771416992111,-0.195171917622307
68,1,-1.155240756467,0.283055326554636,-1.69034278901164,0.765860171457206
69,1,-2.55478684505022,0.347562928034898,-2.2959650323863,-1.34202925948163
70,1,0.731715048299883,1.22897434440417,0.175396055211677,-0.53903959473908
71,1,0.385658973167173,0.0758278701903599,0.0637980429715553,0.43199481201383
72,1,-0.271738867150434,-0.582322818513547,0.382268798266785,0.302479961053455
73,1,0.283842976661403,0.855850526023408,0.809681115930541,0.271308605861773
74,1,-0.320632148661374,0.966892802331996,1.33538444105753,-1.04564726085962
75,1,0.270331908646341,-0.598369869573259,-0.483873948955884,-0.827874730630876
76,1,0.305953967666777,0.70675803522039,-1.13483246441738,0.299925757670022
77,1,0.0140902099350647,-1.50440082417244,1.10513257870889,0.0165952420097839
78,1,0.23607157510043,-0.63118852429858,-0.22871403758536,0.999341815897947
79,1,-1.18055808702494,-0.341138523816434,0.583705171276315,0.239486988510542
80,1,-0.757757454427738,-0.359477801205692,1.13277314804308,0.0475212580173181
81,1,-0.0755399626234133,-0.590818661789833,1.40374640692157,-0.339146585392637
82,1,-0.291320471489395,0.665504104727674,-0.384723661270082,0.154660664726643
83,1,1.16552408658081,-0.9596774496772,0.732404592718801,0.272629834961425
84,1,-0.295290580151572,0.624948010446519,1.37486431323708,-0.0256383907477866
85,1,-0.899446646028724,-0.285943261428003,1.28680766054615,0.438163881465708
86,1,0.461944608164266,-0.295098641788995,-1.27511075033564,-1.47857213919108
87,1,1.62577544800543,1.00749109089798,0.625300316523544,0.296154980190834
88,1,-1.74942415422727,0.43719642562639,-1.24243856517785,-1.9936311043707
89,1,0.1983549770561,-1.56132357799677,0.729024491354107,0.562385693968748
90,1,-2.67910177061756,-0.13290605640061,-0.571643564135008,0.360047991631751
91,1,-0.620894956231441,-0.227815428931265,-0.808439163877731,-1.23582974517319
92,1,-0.478737598284341,-1.0861246894031,-0.0770997159972841,-0.439783724094571
93,1,0.101750929726795,1.17352071745546,0.651776318099685,-0.985275051543475
94,1,-0.738239832177821,0.747297879025242,0.78000171945266,-0.505090863806613
95,1,0.747761333807286,-1.27951905398194,0.249748323678302,0.252826151804752
96,1,0.625150047277449,-0.77272073337378,1.32810235681442,-1.58052793827419
97,1,-0.0309451557423653,-0.504047235874468,-0.114208141965797,-1.19068834644279
98,1,-1.65365373087794,0.94240796664713,0.790977119329744,-0.831922701463645
99,1,-0.682670583422606,-1.32743055652484,-1.0212606093749,-1.19825801541892
100,1,1.04832351387609,0.331642119912681,-0.0923306800501069,-1.27998960103341
101,1,-2.03713822398015,0.473564615823456,-2.55771793060329,-0.492246498214715
102,1,0.221699755327073,1.35131231756874,0.482175890058373,0.59315279857885
103,1,0.290569074117602,0.313537136836737,0.638266441760207,-1.62150397258223
104,1,1.16108465969842,0.579425376801826,0.317158759587493,-0.443939215699356
105,1,0.0436154739671853,-0.528491508296735,0.00710301542883446,1.70683125484463
106,1,-0.731768874331894,0.754606924624749,0.00483657869354049,0.950316615315861
107,1,-0.163438154798365,-0.183007039346233,-0.235854274312037,-1.44195889732115
108,1,-0.927429037623103,-0.121532968035111,-0.494999156774566,0.377318856246336
109,1,-1.5320224366662,-0.50686231229007,1.01612742626814,-1.28013982970388
110,1,-0.314543703472929,-0.758314531629892,-0.121488731131063,-0.885789105335163
111,1,0.164945940406962,-1.06318980737529,-0.122512106512087,1.91872972793151
112,1,-0.153374244257742,-0.374319039521346,1.30091911860805,-0.269057088368899
113,1,-0.771528930290995,-0.427575494710495,-0.490626378582117,-1.37092586326595
114,1,0.265855959522582,0.0558101946932856,1.2163274933307,0.0864743098640383
115,1,0.667353976966925,-2.11988507242386,-1.26372790499182,0.439192845632958
116,1,-0.729565062011462,-1.57779182499516,-0.377998728664775,0.607292726403256
117,1,-0.377101549947312,0.74564579329355,0.117342009333664,2.05105985427619
118,1,-0.649683142065123,-1.10795186204743,0.312969878421027,-0.1920481099088
119,1,-0.425245901700963,-1.36393445455955,0.558179151096235,-0.629853034619818
120,1,-0.119750804070318,-0.168827612998087,1.96754112786797,-0.795513857520316
121,1,-1.4163738351708,-1.8857638746058,0.23215554456273,1.60664448888136
122,1,0.719117478048102,0.604420675464578,-1.59138748244598,0.872262517430678
123,1,0.238741217194525,-1.94903639973275,0.939690256167394,-1.47816615269845
124,1,-0.0671994501498754,-0.38039536221322,-1.8109914929974,-1.18837558331849
125,1,0.799080827560319,-0.862095606248558,1.38231126680731,1.75221238688167
126,1,-0.626871907218906,0.198736048057024,-2.23605522244511,0.295192787941209
127,1,0.430887102679775,0.509112973659858,-2.3690280481899,-0.679139208944732
128,1,-0.481858609496818,0.436728244820565,-1.02889132726136,0.067521916222855
129,1,0.132604930359129,-0.92685673335335,0.228770622660279,1.59830775401988
130,1,0.000759446936896515,0.770841371632029,-0.479880299932518,1.51791432428265
131,1,0.80059719955555,0.00367157755241949,0.755544576716794,-0.66041499590642
132,1,-0.415129949074735,-0.478794771742919,-1.319102841804,-1.4124740963194
133,1,-0.135823611668832,-1.30650472855839,0.363066800097794,1.5520582269576
134,1,-0.343625440931106,-0.916926512533664,-0.333494727638995,-0.193708420545805
135,1,0.0418124438834504,1.01043547607196,-0.0500778025360306,-1.14841435041746
136,1,0.16213532579151,-0.728279151929992,0.757771338609624,0.299585996009342
137,1,-1.5718619199297,-2.02305004997461,-1.05138545669799,1.42686340204396
138,1,-0.276938344970695,-0.203523443388335,-0.224922074453008,0.896027780387213
139,1,1.34024053142642,0.353833114539413,-0.0466885538555978,0.656048354279934
140,1,-0.449900242144116,0.666835844902019,2.18983269267654,-0.462344731831517
141,1,-1.33169291166048,0.710369230184472,-0.985141701306924,1.00723122669398
142,1,-1.04788107014339,-1.09700207824835,0.859438776831504,-0.216047251688263
143,1,0.480587202716807,1.22485990627818,-1.23116495675042,0.761403478733338
144,1,-0.135056624316081,-1.54218797031306,0.599411049887957,0.239015671370764
145,1,0.951842409900067,0.98850078177407,0.056336096591812,0.529723850559855
146,1,0.129600940767025,0.627052232326518,0.123175914941928,-0.24661125873051
147,1,-0.685636393840452,-0.748450973609355,-2.04620282277544,0.656928611927648
148,1,0.12850176628852,1.12399119505002,0.546248845574909,-0.539215629614938
149,1,-1.13568986124642,-0.658739259916434,0.976213712689939,0.839165185615504
150,1,-0.702106357867628,0.0368900939283145,0.740466161036825,0.121047954156107
151,1,-0.57018970639033,0.0392624899842886,0.628420741098574,1.48103003914212
152,1,-0.2248273006617,1.89377208238977,0.225250452895443,-1.15996077791209
153,1,0.171743338009603,0.554908002282289,-0.98039563205576,-1.13492319873966
154,1,0.066863666325654,1.64651353665285,-0.653896471866357,0.0104497366347959
155,1,-0.260140480633298,-0.922740705383033,-0.204303793289863,0.653410314904238
156,1,1.46392219975083,0.640045948463365,-0.0521370828084059,-1.11887284259409
157,1,2.38691059679716,0.377796514514546,-0.39142201882727,-0.669267913162577
158,1,0.0733210540935696,-1.09428405622285,-1.29659620108245,-0.0773528961442372
159,1,0.177379660231857,0.0766430957682458,-0.401999023403422,0.293692860823789
160,1,1.59490283246607,0.91655278326216,0.610195279845708,-0.33334396573358
161,1,-0.0855325907990824,0.598571763792119,0.146015598589559,0.182664133827913
162,1,1.35447141325674,0.732274106011743,-2.10332284504067,-1.44154672431422
163,1,0.084177190193124,0.273544731715578,1.6943410998935,0.517024008846925
164,1,1.52135900515197,-0.0652109178330862,-0.155477743589088,0.47821423438243
165,1,1.00969305178686,-0.715096454701744,1.02434144964769,-0.227236566132409
166,1,-0.13984678872804,-0.919155619455506,-0.887417453274416,-1.14747395385674
167,1,0.624112258717646,-0.18718294259524,-1.00340785034218,1.42788703170882
168,1,0.364478928283932,-2.095035815693,-0.932166862148019,-1.06819390837823
169,1,1.53396474609108,0.842044768386301,0.758579472204317,0.88242569836368
170,1,-0.0875956947226706,0.644758212401508,-0.0271642746382903,-0.984922162996704
171,1,-0.134225302673451,-0.87277983078447,-0.295141054566548,2.07189143998534
172,1,-1.09713218118207,-0.825228204672722,-0.188693992637864,0.145172961310842
173,1,-1.35574481107189,0.705694002288892,-0.220582227503535,-0.267521759895406
174,1,-0.118521383445539,-1.03445194008072,0.968472699596995,-0.256228035727644
175,1,-0.929222755836049,-2.62372551897703,-1.92453212959343,0.675972459967723
176,1,0.404756839975802,-0.270906303278249,-0.450523299426355,0.460424724760964
177,1,0.0901126776645028,0.997667078856049,-0.142698985264539,0.311638725617285
178,1,-0.248054572293996,-0.109499641713151,1.41575997569118,-0.129772472150111
179,1,0.00585287365013668,-0.23816966073714,0.672381509720079,0.605171939674182
180,1,-1.39611690754443,0.231098325004173,0.14315278288698,0.690020018611731
181,1,-1.2889201110664,-0.471843606328954,0.655203392621323,1.24198118174615
182,1,0.939588227514832,0.683811657563755,-0.126627081399937,1.51128229937135
183,1,-0.327631166195918,-0.995624433613143,0.726816472369879,0.354623874515864
184,1,0.224507359410156,1.12993844026373,-0.971847064693572,1.66203975211004
185,1,0.371695799659956,1.84158494236307,1.53542320413048,-0.917502056970344
186,1,-0.662522231524883,0.852082061820103,-0.730208886881318,0.672982682443192
187,1,0.621590498997086,-0.571438716240658,-0.0690434136167765,0.740369933757747
188,1,-0.0469648227795162,0.354174761511885,-0.96740835213752,-3.03273720594931
189,1,0.699986123569899,0.641547021062936,-1.40994621140519,-1.14150335478021
190,1,0.708832113326988,0.789450247055918,0.826725404381636,-0.645748154234392
191,1,0.180373380389691,1.73134173102641,-0.0255473396371062,0.061836163455154
192,1,1.25722386846855,-0.038645678941624,0.363423558887807,0.250459310493849
193,1,1.38886207539596,-0.452827084769074,-0.770258942753755,-0.914834268448546
194,1,-0.69413364714828,0.72266033289062,-0.126463979941034,-1.33405739346751
195,1,0.163155252858581,0.0796414057644589,-0.201533786135004,1.04138687540203
196,1,0.882192435163046,-0.768691081023499,-0.0978833574736756,-1.49008557447537
197,1,-0.00802013755134111,2.01726775889362,-0.0901116099934159,0.745251163582395
198,1,-2.81041768701565,-0.484584664914692,1.0507770706134,0.728697863182604
199,1,-0.181568778766776,-0.0414812740266158,0.628444811943128,-0.428360345454211
200,1,-2.52671687505345,-1.02878814409827,-1.17539256835428,-1.80651659489823
201,1,1.50384711533791,0.622423663060131,-0.618247794344288,-0.979116007890737
202,1,0.296660748685352,1.23749219939927,-0.308853651585979,-0.959138858857787
203,1,0.546057116171726,0.355461412485862,-1.68293171629311,-0.926456303368901
204,1,-0.262867476778113,-0.189238555978948,-1.14814604753068,-1.01963011909368
205,1,1.19798434664222,-1.34536711980635,-0.531100392130913,-1.09865372742954
206,1,-1.64715867408541,0.723794629709758,-0.895883003153665,0.526641963107212
207,1,-1.3653089796486,0.317329407709646,0.540254999533626,-0.123771064131556
208,1,-0.619854847996932,-1.16770018120352,0.0169696870515445,-0.161248469350426
209,1,-0.529906245325487,-1.04458704872988,-0.834296848086092,-0.246869452599922
210,1,-0.743427098957556,-1.16419724459997,-0.766323129441639,-1.0193681118496
211,1,2.13811078641734,-0.751825211104213,2.26771693388322,0.177090838229117
212,1,-0.0762903987093474,1.30661544659267,0.652663914203622,-0.236500855244965
213,1,0.0140311658791017,-0.530097056165244,-0.850130843611044,-0.5115792326487
214,1,-0.903030672700274,0.915065980056057,1.33246731027672,-0.966199473055986
215,1,-0.331080326918917,0.298034533306848,2.13146613703326,0.77421833071751
216,1,-0.733126518010354,0.265788849671577,-0.538724952368743,-0.522227266143476
217,1,-0.637074533423215,0.482448053970701,-2.11060884343468,-2.2396013982629
218,1,1.27852882519535,1.993953522759,-0.0282253392242563,1.68294884453055
219,1,0.369463454955174,1.08435588576586,0.431826404815837,0.916350280313361
220,1,-1.28194772881395,1.49040690470879,-0.622709352152152,-0.347123517470219
221,1,1.16640543786043,0.980457393298049,0.142149407680879,-0.626898573519359
222,1,-0.186591706369537,-0.42716741469142,0.353279266056802,-1.36613336106288
223,1,0.158964725724149,-0.752061308823688,0.372928132837467,-0.382816094232416
224,1,1.42919224426059,-0.610353056605626,0.127284617681306,-0.609183775706975
225,1,0.223655368718867,-1.58872861065702,0.0185522641307167,0.924480835612507
226,1,-2.03016351433614,0.185416597648319,0.552029424164495,-1.90768470101998
227,1,0.780962605200438,0.389082827780846,1.41268670718618,0.972496223359927
228,1,-0.781142273315031,0.488013729562308,-1.20368966642513,-0.858169294269095
229,1,-0.674085747438458,1.77170493690057,-1.34673843280826,0.442817870778967
230,1,0.775873784092935,-2.33877446475753,0.340145592091218,-0.231610526151104
231,1,-2.63719298495269,-0.644153430010719,-2.71497172673376,-0.612522353221653
232,1,-1.05317972437477,1.12125635271512,-0.177962705260794,-0.417643665584958
233,1,-0.54804404183696,-0.737614609145048,-1.41449998488716,0.381381072899174
234,1,1.53940618990468,-0.42471944070637,1.12390247891207,0.598627196408526
235,1,-0.443326103959104,0.175498051974811,-1.00479383269,0.362314181712127
236,1,0.514662120107669,0.31911173587954,-0.324317597887945,0.448163100931535
237,1,0.360524904855234,0.439987530112894,-0.128099019771777,-0.361951444760761
238,1,1.24059821933321,0.726783883323333,-0.638172306917696,-0.519918540507878
239,1,-0.51480616359638,1.45674945334727,-1.23240261215023,-0.0977961549667711
240,1,0.161196260838144,-0.227343494066895,-0.255263800392399,-2.09334096774692
241,1,0.89643026825329,-1.99195757125262,-0.276103436260575,1.91275682468105
242,1,0.199848307174351,0.617244729557428,0.0778651458538195,0.885237756778518
243,1,0.872723397988853,-1.49928942124898,1.09148153294422,-0.321130558375309
244,1,1.44968493523394,-0.589143517577881,-0.723222719258864,0.998817792888205
245,1,0.248041398433495,0.68160575234661,-0.797399058672931,0.253056042969034
246,1,1.26336836246515,0.29158392836272,0.846987291174926,1.52248550516308
247,1,1.76679433950682,-0.482133720596571,-1.50908307313696,-0.823344511122451
248,1,0.766340826487072,0.195202942002246,0.225233953972932,-2.18119075210073
249,1,0.142816992603988,0.651846025011164,-1.56474707580446,-0.0199344101397531
250,1,1.24510696335084,0.00905494389366373,1.02234994548206,-1.946229777913
251,1,-0.0475374926470186,-0.144491835956953,-0.610025225444127,1.65943077088129
252,1,1.07511514160308,-0.14725227432667,0.859905311198863,-0.170700549726222
253,1,-0.465006455827913,0.927098983495353,0.357351689751572,0.0763972842402842
254,1,0.131932147906806,-1.09417060870554,-0.728891412317485,0.148563597988882
255,1,0.240237258541608,-0.611033470784594,-1.45707960841901,0.0760021836592646
256,1,-0.0292606813145551,-0.471872111434185,1.99404317505816,0.185534109753253
257,1,1.10908491522843,1.12827101339986,0.855881680837348,-0.086904364438218
258,1,-0.948030617239078,-0.344944970878017,1.60165478370761,0.308090934945236
259,1,1.18551506792834,0.456000059622243,0.0139283255640838,0.411785536389094
260,1,0.0802860260001161,-0.426653366167341,1.90518199654665,-1.40642131483632
261,1,0.528472174235447,-1.42151468394008,-1.87707864582222,0.943880855346717
262,1,-0.302090540580546,-1.50880511419431,0.83995659142839,0.657926608584172
263,1,-1.36256504032208,-0.0977782964394173,1.37466894231664,-0.11475682373112
264,1,0.196871553020629,0.639050354022303,1.41535964624395,-0.186742449586785
265,1,0.120270039289039,3.16960709210929,0.572776582104987,1.52172125061188
266,1,-0.171560018537541,-0.643225453575004,1.77729649020228,-1.02549661537465
267,1,0.0709669092324374,0.312612143548102,-0.303546252768871,1.43470171896706
268,1,0.497070669551164,-0.441312357965109,0.0118040058976341,-0.015892360397628
269,1,-0.313982800827404,0.20604740728008,0.1048564299226,-0.137719652987383
270,1,-0.210194012400852,-0.111866671975414,1.71746194906104,0.466403553961565
271,1,0.911343304253297,-0.18096952751586,0.423311777817332,1.05411306959862
272,1,-0.964606666080066,-0.47923161113219,-1.38215374264484,0.061237438876903
273,1,-0.203139214269219,-0.642694539258978,0.174981608701007,-0.237468626414534
274,1,-0.782490172303651,-0.789793340331038,-1.96961242074237,-0.200871295962746
275,1,0.834022293016486,0.479860801442726,-1.16859569214551,-0.982386902830639
276,1,1.86393283798114,0.604464844252026,0.646552033507201,-0.483766541270794
277,1,-0.480484277271066,1.88158868814997,2.03345001711795,2.52362256078366
278,1,0.135018049308397,1.08993332982514,1.132146819104,-0.212171222781479
279,1,-0.0467494770915068,2.0985467437664,-0.51823507298491,-0.612899170504831
280,1,-0.210177166186865,-0.65257584767258,0.563262367565074,1.09658932637672
281,1,0.99358154254146,-1.52486266979999,0.296654390545058,1.06263243446875
282,1,-0.478818365713341,-0.63165809989456,0.261455767763653,-0.309370924974838
283,1,-0.737064146529495,1.49304620616633,0.411678672644505,0.176872464181592
284,1,0.168924559280663,-0.0719713409881309,0.0325131766333887,1.37674588140994
285,1,-0.872251829889109,-0.473624588696185,0.290986313060705,-0.983003905743828
286,1,0.721967833568192,0.675908923652997,0.208285197469339,-0.2553806686102
287,1,0.987546301741473,-0.163198728621825,-1.23101970895063,-0.882549042746816
288,1,0.00659916644818477,0.89429910664469,-0.0168105850350567,2.37119057790637
289,1,0.521040096262365,-0.274706609817568,0.23159684801301,-1.72299596122651
290,1,-0.529316925692815,0.315673557508194,-1.37844303212862,-0.000793832752592838
291,1,-0.675211058328215,-0.204592764023449,-1.02940781120735,-0.891427950212051
292,1,-0.320194509295473,-2.0059808905562,0.153229801980366,0.190331072963238
293,1,-0.770655936730976,-1.0427368615734,0.448934731888601,0.59202810631635
294,1,0.381092101083754,-2.3010114512705,-1.10058354428942,3.38061821090192
295,1,1.58116231253115,0.837615710974639,-1.7051662495659,-1.91556443012245
296,1,-1.02669160067755,-0.361197288756632,-1.28249389445553,0.134392856491822
297,1,-0.68645741324692,-0.107692501183969,1.67307485788847,0.838796294922729
298,1,-0.207113434749913,-1.12035443494625,1.33481134762394,0.856753900944721
299,1,0.413574432128236,-1.21763389250729,-0.124566553918891,-0.512372726944478
300,1,-0.390525626143926,-0.0614457235078161,-2.79065793113777,-0.718104017697971
301,1,-1.12251544353454,0.54805706450252,-0.00100806048685503,0.236935750523986
302,1,1.91021695013952,0.501312995316309,-0.631949949760584,-0.669479502382959
303,1,1.35668036785562,0.658575927892059,-1.4962731192407,-1.84751717229513
304,1,-0.630045469676527,1.46253416913331,-0.769469823883799,-0.723706250833667
305,1,0.629453195767299,0.514573596126476,1.53500429690236,-0.127296011413782
306,1,0.796892736782638,-0.73140169998636,-0.10865696491044,0.144059808103598
307,1,-1.55372776009407,-0.479879821553653,0.318624821792151,-0.608325303894019
308,1,1.86843365846303,0.343149070128401,-1.23738166113664,1.23472503651085
309,1,0.371530124187638,2.3068071582835,1.32746845312326,-0.429418173701373
310,1,0.124287575766107,-1.30815900514734,0.854442831000995,0.151601203072219
311,1,-1.51606770971632,-0.00151518401986585,-0.351349778618475,-1.16001600359288
312,1,-0.0572289087261883,-0.66109260538228,0.395069874029644,-0.282751193503208
313,1,-0.988620222159988,0.576659353998979,2.02342784963372,-0.255240743653623
314,1,1.42766801988446,0.129439301754524,0.293858078575206,-0.125782574347835
315,1,1.76265621730928,-2.40271146788604,0.271244346559592,0.22413661465992
316,1,0.347564203539392,-0.313497885491678,0.207732026383899,-0.394894664667583
317,1,-0.218405898693722,0.272895989375372,-0.680672121527783,0.573084631463908
318,1,-1.03689152286346,-0.624281392821638,1.89738274563459,1.15576445631188
319,1,-0.543283457851841,1.88337959029145,-0.427512813708856,0.245459590374986
320,1,-0.341995970743111,-0.461765917631849,-0.291627158573521,-0.654504140142447
321,1,-0.0896216542379186,-1.28064179726252,-1.62421733128228,0.904378981432735
322,1,-0.946988525246755,-0.191179385260845,0.167493677943761,-0.736590905162242
323,1,0.978831775502377,-0.0708811724666916,0.381895868086491,-1.20331414803718
324,1,0.0270392392294266,0.509493893233007,1.47589647155403,0.0623524663862568
325,1,0.0881267046615694,0.23130329476579,0.767448346095588,0.528395158018609
326,1,-1.2766996071743,-0.0953359573008669,0.682745648863174,1.75500373670134
327,1,-0.684217396525229,-1.27349135759824,-0.325792713352295,-0.110458859959981
328,1,0.236289601151637,-2.09002857607424,-0.0182854340160941,0.312038505668516
329,1,0.700755635770431,1.05310121332488,0.142871597578854,-0.075008823846939
330,1,0.127144069827156,-1.58306121402421,0.986570142403876,-2.1611399571368
331,1,-1.50601031649169,-1.51023757098904,-0.588479439414204,-0.488255692040058
332,1,-1.03373703046637,0.548423056854604,2.68205815972994,0.472838225402823
333,1,1.80203449308735,0.33558463611077,0.457052457640352,-1.87288588060612
334,1,-0.632362610411619,-1.35908692874672,-1.29460095319362,1.00279238185962
335,1,-0.625138731778762,-0.0606422130045749,0.826743818344255,0.716848078905864
336,1,-1.60264649991737,0.0760187189568944,2.29704677895606,1.3909316245553
337,1,1.04849154643004,1.00236276796696,-0.956085816990802,0.276497146473382
338,1,0.067039312876066,-0.679341472995168,-0.189783825153094,0.46355715646579
339,1,-1.04758448869272,0.347170012261546,-0.0769492977009124,-0.642577737309665
340,1,-1.28794160510228,1.34893542519633,-0.540910569161497,-2.16021376655057
341,1,-0.296981726392708,-0.114474600441668,-0.34955098009782,-0.321752109439143
342,1,-0.26705685481839,-1.21724391394284,0.748916320412707,-0.133711820729424
343,1,-0.585860499214881,0.597532236962774,-0.989327836995044,-1.07342766679036
344,1,0.692502076665739,1.60692332560206,0.440253508710558,-1.38406911707741
345,1,1.54278728636504,0.527332298573255,1.47928229089355,1.54358645810991
346,1,-0.740177183086733,0.931237655596801,-1.22930045942661,-0.0693126052787947
347,1,-1.12927416672686,0.751501528169435,0.253007010448176,0.550888690082273
348,1,1.09397357727171,-0.105249756572872,-0.527351939045849,0.147445158625847
349,1,-1.71429370466327,1.31507656171861,0.561129177679826,-1.42241578375324
350,1,-1.21535862996701,-0.573813541169772,-0.435972146623904,-0.357238227391791
351,1,0.13274782259837,0.446208469282608,1.59325064060933,-1.6319485210537
352,1,1.74735205997234,-0.374926997883674,-0.0154251516285312,-1.10804950773334
353,1,-0.493238849573304,-1.92717896063111,1.20076723691073,-0.66602429579812
354,1,0.740823342224301,0.37738459664476,-1.12911387940182,-2.2133367832103
355,1,0.412620043812291,0.394300208846745,0.760511170841015,-0.372956696397108
356,1,-1.39544866200654,-0.581740114846784,-1.80912645919297,0.699295181514024
357,1,0.201876232575302,-0.271814129766055,0.560051430501062,1.16411848534915
358,1,-0.366415475808292,-1.18676638131635,-0.196953693874374,-1.0470855042981
359,1,1.5077998321842,0.633768616792987,0.734028547580326,1.07510781037644
360,1,0.649098327682895,-0.649977116099774,-0.16758805209012,-0.0990302020670218
361,1,-0.590722581219689,-1.10256430457851,-0.691531807001923,2.09250688644938
362,1,0.754867178229573,1.6359491990005,0.750696129994253,-1.31227521886651
363,1,0.414225060007602,-0.691917449617522,0.581009107815128,-0.288541246983763
364,1,0.907124190022841,0.1025769219339,0.945681490008197,-0.932407591367879
365,1,-0.256934900735976,1.66057885128661,-0.33276850700363,-0.779201762684287
366,1,1.07106143500373,0.0665760728208295,-1.10523593649127,-0.304196199800015
367,1,-0.338940136890165,-0.0699269027620287,0.167560021922557,-1.03101141457743
368,1,-0.759492749550604,0.223392175487169,1.10791239352693,0.750908256923409
369,1,0.468565049437346,-0.813546533402078,-1.75656941682834,-0.335789810560507
370,1,-0.475300174412938,-1.14802972525443,2.25388649219375,0.339205551896555
371,1,1.054399106093,-0.803524946981921,-0.836451768720856,-0.801204952659922
372,1,0.822906763571438,-0.247419412809991,0.904371724441991,-0.618416905671373
373,1,-0.624548340293816,-0.187940582704611,1.00020899909873,1.15152919751034
374,1,0.618963731127916,0.434755840171429,1.08472057305596,1.37383144920276
375,1,1.27888838881698,-0.690561774921605,0.603886029526591,-1.07077811753734
376,1,-0.0347676537800384,-0.574369454723812,-0.366259178070523,-0.32544356702138
377,1,-0.945238680982033,-1.3590965624941,0.306584907170416,-0.445036309233735
378,1,1.41846534717829,-1.93871321111017,-1.43922747471095,0.095648142083839
379,1,0.472406464742128,0.557274821279821,0.216441871079694,-1.79142161900177
380,1,-1.39999729044476,1.15867971751861,-0.13134835070475,0.458121835806865
381,1,-0.0836637803990726,-0.284398949895875,0.349010405635056,-0.670130910188083
382,1,1.06159834768052,0.112756015462375,-1.36474422333873,-0.246988230008953
383,1,-0.890703234796136,1.09795659937319,-1.1695157795426,-1.19247032360094
384,1,0.468921695170021,-2.19938113812716,0.00966458460374466,1.32376797958254
385,1,-0.888913081893906,0.513875066937279,-0.550736138295922,0.591440416316817
386,1,0.394199724140549,-0.939910161607282,-1.03792972384145,1.23432018644064
387,1,-0.463475804374539,0.706363431044589,-0.567025975442499,1.33264486985588
388,1,0.367203737615508,1.07696775083839,0.893922659762844,0.0256184226174729
389,1,2.11624969046346,-0.287574902112788,0.633246557270758,0.0675901295397209
390,1,0.736913081159135,-0.596014616894705,0.715076812302996,-1.18867956672544
391,1,-0.0409754805876743,-0.533735577516191,-0.776293520317053,-1.50475339358785
392,1,2.67541516423605,0.30092362921371,-0.369941559426609,-0.0165456588513865
393,1,-1.85507372614162,-0.13249013928815,-0.144230357829138,0.636220129501891
394,1,-0.482488309963633,-1.37206699792602,0.0914891948217247,1.52584856988514
395,1,0.670442561578595,-0.672954661856243,-2.36739131085828,-0.634836441675229
396,1,1.410764022073,0.270327450009952,0.1535731050077,2.37970844325441
397,1,-1.64365377857362,-0.383867312031876,1.37398778598736,0.254167570102821
398,1,-0.451235024411493,-0.381053888711948,0.942442591574458,-0.487410542629999
399,1,1.22797127472661,-1.76674965540867,0.494221745830381,-1.01690430696172
400,1,1.66925074756436,-1.10782653438143,-0.157541640981735,0.375075483888847
401,1,0.0377855060784707,-0.567460919816065,1.64064810419681,-0.744405091069279
402,1,1.55894474582237,0.470112266321301,-0.652522909405832,2.02366618125154
403,1,0.935156306626947,-0.402632782787191,-1.0436449949047,-0.33455080058077
404,1,-1.34743150838795,-1.72000973899862,0.201583426414197,-0.826166420126821
405,1,0.808755143424793,-0.341590490372686,-1.35319647626149,1.63720525999629
406,1,0.863919831875081,0.80498692764794,-0.750654780710747,0.0973341555428177
407,1,-0.580135057123604,-1.10256500608951,-0.619153947789863,0.0884313285228165
408,1,0.565433944407182,0.886343288947947,-0.740722104978829,1.03781443888873
409,1,-1.59554506136982,0.285517792389637,-0.215689088479585,1.00988784556202
410,1,0.889599765866773,-1.19007462349311,-0.875604321084282,0.930262778214859
411,1,-0.936099304581041,-0.628605868553114,-0.0575640009280358,0.370798209444029
412,1,-0.104995236250848,2.26875380474341,0.678815338941766,-1.0143711383963
413,1,-1.5554868560817,-0.173891267865478,1.66566338064866,0.0561859785927076
414,1,1.23120276503312,-2.53925132687806,0.809808729211643,0.532326460356872
415,1,1.08484924677383,1.04632008498553,0.0748980155949228,-0.874048458406036
416,1,-0.603636071897177,-1.69003998051342,-0.962593755655337,0.78080471423022
417,1,0.148061508453883,1.43829678692857,0.0395783153781934,-0.123028150310012
418,1,-0.528805137196266,0.345586887919431,-0.188872630227181,0.378444148975243
419,1,0.908540459623634,-1.11276841961997,-1.06475648557123,0.234442973070065
420,1,0.0780647758066727,-1.65983093643217,0.46589031567562,0.191262188475264
421,1,-1.04649494853367,0.0545961446538213,0.260825083674069,-1.04554053427971
422,1,0.912801016228114,1.15956763016817,0.796857919053354,0.0888313297337732
423,1,0.25222713621847,0.266696355739849,-0.0531853116280062,1.4597890375247
424,1,2.10146092842001,0.629712645270524,0.505950654333509,0.138747254002947
425,1,1.33346798381731,-1.11139635388107,0.284920990552972,-1.20232728034211
426,1,1.08645006879668,2.78265028611823,1.68845033714614,-0.221215914535659
427,1,-0.406996747174073,-0.209885583033623,-0.0817479722597989,0.831490556679856
428,1,0.337554039668471,-1.7393846711309,-0.885063795154655,1.61470565052185
429,1,-1.7073317057287,1.47807934796649,0.576029645400295,2.18413081113498
430,1,0.762904069326313,-0.806176227124708,0.260222247922552,-0.634362824257779
431,1,-0.577460751418446,0.10796694520611,1.3740417957742,0.577051594982219
432,1,1.21208824531662,1.6363420577084,1.58791881055963,0.622492540600219
433,1,0.916658640281062,-1.36312383515994,-0.691435803486398,-0.185341014153334
434,1,0.656771146808634,-1.97774201125697,1.05049759008126,-1.32706124461707
435,1,0.33660338752858,-2.10722790411584,-1.99929158331598,1.79390817261512
436,1,-1.86588953930404,0.00402012020119339,-0.658172977924426,1.052818560269
437,1,1.83775099628868,-0.0969992880674974,-0.474358058289505,0.320889563262879
438,1,-0.113800973147899,-0.368943848172956,1.12503600770746,0.160698261680659
439,1,-0.367722583961802,-0.450886146089194,-0.379934286409744,-0.24680931627914
440,1,-1.2929889890366,2.1310867730868,1.91591293053624,-0.0827136811632316
441,1,-1.14722044150236,-0.5636208925433,0.391513070247589,-0.60415780137128
442,1,-0.625362463700797,-0.165882945706487,1.6929699779939,-2.49570808039226
443,1,0.805395482120837,-1.88472887554712,-0.581375278368032,-2.54962646935803
444,1,1.80158254451471,0.827967489496861,-0.612467520090461,-0.245710205821185
445,1,1.37848335884152,0.213281568256597,0.0828256838607482,0.76703407912267
446,1,-0.163843642258108,0.986369280275573,-0.475330151994462,0.172766885288203
447,1,-1.00816912921335,-0.528682561302388,-0.986173779041441,0.521688737311219
448,1,-0.0272193657578904,-0.442573053281093,0.99835593023828,-0.150409973004779
449,1,-1.08602425826531,-0.148455585883426,1.8082979826487,0.821743927426564
450,1,0.551679763107429,-0.615234550734664,0.352836520959725,0.791067560587103
451,1,-0.335629416566936,-0.218711839542326,2.00114468359313,1.09400426693931
452,1,-1.38448520378193,-0.310560804089859,-0.956648910002491,0.935062867311453
453,1,-0.319332040665594,-0.67704057291519,-0.795229055181878,-0.870521311754615
454,1,1.25182916995805,-0.918855206716608,0.119520365015059,0.476212695359715
455,1,0.318506130108774,0.256039026763744,0.315121724227872,-1.82089757505535
456,1,-0.146148221681534,-0.829768077067727,1.56909338073781,0.668767676824804
457,1,-0.62622084761365,-0.114019143688411,-0.281143675874154,-1.56637650496499
458,1,1.17088998719981,-0.62185967883236,-0.473902046621552,-0.684658677320836
459,1,-1.76315003780612,0.738661258796339,0.332819907515216,2.57913666107032
460,1,0.520750247761904,1.21242032375991,1.08931072684758,0.403720321429714
461,1,-0.879712225636619,-2.17888309876389,-0.0271188686715396,0.384920573226438
462,1,-1.24754682953153,0.555869192083375,0.0211046706721198,0.0840316220863098
463,1,1.58470437331328,-0.765289255412913,-0.675295557024586,0.119051382815224
464,1,0.957289535562507,0.769132310265059,0.263629800193278,1.78295552933978
465,1,-2.42916927243877,-1.64317538756621,-0.500708076618806,-0.157390489921704
466,1,-1.30489794069124,0.0309886159771803,0.32014841633587,-1.36925712274628
467,1,-0.267199719242975,-0.688575359844559,0.692129820855833,0.587307034716455
468,1,1.1537935525591,0.297272362427644,0.735014885572162,-1.52620478978606
469,1,1.4998699178935,-1.86832534250999,-1.40667687148485,0.845054356597053
470,1,0.384892114226985,-1.87947405666447,1.23634700401626,-0.0934514122782741
471,1,0.687131162897696,-2.67260501722473,-0.373592172729933,-1.91025774751905
472,1,-0.0453544342324481,0.268804456230992,1.42358449483737,0.113834108516679
473,1,-0.611887245954571,-0.732297417621067,-1.50297787366532,0.538697940481019
474,1,0.567153228082231,-0.99998735172421,-0.398633919905135,0.0746669037012732
475,1,-0.150795048534419,1.57035578795182,0.724316847084404,0.0979302572587069
476,1,0.810816225267928,0.285462263865739,1.92877836006927,-0.592806319378445
477,1,0.484802568590805,-0.603342779679468,-0.248136526350856,0.120039508011286
478,1,-0.353810281265113,0.114143623838152,0.185521435759884,0.500730308517383
479,1,0.261624633976074,-0.120117199790137,0.625297874748603,-0.320200800145955
480,1,1.37990093403083,-0.363980307399864,-1.48416771631547,0.115967287479411
481,1,0.684117330551488,-0.997491334119938,-0.819710677727288,-0.333919608097533
482,1,-0.528100191269809,1.31398986685504,-0.439047279167824,-1.41639270901949
483,1,1.04650899639462,0.339981238917457,-1.5407942099713,1.02816240818553
484,1,-0.36065426501871,1.38549500893088,-0.393835527854121,0.27211863567739
485,1,-0.987479630149359,2.67822834582872,-1.39701461460376,-1.73473321549708
486,1,1.04506772965676,-1.58027328329543,0.205318703627424,0.365443335062075
487,1,-0.344466547144911,0.204917066340439,-0.423345712772928,-0.653760557221207
488,1,-0.619984406755008,1.38994358825229,-1.45467578546483,0.0568069692062114
489,1,-0.963390562173428,-1.14054222038046,0.920045599822632,-0.0511011487635972
490,1,-1.53903862556715,-0.6348332884949,1.91280362633663,1.97690175362354
491,1,0.983176461139517,-0.60924282957178,-2.23268071250533,0.0757767816597259
492,1,0.565719730603746,-1.07839047058814,-1.98079144018098,0.68765412425176
493,1,-0.562649662413358,-2.28511713584318,-0.457037188969195,-0.586017325780894
494,1,0.081019754785525,-1.51693797639219,-0.64723837088001,0.418169467817717
495,1,0.616717653281979,-0.499718843060008,0.438234129389416,-1.34409983418051
496,1,0.57325158625545,-0.464263592217657,0.0223418454284015,-0.905446915640128
497,1,0.495009086395406,0.856576811433439,-0.128145396996106,-1.5040548763115
498,1,-0.499271718226051,0.625336704784263,-0.458510514575442,-0.919876323856943
499,1,0.37480074383031,-0.775834330955357,1.57990318133855,0.421241997952629
500,1,-1.60968793710288,-0.107450927930131,-1.37582029299174,0.296628692798124
1,2,0.383556787546858,-0.744429397288569,0.513517799178036,-0.186511226344197
2,2,0.292997798515115,1.89931510450855,-0.72675329056606,0.574923281852792
3,2,0.376605257703309,0.00337147838315901,2.38100854234752,-2.35146838146026
4,2,-0.203552561803293,-0.100251702074286,0.395201184990131,-0.0596433308938343
5,2,1.20851077909436,-0.767372140233932,-0.47331227653714,-0.212898750962285
6,2,-0.927994881765143,0.778543742797345,0.124491902756581,-0.729864841610945
7,2,0.558058066133366,-0.41038124610066,0.646249549853846,1.03737400520512
8,2,-0.654939850346722,-1.53289642614282,1.50590248099566,0.705777396093871
9,2,-0.146455176162257,-0.173196017481765,-0.194083497365937,-0.0204908633614012
10,2,0.651820363274645,-0.532058682440634,-0.826301363755355,-1.80532845047216
11,2,-0.240856693195508,-1.10068906835467,1.42259294045889,-1.23155926977377
12,2,-0.111302643968488,1.04171073506797,0.549355128924186,0.510436750361313
13,2,0.340574901657915,-0.481687456793022,-0.917003731107505,0.316957333320588
14,2,-0.896890371333351,-1.92605360988519,-0.840834866084702,-2.08523394037766
15,2,0.548910870735591,-0.347204558012464,0.191164518019615,-1.64576957773076
16,2,-0.338615374510879,-0.768970614142457,-0.0838383678462033,-0.49571715591887
17,2,-1.78587933870767,0.638076037873922,1.10445555417439,0.174031110655664
18,2,-0.530418697250212,1.37022310613678,-1.02765605104872,-1.43477278116277
19,2,-0.322754655381675,0.512948705347464,0.847654690303127,0.215005625153074
20,2,-0.164556023100927,2.10424096511805,-1.61050344427251,0.0271699023116764
21,2,-0.60365932707798,0.560234383874917,0.408675698635903,0.925875968676774
22,2,-1.10899428277874,2.10729430334594,0.864176381058824,-0.531744928506709
23,2,0.98489892622551,0.30682842689259,-1.07342787558557,-0.453836633462838
24,2,-1.09832559657626,0.14477051233173,0.236162132054425,-1.12880600857893
25,2,-0.428839987819984,-0.121994196023474,1.90070900033026,1.24054279345816
26,2,2.35809573700405,2.63377229032186,1.04955993402763,-0.743076408411183
27,2,0.295977814666364,0.41550836928461,-0.873563365795792,0.278915535375388
28,2,0.138826123367378,-0.272821373573242,-0.94237420990534,0.0981765483290299
29,2,1.12468983240945,0.623799867038623,0.743720575540714,2.08346292887328
30,2,-0.144245561072051,-0.392534037630705,1.18376202496596,0.352588355162977
31,2,0.392225007067797,0.386005930117411,0.128767894080486,-1.87534095245661
32,2,0.859035774392927,0.488660645814034,-0.069034686261936,-1.35329527470901
33,2,-1.42214093163362,-1.38264962506069,1.20658207583837,0.801015337460853
34,2,0.789681284518454,-1.68731160373627,0.642352939207076,-1.16611396106271
35,2,-0.296251465449741,-0.474843800088004,-0.532227156507307,-0.496428407066773
36,2,1.37310284946342,-0.976875357663806,0.362678656985289,-0.861042199605689
37,2,-0.368514415645465,-0.750866918512486,1.09865978002936,0.901208576443366
38,2,-4.29437588760497,-0.342865767563382,-0.0148344214760224,-0.479289693762621
39,2,-0.585559427651722,0.274660301051959,-0.0185684714521659,1.16905069704071
40,2,-0.951991358456105,-0.488162981228659,-0.391661306769474,-0.623055909025242
41,2,-0.609406310740617,0.676987850413057,0.771468933075902,-1.53462713396694
42,2,0.526371996419192,0.147626550122749,1.32893345480373,-1.46188802925856
43,2,-1.38109755207909,-0.852749576091905,-0.96651175260385,0.721913149674716
44,2,-1.09323309243525,1.9456717642818,-1.32011443554803,0.271421234011876
45,2,-1.15239433619945,-0.290165966951177,1.18876719144832,-0.293725076090945
46,2,0.164882438652709,-1.4963979271863,0.0577853108674352,1.34880971012845
47,2,-0.574430075065665,0.603781041304201,-0.478439427850733,1.91396642908438
48,2,-0.631320361764317,0.0876955056408934,-0.200829251597314,-0.893282397574279
49,2,0.189450605287645,-1.41830289758808,-0.619648505728256,1.03060816727629
50,2,0.551921533410432,-0.0524710599869712,-1.16398691932308,1.0507204260044
51,2,-1.94145059452561,-0.702741780605354,-0.483933286011299,0.603726763675424
52,2,-0.454954896838567,-0.183082214559808,1.38103103073434,-0.732043926726423
53,2,0.185802917977731,-0.958792819312597,-0.00178719612156911,-0.155919876158182
54,2,1.45313349540197,0.593011367889606,-0.158621382691247,-0.0343483880011692
55,2,-0.706998494041531,0.1412025282722,-0.107570914145877,0.439035920460276
56,2,-1.91586183918017,-0.703361174505681,2.56642407437291,-0.251872589615414
57,2,-1.39180299758497,-1.32391127442943,1.01353292273287,1.15237540655109
58,2,-0.713699381976389,0.538873660725588,0.641612005029754,-0.750021919007471
59,2,1.60628593813811,-0.23805528075202,-0.318055988747197,0.513410307026352
60,2,1.13436349733113,-0.537798021650804,-1.33661414244191,1.06911020065856
61,2,-0.175172535048972,-1.22794569304327,1.23698788427245,-0.534463278180384
62,2,-1.6751184135591,0.858423301948189,1.56614522077232,1.31921440910616
63,2,0.0858310074581475,-0.296175160589625,-0.226816131172634,-0.527578232760115
64,2,-0.294633403215455,0.30060593663834,2.06230662751517,0.590928840454367
65,2,0.063175791789144,1.36877402301371,-0.714736400289096,-0.977505736145944
66,2,1.18843756177953,-0.298708560096533,1.82952004515044,0.381929890086189
67,2,2.06532636517485,1.7007804919201,-0.455715527609469,0.619752514709733
68,2,1.37164050509163,-0.178897669432565,-0.0228501921052024,0.245982812231084
69,2,0.958908493354557,0.759959743973549,0.854381720566546,-2.4547446061996
70,2,0.409392071576905,-1.65328965588205,-0.970410917132068,0.231926910551784
71,2,-0.693583312298755,-1.57950612770684,-0.976662947180165,-1.67951698184833
72,2,-0.461709915864655,0.849883607783808,0.274667979666022,-1.52144111347039
73,2,-0.58985717205698,-0.633680400838732,-1.50183063140691,-0.62959261690996
74,2,0.421009766532006,1.11706991133628,0.394827681282347,-0.0762752657367052
75,2,1.35236553199756,-0.269930730298058,0.84338197693649,0.389070689302024
76,2,0.849988485359376,0.0129151639082941,0.839972380266697,-0.0182095036664054
77,2,-1.28799770321508,1.91142360517563,0.430183147755703,-0.181602272874748
78,2,1.34602658171869,-0.522519198791117,-0.0310251766614791,0.399226200003829
79,2,0.0177168743984941,-0.478841831650924,1.56217469506024,1.52373246729291
80,2,-0.241508621325495,-0.842570634391585,0.591384840245844,0.593202235941933
81,2,0.934062186179753,-0.157677734344339,-1.13822284206222,-0.750654633527501
82,2,-0.334627841714124,-0.177693423048445,0.261224375095512,0.120628247738549
83,2,-0.0119705181471297,1.78707312208258,1.86223846889062,0.024372478816843
84,2,-1.27579022980782,0.780238236138043,-0.441980986894949,-0.863709756069777
85,2,0.690350290888413,0.227285112399511,-0.732076190696411,0.250503197583926
86,2,0.478421854597449,1.01264533387635,-0.307852981548037,0.300020033193205
87,2,-0.0959288250998876,0.0274708058665686,0.384414336923169,-0.59508596682906
88,2,-1.45220300972021,0.601878874928443,0.253926348123331,-0.886808987009967
89,2,-0.904659525753226,0.495687594530527,-0.266254366534588,0.41485266086183
90,2,1.25496068800053,1.08251445388862,-0.168095880513325,0.649906304815107
91,2,-0.433983949492944,-1.83351621671294,-1.25216755609873,-0.229670183639156
92,2,-0.656715308954858,0.301012444714687,0.726649083784427,-0.0435077288072855
93,2,0.366065839224125,-0.0459868660018064,0.373974427497597,1.51633578562881
94,2,-0.0529831001070189,-0.296973410892064,0.530079155653714,-1.17171167287482
95,2,-0.219921482360482,-0.884254233697209,0.863530102124886,-1.25697062716669
96,2,1.11806640569591,1.40582388318051,-0.923844912428922,0.451490529125265
97,2,-0.265880232002381,-1.98699415929276,0.388692948900325,-0.56913307153682
98,2,0.796280872291745,0.808225800737989,1.46733848339472,0.581383099469704
99,2,-0.388815465629978,-0.000429180139645767,-0.641145892964385,-1.57185500242236
100,2,-0.242936991127244,0.90510461420013,0.598617588168279,0.884759060970932
101,2,1.92345379716759,-1.70976988044927,2.39804747837573,1.42968882581013
102,2,1.64813061821244,0.0841438763726015,-1.59839344888424,-0.91710621733276
103,2,-0.388440752920838,0.206729855575528,1.37564848720296,-1.26787297685352
104,2,0.744381015698842,0.42906176987174,-0.384299556559997,0.392957094458087
105,2,-1.69147312243797,1.28219021860252,1.00214840674876,0.678503937538427
106,2,1.87055658485124,1.36778054667332,-0.132346533499719,-0.898134481926401
107,2,0.31342004760848,0.655298141036367,-0.970350848513542,0.901228030174076
108,2,-0.42530914873712,-0.196686908992937,-0.190874390126797,0.304966419792843
109,2,1.51693572580274,-0.334277251023302,0.640585061953813,1.28171990991192
110,2,0.214972195266294,-0.401002739908991,-0.429566562567542,-1.0998043717083
111,2,0.165762385059601,-1.61697195241891,-1.32873423304755,-0.528173877042829
112,2,-0.432797208368224,0.573436643073517,1.41830485783354,0.412241141012376
113,2,1.30497050501933,-2.2961165043503,2.39281310269403,-1.56999073551405
114,2,-1.17457386677247,0.228971040075137,-0.621818555891202,-0.450909334539957
115,2,-0.235453451687616,0.714291920581828,0.523767729146384,1.57476390384653
116,2,-0.530646533140787,-0.132597923061386,0.391945919034731,-0.446162747646065
117,2,-1.69259985359024,1.10310020910015,-0.599100743532264,-0.0598904960696947
118,2,1.47777556288155,0.284229058584533,-0.684315369449156,-0.699697500118149
119,2,-0.0162145664104212,-0.172251822780214,-0.19970901108178,-1.04382784198586
120,2,1.23577188660571,1.56766320311611,1.52112498964077,-0.28762549925804
121,2,-0.504491963030622,1.50037943312444,-0.952639508598541,-0.234347764440279
122,2,-0.0516900156626519,2.6152910293213,0.0622436358029407,0.6885382591198
123,2,1.02647459557347,-0.406658618256001,1.84888826996293,1.23167557446895
124,2,0.908671782689663,0.0295669235094832,0.248233372412224,-1.72002639558
125,2,0.517448176421411,0.192571100310238,1.2420221347455,1.57369668048349
126,2,-0.617936984289741,0.114790160789221,0.493581134746161,-0.20354791752225
127,2,-0.793708018302397,2.34026554673575,-0.456919695418314,-1.18346325212678
128,2,1.06866527934172,-0.387451366936627,1.58563640927715,-0.933711179887954
129,2,-2.13987436370085,-0.866488596688202,0.509718460365646,-0.823826579390236
130,2,-0.606861429109236,-0.154691611746423,0.450976382759833,1.55881451593944
131,2,1.07678020980798,2.16153079356112,1.50382051384563,0.3974455800791
132,2,-1.3163954046986,-1.63632406437675,-0.330759613612699,0.683455955652544
133,2,-1.58717790121244,-0.510852871265887,-0.222388348119819,0.614752422501722
134,2,-0.455496717472184,-1.13726832260649,0.946035789218332,0.204831323660605
135,2,1.6035228943912,-1.22227224181547,-0.70820634694645,0.278198280943761
136,2,1.02750578031867,-1.11263867959482,-0.496906793273308,-2.0079302833894
137,2,-0.659153389649536,0.851869072330624,0.391475206639964,0.330408714347845
138,2,1.54248422616521,-0.534127770389955,0.92737435017292,0.68790989550097
139,2,0.222048695804782,1.08391654235435,0.777720207608192,0.348466836256155
140,2,0.74976636519837,1.85415624542679,0.261251781249876,1.06804388442414
141,2,0.084842570450601,-0.0310507607365823,0.223192589548353,0.785707946727578
142,2,-0.686357281883709,-0.212885072343861,-0.617229820066457,0.493851398835545
143,2,-0.269053647433396,0.431820850137302,-2.23073862452456,-1.16600593149537
144,2,1.16896248268415,0.946397062677556,-0.27708303558784,1.97839078294238
145,2,1.36987966686345,-1.34714683374104,-0.507523817149483,0.425018975143388
146,2,1.45274988290281,0.933482179800329,-0.223773883431334,0.809011919068403
147,2,-0.756260611287415,-0.172579619228553,-0.114704662800322,-0.353298430870607
148,2,-1.12284022616052,-0.825108801264819,-0.402003955074883,-0.800859248953645
149,2,0.795966230120003,1.2607634592775,-0.314183084348738,0.533147333177117
150,2,0.515661555723312,0.977232313478764,0.266277439559722,0.156294658331785
151,2,-1.4157591676316,-0.689051764547964,0.18464285729828,-0.828041739355693
152,2,-0.0631855775723349,-0.916897199234381,-1.48486112966174,0.752618852320583
153,2,0.0953454424063292,0.970053667238805,1.1131218561717,-0.597815846222198
154,2,-0.0844603567325195,0.154924794546033,1.64422339670296,0.266963530079988
155,2,-0.830663010032069,-0.767821462473948,0.17195492765018,-0.564403655623843
156,2,0.170113558182624,-2.04069527197956,1.25807692156562,-0.447899740504772
157,2,0.121791267224736,-0.511051786916595,-1.25490191720972,-1.21873619459759
158,2,-0.154028414269462,0.2854994672249,0.880621328103728,0.308744683894938
159,2,-1.9450318537851,-0.342033192193781,1.08857259484324,0.41152250927105
160,2,-0.410903459763643,0.818326201066487,-0.084516697487958,-0.123803815900831
161,2,-0.914646455868337,1.10405099358145,-1.3920477063681,0.631981002858848
162,2,0.312081285665607,0.736820165927985,-0.118602865644197,-0.556412885987456
163,2,1.40754495372235,-1.33795953724311,-0.875814265699705,-0.617149809271818
164,2,-0.0405849125068151,1.64245356373045,1.11337060600592,-0.290879711342798
165,2,0.679807797673408,-0.47564778584688,0.200026052612586,-1.47500016223812
166,2,1.27988835379892,0.19181984837638,2.04995031829994,0.477941252114449
167,2,-1.11384445636353,0.144641991282357,-0.078850182808727,0.9819402834815
168,2,-1.56012840383309,-1.24067309503182,0.205200586370554,0.851281682006938
169,2,2.38175714930236,-0.0643622970719866,2.05491999305795,-0.0702798437588783
170,2,0.439706502278828,0.480379837033152,-0.254655223232149,-0.546192436677125
171,2,0.115180787752338,-0.867889420085025,0.636779990211761,-0.148004218505114
172,2,1.17719450324472,-1.41741913785748,0.464485016313428,1.13084337610279
173,2,1.11195432970976,1.03262641225738,-1.54937728871351,0.374430561881009
174,2,0.806517481891262,0.65907324455049,-1.20537765271212,1.04319365940842
175,2,-0.308386178635842,-0.320877694161915,-0.643051083613292,-0.196078385805419
176,2,-0.358977296044269,-0.054091350400658,-0.0902601864846108,-0.367709220544543
177,2,-0.36205557523923,-1.1302207097531,-0.927646037560489,-0.575354439652123
178,2,-0.610710827069116,-1.1084912598549,-0.506913405373282,-1.57851992170621
179,2,1.83266787298848,0.411550904365657,0.821972314292466,-0.770653035133203
180,2,0.628396984969009,0.203099743913327,1.23240072223831,-0.195623993508405
181,2,0.57285319224609,-0.825292590807712,0.389165474633827,-0.217332554461414
182,2,-1.29987421490348,-2.17612968353948,1.21245986965702,-1.26038704877399
183,2,-0.0975113065182015,0.531475416888815,0.90550840830756,0.546026067580999
184,2,-0.995904999848561,0.151223609914816,0.19678110874555,0.496318079705665
185,2,-0.516037909613483,0.249767110042434,0.0610721357753698,0.846462984926216
186,2,-0.441803654972445,0.13036050616378,-1.3483286546328,0.263474818291447
187,2,0.656769706869253,0.275664134346195,-1.92214612059549,-0.706521208666958
188,2,-1.21073889826236,-1.51036429104554,0.134307302292755,0.847351461870521
189,2,-0.325050652287647,0.364034432331617,0.20292143142943,-0.966616135340063
190,2,-0.764715696942832,1.63679553278969,-1.10102364447899,0.141039699880927
191,2,1.02846189431847,0.462878562083385,0.980425542718862,-1.21105469374404
192,2,1.15362412785943,-0.977209647061787,0.82571722492297,-1.47553694959243
193,2,-0.701428041278563,0.198106125259378,-0.0842051063838645,-0.860169481288372
194,2,-1.39868512586849,1.32324953852305,-0.654331205004727,2.49626617603942
195,2,0.575764312759702,1.34488020186185,1.21743152319346,-2.60569721835532
196,2,0.326162525390915,-0.0816612287793372,0.86186663784885,1.18086607417643
197,2,0.825918919224036,-0.043884078619163,0.172174340228632,-0.804347998337097
198,2,1.20289289888652,2.77456438545884,-0.0531098274353942,-0.241465984441371
199,2,1.01140552615759,0.950456656336353,-0.838156411990612,2.02370419634046
200,2,-1.27724568431631,0.722825684348184,-0.374910821580524,-0.245123982015931
201,2,-1.34785101923087,1.15039509186244,0.735165467002617,0.776984192910828
202,2,-0.760611715079315,-0.366441270509461,-0.229871353559823,-0.00164656183148063
203,2,-1.04787976638941,-1.22348747393338,0.305276153476123,-0.948513298056148
204,2,0.275973030880976,0.0172896223270606,-2.03382522510755,-0.960355735393347
205,2,1.07780850870233,1.04728896680888,-1.30066555632012,0.425528576945063
206,2,-3.06882442079289,-1.14676893115506,0.590005058703402,0.281376936335843
207,2,0.498706921765296,-0.472987934894478,-2.00984906559711,0.406475837088054
208,2,-1.31671640156724,-2.73385592878872,0.439737342913814,-0.720216609269253
209,2,0.40401021733048,-0.278806047787388,-1.23015614322045,1.07096722340962
210,2,0.384502384884662,1.56628942074702,-1.46580507938968,-0.926130034492772
211,2,1.09043608610936,-0.473131968435678,-0.181579100640517,0.275953094186004
212,2,-0.180318279942044,0.485090779021572,1.48280170277766,0.701755071447711
213,2,-0.595882631119283,1.22947079430574,1.26170103377892,0.506708467402179
214,2,1.46316900883617,1.59934776440381,1.09320693911804,0.32634222877855
215,2,1.91757679566996,-0.523418086729555,-0.876924700017442,-2.18705094077696
216,2,2.40498556117841,1.10962529575928,0.393157847034163,-0.282614907485449
217,2,0.288258081327188,-1.25942100753068,0.853158234103161,-0.222493533082805
218,2,-0.31122317546636,-0.0806685601087397,-1.68264295012665,0.0288273505453492
219,2,0.12980270100076,-1.46092412307244,0.766951521334707,0.96759517189736
220,2,-0.142160461962618,-1.51995747392644,-0.694573476326181,0.310396409142885
221,2,0.32481568919903,-1.14233081124914,-1.73744841111454,0.0961210947665986
222,2,-1.78400762871676,-0.790441260722081,-1.15417634060852,-1.46179325622128
223,2,-0.310944618386273,0.177632616403997,-0.641661277375351,-0.580438495850698
224,2,-0.853721088182251,1.14165144978318,0.307709007020373,1.81421934309032
225,2,1.34534410330325,0.091849654410726,-0.474049610685724,1.78824708119181
226,2,-1.21279088153971,0.129300074334148,0.661057285275016,-0.788500606932092
227,2,-0.682215231723618,-1.50832024812753,-0.501993054036117,1.40302356823158
228,2,-1.5226784985577,0.373722116421787,-2.12081910948563,-1.04216399947697
229,2,-0.198736197843121,0.732379902615733,-0.943564206027047,-0.381389112510432
230,2,0.27458505969273,0.297553355322777,1.03615154838025,0.296590404805872
231,2,1.4738378129111,2.07631011386927,1.58625931863506,1.14275049567486
232,2,-0.80325013014278,0.851639211983275,0.731112613420995,0.220810288735356
233,2,-0.671528498432099,-0.367113876482964,0.752497579806886,0.76434288253521
234,2,0.393600065047388,-0.854655951323677,-0.175225513196802,-0.47485674722857
235,2,0.212442813581545,0.821098705240095,-1.1045826403374,0.244048825804782
236,2,0.311829739726332,1.4186227204766,-1.44197541802583,1.0075781882904
237,2,-0.615789611047056,0.777603662650513,-0.51607385643763,1.73379073236318
238,2,0.468416404962244,1.05415832240101,1.17857218601032,0.775014191040318
239,2,0.469876513975065,-0.795299787124347,2.0319761866951,0.891369694786271
240,2,0.0621345316182538,-0.081530704208079,-0.821558475763219,1.64062832363004
241,2,-0.206225108673109,-1.23134297763307,0.0269386712580371,0.0283988634328827
242,2,-0.80337064589552,-0.158871898473438,-2.75730150676679,-0.657773962336647
243,2,-1.38344419633399,-1.57471368395036,-1.2303437098634,1.27244351971235
244,2,0.446073459383555,0.385938966363336,-3.40800430596312,0.233251515396299
245,2,-1.29698007051226,-0.277645257503475,-0.843569012250331,0.942475538671573
246,2,0.00171873475416719,0.0184976168158997,-0.502773302132583,0.00409931543365199
247,2,-0.628427070818424,-0.296713139479771,2.15190851902685,1.02130399788174
248,2,-1.75055345190494,-0.372084890016425,1.71718783663406,0.124762445240081
249,2,1.5189812065428,-0.388466217722941,0.419681337703371,0.155277402735102
250,2,0.864905659707261,-0.0693180771591269,-0.279482546200894,-0.0162781918565448
251,2,-1.56948879413282,-0.149245702488217,-2.24009805024262,-0.0955289713499725
252,2,-0.406953041304086,0.754154149092361,-1.1435986793324,0.137671066972731
253,2,1.99812895548895,-0.220541936184356,0.556935277201878,-0.368476924612932
254,2,1.62213916507772,-0.562349485237232,-0.654805265224879,-0.998316828966796
255,2,1.3210690474997,-0.093294946366295,-1.34187681624744,0.666014596764248
256,2,0.44759266157226,-0.807144352446294,-0.167809064332868,0.442902878460604
257,2,-1.39614913791862,1.59873767764995,-0.301022902013916,-1.02935720583682
258,2,1.16748477576145,-0.867971617057464,0.585320535080803,-0.928962274722632
259,2,0.34540811957645,0.473747485748885,-0.196438882476715,-0.789349983135812
260,2,0.388905166543054,-0.538652916151419,-0.919052994240089,0.188225948453354
261,2,0.199210106144733,-0.336165120701144,0.427926573096815,-0.0886800014152207
262,2,0.252492940980355,-1.0017783499018,-0.0959683432482262,1.77474055336115
263,2,0.12557347627416,1.03312184358242,1.62905361213621,0.656823605324907
264,2,-0.320136177500913,-0.0174737318171776,-0.355791469350619,0.567164517183591
265,2,-0.866186563449132,1.51677398682407,-0.659026434023151,-0.261188350454375
266,2,-1.14270210318099,1.65956793412609,-0.945390847235248,0.25032868816627
267,2,0.907376689050084,-0.231004413444486,-0.32833584655562,0.422219221746164
268,2,0.584805010640919,-0.144151772362359,-1.70186356193573,0.0130721062106088
269,2,-0.719847356032481,0.616757455609481,-0.572515450791268,0.364048439805829
270,2,-1.28869842859773,-1.34319452842655,0.870227789039321,0.441558611373956
271,2,-0.711115651907814,1.81310867193425,-0.510360603517585,-0.342838877936196
272,2,0.812639744832028,0.176272691019216,-0.473942199303934,0.173581232364407
273,2,1.40611118064485,-0.0910076494632763,-1.18444616235726,-1.02297637052148
274,2,-1.47794846593115,-1.00431040204498,0.770347210840224,-0.377727056932119
275,2,0.0937228784797535,0.446514537047696,-0.667184105309117,0.797345191418043
276,2,-0.709563318048834,-1.18544318703949,-0.538641637527199,-1.20725168814588
277,2,-0.198925847792288,-0.243408358712305,-1.23395425395813,0.255807090268071
278,2,-0.904952890388359,1.27428888732542,0.621545672613427,0.344215013591341
279,2,-1.67679562515627,0.295387537462329,0.756714515352169,0.192551215733352
280,2,-2.18630923067778,-0.837885368118666,-0.33700585260916,0.140781834738065
281,2,-0.0944505914180992,-0.410368557058866,-0.339780785847479,-0.102078955825661
282,2,-0.772890257152265,-0.459531180867366,0.377696741442638,0.0171823290616101
283,2,0.00757146793611672,-1.56548151796978,-1.53423414875571,-0.706150025112664
284,2,0.69305311123697,-0.462729816472083,1.35014079177689,0.0446912398985817
285,2,0.81695210779496,2.32261563796224,-2.09951757148941,1.88697091987528
286,2,-0.523940884545564,-0.860230794404431,1.85557777531561,0.621370123145281
287,2,-0.55341620872981,0.100797142983009,0.263537244902906,0.0819097555323584
288,2,-0.679531975492306,-1.18338149158466,1.20870266882035,0.308165907072946
289,2,-2.09135803796165,0.378104415386591,1.5768630991423,0.624488421595907
290,2,0.882651081204572,-0.335804543390381,0.177756390308374,-1.04863969382047
291,2,-0.111010333668426,0.02955121787742,0.319901165513308,-0.134713223855355
292,2,1.51795679402886,-0.377499167360497,0.190272945242704,-1.36948004222345
293,2,0.00787031486289046,-1.00064455912875,-1.58633430452983,0.674152738360065
294,2,0.647015592583063,0.128434965105313,0.218332878475958,-0.959898263477134
295,2,0.283384735580052,1.63114337672223,0.0881022201712766,1.66619880382171
296,2,1.28431072034071,-0.199583081823407,-1.17852489101508,-0.828946990051464
297,2,-0.173894429205143,0.23685546149605,0.0343092553567962,0.124718250953044
298,2,0.938294721674243,-0.808137971884171,0.0236435822241475,-0.00847557729624889
299,2,0.69059921790069,0.405598463973649,0.513758087111278,-0.372651859744845
300,2,0.891774253975605,-0.731919700901972,0.256494827544172,0.267616061364214
301,2,0.482728182244641,0.850468802063204,-0.529174391315767,0.01571755481278
302,2,0.59036626728996,-0.0315250329295018,-0.0455603808249348,-1.66589874956365
303,2,0.308520419366671,-0.151429178401469,-0.749441989095975,-1.23152613327658
304,2,1.46666568951597,-1.14279076374111,0.895958032698072,-0.917266933886787
305,2,1.03701137469465,-0.509971662147833,-0.63963990034076,-1.87328189304751
306,2,0.687052159714565,0.855058981485783,0.662870528750697,-0.329147382474625
307,2,-0.0814731863100307,-1.34169301489898,-0.479839292201185,-0.358282357104511
308,2,1.34499375969055,2.22430613434605,-0.220450726409266,-0.54140930833159
309,2,-0.479917464960341,-0.24213427200663,1.70334752846247,-0.0765056557935908
310,2,-0.717138255188565,-0.782893225611226,-0.968669098140983,-0.96409332550323
311,2,1.00769975634555,-1.39056547993116,0.131541913933089,0.0127791306244866
312,2,1.47670342243603,-0.155203352166561,-0.776707688382041,-1.31714523678802
313,2,-0.912736016492394,0.322066631400542,0.612155291776549,0.0130519707038553
314,2,-0.0837136018479688,-1.6361096211871,-0.572494403366738,-1.39360012809909
315,2,-0.549208965395023,-0.79854125936357,-0.525188104940376,1.50636666948579
316,2,0.448691271551369,0.464821830977454,-0.905413918285068,1.34123917063034
317,2,1.34612811277474,0.400677901603241,-2.00133523400802,-1.44403223392816
318,2,-2.25935456413139,1.7604550184379,0.608894509046494,1.55955182014289
319,2,0.904679288320593,-1.35869243091913,-0.919734961479525,-2.05404265085283
320,2,0.491788096455837,-0.065331259593677,0.31843462898216,-1.07608316125192
321,2,-0.588651060247272,0.136587134332945,1.25825867167321,0.170470424464243
322,2,1.61849826430667,0.513041742601947,-0.651820015964817,0.254618437390991
323,2,-1.64060346555336,-0.607722461881992,-0.309841094156733,-0.949072018113715
324,2,-0.534342827100906,0.0549359095620908,0.987577254940526,1.5376480636789
325,2,0.470468579952016,-0.376961454670668,0.552547280748241,-0.772618055929622
326,2,0.657330258441562,0.927190251861977,-0.385986486614955,0.183112017651786
327,2,-0.758098503717531,-1.9669117685117,0.524146579029968,-0.636792320534139
328,2,0.88085535568738,-1.05625119899105,1.00356096147246,-0.265141205415721
329,2,0.212490167593988,-1.09282368421068,1.15256672088676,-1.43908803030204
330,2,0.945885748028592,0.72266993838642,-0.17227682098317,-0.839709157816464
331,2,-0.684115675481398,0.285788721690256,0.152024513924928,0.78264266354539
332,2,0.763730866233974,0.75288576589614,1.64649496067005,-2.46285557568708
333,2,-0.918494170706563,0.0566411666989794,0.238893059433743,-0.194452868620599
334,2,1.33103348382973,-1.04665529526218,0.78511449530905,0.068495845278974
335,2,0.661969514626802,0.362904570540912,1.92269408379793,0.21361767332163
336,2,-0.0294649707471262,-0.760247076198009,0.445446441887403,1.26739926601361
337,2,0.654983335733338,0.909764947306973,1.81753228462955,2.20465884759491
338,2,0.422300529154653,-0.959880111260257,-0.978944370300428,-0.833842606067866
339,2,0.141439164898924,-0.874145507481067,-0.21449147318894,-2.02206627863835
340,2,0.734462613920543,0.0584704505746631,-0.38558223473442,-0.892239826743394
341,2,-0.835835592118766,0.197857245841437,1.81923315615196e-05,-0.495774123005601
342,2,-1.08591445049781,1.29670977281665,0.0509959513672062,-2.05515366306591
343,2,0.187391440734693,-0.805781276121801,0.893195637446528,-1.14541225486073
344,2,1.53137300681425,0.487222438829809,0.0988747073788972,1.34303745896947
345,2,0.704622499072581,-0.509467043781236,-0.338969294345482,-1.99586233551607
346,2,0.603497896999443,-1.82186703684746,-0.18824645144793,-1.58213568467778
347,2,0.912160061038802,0.980538468858748,-2.20520597696416,-0.0111620281147546
348,2,2.10320478545614,0.557203965151948,1.50937995716501,0.468224550258572
349,2,0.983853638554307,0.775094686038079,-0.658528695429858,0.600646964185451
350,2,-0.782151580404177,-0.406112359840566,1.27862550278414,-0.668479126267647
351,2,-1.09484555578211,-0.288155627147852,0.489211976075753,0.358093369404747
352,2,1.19402030637922,0.269195082459797,0.683319566684033,-0.559696434522963
353,2,0.837029730383743,0.55639970980535,0.201494893970143,0.198075826010965
354,2,-0.923310685502968,-0.471255900916576,-0.363044512834688,-0.987398082235353
355,2,-0.539795426778654,0.0656306731491407,0.222061888470401,0.156864847422759
356,2,-0.0137691372486075,-0.358688421656971,-0.560773516481234,0.605074534945421
357,2,-1.15589016588515,-0.738079449999344,-0.80039004950941,2.46896556301202
358,2,-1.73385423794971,-2.33461505254376,0.538096253877518,-0.406793811155106
359,2,-0.379222996690908,-2.28149165622854,-1.4609346996377,-0.154504362595823
360,2,-1.12219406995296,2.0704995700219,0.225776309601802,1.52712821866893
361,2,-0.860965201682769,0.415734772207599,0.135347022630866,-0.962513375186799
362,2,1.00737032169342,-0.650163831670162,-0.611998650234081,0.358154022715612
363,2,0.638937608889725,0.696112451356291,-0.694683611622253,0.289691504151877
364,2,1.06567801090712,0.981118606946428,-1.34945384578589,0.332520206424478
365,2,0.941522142269119,0.373754159467968,-1.11874492040123,0.607036544316307
366,2,1.07636416160949,0.00763198505992501,0.53950194648004,-0.224907832230786
367,2,-0.765643698895208,-0.44523302525732,0.740781163849072,-0.43154120929696
368,2,0.851655292076056,-2.12753802421028,1.15625360673103,0.428524439462773
369,2,-0.026279609583683,-0.549889347713041,0.355798881627842,-1.03044701322757
370,2,0.309614474885706,0.56738739410426,-0.523617255713266,0.248114442830765
371,2,-1.55382466021725,-0.880483208790331,-0.856022018340196,1.48720798853398
372,2,-1.35428025727047,0.400441018791496,0.4214363621914,1.1430119108217
373,2,0.252248491890511,1.5544761079149,0.125791821115949,0.93494298616564
374,2,0.854783756364059,0.0183334800448423,0.271104766454177,-0.52385460029807
375,2,0.989349272364719,-1.25634201421752,0.515138769562581,-0.800141719470256
376,2,-1.00833986010676,1.4779593392651,-0.264171502061487,1.06554717240604
377,2,-0.352399808485689,1.71779003495182,0.792562784544033,-0.530036145388093
378,2,-1.16363582719835,-0.757152455016345,1.42749557726423,-0.879897999075044
379,2,-0.126112210465726,0.0987915038721562,-0.112763306803088,0.816724522928109
380,2,1.00638405114047,-1.82950899663867,0.695167585049179,1.82146342427951
381,2,0.910592502331882,0.507814146128413,-1.53059624043305,0.231326371313294
382,2,0.39193448100829,-0.602205700759722,-0.797229301119696,-0.2288783894784
383,2,-1.60722401573601,-1.05086937582341,0.737431037999401,0.644217141617966
384,2,0.702576096567936,0.775006488808347,2.04260880493287,-1.19894561486992
385,2,-0.621614461635724,0.730388768453621,1.41161161727054,0.0250625033712217
386,2,0.52264323236509,-0.601617107255091,-2.57645559244606,2.10672260490146
387,2,-1.1729957611855,1.42832075873683,0.466117483186995,-0.386154815698829
388,2,-0.340558442930544,0.583607286014282,-0.240519049334965,0.156623173322214
389,2,2.18372480893357,0.530016566774432,-1.50439792446543,-0.468860977454608
390,2,-0.897003453405765,0.152344926731518,-0.506564560235281,-0.747788737258368
391,2,-1.33419312436056,-1.07671688420636,-0.091947078251677,1.47907960728473
392,2,0.0312327224199712,-0.743340276164596,0.0428546216906296,-0.154790222399584
393,2,-1.89852831430654,0.355435239622189,0.997168774815641,-1.12434770723434
394,2,-1.72112229201766,0.266875226326645,-0.682410323859109,-0.436493570458776
395,2,-1.01691061803628,-1.67803133714543,-2.11416113431173,-0.546555614689366
396,2,-0.770075904686241,0.334071593945253,1.30828287750426,0.699143072139182
397,2,0.398719381154891,-0.238466905868529,0.8184518345963,0.313789449981165
398,2,-0.290279646729398,0.281031166831394,-0.74474074966563,-1.19917985427087
399,2,0.641316435633632,-0.695946749329784,0.145795988667374,-0.845395115384997
400,2,1.00545842718653,0.457881485598843,-0.91339898572129,0.133598342202758
401,2,0.0651670804194214,0.970245489767575,-0.990591966572673,0.227398274147364
402,2,-0.745499398702259,-1.60715080437904,1.9401848537678,-0.667729486522228
403,2,-0.933120621592966,0.281007814028295,-0.31650841416765,-2.31882101100643
404,2,-1.25764115923091,0.188306702196961,-0.0585333514776434,0.0296427484655087
405,2,0.560618864458481,0.30899742826477,-1.33556540163992,0.832180342098862
406,2,-0.95686189072591,1.02097630381792,1.03224700221745,-0.895549941433883
407,2,0.175000689929429,0.31545121658185,-1.06730820315533,0.651088059909911
408,2,-0.847078960126987,-0.458401318956902,1.17018277020849,0.764125302440612
409,2,-0.558326842794092,0.418925508895586,-0.720174174195302,-1.0645421617697
410,2,-0.549688121316209,0.192285725055667,1.25453240947167,0.471721522628211
411,2,-0.624273113416739,1.3602803022363,0.210952569574353,0.201697690438669
412,2,0.390896126222641,0.00098245777716067,-0.830940205016374,-1.18857086497002
413,2,-0.736479242743636,-0.822248861323948,0.0849530821697005,-0.800349639774626
414,2,0.98801221537859,0.161270019459194,-1.26521349602594,2.19991802257425
415,2,-0.606066240169616,-0.890849624761181,2.77136387492094,1.0859179697334
416,2,-0.360653879142798,0.365563431708259,-0.304389483790224,-0.724434348691084
417,2,0.0773728711946652,-1.67987430313769,-0.53038787243489,2.10920275922348
418,2,-0.136815445564094,-1.59589037290133,0.616616943763973,-1.46425158440114
419,2,1.49729996524909,3.02756985995162,-0.659320389658172,-0.485637869499138
420,2,-1.29143026725845,-0.957371397157091,0.764178521798572,0.467746031621593
421,2,0.259759712129909,-0.281873633891224,-1.06899698441289,-0.315292130192688
422,2,-1.8310905157482,-0.4701149937691,-1.34569507591282,0.313129318590638
423,2,-0.940421379812742,-0.450953957040068,1.79138162030519,0.446055681879407
424,2,0.923051925446225,-0.0555493268420328,0.448579654867123,-0.0185577664930696
425,2,1.0545552740288,-0.739508863310406,0.196414990904865,0.648968548840648
426,2,1.97907846581232,-0.0384073438329037,1.22894341978495,-1.6471564880369
427,2,-1.53718443795282,-0.385651490362857,-1.31367727612141,-0.643746890998952
428,2,-0.570904834495087,-0.991795014633547,1.19917680709564,-0.38945980844179
429,2,-0.0453065145824379,0.636022756765839,0.533389601940857,-0.565427414118359
430,2,-0.014456749510001,-0.331000330647223,0.736192002391223,0.140523421814416
431,2,0.529021710910381,-1.1340027282673,-0.587920846329141,2.0654881876258
432,2,1.43677315369216,0.583748018822227,-0.63475575451359,0.136337351305044
433,2,-0.929707164736016,-0.205788785100119,0.392788178325903,1.02154716913363
434,2,-0.359044735000319,-0.745073482333222,-1.63246078975915,0.387037235951778
435,2,-0.715354668177541,-0.293683747761259,-0.116530075382786,-0.471185130152962
436,2,-0.216232438447454,-1.56513254042155,1.19061588424698,0.839432905144446
437,2,-1.12384025429177,1.76539124390185,-0.310311496393671,-0.61771850127252
438,2,1.36653586076701,0.0111855111130043,-0.714967695060822,-0.330373498381076
439,2,-0.960739057018612,0.207182835461139,-0.280169517936853,-0.96174987398285
440,2,-0.548915322825233,-0.448370773715378,0.128794629582123,-0.549669888916801
441,2,-0.312867019772864,-1.83318867569383,0.350050790443019,1.02768285283735
442,2,-0.688548482069108,0.593097947231828,0.570162692007152,-0.424755288266306
443,2,1.26975019177314,-0.074263970127302,-0.380848803858884,-1.14744723332239
444,2,-1.52068544641003,0.163906817952455,-0.227213986866027,0.859550430107707
445,2,0.219733214822044,-1.09178941039298,0.535479225856976,2.37110762077515
446,2,-1.34652113666805,-1.27178803222011,2.02674192298623,-1.26367230581292
447,2,-0.0495184102505464,-0.501804023131811,-0.309427179804225,1.36836297425311
448,2,-0.622056974913185,0.218962858880736,0.860329219238383,-0.954759296634585
449,2,0.330225409641743,1.16499283124897,-0.124109215197176,0.906785593145522
450,2,0.341969716474515,0.178767084057448,-0.769463045908523,0.803618292088485
451,2,-0.127799895494466,0.345725713728123,-1.41106410621395,-2.55976167241175
452,2,-2.16978548607617,0.975990076498302,-1.58595724922153,0.0981103247974712
453,2,-0.193788484826593,-0.224512345228828,0.605745705220002,-0.295677816963619
454,2,1.13560382397701,-0.0280076152668409,-0.815205764884647,0.432932497079107
455,2,0.517001663937246,0.896005503645558,-2.33356820303681,0.290735414523572
456,2,-0.890453692585289,-0.239153390392169,0.558358689175368,1.09471525193447
457,2,-0.628423158139979,-0.0259631904928476,1.84949004662341,-0.75876031838405
458,2,0.468475779234533,-2.11506205276984,0.413368239076822,0.790565431161838
459,2,-0.438368340357815,0.253646280666021,-0.175339358414617,-0.748631738207959
460,2,1.07838635790489,-0.630421977291304,-0.994972775985141,-2.30458743889768
461,2,0.633328235458686,-0.538564633985539,-0.296856923933432,-1.31482412994607
462,2,1.5417323482037,2.28306885927237,-0.193516873084576,0.95384433669546
463,2,-0.868986442245127,0.390950966853885,0.542621766978191,1.2743733074077
464,2,-0.231055253082348,-0.289265392589227,0.394274944320618,0.0803141513155458
465,2,-0.564791993692732,1.2971243984742,1.47759649650064,-1.01656424189882
466,2,1.4045539833055,-1.20188464322836,-1.19128542838397,-1.48933782330751
467,2,0.363581510179444,1.10907430177216,1.01411310930492,0.743413768514727
468,2,-0.776375178530563,3.26865520004639,0.513102087346892,0.69253528894554
469,2,0.639481709474316,0.172630159043671,0.503732159373583,1.87377084996954
470,2,-1.37765429471264,-1.02309322460113,0.160180317559916,0.543976823138747
471,2,-0.365441235833498,0.490703116809152,0.26754632508066,-0.0670531023692042
472,2,-0.166918945823104,-0.110799359736589,0.161850651993652,0.14508706114887
473,2,0.160149597942091,-0.275004513290003,0.32538269421324,-0.802803316102847
474,2,-0.618188884391133,0.513492776382848,-0.370248018470127,0.924453208159332
475,2,0.513581166862479,-1.38072228411497,2.79691689610167,-0.156101642332491
476,2,0.0242775905293168,-0.214177356569155,1.10385719674836,-1.66098682623614
477,2,0.0503694470803599,0.792453794820237,1.48051594145851,0.710817036967982
478,2,0.682941604708933,0.806198739981877,0.587968204632057,-0.715758449028859
479,2,1.45816048412493,-0.329594808077754,0.284084887178265,-1.63606549355426
480,2,-0.618899481595527,0.0307676254642477,-0.100505708822536,-1.82854212114859
481,2,1.15933393805313,-0.474828480047529,0.329579015988655,-1.0502378402778
482,2,0.557979734752767,-0.133429731715893,0.423870304034441,0.0933947345012236
483,2,1.44246431746305,1.24521281124867,0.595746880234796,1.85724596508892
484,2,0.817064930376915,0.0544999892870644,-1.0508402086176,-0.386676974550942
485,2,-0.712262477628464,1.75298986937171,0.20026071248003,0.0746031078039991
486,2,0.156953527720052,-0.16270792897871,-0.19278332459316,-1.51626270623306
487,2,0.459304899049726,0.133990430416734,-1.83783147975907,0.271242997164804
488,2,-0.7568428215844,-0.519542591587557,-0.287096176416999,-1.20539813729541
489,2,-0.214499033684219,-1.63177753963052,-0.55527173960632,-0.425186700462766
490,2,0.419932204728518,-0.958490520591183,-0.606227685161712,0.135977759992822
491,2,-0.247446460737952,-1.48035892386008,0.0402107709211012,-0.339215604041174
492,2,1.19472866853208,0.442564609157815,-0.183870047305934,0.599472514697302
493,2,-0.348594149153461,-3.07656646540589,-0.999559342076847,-1.35543081894994
494,2,0.264953015860503,1.46786079702376,2.9574877765106,-0.383342492912336
495,2,-1.58533650747274,0.0888595674506299,-0.326453804602436,-1.17177954088556
496,2,-3.1884622070857,0.598504602221851,1.52835108388317,-0.878099683920321
497,2,0.0761922944717293,0.000268072199665713,-0.396207574119404,0.664759053990641
498,2,-0.253446914937567,0.894687835302149,0.156036478269443,-0.490551274760203
499,2,0.17556975240437,-0.370730382789808,-1.36374260668325,0.854239683600078
500,2,-1.95243181475431,0.49504731331172,-0.465351193338396,1.46749748360256
1,3,0.372307799717298,-0.794042030940784,0.38913495891767,0.519884477590643
2,3,0.697853328842824,0.922522198805334,1.59986923305695,-0.145721772924861
3,3,-0.215820981743141,-0.044930513486573,-0.716991281891059,-1.77202663951264
4,3,-0.893799994913714,1.06338961715339,1.80632608437971,0.316814352352984
5,3,0.443991265128072,-0.886118820430934,-0.00628552238263136,0.442261170031777
6,3,2.08682741098784,-0.544805731636137,-0.592400150108537,-0.854098814009681
7,3,0.470008473262794,-0.670486553734811,0.334682882126175,-0.527557970052135
8,3,-0.601909135554497,0.550836724170851,1.02430931449227,-0.521420123816847
9,3,1.71226696021204,-0.539792311768006,-0.140318144594188,0.0900445833561918
10,3,0.845290720277409,0.0935492113069233,-0.907936239962041,-0.0450590559820297
11,3,1.25301894647004,0.258307354240101,-1.29904363893119,-0.759761733415031
12,3,0.25348671166485,0.398713058501526,-0.132276236525168,0.777080059727709
13,3,-0.481318973327172,0.196191209905193,-0.058214296610079,0.612496334587763
14,3,1.43567301136612,0.686132112138826,1.1139424428352,2.456278834479
15,3,0.632667094131832,0.212039173111676,2.45082531648033,0.025595344266049
16,3,0.827057348477281,-1.07699838485897,-0.065625855784807,0.421188984156725
17,3,0.153103949066716,0.142006894264945,-0.629880317484995,0.75824902532621
18,3,-0.414861567891217,-0.685570759878155,-0.479245311288461,-0.111447711127464
19,3,1.59195196608932,-0.51104003044314,-2.46617116309611,0.393402919749726
20,3,0.898537146720794,1.19947971105215,-1.17448636408634,-0.709109072315758
21,3,-0.00546518306258963,-0.747405561481002,-0.629341531888643,-1.11137224020723
22,3,-1.35076643940358,-1.47033888161639,-0.848259142736457,-0.126655027228872
23,3,-1.9372743209919,-0.982076938673483,-0.998647902160459,0.935662695601639
24,3,0.142384322319076,0.03663498981772,-0.819075737779591,-0.174631135731185
25,3,1.36265922770365,0.237783163303008,0.577945007085903,1.41967762700551
26,3,0.278528598151284,0.179669106009429,0.641374787772939,-0.434387287911521
27,3,-0.220486746835029,-0.456403625022626,1.72691259152191,-1.6681344591578
28,3,1.49398993075263,0.366437957639184,-0.375845953190928,0.982063157306545
29,3,1.19473238613522,0.93889835389469,-0.293070374190254,1.88546931957128
30,3,1.51995124672624,-1.60169972473833,-1.24002589052056,-0.973303883116468
31,3,1.26298629974662,-0.211136488671579,-1.26492969024752,0.335435289533533
32,3,0.97569752068645,0.0274872073952537,-1.57596507910046,-0.589016126800005
33,3,-0.79283001258162,-1.38636243448677,1.24867149915485,-0.884573187218689
34,3,-1.44080329503754,0.748679645851619,-0.0300405724871155,-2.09236893021911
35,3,-0.118649425391247,-0.547643968217628,-1.07580577130553,0.961134414427009
36,3,0.819394215623577,0.903438133389912,0.63657413813536,-0.57406580370524
37,3,-1.03158190682449,-0.161158359680216,-1.37851232682308,0.357588248868149
38,3,0.847036954685771,2.23004770449494,0.857533466263295,0.754676223140253
39,3,-0.0877996967262059,0.401772158966321,-0.140820546381338,-0.342891856651249
40,3,-0.0521644544660191,0.486925031189029,-4.43127259165164,0.133249974138911
41,3,0.328465924568532,0.365636438949531,-0.168421414260376,-1.78356696092143
42,3,1.43426023643357,-0.703149235794021,-1.63205520111158,1.04451982263534
43,3,-0.684075152270902,-0.467812947194267,0.488565079383324,-1.23623795694837
44,3,2.20609632261703,0.152546578929423,-0.4127495526514,-0.392734054629174
45,3,-0.287326456026413,1.5839405720588,-1.16462852109031,0.546754095300488
46,3,-0.449335762921364,0.970092637196132,-2.53812872678869,-0.511037379418492
47,3,-1.09762628857902,0.471405267551542,-1.08730743717677,-1.38966655814869
48,3,1.19403817887473,-0.627379148565766,-0.834722506643018,-1.62132187713026
49,3,-0.105998068387618,-0.194576373665104,0.352726114988519,0.0611527545045355
50,3,-0.839258535046209,-0.473925968392665,-0.208861673761547,-1.88367198887013
51,3,-1.09461411359189,0.141258704745976,0.51964004090775,-0.414175045154698
52,3,-0.439166045939601,0.27749227160849,1.07619038092778,-1.22476808733107
53,3,-0.977992077844223,0.230081908379159,0.668702773862167,0.810662278718565
54,3,-0.656526961103004,0.459515783816965,0.345616307604215,0.0877356765554702
55,3,0.200727385585094,-1.61530431642575,-0.203716152811636,0.667903926440888
56,3,1.86625820712676,0.136171989776467,1.19496270885703,-1.64888364702139
57,3,1.4906026818259,1.48508673446848,-0.78466612735777,-0.193333865785786
58,3,-0.0204864361480094,2.00857606375882,-0.0393671890717475,0.149945355769516
59,3,0.373837079559173,-0.335291523791298,1.12722845236685,2.39251114518642
60,3,0.967891811420406,0.317964350824028,-0.226614568431588,-1.42442062781175
61,3,-0.298766033161181,1.49107381771856,0.442795244818923,-0.60436356677185
62,3,-0.282433908445577,-0.343442430127102,-0.476962859091353,1.45993959787719
63,3,0.688848175561128,1.98149547918232,-0.393175725096452,-1.0719487912737
64,3,-0.148141091051681,-0.420770741086884,1.0517305507925,0.782951118400646
65,3,-0.221954988794388,-0.17876716431873,1.49750820985581,1.64271822392417
66,3,-0.253625040712669,1.09672975109423,-0.856798557272366,0.237994997238594
67,3,-0.299666718150976,0.517825900669315,1.71395619261986,-0.264566811448699
68,3,0.915200857900188,-1.8086427122133,-0.330773601136567,0.133555534712306
69,3,-0.539772396733983,-0.495170886673245,-1.45313882303047,-0.697258209074981
70,3,0.786956299884886,-0.372044938212603,0.163217903353304,0.47380809412798
71,3,0.839037455781238,0.277372900963182,1.08307865698843,-2.06889928647745
72,3,-0.184083927098394,1.11299199466243,2.26271569797462,-0.817700336820061
73,3,0.651786019597116,1.18378306716774,1.95929071801102,-0.99303523089814
74,3,-1.74775027260771,1.47068498916114,1.70595298564247,-1.44845835250419
75,3,0.301569108975116,-0.780871029107139,-0.670220659607803,0.638116122609111
76,3,0.447175112572896,-0.289514328156187,0.495096068614198,0.880203057052184
77,3,-2.16631237112816,0.112067723528891,-0.472116703526001,-0.00539856022631494
78,3,1.7941847812752,0.0983164407591529,-0.631713227836032,-1.1871250668831
79,3,0.504332456909661,-0.00617304605026143,1.47333924899304,-0.410519172031603
80,3,-0.51143037173835,0.224364131973297,1.62900361927419,-0.150450793498015
81,3,-2.4628259139976,-0.147658608987049,0.294235416422183,-1.66120580945663
82,3,0.645949302653323,0.848778238194837,1.08764029089631,1.66040121144528
83,3,1.00136876653228,0.246747015011125,-0.41262792054114,0.654951918843508
84,3,-0.422516968755669,1.20236773729796,0.594498302908723,-0.31882152096324
85,3,-0.718873107409875,-2.27098298860453,-0.532451111235286,-0.645844740471464
86,3,0.45998683989127,-0.243790828168095,0.465803925107505,-1.63379673580199
87,3,-0.639349875461561,-1.94346559769819,-1.02679500258504,-0.96105010172261
88,3,-0.211594814178491,0.220626247659159,0.612007931698923,-0.0214965005546372
89,3,0.511983371974869,-0.198046330199566,0.0853254392370118,-0.0639233291027283
90,3,1.06693415868702,0.866673710651923,-0.580499357853963,-2.15296365223678
91,3,0.842748342835555,-0.18689865804543,-0.768220492300046,-0.460477550299645
92,3,0.39506696156374,1.20187071143468,0.676860619769376,-1.06243121734716
93,3,0.657214206160948,-0.0792834885235982,0.449216482303527,-0.670526352631858
94,3,0.0853354803234582,1.75405329871145,0.687054882520659,-0.252198623727091
95,3,1.05783026155393,0.470412700663841,-0.214217973519873,1.63938030495803
96,3,-0.300318406901521,-1.0067419493315,-0.21288061539813,0.724265440189756
97,3,-0.777022945876474,-1.33439646113635,-1.02776246710849,-1.45383328109008
98,3,-0.674172336764088,0.732712137231096,0.721394798237024,-0.318037408615152
99,3,0.0595292603333852,-0.421226587915021,-0.122296892254847,1.42686763288947
100,3,-1.56925632134604,-0.397121903062654,-0.865790684873099,0.176911416710195
101,3,0.855856453551126,-0.135079005328539,-0.482890891033413,1.39810297859372
102,3,-0.242761616792765,-1.69642563552233,0.4558175211696,-1.76046170416594
103,3,0.17195509065771,0.918360396942884,0.417310946396793,-0.00223889083006842
104,3,-1.52132922214697,-0.641695294110462,-1.00364843744342,-0.487460268358937
105,3,0.580592038145673,0.74830038861697,-0.454064704537723,1.25471875891143
106,3,0.468908229924368,-0.469740402914209,-0.18999403259019,1.2043933020003
107,3,-2.11605875658108,-0.93683136130519,-0.214846138705558,0.290707237939155
108,3,-0.248294217549175,-1.58565865190006,-1.17641568757082,-0.0914888683744351
109,3,0.99472753229052,-1.19219146134691,-0.798366501760124,0.224581342409545
110,3,0.0943258475106784,-0.18367256575688,-0.0566338106449796,-0.194179678919645
111,3,-0.334615013363733,-0.211815921760775,0.515158911944105,1.02284582041239
112,3,-0.287155100300309,0.337194602889065,1.1762850404746,1.27259914149244
113,3,-0.108617959429244,-0.0837416835903913,-1.33322411831038,0.0456170184775502
114,3,-1.80363822778962,-0.12207366043779,0.439941530831001,-0.441685664265767
115,3,-0.0714938248276696,0.166373639899284,0.171427106678909,-0.829194386853007
116,3,-0.744970899339953,-0.225339345866444,-0.878907500237885,1.12791958885442
117,3,0.137036749026829,-0.193588529235035,0.155174767110645,-0.990512612586171
118,3,-0.599032488882176,0.291370943982495,1.546377709986,0.970271032046035
119,3,0.658920954493603,1.02951275920615,-1.76380367149945,0.615815603348763
120,3,-0.496901706393534,2.12891630477957,-0.221085648291633,-1.94444903231767
121,3,-0.499395592961172,-1.09225410614765,-0.00549276335467172,-0.890224851339382
122,3,0.951349785198443,-0.112214743647782,0.103536703111014,0.791482454452441
123,3,0.452583537941392,-0.0345649546578127,-1.13026423183114,-0.730205665908785
124,3,-0.181569983750796,1.96608612542803,-0.880512391160445,0.744022004563893
125,3,0.330641974095311,1.52336359674467,0.84361211826379,-1.3733865232396
126,3,-0.630195509529776,-0.410374593822325,-1.28862613152261,0.215143426123845
127,3,0.737898361504209,-0.725237169069013,0.0141618674539555,0.534367324605331
128,3,-0.445567620550887,0.168335890857608,-0.892686303336231,0.353400282504518
129,3,-1.56962361802444,-2.10247515658825,-0.855632349323806,0.564060576547967
130,3,-0.836578727138215,-2.80563251780994,0.690135319771268,0.727220877786373
131,3,-0.152153820052634,-0.0228818489343701,-1.38722109656436,0.980729499096461
132,3,0.331168933789513,-0.873229986901042,-0.00307113675507171,-1.69024705373472
133,3,-0.351769747216857,-0.450613137787176,0.599717428696884,-0.0317794436013264
134,3,-0.274292845953927,2.20741085174147,-1.34991410387284,1.14448038541364
135,3,-0.91586038764811,-0.49451816586476,0.206803029932194,0.634714608460571
136,3,-2.3100278527343,-0.726119343644199,0.239743897103024,0.694577837430395
137,3,-1.12032708547133,0.283477982139449,-0.678747314458101,0.322860803268931
138,3,-0.319763388681716,-0.872881783067626,-1.0000575450714,2.0180372258396
139,3,-0.999857655933869,0.562042217350483,-0.698063557938133,-0.496522288920776
140,3,-0.664842365724927,0.557741303126624,0.685086188815393,0.338953735421587
141,3,0.130028193710883,-1.7210772871719,-0.065566496120977,-1.55210810648985
142,3,-0.790167109784371,-0.463283887243406,-2.19432827393972,0.861415016598348
143,3,1.80759149204019,1.21316908621837,1.10310370158627,0.538863393495372
144,3,-0.0641103678646481,1.31053455155929,-1.27287067185511,0.295826240443695
145,3,-0.0979359385491804,0.0953725727288675,0.956808129308873,-0.169121724320872
146,3,-1.01614301432917,-0.346644311087099,0.435608117175012,-0.789015653999234
147,3,-0.187529281515151,-1.30417725801796,-1.4743158275407,0.484944255466555
148,3,-1.03594218477599,-0.275113589881114,-1.40961619601474,0.791325223744318
149,3,-1.79670696210591,-0.244506017472394,0.973834735016695,0.177906036584683
150,3,1.08242369537599,-1.28957772869728,-1.40224963780411,1.64279975585804
151,3,0.505603102326675,-1.53091944912787,0.684634778892629,0.0990332544116027
152,3,1.6685991922731,0.268075362012926,0.091916251567757,-1.14939062288389
153,3,0.638829441327605,-1.45888522930726,-1.2053983490569,1.87708252157716
154,3,-1.44103922447976,0.830737115765134,0.156230549874848,1.12666089413522
155,3,0.439129362678284,1.17466110066705,-0.535941546856394,1.62469540875885
156,3,-0.119622315102804,-0.889357010261659,-1.09954752540987,0.515179251917653
157,3,-0.569970227330923,0.219306845670627,-1.54165799616609,1.66413315302161
158,3,-0.267381696205143,0.0860201515018837,0.114359753796001,-1.53750161892175
159,3,1.22119420496122,0.34767418110989,0.169552799514534,0.487275344573363
160,3,0.130101990736016,-0.38169867990436,-1.02926052705402,0.159003489455607
161,3,0.273840660472045,-0.908876518057405,-0.221240577507672,-0.912531845851855
162,3,-1.81141737477943,0.945540657804907,0.392551276930304,-1.30210201252508
163,3,-1.25553871770602,-0.37052824465457,0.317714886458664,0.984929360931498
164,3,-0.652859929153957,0.746606138447932,-0.012281597995643,-2.11017756894001
165,3,-2.00258891400516,0.887887236561412,-0.184673285694934,0.336056484050327
166,3,-0.466497821702801,0.371679239309655,-0.701969716672013,-0.00684716335007049
167,3,-1.23063942820009,-1.21295528249784,0.449967972204253,0.278731654871253
168,3,0.313210091447366,1.02146228031636,1.92945811943754,-1.15683608579433
169,3,0.195148348033001,0.338316992750985,-0.903283508277491,1.40793071448332
170,3,0.195733777071873,-0.646908416550927,2.50173355552457,-0.388705676391023
171,3,1.39476425982593,0.149747045116886,0.0682319750218472,-0.979709116724978
172,3,1.91335069627941,-0.0574587198249623,-0.614062008788039,0.0505027501682529
173,3,-2.03772574543554,-0.2596706676605,-0.428161159617397,-0.671725896268105
174,3,0.66179843120056,1.69571793319174,0.287748737133378,1.10219875261182
175,3,-0.490868555370997,-0.65991967675932,0.27372580079129,-1.15470570783908
176,3,-1.15224042505463,-0.193312686105294,-0.958995169464363,0.512679453210227
177,3,-1.15650002529658,-0.845269261030245,0.362900913950035,2.199707865095
178,3,-0.549335042283056,1.83476392250078,-0.733819600550165,-0.954580024720057
179,3,0.423995098824482,0.0351632739132816,-0.354217767284594,1.45512666982115
180,3,-0.562287049332907,0.502434898222724,0.410273852158011,-0.990396768964621
181,3,-0.302039757070754,0.493169183641215,1.52594722269613,-0.41203870951038
182,3,-2.71813536121259,-1.26734117128688,-1.91638523889894,2.01196056295567
183,3,-0.0733993347832752,-0.498800205605011,-0.128907952144809,0.371029032812941
184,3,-0.598782823164702,-1.24664016612166,-0.101771644326092,-0.968276770766325
185,3,0.197788250819707,0.675130969976303,-0.278656331831248,-0.0573220970356787
186,3,-0.875368380245169,-0.964667849610911,-0.715315760365059,-0.440518151655536
187,3,1.06570142823737,-1.47653164176841,-2.03303214769772,0.656060692222911
188,3,-0.542104482445789,-0.948828922930142,-2.33015104872772,0.258230649576401
189,3,-1.03626621824336,-0.922911205531217,0.0437442478444557,0.501642974401493
190,3,-1.30534271806821,0.0709986867950867,-0.401873931698937,-0.380415777545951
191,3,-0.722206439915624,0.23221191187404,0.962379506504785,-0.770230492144263
192,3,1.9934261547437,0.624742217694199,0.479689981444551,-0.0719965579054036
193,3,0.0689279798216382,0.911843689722112,-0.310687373389534,1.45012553431533
194,3,0.356864770536039,-0.0934536596707617,0.0433777213095944,-0.644088774270288
195,3,0.245101360702624,-1.08776976878003,-0.472442224933832,1.31215985744577
196,3,1.01935177418359,0.61500780584896,0.0511914957447421,-0.318178372244896
197,3,-1.24816869865132,-0.840993783368146,-0.61576283982035,-0.323193385088092
198,3,0.057499682324076,-0.759979559669673,0.514945870953967,-0.439102008582887
199,3,-2.84195777265247,-1.21578424020046,0.659633117759262,-0.682647049800379
200,3,1.48799370760593,-0.179579403326417,1.35116992427027,0.473818781601574
201,3,1.60886206402963,-0.93106616511873,0.974483440989092,0.536088496468564
202,3,2.5868999055211,0.526831744305855,-1.04815672847402,-0.269526399686584
203,3,-0.699895436936525,-1.19931186578296,-1.09746601594117,-0.307058590051171
204,3,0.789258869737281,-0.358589819077579,1.42798763060527,0.285944270081793
205,3,-0.390836956831469,0.424936519935463,0.353511574176216,2.26267337337023
206,3,0.114104336532505,-0.080212063045039,1.02979570413496,-0.211603103057305
207,3,-1.13902268930957,1.07488183965286,0.345106812639175,1.77483196127676
208,3,-0.728680115704173,1.69275409501567,-0.498157711540985,-0.568374034376755
209,3,0.287236281611065,0.250987652690459,-1.11455567956347,2.83519949452512
210,3,-0.671365700231181,-0.38896190306284,0.347541569195287,0.136055728800927
211,3,0.214248118706514,-1.15384679618271,-0.952832205551361,0.989796534233173
212,3,0.0388330909773881,0.862534001157867,0.0151948701104679,0.0397272179366291
213,3,0.781784286796933,-1.07024457210652,-1.39759703605023,0.0455479043110835
214,3,0.786851850025013,1.67362961618725,0.165363367762057,-1.6646089773427
215,3,0.0373064461909689,-0.0726447299766107,0.756283435234044,-0.85864773642532
216,3,0.0283530357568479,0.90960809255161,-0.594253743768117,-1.03861250704553
217,3,0.920440564422492,-0.454606233709132,1.22616714745436,0.645077329285269
218,3,-0.542262211790207,0.386087574731399,-0.199420218547464,0.213262553540574
219,3,-1.93564572570281,-1.32082677075771,0.55132487895565,0.0350270270284112
220,3,1.8354598331039,-1.29884537248209,-1.54006807130991,-0.0844472229096003
221,3,0.0139157773911237,-0.317805736389485,-1.6696466207985,0.633058775870042
222,3,0.91304943833752,-0.951693933346626,0.484209083738479,1.43271357980017
223,3,-0.52849855902626,0.727685679371054,1.91385112571531,-0.663373453352814
224,3,0.407566020371307,0.302990334027018,-0.13662418753829,0.679955715230088
225,3,0.671573805142476,-1.4733332133391,-0.295416206826234,-0.700468729474285
226,3,0.930818137494194,0.153353251110644,-1.42397657748214,0.267093251280476
227,3,0.314683702424275,0.622436793447923,1.22544852154737,0.101762116542439
228,3,-1.2702973457579,-1.47824933774233,0.132032392731354,-0.13742603811096
229,3,0.860384597773065,-3.11613573446905,1.52980571125309,-0.212917498212991
230,3,-0.363834714324752,-0.649842696817037,-0.471447030624471,1.05462195858424
231,3,-0.0255984751993199,-2.17868864166267,0.048724741132599,-0.0890822142638055
232,3,-1.43036926563467,-1.35169335171929,0.675949025216024,-0.291761556981095
233,3,-2.23841272598788,-0.599043006336915,2.04415387339116,-0.0899819910614208
234,3,-0.695799283926221,1.62123254116074,0.992715264923999,1.06060937849604
235,3,1.22520680702951,-0.720876104163038,0.132730185104227,2.41927432601981
236,3,-0.823637707367007,-0.570229315367766,0.924238273557167,-0.0922275690939083
237,3,0.150787316200404,-0.231913601583293,-2.17835460144718,-0.912405935438564
238,3,-0.399738695969819,-0.512969306923802,-0.23991315888193,0.332156171972912
239,3,-0.970801081903139,-1.4524677961989,0.619115655285142,-1.9709788083226
240,3,-0.872170105254187,0.44637213251825,-1.3489185412638,-0.306094623256603
241,3,0.930169012400726,0.396596489133548,-0.091484757257873,0.00569161350890873
242,3,0.883189995448853,1.85722989627997,-0.581730174742785,-0.845533291298472
243,3,0.0216842978079149,-0.242673005119008,-1.74666397674097,0.0139700832721214
244,3,-0.723142501677741,1.70624210112601,-0.389887073450506,0.84781764528998
245,3,-0.346443874870486,-0.236662281185865,-0.482032857225995,-0.0100978699303237
246,3,1.80904256201709,-1.04064263660387,-0.355332416958837,0.813739806859532
247,3,0.645536086455803,0.410184925717925,-0.327731716533239,-0.00618561991500473
248,3,0.0931812339863361,1.19214222152657,-0.0469514264712743,-0.504019468630763
249,3,2.12455808120055,-0.234555288652089,0.98836194437883,0.941508381532152
250,3,-1.18684463717315,-0.407936078130687,0.811467637751098,1.12609145710276
251,3,1.89042376721372,1.02052141850563,0.392088857935811,1.22782787367244
252,3,-1.9931317565479,-0.0342851219605712,1.57458703360876,0.844604202694211
253,3,-0.242908254538738,-0.16300494568953,0.982640854929996,0.23217144475273
254,3,-2.9815402198395,-1.92582926268758,-1.21982951075154,0.399059008490763
255,3,-0.865476320071962,0.00234584125203066,0.0462066118490785,0.223513515548597
256,3,1.18984446459902,1.10436263848741,-0.856001074005109,0.386868863079666
257,3,-1.36676907660513,0.329672741129057,-0.156214155897979,0.762738212858664
258,3,0.540325447014735,-0.902075683010965,1.82122731470731,1.21700023449
259,3,-0.00830522457508596,-0.158248693998538,-1.25452694475178,-0.822888912891377
260,3,-1.25153567537569,-0.169293537084923,2.63744120353174,0.737110495910054
261,3,0.625108198582817,0.799063963396985,-0.234202306178035,1.22529516264951
262,3,-0.639134703993799,1.01144821519586,0.121571733814449,0.906381492888857
263,3,-0.694755123700066,-1.8887791569138,1.46338251889298,1.45163936270285
264,3,0.0935736562491872,-0.257474753042647,-0.559416404128398,-0.636175444283091
265,3,2.56722508096337,0.211484285024395,0.331242789789968,-0.994454108768401
266,3,-0.700181811203227,0.537662904671918,-0.819809140079261,0.143004591722642
267,3,-1.95278408006178,-0.47625969497098,-0.195418458191431,0.826036494762216
268,3,-0.528065690506194,0.413720168165919,0.924997713281531,-0.540942855376701
269,3,0.448147127965693,-0.229805207403423,0.0817179675983817,-1.85867498210109
270,3,0.155084442105973,0.437264827794789,-0.290570478218888,0.21857839934395
271,3,1.27441852568159,0.580100430941019,0.66034674045711,-0.188414848756762
272,3,-1.31556446632853,0.13285091146323,-1.1508234346104,0.592233694548651
273,3,-1.78568538020323,-0.627209571866229,-0.760569152905919,-0.57652500448642
274,3,0.0353086475055708,-0.484261016531721,-1.46707773932217,-1.24646735872591
275,3,0.0637231618078565,0.875196047928008,-1.08007263889951,0.680579943418006
276,3,0.793855367229382,-0.820191105774193,1.07309874791832,-1.31399670198901
277,3,-0.040898485285416,-0.130121226820343,-0.902944771106585,-1.00431260432545
278,3,-0.955763033757665,0.970723355685378,0.444884455842066,0.507236707315143
279,3,0.391890511864563,-1.04050905762419,0.913200675445851,0.264773373921541
280,3,2.30907697705798,1.03000304796934,-1.62258882918721,-0.0437752325999451
281,3,-1.09051247086471,-0.524088940257518,-0.6627492718895,0.0877202027988514
282,3,-1.26585384080637,1.10176772137056,-1.7355566499641,2.05737924664458
283,3,0.726133777009303,-0.340783672747806,1.33056402928167,-0.983763279774228
284,3,0.151118953790325,-0.780475424009974,0.823432430355499,0.394846058745123
285,3,-0.456218482783513,-0.705422837448405,-1.21338157748268,1.1839082687817
286,3,1.39575864890489,0.337548928323631,-0.97885494228102,-1.88245414403316
287,3,-1.21984373050475,-1.04702744036872,-0.451029880592469,0.433270467990851
288,3,-0.471873850240557,0.459845852056807,0.456332971817007,0.0265947193069195
289,3,-1.85421136303871,0.0185353055236243,0.72624404360517,-1.22529961311008
290,3,0.168343379912147,-0.264306331657491,-1.24739304351343,0.115893004493147
291,3,0.687070050696128,0.336069423910214,0.588214562170419,-0.497241242744574
292,3,0.266148534119984,0.146641249209681,-0.514966755102217,-1.35509380964804
293,3,0.0434629143133121,-0.344189326021001,0.97820170229679,-0.0967733850383007
294,3,0.413470372453561,0.637833682251726,-0.686563467330628,-0.744920612423242
295,3,-0.933320828183777,-0.0944134847806962,-0.815377077987226,1.55940443897395
296,3,-0.989742668771251,-1.8600813707723,-0.562605116307306,0.112453913628126
297,3,0.219610834248884,-1.33005848156928,0.668408582331376,0.864265848567185
298,3,-0.243620916862711,1.31055488505691,0.361856968652162,-2.01762377310433
299,3,0.504971789505565,0.951973262607252,0.159533757001497,0.710757842079643
300,3,1.19073249335825,1.20212667900222,-0.815476955649555,1.04998681875649
301,3,-0.525770486211044,0.423247508259356,-1.22381179404417,0.401217613865357
302,3,0.753382191245765,0.544512732932145,-0.362107771217825,1.16742771737162
303,3,1.44275602559761,0.311198450458899,-0.640740860262944,-0.161342651197478
304,3,-0.82027915939705,0.351623835150702,1.14584742501414,-0.21038277897112
305,3,0.416667146426176,-1.1395601372328,-0.774587589086623,-1.26744011244767
306,3,-0.775694593496527,0.989277266971441,2.01281003845169,-0.966981036871072
307,3,0.48192751937883,-0.438772031079602,-1.30981065397986,0.0804892027951618
308,3,-0.0828696017754623,-0.00931091787419593,0.525426419123548,1.38132947137122
309,3,-0.218124987869178,0.753238905600281,0.864837405149291,-1.08494548081541
310,3,-1.48072356436402,-0.24057988098478,0.748738864200561,-0.553557175168904
311,3,1.12526137764977,1.75840121875736,-0.546198121113436,0.350209412812405
312,3,0.828427268878524,0.954660804553701,-1.52513946577211,-0.0698244424505004
313,3,-0.683541497584143,1.30466518095016,-0.660501797917726,-1.29235839079774
314,3,0.982821181711812,0.188321765329805,-0.610191354174374,-2.86160485397364
315,3,1.05126031496761,-0.679160256542298,1.28096017560892,0.0957602047669538
316,3,-0.6268700525285,-0.17066446151982,0.131893948300889,0.653692686869317
317,3,0.739957582545205,-0.104379464051314,-0.183439507001073,-0.632395853126144
318,3,-0.541969179663375,-0.75585820301129,0.414796792983189,0.774686373323584
319,3,-0.0603309429818786,-0.673157952002409,-0.700310356710937,1.77567052681601
320,3,0.931756905402662,0.927007899921054,-0.915797871475755,-0.819527762977047
321,3,1.14800441278329,1.12384455883495,0.141599866365745,-0.90321707202754
322,3,0.149662667381696,-0.0868107103968809,-1.07272940810673,0.408920714255426
323,3,-0.856618555458924,2.54212309700375,-1.07611313880331,0.118955221823691
324,3,-0.469691177279442,-0.390164850412676,0.202397208161973,1.70236967874282
325,3,0.914552677736438,0.163756861661632,-2.3771240792187,0.585584602410979
326,3,-1.92892576998329,-0.340341661800046,0.127455161850999,0.0533213957916084
327,3,-0.745009968658583,1.07491931527851,-0.661069267024712,-2.03305176007289
328,3,-0.268298461408493,-0.874776836553423,-0.576718165354094,0.0776477976961866
329,3,0.73995325549139,0.11302729237755,0.130632093672743,0.508905682416761
330,3,-2.34621155496131,-0.508912528925359,0.421026444081545,0.772004754492039
331,3,0.941802038919466,-0.449570084127223,-0.434095845359328,-1.3206855227611
332,3,-0.508604535340964,-0.173862044207613,1.13998900701872,-0.708902495770463
333,3,-1.08450704695837,-0.902269596575654,0.40584964118627,-0.858780762118846
334,3,1.93525513652723,-0.686061005466389,1.37623724475137,-0.746677571976432
335,3,-0.732377969697907,0.254871889248565,-0.271169139715807,-0.0356676170211569
336,3,-0.593465785417104,-0.272869467534987,-0.269759424588208,-0.630254182850427
337,3,0.452057456810723,0.734994572408268,-1.7359539752745,0.951403298287653
338,3,1.36648659347634,-0.0146239160825926,0.525966629119599,-1.01237996600033
339,3,-0.176183556482353,2.08139925515257,0.455317653233033,1.13847979747044
340,3,-1.52220815754626,0.237684485043906,-0.717848956728936,-1.71071330837933
341,3,-0.883633593916434,0.0345792252222274,0.740359901796659,1.17600453123333
342,3,-0.514326906926755,-0.0238285448077932,-2.50662963983065,-1.46299429826828
343,3,1.8381360404015,-0.0489121976467589,0.939597331175068,-2.22529433243789
344,3,-0.217067474416259,-1.00170147537005,-0.181622411346842,0.653056004130592
345,3,-0.136031132340437,3.10878131341265,0.189695275432598,-0.036999144018552
346,3,-0.438416454491871,-1.5319976597922,0.253523867794018,-3.34306674268396
347,3,-2.61308125899821,-1.28135006286579,-0.513904385074412,-0.963677474218567
348,3,-0.758550369916403,-0.315557710992906,-1.95764142616396,-0.212647854312099
349,3,-0.312181645373952,-0.772675903904954,-0.0724121691336528,-1.20000122248743
350,3,-0.295598620379541,-1.14994887084207,-1.8080086335434,1.45386810870026
351,3,0.903085743693818,1.70555494636306,-0.87284753759896,0.155433372041896
352,3,0.382122797179333,-1.25802542631338,0.890149708378441,-0.42543714707523
353,3,-0.601728832827348,0.521948284663075,-1.38011095032108,0.0428938681151956
354,3,-0.549945463652427,1.19387811124033,-0.867015393054118,-1.31679761842834
355,3,-1.21986208208728,-0.531726584918877,0.126358504742768,0.240222553714269
356,3,-0.0672724460309254,1.80579213039548,-0.774543646817039,-0.96534972602824
357,3,-0.412051095987753,-0.860362685382556,-1.53017279261475,0.264249829676591
358,3,-0.729433244426991,1.45958292629798,-0.461755019400697,-0.15727829253084
359,3,0.769209368129456,0.0175353727423829,-0.817307553030547,0.71487251901013
360,3,-0.831366994420371,-0.705416257597095,-0.047390049226355,-2.17887634860431
361,3,0.100345078847222,1.52710135102456,-0.408035336792372,-0.218817788729243
362,3,-0.561003457882566,-0.115755586971772,-0.88083781881828,0.0913158270816794
363,3,-0.233588642368902,1.72537983702899,-1.24398566350952,-0.535105684675658
364,3,-0.520807233540267,0.974500095492671,-0.254038210516258,-0.972209518325098
365,3,-0.00784684630749936,-0.641866559541517,1.12143555065703,0.525880296526559
366,3,0.292436374288121,-0.348712785432408,2.20055435724827,1.19996090752868
367,3,0.892542617249012,0.278185694118759,0.568732178936403,-0.595304542805317
368,3,2.20416921563312,0.487244944405064,-0.243158558671441,-1.44434983130564
369,3,3.02044867099181,-1.07204691725435,0.428982044616777,-1.63925951319703
370,3,0.31617897936411,0.251760809618739,1.59188202325299,-1.64623358037812
371,3,-0.108609500773315,0.0163882533577626,0.266417340423155,1.33937996584237
372,3,0.543250447004522,-0.377791544598488,0.973683465299594,0.779977353217269
373,3,0.0474049452103762,-0.255548095509008,-0.180432588686971,-0.183253433694763
374,3,0.992365403424614,-1.0844995569636,1.11188108134855,2.33368023908372
375,3,-0.866831975947846,-0.748813882059907,0.632514183088987,-0.582771256753814
376,3,-2.07391781008628,1.20912299449392,-1.05911069245275,0.477024571552784
377,3,0.519777604741664,-0.400244541567125,-0.146231673812505,-0.169599129221483
378,3,0.206957003594472,0.652700476219224,0.0861269224571526,0.571458071735393
379,3,0.0653404590278554,-0.0578310246599138,0.361366642050381,-1.0369846015197
380,3,1.94407532688197,0.615826580306991,-0.340198078344121,0.381392992901782
381,3,-0.849980173314383,1.57667844845896,0.243497948161962,-0.319367676402014
382,3,-0.595370683783739,-1.05909928299211,-0.831659253674577,0.125607977881031
383,3,0.0182757562703217,0.227364687339191,-0.429054042791997,-0.5208856165492
384,3,-0.227936825433707,0.687913860244888,1.12613870994132,-1.91154324876732
385,3,0.214803934010338,1.14252390267335,0.505887879870889,0.605127088358648
386,3,0.995364866266086,1.08547492598418,-0.169736003959366,0.399392391785534
387,3,0.117309624568562,-1.13658802278778,-0.910650986939862,0.873429537291956
388,3,1.21156933238425,-0.00523229614779656,-0.823591526749675,-0.465459840147657
389,3,-0.0801114211153867,1.05683327779055,0.980423837644001,0.548238382714545
390,3,0.743570783265211,-1.73425453045589,-0.296906675774386,-0.752063056037672
391,3,-1.24182365307272,-1.05119384321634,0.46654096643325,-0.855457783098546
392,3,-0.401830827940554,-1.15651841724231,-0.539354633643244,-1.78505765419462
393,3,2.87208514396506,0.685002122115739,-2.66522866614106,-1.24644873015624
394,3,-2.63174105720212,-1.6692281958546,-0.814782255976878,1.20482826198052
395,3,0.958407660535138,0.491759288171587,0.404092467744493,0.243651538493833
396,3,0.182970320854138,1.53676874751273,-0.0956298735565104,0.352647653006148
397,3,0.910320092170953,0.497766160588076,0.733320232360058,0.146382752165042
398,3,-0.286211893509929,0.955962723091295,0.661316849276102,-0.535662441087454
399,3,1.41564634165769,0.0622760283573362,-0.264424667118862,-0.500430120453482
400,3,0.268552646684881,-1.26869491793321,-1.22203825409156,0.506443509530174
401,3,-0.25767448380009,3.28682262517718,-0.316677232030778,-0.234802259864264
402,3,0.722855735920206,0.585480728094017,-1.57253309047373,-0.955807368162227
403,3,0.944712743255272,-1.64782692491242,-0.348661144614249,-0.706083254886833
404,3,0.227259260234188,-2.2214478119379,2.50943873235997,0.509443196290984
405,3,-0.173008419484994,-0.760903772817491,-0.292714774217813,0.193944352924926
406,3,0.247351148496546,1.31682084401474,-0.311973301518967,1.08648778027985
407,3,0.0915237945283704,-0.0105202395198566,-0.986097739398003,-0.684367867125463
408,3,1.38628355168745,-0.541357602754134,1.01978059722369,-0.377345105151586
409,3,1.02666682271225,1.3793950063209,0.807568586302965,-1.33123270855597
410,3,1.43235745230496,0.505615241898606,2.00915316347298,1.03800278203405
411,3,-1.05320595324998,-1.34989532701327,0.192715071443712,1.12410293311716
412,3,-0.322174015976479,-1.9543240177842,-0.28083514190653,0.249664774953498
413,3,0.234214966121182,0.898204654506298,-1.20436777788719,0.580971258369628
414,3,-1.08946247905352,-1.59243786215431,0.791969684033076,1.08495333749115
415,3,-0.795458338670797,1.57138697585908,-0.630438233497543,-0.996372074553054
416,3,1.02759892356911,0.449686345852106,-0.0501544588848457,0.636742698595293
417,3,0.889175457274596,0.608560809836389,0.83464292743813,-0.683145585101033
418,3,0.746811731061184,0.517842980207112,-0.60627691607557,1.09153729085368
419,3,-0.492762098392161,1.59226167379891,-2.46929308839894,0.277237082554468
420,3,-0.183318447182836,-0.414113122766869,-1.73548558398585,-0.963411254294184
421,3,0.44854405075214,0.0568308000061744,-0.114768394306336,-0.745631433134686
422,3,-1.42959538642127,-0.145521810566813,0.296317566541832,-0.113417853443843
423,3,-0.510130593920094,-0.307185962501758,0.317625553683314,-0.273602528172896
424,3,-0.188523928142668,0.368917946945051,0.495507096188276,-0.465596592236506
425,3,1.65155124232825,-1.50536179515222,0.323860244118391,1.38125662728758
426,3,1.14341740495949,0.452748302895512,0.653003860761227,1.71765090529926
427,3,0.565728073300634,0.571055565669956,-0.843480563369528,-0.25572520905906
428,3,1.42808125321283,1.04412737359185,1.22835694508655,-1.99641730341484
429,3,-1.00296163633001,1.20431986787972,-0.711959240544988,-0.252108626454042
430,3,1.17195138427427,1.0260018813741,-1.21407975151976,-0.17997592995533
431,3,1.29149156175926,0.173844510989885,-0.269479818271546,0.215582876667928
432,3,-1.52532105772151,-0.699314836330369,-1.21209017842292,0.557417574849169
433,3,1.32651089938356,-0.824891239601915,0.190581700825578,0.484141199194184
434,3,0.456484304607166,0.674865219547088,0.58603110221184,1.17005208805711
435,3,1.03878622049231,-0.404153849408125,-1.14300041111441,-1.13415759207658
436,3,0.0172971432505883,-1.28015174494977,0.632366051995161,-0.912747618434593
437,3,-0.129221652868911,-0.418402538537586,0.0650317226797545,1.19258991323087
438,3,0.121975911699473,-0.517260585717189,0.604717162467871,0.311756021571208
439,3,0.486882640991982,-1.71762164720932,-0.0267597966912262,-0.0437803240434205
440,3,-1.39011875106506,-0.546907140779243,-0.644868039978727,0.872252649783911
441,3,-2.11897946398675,1.4440570797648,0.203060766721078,1.98498343864472
442,3,-1.83105314292349,1.62556638433435,-0.390692555734495,0.879984550979027
443,3,0.0183542152234094,-0.592849304417241,1.02241854233537,-1.07768158294857
444,3,2.54485463447859,-0.396347403039104,0.0286831942281391,-0.0790919120189735
445,3,0.814126292415509,0.173691530445217,0.130324179428119,-0.353430333880186
446,3,-0.424749358593388,1.64727005747292,1.37725162324547,0.767352741107462
447,3,0.659764161861511,-0.0676986244945719,0.520005456703696,0.337875118362767
448,3,0.0475526301871267,0.608590064312106,-0.584494442696715,1.07174662543164
449,3,0.178209590173959,-0.127711995178201,-0.354093821951319,-2.02811901738632
450,3,-0.515178356965959,-1.25577735775989,0.000297324031778003,-0.387841323161075
451,3,0.161809326139788,-0.19677125103785,0.910898481618499,0.928102761277072
452,3,-1.30867781678402,-0.449332840616251,-0.798542013070922,-0.652296380650288
453,3,-0.402332684831642,0.24429777414169,0.698979145249747,1.23663259802923
454,3,0.257845072530378,0.917019655004952,0.894892299112614,-1.53317903672109
455,3,0.470703138617105,1.60466263812739,-0.827584840937217,-1.84531677314007
456,3,-0.212594499425177,1.25347547145223,-0.747124711435608,0.450058321989282
457,3,0.390845237238072,1.50467062998389,0.0522932000355157,1.08481512254907
458,3,0.280938808111144,1.39205839023913,-0.518335211571198,1.00214416667076
459,3,-1.02893632469249,-0.757272976935126,0.470704778980573,0.891028755145532
460,3,-1.39718764279161,0.217313386009276,-1.38731483017519,0.857601621387979
461,3,-0.896578133744864,1.11526247068411,0.448093604067778,1.54723395355722
462,3,-0.102987829973867,1.12637600617217,0.509795333445183,-0.211591689357588
463,3,-0.238494966658635,0.78035826241099,0.306846458071578,-0.55392671041738
464,3,-1.35524981786646,-0.658368478643645,-0.0580878181450495,-0.276872256377408
465,3,0.354833204303784,1.23676541795243,-0.500680178050933,0.726887873961788
466,3,-0.766796057370339,1.69261273268767,0.865640374876541,-0.431597212530735
467,3,-0.532935590907405,-0.639616818062272,-0.946153245985504,1.38408992545023
468,3,0.0274274917225361,-1.88401718968442,-0.843544438129089,-0.229542847242455
469,3,0.237152900026871,0.836688476417398,-0.952207561646102,-0.36851789728189
470,3,-0.131701604817391,0.591086214306538,-0.935424709360599,-1.47433591149408
471,3,-0.0313016066599681,-0.369417057056955,1.44047376315159,-1.29959975874034
472,3,-1.07466863089303,-2.89066544578973,0.742011333249113,-1.24513567250105
473,3,1.29530095924197,2.22911495838396,0.991450555991241,0.0858212142755616
474,3,-0.767777725471716,0.511968491139231,-1.12716184091107,0.0278740407014912
475,3,0.685514087615856,-0.405855072943212,-1.55150891547479,-1.04280116750747
476,3,1.1821271113661,-0.672432804023947,1.44087947918699,-0.440665436608436
477,3,1.02452780122578,0.699277851704272,-0.0416926276944177,-0.527510971369252
478,3,0.955000460991084,0.0606229461363649,0.214991603522739,-1.37454606262525
479,3,1.48543832463469,-0.22736698330872,0.806608795231385,-0.0469174962986146
480,3,-0.300367966953256,-0.251866444066769,-0.498293720228933,0.00678547457808155
481,3,0.93129567440113,-0.190021607027178,0.796493603148243,0.294823041067817
482,3,0.885002643480007,-1.26695789820767,-2.5656455411915,0.294733938495834
483,3,-1.7314125271405,-1.54687391888461,0.989969739645723,0.535577903824696
484,3,0.596465326479377,1.40409897376935,-0.977162087084876,0.394616614295261
485,3,-0.377095417223117,0.140880714605884,1.90087733434565,-1.1187272324831
486,3,0.314271327810682,-0.971772011010632,-0.190286188148246,-2.37340903490261
487,3,1.48439705613056,0.659506478920457,1.75496088835652,-0.376272873501804
488,3,0.142489602115297,-0.257930471038978,-0.926065700684234,0.919975990743517
489,3,-1.32268506274759,-1.12833299955367,-1.11761497732644,0.845781656303842
490,3,-1.04986939276667,-0.35492691638166,-0.544401993860061,0.729997748051277
491,3,0.425132125614226,1.02298709671317,1.24032668525621,-0.159210637865361
492,3,0.26037604120698,-0.988888402285918,-0.169895026787773,0.0170766323410889
493,3,-0.910358635262804,0.328453954055564,-0.470624801295107,0.206612038719627
494,3,-0.186000316325145,-0.808425021445963,0.624384116754538,-0.573780450240853
495,3,0.980725634423412,1.72695123374414,0.607759181125555,-0.622849849301517
496,3,-1.46054297710082,-0.169595612912039,1.58832054647653,0.330682475606504
497,3,-1.8202963797321,0.181687294037366,-0.300707582654829,0.922410453433711
498,3,-0.694362759243639,-0.556210154427918,1.09333120542392,1.69609161152029
499,3,2.02674369386759,-0.878063002621074,-2.759517270405,-0.979187804123939
500,3,0.278776813129574,0.0389772688271019,-0.121189321096647,-0.631513476537898
1,4,1.16847224483484,1.18333379487795,1.00192409676328,-1.17910445375197
2,4,0.836157725344363,0.0673151875325387,-1.03822910116771,-0.29428874792365
3,4,-0.0207285515241025,2.24068276150044,0.35268495725689,-1.44410628529729
4,4,-0.964451394742999,-0.597666776883565,-0.754706807473235,2.28002321899552
5,4,1.16530228915016,-0.478987774036554,1.84122699276187,-0.148850655963725
6,4,0.98590046429751,1.19412029761029,-0.755275709339839,-0.437136487433317
7,4,-0.0491515267596012,-0.211029774236168,-1.29326510175761,0.543118094980356
8,4,-1.21754091301448,1.96973515092041,0.731388014759831,-1.17755399685144
9,4,-1.29529012009704,-0.812617291067727,-2.27873989104472,-0.952714142862617
10,4,-0.0372763035553286,1.01049473250561,0.08070660642146,-1.42790839742241
11,4,2.76090781520586,0.806156797025338,-0.122855078758129,0.784587468718584
12,4,-0.749404087309837,0.212472919795331,1.23678920937465,-0.543096711127998
13,4,0.675256415786189,0.715841012776744,-1.56373605603078,-1.04746022095592
14,4,-0.566326036351663,0.623714536529834,-0.473492132005777,0.339624798125482
15,4,-0.149489694111553,0.798486338503989,0.104673598337587,0.197526471961616
16,4,0.282788768008796,-0.047470151569355,1.08816096540663,-1.36714145844717
17,4,0.554286692695712,1.75929396074137,-1.32608954901702,-0.975515050760718
18,4,0.107253163749484,-0.453951865423736,0.123073475945283,0.149379175972311
19,4,1.15876453882599,-0.499034719691198,-0.333042422474578,-1.50788084527282
20,4,0.4658472656436,-0.0480452204529199,0.301815601839229,1.06632219870934
21,4,-0.0122725819112991,-0.619461600708107,0.372554010294616,0.475635100533876
22,4,0.881565760530951,-0.655785798214015,0.700491965276911,0.100967237357871
23,4,-1.4322665169257,-1.44052612732065,0.0262808652497934,-0.0728728312796976
24,4,-0.219029529179596,0.462868995999628,-0.049587311674146,-0.810463710970595
25,4,-1.98454752873957,-1.05521139575244,-0.824370919120829,2.31822917371274
26,4,0.900605761289977,0.482059004234895,1.55527924213609,-2.24779509282515
27,4,0.220852314989763,1.63413481580665,1.55842140555244,-0.629817929338258
28,4,-0.217179765259984,-0.478649127301252,0.308624463842934,-1.20967153250751
29,4,-0.707192029134074,0.200800949490088,0.0534922667281565,0.040285717123297
30,4,1.27178781444872,0.851944537430517,-0.519140907809109,1.81378123504153
31,4,-0.288987829638791,0.449130589181327,1.73472767519239,-0.434571545726825
32,4,-0.400990792408909,-0.425739791748158,-0.315901016044735,0.90516242191508
33,4,-0.182941528837729,0.00454603051867479,0.842917131047983,0.57142590343475
34,4,-1.46769191453459,1.38749145513345,-0.24924379169807,-0.857685877536347
35,4,-0.193317792490421,-0.810310154003294,-0.724231061338753,0.175121582369761
36,4,-0.167645564555685,-0.110249225523353,1.16021484891277,-1.81220120838278
37,4,0.394330083164265,-1.57520256474591,0.71824025793646,1.26425862580247
38,4,0.174159484997912,0.506523627862466,0.869630289549608,-0.274738294858569
39,4,0.695087787097816,1.11176066890871,-1.09840661652834,0.228093163528171
40,4,-0.0489706812667826,-0.718717725223156,0.639157132675175,0.890182227630623
41,4,1.0418818808121,2.14576902113011,1.30994141653227,-0.0739160135381966
42,4,0.540150087205916,0.819147497512508,0.336626055866852,-0.713097042166011
43,4,0.353951153035288,-0.726327001253188,1.46011870251219,-0.737314839396868
44,4,0.971786773173298,0.0564044068921575,-0.443031155922586,-1.32961980933291
45,4,-0.576938189454605,-0.0294796325741187,-0.813938615949924,-0.839840882153551
46,4,-0.825539858828192,1.08891826302674,0.369482441468341,1.55786875998323
47,4,1.22772493609517,1.85104359781404,-0.363222077224451,0.9693575757432
48,4,-0.233071927569486,-0.312366680937936,0.17446226968973,0.408666867512257
49,4,-0.0837999948964385,0.803336061202327,-1.00987722074121,1.68423808582904
50,4,-0.311593997387548,-1.90374687702738,-0.788225918600765,-1.36248238226242
51,4,0.456567798917875,1.09020421337762,1.70100903849284,-0.477725455836926
52,4,0.907410719312438,0.131677256931795,-1.02387374831069,0.187795139738108
53,4,-0.487947001649754,-1.56667409390991,-1.13382106871709,-1.6896922529426
54,4,-0.58469785703568,0.0788351938137358,-0.705065953604583,-0.579525540214024
55,4,0.520245743491574,1.16748700344529,-0.187655271004918,-2.81245353261813
56,4,-0.433970533378641,-0.866770254815414,1.31302602154859,-1.20304142730885
57,4,0.122122385041263,0.221432872487208,-0.635647871214756,-0.906383038656549
58,4,2.09922950665883,-2.17313412164299,-1.47021141903809,-0.488924528343272
59,4,-0.209089003727939,1.27080390671317,0.382302181772246,0.980486600213499
60,4,2.24512973120968,-0.983237750118894,-0.99123182415135,-2.4447156991048
61,4,0.920171680649968,1.81345789730305,0.205074824386577,0.683481119623007
62,4,-1.43679730962341,-0.618982934008985,-0.633708728403772,-1.51528121851563
63,4,3.19224965411511,-0.67330716102552,-1.15619619940857,1.16096663231738
64,4,0.879561250275716,-1.20547096011874,0.858605531813909,1.04937806975397
65,4,1.55935983727845,0.628690308705777,1.40704022465902,-0.552938308823242
66,4,-0.0349235556734088,0.256736094200045,0.145722240375981,-0.14260474903981
67,4,-3.03190493927036,-0.400460003322131,-0.934366129209653,1.4529707703977
68,4,0.340148613883293,1.43899674324111,-0.831546913730563,-0.0311191825768282
69,4,-0.329280947976442,-0.404252680278654,-0.641521090100797,0.35581453083547
70,4,1.42531738618749,-0.2931333457234,-0.174597533709362,-0.685602219572511
71,4,-0.646258654525919,1.53658038826556,0.431742203485659,-2.39909862442724
72,4,1.67559016848558,-0.559376770995318,0.635505534591826,1.4656449579331
73,4,-0.560490630180792,0.882552760796746,-1.83515128135345,-2.47550119497451
74,4,0.602878503622505,2.1597952254267,-0.812809718695613,-0.641207673968123
75,4,0.655666565177899,1.1819548729307,-1.39746128906724,0.475903806205949
76,4,0.00604249261496909,-1.38105546848956,-0.822181226335812,1.06313200945791
77,4,0.92751269901428,-0.25108787779284,0.298842075649976,-0.86046984730534
78,4,-0.630077833382877,-0.5116887404618,0.443969326971573,1.69565256734377
79,4,-2.14068341648138,1.4198051673879,-1.90246237746313,1.49993784809971
80,4,1.30175469918392,-0.409809664963536,-0.503027773242993,1.39183146087548
81,4,-0.501710499877245,1.00981829659677,2.3555612369675,0.384428144520011
82,4,-0.781367684025234,1.66979381119622,1.09614882057178,0.237872475557615
83,4,-1.54163557066864,-0.351638336503395,1.54253289151202,-0.90705756593176
84,4,2.16643054727705,-0.0339027337536484,1.63770798658004,-1.14115663073988
85,4,0.214141547914714,-0.242102318492259,-0.833151933506556,-0.0713759134660571
86,4,-0.176536381464369,-0.262488013155809,2.24489908590904,1.10329091407819
87,4,0.160208629075155,1.13764655384434,-2.38711083151441,-3.52132311800643
88,4,1.70744850381288,0.631643353250378,1.21436611358187,-0.152925275314311
89,4,-0.268947363332362,0.111636552466908,1.10788720917472,0.33321446916679
90,4,-0.879952279691806,1.31152083246975,-0.419362532372165,0.9172803902879
91,4,-1.17086722924352,-0.191737947769398,1.35347229613089,-1.91856979982837
92,4,0.00588922160285466,-3.27383777771602,-0.0733785414424165,0.193598995002804
93,4,-0.127334059799228,0.57300843992551,-0.199941496309673,-0.36107720394231
94,4,-0.252663287090775,-0.01267457649927,1.45233444535918,0.252099944518056
95,4,-2.11220146376369,-0.0683308309658786,0.188829415587406,-1.32547940311668
96,4,-0.0340091938819592,0.403572972896269,0.216288728451435,-1.82699105411291
97,4,0.195834715554622,-0.920246269164499,-0.225364932572007,-0.286748685757243
98,4,-0.595399377298121,-1.02434003719022,-0.861753491922594,0.147251985649351
99,4,1.67016288428648,-0.855357148950021,0.0305645867327492,-0.25255179441884
100,4,2.68088429952092,-0.282295946052849,0.192141460009737,1.43944309622519
101,4,0.00649775870634293,-1.4714992257791,-0.593222540892603,-1.43634935052351
102,4,-0.436064669598119,0.141039687920342,-2.7602279180915,-1.53284782696135
103,4,-0.539179608077853,-0.185463251601874,-0.706353033632903,2.08603273866363
104,4,1.15748433399966,1.91806091656615,-1.1820172581242,0.34766487699986
105,4,1.09679518426943,-0.372721456514392,-0.504183809190171,1.32683474420216
106,4,-0.89376865847577,0.323402779796656,-0.0128296998610176,1.14733127014522
107,4,0.431115874715697,-0.317906356587496,-0.956997177548204,0.157844754351124
108,4,-2.03296125462965,2.06426953446887,0.609559212868983,-0.323510077280185
109,4,2.00764514386307,-1.63484851699012,0.380557224889221,-0.992847174650012
110,4,1.10102130946009,1.61199844628069,-0.865846762883253,0.319169558488705
111,4,-0.573569376402663,0.0391758394108885,0.523292157682673,-0.786301045203171
112,4,-1.39551256512931,0.340685650633134,1.09480428683663,0.866875907252192
113,4,0.763650673210679,0.430871957803943,-0.58281994055438,-0.0141239886918084
114,4,-0.81702607726075,2.11992380390561,3.11665839919567,-1.32449881536095
115,4,-0.146091482010865,-1.67919047759204,-0.875306247138057,-2.30268144852942
116,4,2.17103049269058,-0.730269691978879,0.973379126751595,-1.59816626401179
117,4,0.0325300972388496,-0.277834672053551,1.6531354233528,0.603586069912809
118,4,-0.00961268259839879,0.765544213753052,-0.32311998983991,-0.536107216946771
119,4,1.82628441401781,0.545334330546507,-0.676897382535812,1.12691865907195
120,4,-0.982240482605753,-2.1323521289046,-0.311057164428922,1.10450602163992
121,4,-0.227419063115419,-1.03334648373845,0.45180511969806,0.90382366785239
122,4,-0.762086210415924,-0.624067838801489,0.59560604058533,-1.80984519036267
123,4,0.562844838438285,0.0187851614923837,-0.629558709165762,-1.63059251810633
124,4,1.6719294397964,1.19521662849723,-0.939720092750647,0.681400579603334
125,4,-0.485632235463442,-0.384859761959049,-0.245908497896356,-0.149857353033221
126,4,-1.72816556819805,-1.11690017206236,-1.69966812466106,-0.647991937314662
127,4,-0.142898810229459,-0.461826452971656,2.35371515838009,-0.749693920319151
128,4,0.877896445446977,1.16119152047941,-0.768771826407287,0.71901162470803
129,4,0.0674644700349227,-0.749658149145115,0.152072993494106,0.59462677123416
130,4,0.106525565543256,-0.634680097780778,-0.335336319187662,0.699654790150817
131,4,0.590364679390025,-1.7288474621282,-1.31567508346573,-1.92940530441598
132,4,-0.129930701427552,1.66425321115928,-0.971482092696566,-0.118773335081173
133,4,-0.0191329795369117,-1.61243725549993,-1.51097502278654,1.4239799552641
134,4,0.159493852211406,-0.997112208260139,-2.220573508437,0.762641951097955
135,4,-0.0178399995068258,0.931571366714489,-0.543072333939497,-0.887213967169591
136,4,0.350932281072492,0.798812247099744,0.354530245520375,0.295065564398121
137,4,-0.338434608502087,-0.937969021127806,0.642575714174036,2.28961779916655
138,4,-0.362735431006871,1.57693291790278,0.024086997821683,0.227546257950785
139,4,0.61332618502962,-1.44453112535925,0.230926117709946,0.730880663229397
140,4,-1.4323489754496,1.53879995716344,-0.453073250429101,1.75359575471606
141,4,-0.13029116001307,0.69542277742219,0.438730120260267,-2.56893032141322
142,4,2.0141243033989,0.127205042356679,0.12486572829135,0.250122097655075
143,4,0.986579374204287,-1.55145129666148,-0.271359218825647,1.10777546015954
144,4,-0.206677005263813,-0.399781890006162,0.0337292618847636,1.55183609859548
145,4,0.453403911935379,-0.457680363135602,-1.09822893963064,-2.7904187112045
146,4,-0.531356927443834,0.14018792566508,0.0772878335620391,0.0465564791731048
147,4,0.386144129351131,1.09222128605314,-1.54477646016079,-1.63401563078144
148,4,-0.59094739280042,-0.676406065752988,-0.0569819918839899,-0.495643883356911
149,4,0.94618109185421,-0.0849755000853865,-0.477857315953634,-0.899424773227455
150,4,-0.1957033564033,1.13039587496864,0.757241698704479,0.883233269365776
151,4,-0.151290984935222,-1.30179305004323,-0.205693437779308,-1.10923909084487
152,4,2.19643538730053,-0.76673344384808,-0.865699150617655,-0.478073069004603
153,4,0.193675057818596,-0.39039737613213,-0.21897335073335,1.07602412859762
154,4,-0.305392660628195,-0.224209956306871,1.60463810419508,-0.983329006407043
155,4,-0.871533576275679,1.67393176557782,-0.414067373746968,0.17578226492959
156,4,0.735884680926898,-0.381540667617815,1.24202482884042,-0.415732420298142
157,4,-0.535650744050789,-0.226229915351357,1.0765452826961,-0.725264620164972
158,4,-1.53224902372073,-0.192713371153784,0.037450081156152,0.603980286387398
159,4,0.722941704306617,0.887878609843473,0.224470038676938,-0.139037973257491
160,4,0.254914814807907,0.321139649395164,1.42461815225849,0.832956217962656
161,4,-3.40451578382104,-0.22818613481987,1.14242633152687,0.142048943167107
162,4,2.15516439156054,-0.305563420908352,-0.979744285859724,0.192985298276017
163,4,0.837734196844295,-0.760419093903208,0.810054423099165,0.788658971192928
164,4,1.49827639024439,-0.998487285274075,-1.91733106794255,0.745636890231196
165,4,-0.0968237022615674,1.03241343860533,-0.568208896258404,-0.0711424440859778
166,4,-0.294520169698103,0.837438384863998,-1.9103335261651,-0.389771444438786
167,4,0.17836526456814,0.190358482331287,0.59919576175979,-1.41967445832397
168,4,2.0591924852374,-0.125193072492065,0.0733070179222659,1.28335813532655
169,4,-0.420481662947144,-0.799605076893421,-0.384074591333087,1.7158584831778
170,4,0.410002238477014,-0.785958399625789,0.964243066071597,-0.23898573581064
171,4,0.822310710849614,0.65052756167208,1.57751686238692,-0.868778253355013
172,4,0.861985582570506,-1.02317197412309,-0.171340034953722,1.0913617124791
173,4,0.848239087057675,-1.02134173155696,-0.764868572998867,1.46552142007822
174,4,1.18682978846365,0.203679042773522,0.165413687233832,-0.375274368803957
175,4,-0.872795492572901,0.22789838575567,-0.722075486690532,-0.0165777865398814
176,4,1.23335375312358,0.611776008696249,0.859034516834636,0.414473772261314
177,4,0.217169034553457,0.186427540932711,-1.11831068235422,-0.0379680678364503
178,4,-1.12249684520689,0.121739201385147,-0.441987658975668,-0.608510803622452
179,4,-0.326455075311356,0.144022117572814,-0.278584168906955,0.756119856884639
180,4,0.0880063110001882,0.654967788590453,-0.326488855779845,0.240720074903287
181,4,1.05339116382259,0.179159235804011,0.60702451237563,-1.94943784685417
182,4,-0.977179213449373,-0.612002255989239,-0.0872337769661377,1.01900860113348
183,4,-0.620997668113169,-0.520554430968585,-1.48183055649612,0.968423385899722
184,4,-0.683066816849565,1.33835188515528,-0.225202277718367,0.508003354988474
185,4,-0.512342242053412,-0.225719569366431,0.507002365413751,-1.48607143778516
186,4,0.341274631923683,1.74367853670103,0.522164006320236,0.278303894692832
187,4,-0.34954081621931,0.164123038215409,1.05141054915332,-1.59852819959703
188,4,-0.355776334768834,1.63152986099295,-1.7640279273459,-0.920086377614133
189,4,1.43628435662365,0.900005908084127,1.14126910272603,0.257652885549652
190,4,-1.16744963403999,1.30493308617731,-1.02701371993169,1.09175869372408
191,4,0.156328822261389,-2.01745134738001,-0.762191560271705,1.1022249043986
192,4,0.63984549020422,2.33867950046282,0.541454429297252,-0.505327977755782
193,4,-1.48725964086303,-0.000562657579540158,1.34485374995542,0.0961298340945378
194,4,-0.00080893224893179,-0.0439261513991893,-0.748559524945868,-0.844326928991028
195,4,0.644692196128765,-0.542983250327654,-0.844504381355993,-1.23594594243291
196,4,0.543439609047366,-0.133117259142815,0.902479804569761,1.36999529245532
197,4,0.43885122779628,2.03143962923415,-1.33651182683667,-0.764661788842151
198,4,-0.850130023268494,1.0608156152437,2.0051126170621,-0.484581662726529
199,4,-0.631160492444355,1.08610721727233,-1.30198008146702,-0.736863450542535
200,4,0.404251250877057,-0.221044957188631,-0.921479868979578,0.601747579628762
201,4,-1.33146564547145,0.557413024289214,1.05195969911951,-0.234201571246446
202,4,-0.455159715250357,-0.656896175072379,0.561411208590117,1.0235363538826
203,4,-0.858108692117961,0.892657021492563,-0.541860577142505,0.0742205673308475
204,4,-0.214385668101131,-0.00378416440922522,-1.26541519180405,1.33948426078354
205,4,-0.534527344988798,0.74650447872063,0.630428196082425,-0.40288967650334
206,4,-0.381870452866122,-0.924369282712447,1.28820913652589,0.964089404053804
207,4,-1.5980414187553,-0.132636866566063,0.980509851072589,-1.11552133386283
208,4,0.00662937603511724,-0.561910008605317,0.489912587143429,-0.22047251982362
209,4,2.13034913497422,0.289848446770911,-0.2361924125324,-0.0353290016850913
210,4,1.7825411361437,-0.349739898896305,1.26645533639807,0.721569870480483
211,4,0.219251142298112,-0.96119251379814,1.6335250103956,0.997028063677392
212,4,0.731566165216067,-0.492415546193264,0.0415318908491347,1.41390785565822
213,4,0.318017896131989,2.66545198107304,-0.340500149157358,-1.34037389962134
214,4,-0.964833921564482,-1.19788508251028,1.14012969130609,-0.329237970646819
215,4,0.101538016282017,0.655861634399217,-1.07926869173841,0.211448253916477
216,4,-1.07322782545668,-0.676876749876354,0.176717965022893,0.953111308721575
217,4,0.783780826793994,-0.87674955998191,0.676913528516993,0.795556690256899
218,4,-0.150199893486025,-0.163847922568633,-0.0852938809369741,1.89112864234258
219,4,2.68923225686731,0.37626388621055,-0.112845480189954,-0.178220354797209
220,4,-0.0381608128748806,0.690811408725651,-0.462961052676043,2.28982495269417
221,4,1.34070648837768,0.496485348675037,-0.748633191424473,0.289170710112918
222,4,0.274843058446316,1.57744177989331,-0.245039652263917,-0.320685112374234
223,4,1.08412259089605,0.858917729942139,1.21110520343337,-0.163592100008598
224,4,-1.48111815203553,-0.207264905703363,-0.336195516082816,1.22449000566747
225,4,-0.25467554177657,1.46146839242262,0.609118336612226,-1.8282604247592
226,4,0.574618809577708,-0.500356553031832,0.32515538642495,-1.14043023143893
227,4,2.21775212591693,0.691418402251058,-0.438683398242959,-0.293669733305292
228,4,-0.00782824864196676,-1.86360686756884,-2.24601544584786,-0.228596916273379
229,4,0.296798259144882,0.514620737282183,-1.77858994570188,1.43010041765442
230,4,-0.817495829512867,-1.41084652693158,0.460381574570363,0.245940212501585
231,4,0.0585490611358381,-1.24324559645225,-0.641779973531093,-2.28402404145621
232,4,2.19167993182174,-1.4276751118633,0.559153873137331,0.790124047217154
233,4,-2.24781325753336,-1.12597346751603,0.46296513473184,0.277576077706198
234,4,-0.373399154632773,0.995319822371883,-0.129333122861881,0.125377435077645
235,4,2.25816368646806,1.3115529658204,-1.26408900494494,-2.52646690747337
236,4,-0.0472593257504728,-0.2793458277756,-0.522594581663108,-0.651121557422387
237,4,1.31000182299737,-1.46147769582231,2.53206526830756,0.783248678194075
238,4,-1.28712923565116,-0.764981663583767,0.533045755253213,1.06296496322424
239,4,1.18658970196752,0.149125372089745,0.690337081074922,0.685008948338142
240,4,0.60527332578992,0.204693094041562,0.0864972076082291,1.43700061007051
241,4,-2.28245659355766,1.2210222100215,0.13033404803655,-0.186009342834111
242,4,-0.149247293240005,-0.512103315811207,-0.563046606261032,0.316102129977454
243,4,0.781802150332643,-0.791289142664944,0.567291192360247,-1.06727544207081
244,4,0.706899102183669,-0.111266543402159,1.24231288096891,0.207569635813088
245,4,0.58708881591496,-1.85568272263357,-1.38631877948704,-0.193693011090833
246,4,-1.18233519499791,0.402587653028265,-1.42175312957578,-0.019738059585159
247,4,0.918603886275317,-0.491387312908195,0.0705801776658945,0.615170292057869
248,4,1.60987646841178,0.0935726038164165,-0.602435546866789,-0.349122845274042
249,4,0.552384127160951,0.846045425438832,-1.04777401812076,1.10491225826566
250,4,0.138852512287484,-0.167853476236727,-0.932420243923182,-0.461463477347144
251,4,0.183379628135313,0.327380163655832,0.728600284752753,0.693218289446139
252,4,0.361698308487877,-0.413807301580398,1.12452830234365,2.38856927562956
253,4,0.835941756634641,-1.31865780095297,0.671301176025204,0.0748952938044792
254,4,0.831743700527873,-1.04376051279782,-1.04035319898033,-0.306357737865364
255,4,1.62590784843514,1.20599067194033,0.642539817122243,0.982300062733062
256,4,-0.896663249212656,-0.540371429267178,-1.45549715539041,-1.53003868141437
257,4,1.06425167204038,1.17956524351538,-0.55712571224033,1.12088929917281
258,4,0.224566549291314,-1.49916212817556,-0.0613712155531369,0.581488329363627
259,4,1.2067342527015,-2.37697609501993,-0.288869300205562,1.09983371722289
260,4,0.11491046177905,-0.708312141940835,-1.43070199475609,1.13078592138968
261,4,-0.605438293675034,0.237101501192284,1.77073126636186,-1.74969044634925
262,4,0.965049087420061,-0.305569463395018,2.11486217367005,0.257284230141133
263,4,-1.01792666880962,0.236954919809141,-0.505491514284283,-1.60831719420151
264,4,-0.337254217327952,-0.297906820788745,-0.0132791385754778,0.367520560488866
265,4,-2.14058092986262,0.207970029000464,-0.419575885255743,-0.0530203748616227
266,4,-1.26397205605732,0.166525400360942,-0.831267000508717,0.715504756255962
267,4,0.0111449954347124,1.09752510579295,0.220941060037354,2.71968615809748
268,4,0.594620494539187,0.707993390687374,0.054450551035868,0.232065537925558
269,4,-1.92085229948631,0.225819166051229,0.00122400024834532,1.98361790766939
270,4,1.30348311747443,1.05370954042443,0.608620168359611,-0.986865850531792
271,4,-0.586214921097173,-1.19385840114589,1.2971691845871,1.04666626016096
272,4,0.53642427423189,-1.3634063057023,0.880810073836555,1.24494772790843
273,4,0.38622756543776,0.726959605275526,0.058096894725433,1.37544246785198
274,4,-0.495195439705363,0.861988987020594,1.20696589994003,0.673135227349176
275,4,-0.253298344803854,-1.53767277061967,0.352159521043751,1.12016469896984
276,4,0.413642147508764,1.21072058993167,0.185385245516129,0.282609676869602
277,4,-0.0977897317659213,1.05111873788486,-0.351952678531048,-0.269814448752864
278,4,-0.120864990062255,-0.740087764877736,-1.76488302808366,0.929402835376286
279,4,1.83240295201219,2.41495761221067,-0.531822621796161,-2.03870753164318
280,4,-1.29942496317823,1.32523862772871,-1.312321434478,0.10486852777887
281,4,0.65367318078116,1.54504138374777,0.434664739276927,1.63635386241229
282,4,-1.49419025678358,0.835904889751525,0.408685393237284,-1.98294732387275
283,4,0.719749579599772,1.32375058013875,0.592706881652732,-2.22238615094162
284,4,-0.882661914832486,-0.0208067905530691,1.60277408847117,0.569183400605421
285,4,0.63073798578952,-1.52827453728439,-0.182663252013403,0.542170335942912
286,4,-1.03340469630074,-0.608185270274096,1.09745483232254,0.510969700549943
287,4,0.645223556032996,-1.6134585106897,-1.38382598271794,0.722693414465987
288,4,0.716558933594463,-1.07136855773017,-1.26439013432105,1.43029457794484
289,4,1.44117317353491,-2.21846537908474,0.930259786666188,-2.09252037055261
290,4,-0.484057751686496,0.52884796801482,-0.141377479024973,-0.960286382612895
291,4,0.87980447112859,0.611646684410309,1.79330833893589,-0.458552704783056
292,4,-0.116246924486762,-0.942028952326609,-0.04520798570574,1.14779230890606
293,4,-2.56085680450928,-0.551408352707961,-0.0647117213951957,-1.09547824083485
294,4,0.3953204536937,0.0289566743178514,2.51017717058216,-1.76834170217756
295,4,0.171210357206998,-1.53376456650827,2.30957012016341,-1.21805743748935
296,4,0.652613814450327,-0.0483657143464576,1.21367577149467,1.36461182002758
297,4,1.09279446537171,0.866478922925148,-0.953896735665812,-0.423140798068326
298,4,-0.942911864487064,0.0709105403376296,-1.50416967908829,0.677200095419537
299,4,-2.12146350757096,1.01480104526569,-1.29290854697712,-0.214290423789702
300,4,0.870165300161534,-0.292533045323204,0.111295795892163,0.924759271833798
301,4,-0.0996331160093976,1.9582797416027,-0.842717992545841,-0.554920019561737
302,4,0.657991876188719,-1.04691604362238,0.473032049690487,-0.358509985621511
303,4,0.010955234094268,-0.873247440707861,0.0592289976628534,-0.364207748021206
304,4,-0.314283964776616,1.25174769800966,0.709492820649014,0.78655408400275
305,4,-0.0233421261878557,-0.4687842797594,0.189535708705295,-0.193574378347701
306,4,0.79826834564671,-2.17716855909891,-2.66639728166125,-0.655405690132607
307,4,-1.4135102104819,0.301303505696758,-0.0182944986611253,0.329120137111053
308,4,-0.889563035635987,1.07419317652639,-0.0444146459068541,-1.25682343507758
309,4,-0.352999402916145,-1.75114957104593,-0.787786306648192,-0.0777955413266228
310,4,0.706819136548122,2.25919643095543,0.444471073797884,-0.37492223551882
311,4,-0.553777115569217,-0.403393790558801,0.48260040554729,-0.82373028853862
312,4,1.03251995972592,1.04744441541005,1.04067994729843,-1.19382369122183
313,4,0.446130611072403,-0.013220884447861,-0.887353702830995,-0.0492378653855645
314,4,0.327397137477858,-1.10082721233352,-0.182269553061401,1.35476057051606
315,4,0.205758981220169,0.545620140023386,-1.54883242016674,-1.46587999685414
316,4,1.37680759685666,0.385880970922451,0.667371586544595,0.266836784501489
317,4,0.167320972066885,-2.48153598923026,-0.748622087212958,-0.221410670190425
318,4,1.11348940169404,-0.71070076786041,-0.100268654282571,0.260251668965804
319,4,-1.62716463530962,-1.03340682520864,-2.52364598615891,-0.400814638792963
320,4,1.28976062967741,-0.488862117261928,-0.205968186851345,3.14617234278874
321,4,-0.0485158128888685,-0.749511599784466,-0.998322707147346,-0.667846702180141
322,4,0.638397196805491,-0.158420725660276,-0.289729583871473,-0.692760967711543
323,4,0.00133710760215381,1.29724538531628,-0.869268360861859,-2.08250884303736
324,4,-0.0975914372973403,1.1154553822612,-2.02724923994542,0.378799080825393
325,4,0.804362619634617,-0.617688919729732,-1.15219003295882,0.0108775899192203
326,4,0.836681700630611,-0.0254279899728168,-0.801481761090237,-0.534895083213113
327,4,-0.517719951928641,0.327935672518612,1.3453692940245,-0.932975396957506
328,4,1.5627282909521,-1.10799942860739,-1.71464598601121,0.310362169085419
329,4,0.00795707648132881,-0.644625060185874,0.536082164371835,0.405531233847612
330,4,0.286855720910549,1.98136545839876,1.22799355419863,1.49179938624256
331,4,0.616905997305499,2.7589244108051,1.21990337968746,-0.302976511016789
332,4,0.507203441511546,-0.738115421674568,-0.464138209948713,-2.11672763818288
333,4,-0.774545831119992,-1.44902870711617,0.431843636020236,-0.918750106741261
334,4,-0.530932253539196,-0.735081621058264,0.244923671564037,-0.553336758679688
335,4,0.978097689457726,-0.12928745677095,-0.266069946496622,-0.21936783096479
336,4,1.92185420344165,1.42580189120322,-0.989526508303814,-1.87292997181617
337,4,1.15056257243901,1.09568637067364,0.110411557869868,-0.868347386427947
338,4,0.984770026434879,-0.514246501021333,-0.387565833835468,2.13026746180256
339,4,-0.143939509479183,-0.390350648011847,1.04887984822139,0.162083151863028
340,4,0.1213891172895,0.419627190672246,-0.990843772937408,-0.497740607176072
341,4,0.268106066482012,-0.223747216459293,0.246765806604453,0.0730679603480757
342,4,-0.183543111834293,-1.04374132733032,-0.498500587825914,0.329615221469732
343,4,0.135686018032922,-1.26061313942145,-1.7054116142307,1.54553284250801
344,4,0.478390589928327,1.62535368823459,-0.116110920885424,-0.113303560296357
345,4,-1.96279447495326,2.99111683893484,-0.567339987682782,0.330431839298496
346,4,1.28287766958296,0.563459764497185,1.11503825540299,0.721753958764547
347,4,-1.00295935082921,-0.394133040555574,0.536348637012772,-0.340104279392084
348,4,0.916124546686955,-0.781931561575986,1.10685854091002,-0.117857635970471
349,4,0.498841076006291,0.678091679998383,-0.907116787717031,0.114375293610122
350,4,-1.20868565106219,-0.0934550825586011,-0.361812636524143,1.2797197788265
351,4,-0.562042582854287,-0.598801943986845,0.222299221399766,1.15645377379595
352,4,0.79057307205142,-0.481117381635731,1.01665904939908,-0.991449961211079
353,4,-0.594526763268305,-0.226157816807807,0.824114097762949,0.549059679615754
354,4,-0.106447796347712,0.873063749235587,1.23316142252836,-0.0431182846705043
355,4,-1.89072580889184,1.04547699775379,-0.112612096295325,0.178682457505157
356,4,-0.609280750278177,0.113447976836489,-0.100753971586852,0.555888960498843
357,4,0.741454413036409,-1.05805066341593,0.844922238630739,-1.03208592413451
358,4,2.14614932861533,-0.159552064282133,0.301814263116151,0.452668238101915
359,4,0.0584159567099376,-1.17915890998483,0.458680108893143,1.22100578704495
360,4,0.696094198507326,-0.122394093448595,-0.810183145232438,-0.808301361435727
361,4,0.8236670393368,1.04959351805837,-0.132914679416227,-0.640404686069053
362,4,-0.536606662185733,0.873840088653906,-1.0110996693108,-0.0306926954827321
363,4,-1.06587974789007,0.819678907521404,0.0428419988984765,0.997811312292851
364,4,-0.478685462644054,-1.43173483552548,0.660036344626375,1.45357552784558
365,4,-0.606032068447828,-0.803780642115034,1.70423329312306,0.182773418109564
366,4,0.778273834498075,0.0461577733433664,0.133204315774479,0.655389899110975
367,4,1.11711046997302,1.46273326395064,0.717083369845635,0.740452103436823
368,4,-0.371488955658866,2.43398524570714,0.999658166749251,0.00437457453160341
369,4,0.991354092191804,1.55737682385963,0.786338402845275,0.839654549605156
370,4,0.220400740423012,-1.03332837938189,-0.923447785045462,0.010608712688261
371,4,-0.143742158730495,0.0571447095450236,-0.88774308014147,0.560446490475615
372,4,1.70190602027361,0.140812329887185,-0.568636738698052,0.27475832077715
373,4,0.0153578023662362,-0.623579808456713,-0.0990171744712034,-0.0662018154372173
374,4,0.812645784051656,0.00134440554167954,-0.766847770570257,1.40843698993256
375,4,0.47818166272486,0.228353869568711,0.939153357254996,-0.855601454891028
376,4,-0.840252966176992,0.564919938819801,0.0230214250726161,2.14452939844578
377,4,0.328899006499225,-0.0436496582016011,0.75553030531427,0.0206382915174276
378,4,0.243226569388349,-0.115236803956522,-1.65546693634798,-1.42282777851916
379,4,-0.676070543534406,0.0989076102416568,0.405773835732836,-0.0224529185315375
380,4,-1.37456491629151,2.52115901631844,-0.423887042311274,-0.344147632441397
381,4,-0.638266314093019,-0.570782901871469,0.413660859755073,0.416535701688035
382,4,-0.438246700055716,0.926321477149472,0.928142774504051,0.268574068885006
383,4,-1.43340161621201,1.58277773389098,-1.65842324234478,0.709724863821222
384,4,1.50603101642536,0.0372102518724498,-0.568907218519477,-1.0498368823503
385,4,-1.01747198698049,-0.115036161427776,0.613034972087843,0.629139488246831
386,4,0.613420571326429,-1.07477712176914,0.837203147558907,0.753660221346406
387,4,-0.57437358799698,2.29747549523018,-0.0757938990436964,-0.139163393688045
388,4,0.26963983143291,-0.70330926746775,-1.2504204489939,-0.791480326101216
389,4,-0.811089560664423,0.200450368626594,1.6146102786899,-1.15487592136224
390,4,0.671950455954415,-0.0753359174474005,0.314666807952492,0.791893834791646
391,4,1.8257336956756,-0.205235038906049,0.231679885277814,0.76881491195346
392,4,-0.627996842499256,-0.290933676517616,0.237859677597536,-0.677734521397714
393,4,-0.884102653705987,-1.02889444689114,0.339047662741341,-0.0886005910888699
394,4,1.10561970446255,-0.407358741222249,-0.521856639548664,-1.17655813875543
395,4,0.286161591404289,-0.60724682599807,-1.01015485233923,-0.195180456828163
396,4,-2.04054464988081,-0.563956351353169,-0.508881952327124,-1.24802492544464
397,4,-0.50019948874164,-0.09308346023653,-0.22721186943617,0.820297385413471
398,4,0.916344710636577,-0.063416044922178,0.0662061696468723,0.724894947476836
399,4,-0.187382029551322,-0.318513869615132,-0.417901640728405,1.1831628673701
400,4,1.78074395542238,-1.43555782478861,1.4077115953518,1.57446019546858
401,4,-0.675594291661129,-0.289897492398705,0.704146831667909,-0.074865395367356
402,4,-0.439417753938029,-1.79263078968611,-3.18909111296444,1.32759015932654
403,4,0.472448141933086,-0.993051503098133,0.376797734549398,-1.02021463299917
404,4,-0.317555925233293,-2.11739799122069,-0.201541056065347,1.64338982326651
405,4,-0.435723687199115,-0.588262244941376,0.0371870469777464,0.0749069302457388
406,4,1.66151168420103,-1.53692911106107,1.60885757971343,-0.0803963943724776
407,4,0.72038964735354,0.227200190888521,0.399938945195189,0.243950541484441
408,4,-1.78001053484562,-0.154516342736444,0.0981855929168931,-1.1790520626704
409,4,-0.556404050216499,-0.0429729052301463,0.518030997767901,0.255479462934114
410,4,1.5856337239896,0.0098370510505314,1.62249928396223,1.86163519552169
411,4,-0.354488588178375,0.565678803589899,1.22604050400369,0.739888055437256
412,4,-0.544662639086495,0.271806124841937,1.6200442185587,0.0464064617317749
413,4,0.630900405676744,-1.20501945427409,-0.887727774790371,-0.268924981277635
414,4,0.0813548469834059,0.767724686787256,-1.11787480826608,-0.0866813494565898
415,4,0.317799734668481,-0.145093841741539,0.0568118572848376,0.261597313371981
416,4,-0.774070970303878,-0.306620031607842,-0.326049819853415,-0.450389305291338
417,4,-1.59151064308488,0.719643107835138,0.140799048799295,1.32248904812192
418,4,0.427154150225424,-0.0306408796190293,-1.52746828390189,-1.17692472023291
419,4,-0.288625019166379,-1.39187604983691,-0.200457179931899,-1.65532386752637
420,4,-1.11461557538579,-0.784696911323606,0.488647954718052,-0.886124744046846
421,4,-0.0199236316856873,-0.239255160574591,-0.292838774452268,-0.567651508945052
422,4,0.882833491126266,0.200436749307803,-0.942639024143304,1.67817721061828
423,4,-1.70984502482254,-0.115215613529387,-0.696084568175744,0.18819334902754
424,4,-0.989568648858895,-1.12745883094853,-0.764311744351387,0.331858531402134
425,4,-0.298242532330472,-0.268220755261295,1.8676705039704,-0.885577289981146
426,4,-1.50540392486865,-0.049519971355139,-0.87959946067584,-1.92672538585127
427,4,0.437253250457005,1.03557956218786,-0.38734933938959,0.321903466471434
428,4,-1.13722832996795,-0.82687556687866,2.73293066497106,0.0660805242381824
429,4,0.36408228428661,0.884244801975881,-1.28237545074759,1.17354430250132
430,4,-1.57016712661541,0.0892579240241757,-1.14579396499385,-0.297202538286914
431,4,0.488141237095765,-0.547366571897512,1.93937102936208,-1.25710115687916
432,4,1.53369559911416,-1.19812128846854,0.658565182658694,-0.140914394569497
433,4,-0.0194729517287694,1.94615573132348,-0.019346083862721,0.630902887585159
434,4,0.708768484873888,0.556588701768445,1.01964867552327,-1.31525328680195
435,4,-0.167273077996617,0.109909440113586,1.25505270178695,-0.970632489876214
436,4,0.142454562037503,0.525787765836376,-0.964772770868978,0.238970459382626
437,4,0.546018169805744,-0.225025930498134,0.43339665530092,1.83839317542018
438,4,0.188328400328798,-0.987128897362893,1.78377523507521,-1.86512882980823
439,4,1.63020052271515,-0.887569156805067,0.29227105218021,0.502356449044909
440,4,0.403358586836109,-0.0790826737056987,-1.12648535862237,-1.37730647320862
441,4,-0.713453878619208,-0.473913187419783,-1.38942492955199,-1.38416475691869
442,4,-0.210671596571593,0.612259260752213,-0.754369945426327,-1.13734856304331
443,4,-1.06262248361084,0.14768692483926,-0.320151442269038,0.103239444567991
444,4,-1.16157048879463,0.503645397756292,0.592613079913586,0.506014335742448
445,4,-0.18566742222874,-0.288416709070466,-0.202917287765122,0.979774945385413
446,4,-0.916145694191348,-0.468458223911552,0.096734204841507,-0.196541105022096
447,4,0.254769467915121,-0.885618411027229,-1.73156183404237,-0.368064624270353
448,4,1.19939362764154,-1.34876560978663,1.23541781843733,0.466275985214015
449,4,-1.68128705046036,0.225703065762804,-0.369250122427859,0.518937223759208
450,4,0.022047735651602,0.6597600838677,0.0848058908859289,0.579948846671921
451,4,0.157380632809032,1.50451112189837,-0.969697884234932,-1.17643811760534
452,4,0.892618155399314,0.0431078310013013,-0.390758380601893,-0.976001809864364
453,4,0.0485296993461486,-0.54084110742295,0.274433099503383,0.596394972017798
454,4,-0.171379992395381,-2.20779016984961,-0.670207675746804,1.18024667068627
455,4,-1.25411200788428,0.608171194899399,-0.462205131812147,-1.16913289509659
456,4,-0.193353442647032,1.3345820027141,0.380385739771375,-0.954297235063002
457,4,0.726209519003003,1.0069436902202,0.538052686572301,0.148849914982552
458,4,-2.0826240119077,1.77985818757884,-0.233440451861259,-1.41952724004786
459,4,0.286090620659236,0.56597662795013,-1.87699003365,-1.08294660575686
460,4,-1.33711336024367,-0.0429039585715413,1.28576748790465,0.884769350988769
461,4,2.25174064255347,0.413912218400655,0.39848497153556,-0.0527515501635783
462,4,0.0988652466030284,0.246703443334686,0.601778174392391,0.555601262790161
463,4,0.81206498747589,-0.0824286591994081,0.158456361798374,2.02337665318731
464,4,-0.997001120805765,0.339830988242916,0.414494294416774,-1.29880273037032
465,4,-2.53800355258755,1.5262714254371,0.515029326152528,-1.7057929194979
466,4,-0.850587942278419,0.465167279908096,-1.33742282610471,-0.147595001731842
467,4,-1.78358367632966,-1.13432956270447,0.536110418096992,-0.216994070848242
468,4,1.11805725701487,-0.121435965285814,2.18130959601597,-0.888234060107766
469,4,2.22173541868376,1.25857907191835,-1.33676812474877,-1.60075925582251
470,4,-0.0426544101777497,-1.12691492990846,0.19955489400581,0.353744531249256
471,4,-1.03409125345967,-0.342655512641704,-0.0373860427318828,1.02454648703588
472,4,-0.847774344419002,-2.14842859278141,-0.765156716018148,0.599116292655054
473,4,0.271801854763343,2.26508629596382,0.0934669680914254,-0.812062945705499
474,4,0.347139651214003,-1.15049956605318,1.10575677855505,0.554837421325883
475,4,0.676438018377273,-0.866385335062534,-0.955004640440039,-1.16206337155881
476,4,-1.39754414635998,-1.08217905125242,-1.07422470231781,0.516233772502626
477,4,-0.282833532467963,-0.627060451493455,-0.700567664747942,-0.135165087856761
478,4,-1.18310880379877,-0.0447735353536617,-0.590986004637463,0.689037640733774
479,4,-0.213179027290195,0.735665974867053,-0.206756732440124,1.79097423691783
480,4,-0.969223773644635,-0.515503901526313,0.777398701714612,1.45512312819638
481,4,0.167904595593795,0.208938219361059,-0.445859627890417,-1.64419572939479
482,4,0.0330478726551438,0.521552599334566,0.276722393771008,0.156893585991773
483,4,-1.04144196268146,0.563404653762924,-0.369048844575185,-0.0864595594697022
484,4,-0.121198405479839,-0.573086463345219,-0.556039697124129,-0.588851833735334
485,4,0.0909118070405165,-2.44160571256855,-0.993298125527844,-1.13381458624728
486,4,-0.486612810366305,0.419448343671185,-0.254354108197738,0.12171684493305
487,4,0.889731052820602,0.0910588198485484,2.37834857822222,-0.388439142770508
488,4,0.915141413810005,-0.790540246013693,0.749836361546313,-0.219634482163771
489,4,0.409672382749831,0.306763778270111,-0.187852065483973,-1.98963058087711
490,4,-0.653116311859245,-0.537525686431064,-0.0426938046618258,-0.703535130383329
491,4,0.514985657177377,0.873473460432723,0.57992925930286,-2.00059488637823
492,4,-0.706815747109118,1.35313589414023,1.15867571437598,-0.935725842523649
493,4,-0.645801811645043,1.12886311464035,-0.89482313628102,-0.948892221168333
494,4,-1.03506002895974,-0.554296785867268,0.681250971454018,1.57122912004762
495,4,1.19074437815935,0.692492914317034,0.29147366668377,-0.478455918788599
496,4,0.849222702094448,-1.91831237199353,-0.258859061595183,-1.25539468889039
497,4,0.969963165927982,0.952437909311195,0.154106220836111,-1.15010641652244
498,4,0.750098329922763,0.0629655619051455,-0.348466533879658,1.20220024160758
499,4,1.08814156921416,-0.546482056384911,-0.343289134783825,0.300233978796083
500,4,-1.46475878579502,1.12470808814772,1.08691265164556,-0.0720844098685489
1,5,1.16227705092406,0.190423185814157,1.04462616800011,0.972661020920089
2,5,0.418929314489575,0.540754067022977,0.358096063367988,-0.347367864805029
3,5,0.170428423773345,-1.33453043204931,0.348250358718125,-2.63050074882863
4,5,1.87108129075333,0.237081899851837,0.0789962055523924,-1.625577932721
5,5,2.23212692230968,0.072802397690969,-1.12223722711905,1.08650109942115
6,5,0.0909644719471554,0.0917679934921286,1.22094277221855,-1.18204994571968
7,5,2.61220392550328,0.0484385136771222,-0.568250891607392,-1.44762149651145
8,5,-0.688344178195172,-0.299507766163096,0.909138883739691,-0.601948679660367
9,5,0.508865538703133,1.6795823319524,0.427709306610143,-0.648545167703038
10,5,-0.0566766649722109,-0.145227091428496,0.694945022157201,-0.225718520020282
11,5,0.658417103894936,0.404508173156133,0.0899712464543661,1.17701349992798
12,5,-1.54733455573418,0.536730337974492,-0.730057657235213,-0.864444687829615
13,5,-0.732436625209012,1.25377267536927,-0.522788136314138,0.0669897944159069
14,5,0.653913372307758,0.0208795032446492,-0.961303176925549,-0.216360460039616
15,5,-1.58258999694807,0.517388029191229,1.06273526440794,-0.452606286485805
16,5,1.95437249469563,1.80454000366447,-0.018797413721771,0.50595149691835
17,5,0.799072956755829,-0.139103431624848,1.15537607652651,-1.06508089075908
18,5,0.180943029279616,1.09043169512713,-0.137754203215426,-0.271062397026859
19,5,-0.65576875405131,-0.0749570850588191,0.190191250402011,-0.148795882137853
20,5,-0.796443870533748,-1.77996224554999,0.650756112545805,-0.599757255677463
21,5,1.65243476211932,1.19791975811123,-2.00005747212385,-0.914800361271062
22,5,-0.0960489749312489,0.157132020167677,-0.497927360704068,-0.322737209062098
23,5,0.912932145054995,-0.130399072294087,-0.230594702609251,-0.641823854271729
24,5,0.185426499292475,-0.0361191131215956,-0.0832417294808226,-1.13007805680684
25,5,-1.04955000292274,1.45912280981051,0.621770890106516,-1.6526437415249
26,5,1.63600208121451,1.07376329864153,-0.0737771513953136,-1.09497185874704
27,5,2.61727356156638,-0.07154728840723,-0.465583357594382,0.19426403529126
28,5,0.114055541191664,0.839691658013699,-0.197228243841227,1.26503491821701
29,5,1.80157386173566,-0.793380735092548,-1.03104235983843,-1.58244030757688
30,5,1.65610785312999,-0.346111468312653,1.03105923161205,0.629439108122219
31,5,0.380933111595988,-0.203362264785769,-1.52331143138185,-0.293194033852109
32,5,-1.29568769911075,-0.91930675109843,1.2370567909267,0.44899981245506
33,5,-0.193712085631729,-0.0329623741728146,2.34711448342703,0.45570771542302
34,5,-0.36242780601661,-1.35311597658251,0.0377839565800661,-0.786069770951163
35,5,0.457094693374398,0.23859937674941,0.28186426041257,0.194678771838513
36,5,-1.36112363366748,-1.18974080453164,0.185156702079261,-0.776581789464479
37,5,1.43677177174002,-0.531292127474956,1.39964046573891,-1.1008158310886
38,5,0.79535413848805,1.72052806581678,1.25940687469571,1.24118850358527
39,5,0.23102092188898,0.143368095543998,-0.150404172677617,0.894544844222764
40,5,-0.538104723195086,0.308334366276981,-0.245775558119137,0.425574735754219
41,5,-1.37316270703629,0.113020047020972,0.520001726520172,0.595185740551987
42,5,-1.2288578959853,-1.56711960165652,-0.0595499359914855,-0.0917266550768146
43,5,1.05566578035893,-0.37166121784367,-0.482264718486932,1.04274709509009
44,5,1.10020777109161,0.495957189355102,-1.80327415414537,-0.00945520284646391
45,5,0.0780186100475921,-2.12124691040984,-1.04506856772275,-1.55071701450566
46,5,0.902831430336726,0.0334747293087416,0.242570137806173,-0.305701160518385
47,5,0.213124444235697,1.51489937335736,0.201987269131392,-0.999327763309772
48,5,-1.58109794089793,-0.271851263057834,0.221900471499508,0.650827486382451
49,5,-0.30475740161492,-0.703024625696213,-0.304217465502401,-0.00404816497072866
50,5,-0.118380958670156,1.9286885647597,-0.0543078408428554,-0.578414587672545
51,5,-0.985268344039614,-0.710876057976222,0.78945996969286,-0.992164047217783
52,5,-0.0609951068464412,0.214912051160121,0.446330395232425,-0.139650117441322
53,5,-0.476692334738349,-0.267755229145992,1.91002984441243,0.564583631747337
54,5,1.80403758058143,-0.25952566842869,0.451717225571102,-0.226690887774131
55,5,1.32548067936286,-1.74275103005719,0.19325382730133,-0.00344853129376575
56,5,-0.494827828046822,-0.431414836007567,1.08677135707788,-0.48720592512284
57,5,0.872090607590518,0.730690345377246,0.37143026085339,1.56543010986278
58,5,0.819460753795385,0.985078721222273,0.405047130790248,0.832919859052356
59,5,0.520856125907776,0.548819363694608,-1.29025593015548,-1.32193878389001
60,5,0.290387738500584,-1.62735932085113,0.374076435872267,0.165651210170759
61,5,-1.60582870998671,-0.579498211450069,-1.68639320595045,-0.407257087849151
62,5,-0.132986719572373,0.0228130219145698,-0.346774510444494,1.10114373591151
63,5,0.478215362610834,0.747970488855489,-0.716329403219469,0.834496417647029
64,5,0.275015486299165,0.307808722907567,0.366553381513208,-0.443954422463534
65,5,-0.337044652682984,-0.0863787873653995,-0.276805516357375,0.297067745071971
66,5,-1.06309694869611,0.024780722679016,0.423575713615493,-1.12121024405131
67,5,-1.22353479643766,1.12726656686735,-0.524666009287373,-1.35787409284808
68,5,1.46729262856626,0.199956453836292,-0.245596921935657,-1.35084944535274
69,5,0.188550896616836,0.189702228264627,1.44959023654635,0.41157649743781
70,5,-0.86976601782018,-0.792501365387593,-0.00303046435775119,0.771948092294974
71,5,-0.24618327784534,0.220286480681592,-1.23877580117173,0.434503398275042
72,5,0.0364874934440917,-1.0040040979946,0.141709638099064,0.946789746220091
73,5,0.778711637694116,-0.32896251641545,0.909426811082078,0.590316691812883
74,5,-0.857102500947172,-1.00454169470508,0.844067717070696,1.13876064578972
75,5,-0.771146042102744,-0.846203821547375,-0.928669378421006,0.978897695700842
76,5,-2.36590702877599,-0.0952643234743242,0.525811508641351,-1.15545368178454
77,5,-0.165626182953017,0.0768489697639019,-0.874107380879158,1.32514661035073
78,5,1.48115065837866,-0.748191101373843,-1.13881427256925,0.0194017845955227
79,5,0.0509371230565607,1.41982170472746,0.257287832561078,-0.972077176046928
80,5,-0.500807475526087,0.280700936049372,-0.331351568430007,0.148097765851748
81,5,0.304141396849141,1.27004879973101,0.104970309879758,-1.06996841218515
82,5,0.280864305426949,0.393586614450062,-0.219104292519938,-1.09514558060249
83,5,0.67264843438248,0.489470674988135,-0.841024245247451,1.05902015027228
84,5,0.679793331675746,-1.20547472273671,0.840363233333699,0.772996010271781
85,5,-0.964270143048603,-0.408919060247539,-1.19136489323387,-1.95456997267288
86,5,1.26225189281848,-0.167033677788938,-0.130306028527847,0.520680483382025
87,5,-1.37360586748472,-2.38882449802802,1.63447587004377,0.462298207964245
88,5,1.60307123462799,-1.24886303777327,0.152442607945583,0.450063475198764
89,5,-0.354619499481956,0.579634084246274,0.50887441013127,-0.292744201687557
90,5,0.365667376675832,0.801124790284733,-2.16294737807037,0.415115215956051
91,5,0.101650646721906,-1.50461343304891,1.14814382398534,0.428433846782839
92,5,0.200734634326505,-1.25317689723372,0.469511442307748,-0.166884160049084
93,5,-1.07243545081059,0.873654054672024,0.317850037148249,-0.332823974326282
94,5,-0.39670198367945,-0.415965937996343,-0.125633609712334,-1.10022731541736
95,5,0.42887286300892,-0.0567840397647522,1.13024203526355,-0.597104079037562
96,5,-0.911038157085742,-2.25020235515125,1.44763583546114,-1.08862975210905
97,5,0.84603931653622,-1.05118392192322,-0.470387915218202,1.54553268066756
98,5,-0.576117208666316,0.426819144462852,-1.55187166862856,-0.572648741001769
99,5,-1.97275053542074,0.555047586798063,-0.459546519835054,0.342067613241984
100,5,0.329660970997904,-0.0985776101194744,-0.158222540945876,-0.546795391409127
101,5,-0.916680047737973,-0.031086393630318,1.15792681055306,1.12258392260614
102,5,0.90004271717217,1.10165100251688,0.0443965473709541,0.821065145870689
103,5,0.779807915723749,-1.20641769917585,0.658402561546375,-1.36719537798059
104,5,0.801697727902296,-2.21727076144458,-0.73573053361377,0.141614191598933
105,5,-0.723336859178861,-0.148060390066529,-0.83117791025058,-1.39857311434638
106,5,1.38446385988951,0.769982053221259,0.546730614646319,0.0741981290609621
107,5,-0.175477641185313,0.25590617915529,0.163726351991171,-2.27771422623852
108,5,-0.795019146015418,-1.50907704931054,-0.600134017874073,1.58732955414471
109,5,0.0443349369620577,-0.659397922716687,-0.0242064672692516,0.238060119692258
110,5,-0.48807925935215,-2.02286715113785,-0.238777838429264,1.35515206183763
111,5,0.525205685905411,0.0194500693870388,0.694886546040529,-1.25072467267768
112,5,-0.360506167611057,1.72767016254158,1.30132805131189,1.20863500439658
113,5,0.631530661196707,-0.0691468550713123,0.62726819658488,-1.09202771506581
114,5,-0.896539168767833,0.347650548212841,0.0149591535659825,-0.719791754922239
115,5,1.73410730103526,-0.582784217277634,0.270056185018043,0.527085509574759
116,5,-1.70984831727933,0.412444404903741,-0.609347497174911,-0.114442376847103
117,5,-0.116044931490141,0.467226675819157,0.659602594714145,-1.05640217570139
118,5,-1.57658224955877,0.699310480333379,-1.26013060187529,-1.3565923942284
119,5,1.01684886102976,1.7138581291362,0.585251861642404,1.14117890647388
120,5,-1.28002689765904,-0.471541213941461,-2.33159794459753,-1.44596271995227
121,5,0.262716238907894,0.974342227412662,-0.829211933117623,1.02430300355589
122,5,-1.08734555786207,-0.462153948408208,-0.571838359254131,-0.586408438737995
123,5,0.731619913721066,-1.51348088601805,0.563561990614092,-0.559795662765202
124,5,0.504774855617476,-0.941009853272599,0.30549522133338,-1.11098366573719
125,5,-0.346453662986438,-0.571203909270031,-2.36194286533051,-0.0365923672367108
126,5,-0.131782935983418,0.862508897942452,0.928964268739295,-1.21108133215257
127,5,-1.20586216093686,-0.313815090850304,1.06927805734302,0.169994102238014
128,5,0.715152119481989,0.621170321439915,-0.859165190536071,-0.158043790434991
129,5,-0.334576614936588,-0.973561537212539,0.0985676916535449,1.38321221651623
130,5,-0.350118152234988,-0.101591684072491,0.249054397004891,0.880550653900507
131,5,0.610229455818501,-0.562736603848776,-1.33673917203385,0.045864678369953
132,5,0.855184876021209,-0.463986017799203,2.87383642346864,1.49742043388962
133,5,1.56964987237527,0.639871083193634,-0.144173384291774,0.597641690479709
134,5,0.635150654448404,-0.522723980198814,1.32726648602162,-0.527641075395291
135,5,0.0609284559933758,-0.10530938963818,-0.36038858070554,-0.602951213429793
136,5,1.61537516570883,0.322733024513489,0.914708065972517,1.39999405039813
137,5,0.509793295323464,-0.332688901145998,-0.261572594927462,0.437743861195563
138,5,-0.210004114547554,-0.37826535286131,0.424973917969302,0.466976710258332
139,5,-0.553243206606102,-1.06005315949086,0.45859562903228,1.00773928993346
140,5,-0.494957707643547,0.923420786342264,-0.0125846452199699,1.97713395289037
141,5,-1.19062805102835,-0.445446535625169,-1.09322093106734,1.41957054605151
142,5,-0.391681235833578,1.37583065253906,0.244179477174438,0.307100428639351
143,5,-0.161610261351288,-0.169448183229665,0.0290097743511817,-0.33584667647383
144,5,-0.0600204455014854,-0.32200072882925,-0.880246387234872,0.0133859758654073
145,5,-0.922349436079629,1.66171113068401,0.739772594837065,-0.118926545998484
146,5,-0.603184885102287,0.270211432606218,-1.28324366275856,0.510009033887152
147,5,0.857106100870435,-1.49311861352495,-0.946412808884158,-1.43113214325953
148,5,-0.232783123744282,-1.56930253963055,0.0911749561000087,-0.673026192258919
149,5,0.347443138250832,0.375852214488682,0.685639904911355,-1.51376945464387
150,5,0.120452076260223,0.344257996823365,-1.79263799420722,-0.170642699398032
151,5,0.877524279253215,-0.330954978790812,-0.414434236547053,-1.90530500619803
152,5,0.0518839109276629,-0.222653993873726,1.17448207735905,0.757774271415576
153,5,-2.1840709198646,1.60300242288852,0.189638198523517,0.892267562891658
154,5,0.02730114162081,-0.177775076361791,-0.118911074056059,1.5200889114186
155,5,-2.14653549288061,2.57394082147938,0.0669761851089532,-0.453471884793734
156,5,0.224590214008841,0.0476285748046622,1.79969581104262,-0.829706960437714
157,5,0.781566464155418,0.0683213607956663,-1.68820633303391,-0.536640412864105
158,5,-1.61836374461806,0.793063012888332,-0.651388722802973,-0.673810411665828
159,5,-0.307434053770844,0.329280970532469,0.614314356339992,-0.79404475350826
160,5,-0.306835820490152,0.348256825402913,-0.933108773064704,0.737334009870832
161,5,-0.129616649431685,-1.50377255913235,0.210202946270311,1.25286754605016
162,5,-1.38426817441129,0.682875146037326,0.56505590134298,1.31585685256404
163,5,0.848695157650705,-1.82955072225986,0.327241226896205,-0.409308529619592
164,5,-1.111036947638,0.601413248545037,-0.505806563463095,-1.15498686378342
165,5,0.629887863018156,-1.91569820381395,-1.47257889718241,0.520805745860938
166,5,-1.33620836833436,0.899049465416594,-0.316846362473351,0.213563869277414
167,5,0.244677843746553,1.21708855944212,0.974481951175164,-0.952800329896657
168,5,-0.94002692919103,-0.150785471198929,-0.803076134862513,0.233380498002291
169,5,1.45877602249476,-1.47584135062078,0.819541488714484,0.260733574879982
170,5,-0.458108484072875,2.40757420633185,-0.494575078294392,-1.50321982835866
171,5,-0.514179825068846,0.175205442768952,-0.226603801770844,-0.44933524154253
172,5,-1.16063627504032,0.176888090481703,1.61065865046985,-1.6285977732293
173,5,-0.403058071770139,0.453872026446947,0.684753892556469,-1.28607114969468
174,5,1.30552978575929,-0.913969835681147,-0.749369265649589,-1.84377172994173
175,5,-0.58741184862127,0.399355637802861,0.622253640688333,0.0617651198991294
176,5,0.228868659382735,0.222887454725408,-1.51027440746491,-0.0449466820798008
177,5,-0.737428446516268,-0.524883299857987,-0.186054277760416,1.4444754480608
178,5,1.09159980962851,0.560685664521886,1.02836235891251,-1.20611919062907
179,5,-0.0336593873891241,-1.59631810365258,1.08934754558252,0.685314832818238
180,5,-0.700197671396014,0.338387690608018,0.808403631476691,1.14634444531233
181,5,-0.402598769227796,0.43478048524222,-1.10743938498567,0.0113048447438247
182,5,0.698626503208062,0.566130279974088,0.161767089562403,-0.917823980021112
183,5,1.47931075203297,2.47274677797616,1.28272573930133,-0.705037985314516
184,5,0.256779996964832,0.489426122740671,-0.0223188060868943,0.536153223325868
185,5,-2.48975161262955,-0.832101888478251,-0.63002206135061,0.937810311049432
186,5,-0.932594683284456,0.664318922298563,-0.0182983506552704,0.0639835920328797
187,5,0.258967861784896,-1.43802057500876,1.41806970804895,-0.380049885279047
188,5,0.857729697637962,-0.963690940169928,2.18152134160158,-0.00784143241002114
189,5,-1.87894573948573,1.40113427734612,0.478673777603242,1.13833849647678
190,5,-0.95372013911899,-0.397959820887898,1.16556090305197,-1.19326656405545
191,5,-1.04863245272429,-0.655142243953835,1.11715843328278,-1.55275569967462
192,5,-0.635880664496649,-0.0658973065099791,1.04756053302094,1.64875188189123
193,5,-0.150452138096428,-1.12792862790746,-1.21412187585239,0.639097609363282
194,5,0.203971789520064,0.21850062373459,-0.333191707436852,1.03527733754389
195,5,-0.161615345438418,0.0819207542538454,0.478622426486034,0.654568338251535
196,5,-0.500681162202986,-2.42303859321399,0.825503180399452,-1.56085565396944
197,5,-1.49160449295328,0.658087141304265,-0.540788094416868,0.687604647217753
198,5,0.112096163351831,0.625602322525944,0.752662749589804,0.522714847534385
199,5,0.00372953997612776,2.07263989852478,-1.06938667042624,-0.223429483018541
200,5,0.933373168765915,-0.690931531112248,-0.709510286335644,-0.563935686783096
201,5,-0.0540563865093285,-3.24328044327773,0.0897721943446474,1.85357169163975
202,5,-0.138309537090579,-0.70401409575406,-1.02621097920484,0.744336663682308
203,5,1.11356750289966,-1.46305740777554,1.85266979629001,2.02094203421254
204,5,-0.322330859556611,-1.18780224039781,-1.13854662627322,-1.94251405495804
205,5,-0.451750997157517,0.508837424663855,-1.26406550558636,-0.00126047444853494
206,5,0.224024125372946,-0.837731918260378,-1.27635768976805,0.365860258061065
207,5,-0.76891442787104,1.27157571350939,0.236664231434993,-1.34175365606285
208,5,-0.788857398812035,0.242422413018123,-1.28641101435886,-2.47712943941444
209,5,-1.1152523373232,0.0273617865569598,0.666237718205177,0.216452082935068
210,5,1.51584393210133,1.67744736904147,1.46339705552805,0.449977878714843
211,5,-1.66438931624462,-1.89841323806189,-0.157633343518495,1.1833493192035
212,5,0.490487930903374,1.64942506675723,0.308442920131489,-1.07352895192342
213,5,1.04265494171065,-0.313873125685093,1.02607642861148,0.848434296715334
214,5,1.03673853565023,0.180243482321413,-1.18250205235427,1.95739275479985
215,5,-1.09271107322958,0.386260955088398,0.625577479120057,0.473322130065779
216,5,-0.650297744520674,-0.238731138335498,-0.0419107132302706,-0.275717309193738
217,5,1.70984304263666,1.66266734029886,0.127499064383195,-1.29124302802484
218,5,0.531775141066683,-0.357893980378113,0.469244210094629,-0.0120177937975472
219,5,-0.198571261957184,1.54564908652268,-0.046672735888871,-0.664784331393399
220,5,-1.41203798828251,0.0826010076464381,-1.31131074704578,1.60897628424344
221,5,-1.80208758770827,-0.97645378607255,0.537177815609894,-1.58498494026604
222,5,-0.4249115982077,0.071311825355698,-0.988122533972354,0.466548400691487
223,5,-0.0986142509499554,1.06336879309589,-0.934442933323362,1.51822940710197
224,5,0.479524518136825,1.2807458698222,1.86572779862845,-0.902531618626115
225,5,0.247547604377868,0.0976463923650163,-3.28053822002876,0.152018765695509
226,5,-0.793917577151795,1.58285451272475,1.42155601957243,-0.290456397131526
227,5,-1.09113106280328,1.27112061857662,-0.752800783714069,-0.0777001009153898
228,5,1.36752082919953,-0.364924588168784,0.188815984116502,0.72442384070095
229,5,0.606982600115422,-1.24981513940047,-0.0824544228300618,1.6475766805927
230,5,-0.350251649143564,-0.17416544919851,1.61908225935769,0.822410778958996
231,5,-0.233061240757664,0.766682898756122,0.884561158034638,-1.96725183933564
232,5,-1.6314846558749,1.2625417866973,0.582252604440091,1.14517874763716
233,5,1.46007436863218,2.03509856076134,0.96118982955494,-0.675531294874856
234,5,-0.896291775867428,0.0241502309658519,-0.359643617297641,0.0218702033993294
235,5,-1.89967277115006,0.821475269001521,-0.470263110669617,0.860118458573752
236,5,1.07270126070032,0.573636916618659,0.340600008151968,1.48457933632032
237,5,0.253831765141352,0.694954702429798,1.16912819634211,-1.80968147241691
238,5,-1.32024798716828,1.77002912736067,0.549631664229009,-1.56783523518678
239,5,0.677079703451135,-1.08454974012479,1.313107608962,-0.567139677173498
240,5,-0.291033202284072,1.14904831268713,-0.749435967677693,1.05966512888871
241,5,-0.429596587204467,0.271127263546988,0.562686426047511,-0.427064502763115
242,5,-0.742540378396745,0.671416047051601,2.94563246445112,0.240389010403835
243,5,-0.50835238359579,0.0323643889959607,0.925285943112007,0.0429004085207181
244,5,2.14505858465193,-0.442047980949936,-0.401830361095163,1.89420603835529
245,5,0.251169092954946,-0.403538555380503,0.350255928204515,0.0906515478236116
246,5,0.513197543782108,-0.620150935837321,-0.809597375401541,-0.703596274415106
247,5,-1.20010593508848,0.930753955466034,0.255520720900675,0.0872612682933558
248,5,-0.616636068694602,-1.29449075917714,-0.0274417984549212,0.813934726812578
249,5,2.58978239237955,0.0681674329423958,0.635450296786546,0.117371170822239
250,5,-0.0340704831712242,-0.249855513564889,0.336802994938167,0.413203354563945
251,5,-0.16558470228391,1.41705298327219,-0.472756395260912,0.396485944407673
252,5,1.01662725271895,-0.150115127096132,-1.23381355880119,0.220470431857276
253,5,-0.57330943135156,-0.738143667787835,0.0728371307919382,1.31276324403233
254,5,0.239816649386661,-0.556695877717736,0.416986267161285,0.745309951278833
255,5,0.036557022961671,1.28741186388528,0.543117613370092,-1.47833133771596
256,5,0.00515593673199507,-0.0279428030105196,0.298646420936361,-0.0806201995323592
257,5,-0.209187486765271,1.79589170068835,1.03939939631715,0.0232172171203706
258,5,-0.363352856674213,-0.760046511729664,0.991528628193634,0.0320717457985535
259,5,-1.02278282692397,-0.0269550766915657,0.0805717276724566,1.05315213967986
260,5,-1.56323915020125,-0.474346069452105,0.142904648005314,0.114376465537683
261,5,-0.179289289555327,1.58218132801031,0.426757979086654,-0.935418680486721
262,5,-0.983233067347706,-0.257650458848353,0.644238942923095,-0.408553737982067
263,5,-0.376513400383632,-1.31406554865757,1.24109735213802,0.0528216424430201
264,5,0.84456285024145,-0.00765431713411446,-0.405530479039766,-1.10787324865375
265,5,-2.20423836960353,2.02619939578336,-0.100053105723752,-0.213612313282493
266,5,0.71558143004531,-0.721436262212046,1.97526753548405,-0.294195326678143
267,5,1.29477728655836,-0.710893999075903,-0.192171228400947,-0.618159379306525
268,5,2.37382787539492,-1.70028310840476,0.13385594070346,0.151331206217756
269,5,0.160526703586857,-0.132316811015232,0.895679706175557,0.288744319844787
270,5,0.371898337269754,-0.15967008829654,-0.139339212565934,0.273734983771579
271,5,2.42259749491016,-1.05226537048631,0.600796651937262,0.752883058729579
272,5,-1.18106685637799,0.0815891063657301,-1.09866747793631,-0.287159427447289
273,5,0.372246737675394,0.14728855358922,0.904648117514937,0.151745265433151
274,5,0.404272037340064,-0.675890722078165,0.535201991507098,-0.595985291902483
275,5,0.805517193039835,0.473563286557261,-0.122679546243388,0.362179420440476
276,5,0.0423536367260535,0.591878975265989,-1.57872086465345,-0.556461205667435
277,5,-0.594793717543837,-0.27140235967735,-0.499544201906691,0.594590729809308
278,5,1.14541618097644,2.52990901126174,-0.360205427974417,-0.576760914898889
279,5,0.621921523737789,0.190118627079987,-1.46384076774848,0.76011887753254
280,5,0.639795465784553,-0.197240752790997,0.138563205499889,0.930293000657615
281,5,0.292494002602754,0.195524063705596,0.431044298368384,-0.415167726292408
282,5,-1.0305248448019,0.0770262448983379,-0.0660315216313396,-0.6636464987976
283,5,0.615258627125382,-0.271627498329244,0.0482718753685474,-0.772267116395133
284,5,1.30668569373412,-1.42712233105815,-0.890165076040175,-0.0606448564064369
285,5,0.885517646004683,0.795622145027682,-0.338459563727334,0.0587200578968921
286,5,-0.768227362374383,-1.22569742539114,1.04305066546556,1.11845473134685
287,5,0.471598699813071,0.894941496269515,0.585544071612096,-0.808457485130995
288,5,-1.43910240653559,-0.245285609633937,0.061649509495749,-0.709598780924806
289,5,-0.830309288936404,-0.43975268718314,1.06986534287584,-2.39135437384012
290,5,1.3300620867862,-1.42456475854901,-0.394398382052137,1.45320468228632
291,5,-0.6804279656106,0.725578537754107,0.460587209873382,0.436895595413358
292,5,-0.980123583988428,0.470536508627502,0.121700825868997,0.883168823334662
293,5,0.744417454876457,1.0376884807909,0.348561482963907,0.230831092374667
294,5,1.06298482788315,0.395687984252873,0.0840624541629111,0.982032161909084
295,5,-0.26815225033265,0.724114220671111,-0.175429820242848,1.07159861833663
296,5,-0.565206009638021,0.470103593134865,0.615351007782312,0.00659466939567949
297,5,0.0580799980947042,0.935865329328174,0.0843192743202067,0.114023240820886
298,5,0.6002711093632,-0.452148167992365,0.884010104815216,-0.0891388714021327
299,5,0.535279940789252,-0.418676090662896,0.892123424551786,0.35620192504446
300,5,2.18261167375047,1.13979898213235,0.743232381950597,-1.73808345515449
301,5,-0.0247784973684655,-1.01312714901051,-0.723064280267093,1.24273639547251
302,5,1.37034942591544,0.278195863705164,1.14355755108367,1.77112955237872
303,5,0.747207967646223,-1.59905078224474,1.07852828286925,0.0311437858408632
304,5,-2.08532908388116,1.50082035204691,0.508150153857529,-0.418671787727662
305,5,1.13545697726968,0.897801580858968,-0.263360015756716,0.787041901245041
306,5,0.309781915789879,-1.36514970000108,0.218611888739509,-0.654306304803572
307,5,0.183872812140458,-0.202127594044605,0.680905837529145,0.886019451154652
308,5,-2.37178549360165,-0.270621704949663,0.513182435501247,1.02832987226034
309,5,-1.01356905495246,0.115574904064293,0.631923100960793,0.951007673241213
310,5,1.71373710725535,0.290660448642958,-0.530091575479819,0.259109009508263
311,5,1.45853557288531,-0.300640172591665,1.29882067113991,0.947089609571189
312,5,1.52366915931258,-0.997734273137341,-0.866260240857238,-1.43836400149368
313,5,-1.53584250897657,1.59701313122284,0.0445603798397065,0.557439132168905
314,5,0.435721398326216,-0.581607837726243,0.575565853884338,0.0226416454091022
315,5,-0.52476387018016,0.305124605988571,-1.88994979676636,1.03422418670261
316,5,-0.572949132126742,2.69894133915099,-1.04171834123395,-0.117200166924209
317,5,-0.44948862025469,-1.44910783133025,0.836458774007852,-0.791627346688858
318,5,-0.638594981065136,-0.829295298946663,-0.289133489207834,-1.54302753137383
319,5,0.5126682631373,0.17983086649977,0.676388187212152,0.125880361161718
320,5,-1.6007349114643,-0.472825732347148,-0.28795445914115,0.765244958777827
321,5,-0.930438406937474,-1.06276777218059,0.0555671965492304,2.04597735628606
322,5,-1.45096045838521,1.01930821312878,0.824235523900421,-0.616574632490228
323,5,1.19644833251835,1.05693775705768,0.276445966300772,-1.84499887199256
324,5,-1.40102336442976,0.743375985400529,-1.39470155480798,-1.75618638255243
325,5,-0.0205157193706049,-0.0508740822180308,0.812070182707624,-0.275433941919119
326,5,0.459336362379719,-0.96483936464385,1.21704450846126,0.163773616325837
327,5,-1.01319833842396,-0.334752542318134,1.77087719269946,0.252857121595262
328,5,0.429638087869055,-0.119927651208955,2.49952265125763,0.242580050909024
329,5,-0.541981409176015,-0.0512467760643319,0.9182734132121,-0.228490679832402
330,5,0.269325676003057,-1.52940812324958,0.39248870914977,-0.541993550278749
331,5,1.62331751040911,-0.0614984135326794,0.434466215000993,-0.219925330073043
332,5,-1.97106409653704,1.8676253570777,-1.72852800089045,0.230279839265735
333,5,-0.418711440883295,1.15093518715096,0.148004797828947,-1.30307892964485
334,5,-1.31197876977163,0.222983479325326,1.49602801841527,-1.57963203122862
335,5,0.256594126391919,-0.319263166493463,-0.419775816853967,0.159054615080075
336,5,0.529563700887737,1.94168947840476,-0.248858230021114,-1.14024115878451
337,5,-1.03262945302038,0.772289030027706,1.34001335014134,-1.29397009559235
338,5,0.179880834957416,-0.761631766574684,0.00593938846559915,1.79721874821873
339,5,-2.16709754365738,-2.03116286863972,-0.546429033550419,0.214454645754518
340,5,-0.652972828471519,0.396397735582131,-0.465026166068206,-1.20996893209152
341,5,0.168260589199868,-0.790237267866585,-0.853270393833776,0.567395400081293
342,5,0.844566673509604,1.09969916579246,0.285819145073879,-0.599511878263403
343,5,-0.450254328493837,0.181515595422926,-1.16746511777734,-1.47297185551171
344,5,-0.203202048119846,0.118552618186796,-0.174779561104347,0.955998397482161
345,5,-1.55034442653635,-0.237505193311233,-0.0758619025642973,0.357645339105497
346,5,-0.625196694189745,1.36188196455438,-1.49382510144075,-1.44682593247786
347,5,0.740490501581095,1.7561513921924,0.435651615906941,-1.79751022969031
348,5,1.32967156217401,-0.267621758959937,1.41687817203093,-1.09856812574551
349,5,-0.338615750736388,0.419251158694319,1.67261568284112,0.718195981636883
350,5,-0.246526482647889,1.2147680847526,0.900318002276593,0.394742477441955
351,5,1.22289425359141,-0.255347303727146,1.50259213196309,2.65962310926955
352,5,1.02098309765181,0.600382308829762,0.902828382775367,1.14948759579806
353,5,-0.284912926817594,-1.12760083838807,-2.28097909293599,0.748106696064916
354,5,1.4466906864373,0.692755290183958,0.487561427230216,-0.0661689245495796
355,5,-0.270652663544553,0.0397014638992972,0.768284904030986,-0.507809126828999
356,5,3.22979833545643,1.19281907741556,-0.45947673553132,-0.910230276710027
357,5,0.266025122321062,-0.491631471185759,-0.600818106825958,0.103525277967958
358,5,0.804212557721841,-0.86365170905873,0.22292919398979,-1.24630805635056
359,5,0.50966420096138,0.73051651122576,-0.939643772636852,-1.59502099179966
360,5,1.04063048348998,-1.68990775924065,0.407122663410243,-1.17197959852305
361,5,1.591518501591,0.0973221335346504,-1.5382050093561,-1.24985477763626
362,5,1.45863459725242,-0.953413127822353,0.0807265323608223,1.10415247419598
363,5,-0.287920476184897,1.90374435267714,0.215110858234569,-0.642995337270411
364,5,0.0502219644121671,-0.113809233004491,-0.579663806014133,-1.20560853092508
365,5,-0.730839619316697,-0.803439283375916,0.499555583108086,-0.0251862027270218
366,5,-1.0034511714647,1.74242390510538,-0.321000780958123,0.0953907684914544
367,5,-1.11009547909452,0.105241681059444,-1.44265510294214,0.739428920995672
368,5,-0.332124552081161,-1.11415293525784,0.615860421251839,0.408101869258215
369,5,0.414203077264136,-0.645012597224306,0.407517584883376,-0.802451231226206
370,5,-1.4196174171544,-0.722188423263428,-1.21577377278013,0.407871247183489
371,5,-0.882337879410438,-2.09603158497407,1.18421155671816,0.610478990622695
372,5,0.491209406484455,0.387952005158783,1.1843467026862,-1.101872446706
373,5,-1.366169665773,0.548274177322706,-1.40329809864129,0.898538313842642
374,5,-0.461996883143778,0.909819144135847,-0.132894238964298,-1.14739754535
375,5,0.938285644039425,1.97998165937584,-1.00995162463257,-1.16284695560578
376,5,-2.07389174004754,0.522411305314444,0.551138566641612,-0.0604394141138258
377,5,1.99880010698753,0.00996400465871218,-0.942887326480285,0.799629685693279
378,5,-0.361266780534546,0.74572970261452,0.691960324864478,-0.0211698449339834
379,5,-0.699114746868163,-0.332941255142912,-0.19354096082036,0.977707011867808
380,5,1.53109246868565,1.10012428636721,0.307030396609241,-0.484947779320216
381,5,0.634736849392235,-0.734211744792759,-1.02311499623966,-0.352467302901503
382,5,-0.127255927687629,-0.420418304009204,-1.06569834634101,-1.03713316803171
383,5,0.57149839191246,-0.296722195065856,-1.09513117756805,-0.494484883379881
384,5,1.38869522463376,-0.869618166565046,1.66866475849928,0.251723605520541
385,5,-2.42285463729189,-0.0422807427308721,-1.04604414266425,-1.22815223959264
386,5,1.96834006582534,1.91006513025965,-1.30597940040483,-0.0331293691499037
387,5,-0.887673455028424,2.16026345925083,0.314137428833674,-1.82207396486308
388,5,-0.488740499766149,-0.79988816219524,0.523884859399158,-0.966621198122027
389,5,-0.368620512670269,-0.440512841090319,0.513063967835118,-0.0409781870362281
390,5,-0.762837522941117,-0.914745927757264,-0.319526399372322,-2.23243954976079
391,5,-1.96789600049501,-0.372600293361251,0.907429956287388,0.171777380592347
392,5,1.57207635976563,0.503911537138746,0.779497106289881,-0.197975076345379
393,5,-0.861273600266308,-0.151294145186992,-0.317910215984306,-0.0414217453637005
394,5,-0.826703382214837,-1.62918089175671,-0.42796332287152,-0.10381544742046
395,5,-0.98483568029751,-0.0335812088980796,-2.79284771550117,-1.3285276924977
396,5,0.558538053552561,1.27929588104284,0.718471975870282,0.50934214409843
397,5,-1.00254880503273,-1.33170503048742,-0.545845030145865,-0.729924462951581
398,5,-0.971734073480883,0.670772003547417,0.0465398755802321,-0.719487902740315
399,5,-0.366346937651465,1.12222576116396,-0.784429225072982,-0.681076879465078
400,5,-0.0240780527737484,-1.27979730776405,-0.41024371397771,0.837368462868873
401,5,-0.606517845926754,0.782730776996564,0.186049504170437,2.4167893848082
402,5,0.571655451972121,-0.835131674125643,1.13183585622215,-0.857990298640287
403,5,-0.318606163861084,0.179685862580903,0.45810486379956,-0.280325304362032
404,5,0.296172805079461,1.48350465251209,-1.25622982491123,0.152485826405321
405,5,-0.264109619474342,-0.365448935528454,-1.11575364212527,0.348213742830298
406,5,0.481831040707165,0.112299026827572,-0.633218291899489,0.654047578460953
407,5,-0.363188720214243,0.593674362695186,-0.612532804428432,1.02216868905448
408,5,0.124987230203527,-0.4357696775611,0.941431494166025,-1.50375891436105
409,5,1.1877213768534,0.341761711272163,0.603100352137225,-1.14069932075836
410,5,0.778357310114789,-0.0190411697916428,-0.600070608680481,0.152608131429847
411,5,-0.833105828360047,-1.03937819700283,1.11473364963183,-0.283453905742913
412,5,1.14626772082805,1.79277348097628,-1.21230701494848,-0.529247655556873
413,5,1.62238846438804,-0.57783871450993,-0.499953052714664,0.58839960679827
414,5,0.163453055361036,-0.668399347206903,-0.636254607081087,0.401467224313552
415,5,-0.569879315813187,0.233693535076867,1.15584643542124,0.782866208278128
416,5,1.02649236175757,0.000231979547737533,0.798617041423134,-0.762983665300576
417,5,-2.05196007311885,-1.05386437458284,1.10504508189989,0.187018461417334
418,5,-1.35917559570238,-0.393702175802004,1.62246083940803,-0.484682623683301
419,5,-1.19611743780841,0.0269534705865232,2.80468801241746,0.560331378014998
420,5,-0.21321764203982,-0.596948960148676,-0.84540069857477,-0.454340172313226
421,5,1.74477227308603,-0.361461635203129,0.0212258698219066,0.769018577890453
422,5,0.127136621413559,0.416503308343369,1.52453263625304,-0.0945458724632607
423,5,0.68372272008145,-0.284712861211069,1.52714723874268,0.695885578789701
424,5,0.921401603744933,0.627243753192096,-0.99381437439644,0.124768932140507
425,5,-0.743773942014204,2.20812073595325,-1.47581020920275,-1.07238420083143
426,5,0.4661783385359,0.118122119559236,1.61730231405229,0.0980476127393599
427,5,-0.0469914753719976,-0.685736585815025,0.324467583017809,0.85242455231975
428,5,-0.227913775435089,0.440932960398576,-1.14586580696696,0.549035540424004
429,5,-0.351530040516433,0.420254916572923,0.814368370449418,1.68158632648961
430,5,-0.904703458180448,0.713394437028648,-0.500285976387727,0.0154540380581019
431,5,-1.56693518984861,1.25102627284437,-0.290818115726909,0.401294273629549
432,5,-0.797639274523663,-0.656037394156892,-1.75723212836305,-0.294293781993404
433,5,-1.54905255759358,-0.131209006430367,2.91484033216786,0.978509167939164
434,5,1.25755310673872,0.62207536223153,-0.156820106259079,0.132103908032512
435,5,-0.380930236486053,-1.05816555268853,-0.0744813951824998,-0.27542785479192
436,5,-0.518814292992407,-0.750001321967487,1.26883920543972,-1.35723987678889
437,5,1.61540587931533,0.855470125359744,0.26728411971406,-1.38897232411221
438,5,1.5619165375224,0.483835737974444,1.8382382942817,-0.185727513341094
439,5,0.0883594522253946,-1.94374812896348,-0.146998817338932,0.0242396206088263
440,5,0.445787141133541,-0.776167051074506,0.9814955994654,0.134548134523706
441,5,-1.14916745787103,-0.172145041712031,-0.999060365493909,-1.10418897322662
442,5,-0.876286658494736,0.149610737332411,-0.112538558615371,-0.352334754195409
443,5,-1.26233018101509,0.620864933095192,-0.509563859695762,-0.615015747077597
444,5,1.30449074775633,0.332804768891074,0.899757184021619,-1.69995326439969
445,5,-0.288855211638648,-0.752697536512843,-0.748282714967402,1.38754885246375
446,5,0.501795514319817,1.0967556127624,-0.12061732444866,1.73906058197968
447,5,-1.18048357044041,-1.39954416814723,1.08485116026488,0.587218392352886
448,5,-2.05721329122108,0.533910832634933,0.97705108883711,1.38404183639335
449,5,-0.962590181688623,-1.53663922747449,-1.22156330464917,-0.907773253620807
450,5,-0.128196586016863,-0.489036735670235,-0.420622984011982,-0.436153109773408
451,5,-0.937400599881184,0.99836971904245,-0.273065728736786,1.2483196022612
452,5,-0.578892043539125,-0.485663874682974,0.916012138843707,2.18411881901305
453,5,-0.395760308260356,-0.192567354667654,0.543441625120285,2.51205499888732
454,5,-0.832124786734393,-0.465720810776781,-0.710314836967851,0.84297815864817
455,5,0.956521629523448,-1.89606694912985,-2.37182300258015,2.12328036154602
456,5,0.0111379565711315,0.614490117300109,0.371202755452812,0.53987418632343
457,5,-0.102762787176698,0.111580822233547,-0.291084854593376,1.07979386011962
458,5,-0.614600031225169,1.73671349587275,0.753283713409817,1.95532943756893
459,5,-0.116337182280412,1.43542750608721,-0.491637029285068,0.0416402918043032
460,5,-0.36558259816856,0.334838114298846,1.00808748528423,-0.568251726241597
461,5,-0.976072821478859,0.572979459402274,-0.244914171747803,-1.14211907514798
462,5,-1.5598731735089,-0.624574799527306,-0.72509618739264,-0.302954725770502
463,5,-0.814331847402839,-1.67503717511587,-1.64413719940808,-0.0485402928932583
464,5,-0.0895611112892215,1.46408457977066,-0.13802396465711,1.98979026321244
465,5,0.303238364463948,0.946565051513803,-2.64797861076848,0.480661885244641
466,5,-0.510936802900521,-0.531940999693967,-1.78532313132542,-0.768290720272725
467,5,0.329251115595303,0.153280442207467,-0.893087215384372,2.00815973465776
468,5,0.371718994246211,-1.33586069406086,0.875169508301922,-0.122011328288067
469,5,-0.0743814713680119,-2.49779880358823,-0.559122396281459,-0.116052653078474
470,5,0.795514428939696,0.555382091400152,1.12880007618645,-0.394592589558469
471,5,0.166754203083181,0.57913017037135,-2.12131099332229,-0.169940591719294
472,5,2.5682378330028,0.620003038939413,-0.574516354322274,-0.773859328226217
473,5,-0.155160542142639,0.364884686921012,1.30116815219928,-0.266218766672499
474,5,0.389666182747513,2.19953018394683,0.241687883230205,1.17473040649357
475,5,-0.754187325956578,-0.340310147202703,1.28489053469421,0.837334731455199
476,5,-0.433243783116267,-0.496237452537043,0.426506009326603,0.472964605425199
477,5,-1.17805645326961,-0.657738677276778,0.358397647480853,1.16565115788258
478,5,1.18564343912255,0.877801614546806,-1.00658709828613,-0.168211002356457
479,5,1.66422438781118,-0.395134073985483,0.794249375540436,0.50047634147058
480,5,0.254992025671451,-1.43109736014183,2.05990716833341,1.12288079311407
481,5,-0.0673798026077437,-0.714493930616371,0.393821210537907,-0.926464813988562
482,5,-1.38908405192528,-0.281337010705254,-1.72439943486753,-2.57722775630322
483,5,1.66348514642619,0.966292707957979,0.120137658146731,-0.121664719535297
484,5,-0.501960945193771,0.64318123951465,2.01421111079137,0.306301906705395
485,5,-0.277246267170254,-0.113937920013159,0.622766023706851,-0.00213017799020196
486,5,-0.410198785490963,0.35671805443871,-2.14023650554953,-2.31270748773183
487,5,2.08341270287397,-1.05995953813983,-0.696473697177915,0.249746857702875
488,5,0.442728581011522,-0.320414753529102,-0.672631623688324,0.750464238291524
489,5,-0.23216493988564,-0.138861754029869,2.5866042872842,0.248818847801038
490,5,-1.64975402759637,1.21954225058396,0.77772438401937,0.397457816791306
491,5,1.21856699236401,-0.577035879315067,0.459065625273796,-0.479946774294851
492,5,0.754187940292166,-0.0518974352264061,-0.556551431604342,0.892733433621232
493,5,0.591994889946813,-1.34602808524574,0.381002246588698,-0.365691722788889
494,5,1.1727494389745,0.506876966974485,-0.802277185324351,1.27242990018063
495,5,0.302473432860217,0.144005404129954,-0.20926044660174,0.874606470822343
496,5,-0.482554503618871,0.259730787871354,0.89134540821328,1.56507671347441
497,5,-1.01411770280905,0.468559805308584,1.02756108831473,-2.03833055613684
498,5,0.597398879283886,-2.35819476584453,-0.511224420912906,-0.117318883139283
499,5,0.821527397250379,0.646256311526515,1.52062051681369,0.35404569846728
500,5,-1.10299716084123,-0.396915414994171,0.266395439686906,0.266164769573024
1,6,-0.665057434926371,-0.512833524592696,-0.687261511265453,0.781153197037954
2,6,0.91163891369835,0.653111721871907,0.208980021703861,-0.715516269962707
3,6,-0.333772304858901,0.106960413875598,1.39496886507644,1.64381065548961
4,6,-0.658931475794387,0.460053626501693,0.82807135919033,-0.143013270814506
5,6,0.435408852939916,-0.151118719306831,0.933670789493711,-0.81667357292948
6,6,0.899846657507463,0.256563564448054,-0.573279381488298,1.66230953424063
7,6,0.629845189318697,-1.00242515497334,1.34974603557449,-0.996978401151135
8,6,-0.805218229753596,-0.307882033034776,-0.0328569911277122,-0.74471047301012
9,6,0.848292339008775,-0.661596796602371,-0.125447564482746,-0.638851385177826
10,6,-0.634916706223275,-0.195990529589314,0.123233093492497,-2.28573510536745
11,6,1.93705617778187,1.00754519984855,2.13058643599705,0.127501595991664
12,6,1.3589941629449,-0.654609258004427,-1.0250445870665,-0.304900490773447
13,6,-0.179174752692942,-0.330921035574787,2.06161183665581,-0.605813205004479
14,6,0.602106017309944,-0.143815196643668,-0.846741630223623,0.441046255103156
15,6,0.0783292310715477,0.532111877988454,0.0171833910258118,0.056354957589728
16,6,1.54484242837015,-1.05145654776427,-0.992425526347459,-0.306421885288282
17,6,2.25311516462144,0.091935218232467,0.450360038178055,-1.08669367086946
18,6,1.62267050748274,0.634218028177776,-0.640757404167676,-0.423603645573092
19,6,-0.721588940745831,0.796419395586764,-1.19137230841107,0.0612379951128695
20,6,-0.920330550361197,0.364680390878914,0.182774511024554,0.220856489590086
21,6,0.19330687692515,-0.804947623768038,0.725263292947416,-0.874395017788454
22,6,2.22968760835187,0.0430109049488693,-0.145502173212323,-0.548137170430912
23,6,-0.0962019712789223,-0.072133805690634,-0.625055490303853,0.215614666144528
24,6,-2.7671209552011,-0.07797114951076,0.581348266169387,-0.871660337607149
25,6,-0.0430368425665296,0.556848048894142,-0.264037951510323,-1.20886180844439
26,6,2.02588545793963,0.0409127612737812,-0.482603577433439,0.38679760588076
27,6,-1.73516851579949,0.583134465854814,0.590558239571871,-0.477708425643874
28,6,0.191068571224926,1.404225321979,0.00770017255691955,-1.89396562227728
29,6,-0.773276801270849,-1.7437541847052,-0.416650465473298,-0.294045503670688
30,6,-0.0125839517325723,1.18084780843716,-0.339354123511192,0.217533336910909
31,6,-1.40856275554275,-0.780754538791931,0.524763043051382,1.40816957690416
32,6,-0.559063214946121,1.66272469623496,0.25668889965886,0.123057454343255
33,6,-0.277096824290756,-0.902181909361936,-0.162914736716357,1.64462834813412
34,6,0.478581854331233,0.294852924676287,-0.336471064463751,0.379206011349838
35,6,0.636303919659083,0.574579355821737,0.292410079546988,1.36488184590415
36,6,1.08907119150964,0.26525902110298,-0.374268199658579,-0.156681606676687
37,6,2.06899607019265,-0.614515748430796,-2.4864730842731,0.697905382747537
38,6,0.519547952406697,0.307607062975135,-1.39342228135514,-0.0186626977129676
39,6,-1.55958227682981,-0.790836036237216,0.803896680024783,-2.81832411865883
40,6,-0.55940065159031,1.39124433965665,0.655876772443815,-0.301747783011993
41,6,-0.185238640353003,0.801905295339834,1.09357624542849,-1.74006854403544
42,6,-0.0616143394683199,-0.395026793377791,-1.05688681404048,0.00747383520626313
43,6,1.59313972469785,0.284425057938493,-0.31214601429899,-1.12299761629646
44,6,-1.35585859768494,0.549438229590403,1.46123468006827,-1.13423903085654
45,6,0.140552774182961,-2.7265639708344,-0.639918701168455,1.0453926864667
46,6,0.683933182389743,0.979233028864978,0.389763261134036,-0.552344836433378
47,6,0.851095418684526,-0.246706189197375,2.18704111385067,0.257524380633668
48,6,-0.635406548554873,-1.13071721854417,1.16693810562846,-0.911046682069767
49,6,0.710808186799146,-0.47297404352402,-1.5552207307815,1.15766419340732
50,6,1.20210986192755,0.917515309040752,1.34499433402118,0.764405400590956
51,6,0.450787898807521,1.75306833887303,0.570031898132999,1.44811367686486
52,6,-1.42739063326189,-0.336150190185677,1.54949498490301,-0.0750179340082777
53,6,1.2100412839634,0.347540166043893,1.22919342640458,0.780497031923874
54,6,-0.0756229310054918,0.538157440085458,1.02825195665501,-0.426493877340482
55,6,0.882570853879865,-1.67609808218778,-0.226500338185061,1.25735086032994
56,6,-0.188332838029149,0.301618131490086,-0.898322944204922,-0.378282778929451
57,6,-0.168142667125579,-0.953840533166035,0.6989936196275,-0.835455980977318
58,6,-0.857876167787601,0.133368861800519,-0.150651812350759,1.13477396963542
59,6,-1.64962721919115,0.145474584578876,0.188143103747143,-0.954690223292372
60,6,0.728332643533772,0.332496275725162,-0.750345997171556,-0.78583004168085
61,6,-0.425246234120261,0.732955668837565,-0.221294838614536,-0.0514414160899657
62,6,-0.439271483960562,0.063569366157205,-1.5406126269835,0.38211344270166
63,6,0.0153878338947582,0.464480361994846,1.05708190130808,0.719956386358523
64,6,-0.266886635999926,-0.539592132604172,-1.19377625281466,-0.398197804826608
65,6,-1.22347638089473,-0.166904577810912,-0.0569060233413938,0.0333831796402746
66,6,-0.148447232528435,-1.19921090774933,1.60303857656183,1.19323323471938
67,6,0.282306438930509,-0.524966366985607,-0.116738478695342,0.698535780868561
68,6,-0.83499147425896,0.0712676512647074,0.799560705083885,1.73745942144409
69,6,0.24432961687577,0.0537202729034175,0.160626353673358,-0.269268786513021
70,6,-1.02808972104615,-0.759389105038627,0.295121945711266,0.297502583384617
71,6,0.694929194892742,-0.691823539535035,1.02532310082578,0.937882921511339
72,6,-1.67825179960076,2.32567212307931,1.77776167448591,0.405493336354815
73,6,0.409438586074158,0.897413864575963,0.994201988515916,1.76119451221044
74,6,-0.551477671522668,0.580612433937357,-1.00342840420477,-0.523660026186759
75,6,-1.38396464374756,-1.01441041728819,-1.03205587540385,1.31714280818377
76,6,-0.763575676503327,-0.127528759478693,0.0637647599223033,-1.41874206230696
77,6,1.36465275350795,-0.272163190789977,-0.504133509777996,-0.548879939628224
78,6,0.489416772393219,0.025965763528686,1.09240934510134,0.353797174778796
79,6,0.407545674569578,-0.777121700926041,-0.228602391154637,-1.09536603393168
80,6,-0.231339376266007,0.644436227584542,-0.904823939813544,-0.230848161783229
81,6,-1.46635711494671,-0.560508008508627,0.562307676868848,1.11669449257537
82,6,-1.92148299860093,1.55331998594129,0.403141205812214,-0.382605521313648
83,6,0.865330506096769,1.36695556402281,-0.467191248863971,-0.594229248740894
84,6,0.460323902981556,1.40255853868441,0.541259933809006,-0.42699948930496
85,6,1.14040419781495,0.628939858316131,-1.17206413590914,-0.867900574354187
86,6,0.362945105839774,-1.72381671468174,0.44101611770901,0.30525632352447
87,6,-1.62685926640325,-1.29589998316134,1.75378986393332,0.612567694141155
88,6,1.1227356222712,-0.324012853111659,1.04336172118661,-0.822488813570811
89,6,-1.99894291050875,0.794863936169211,-0.276268867965676,-0.126080669251023
90,6,1.33913688039073,0.676018966846085,0.12772389424027,0.0776003868786531
91,6,0.500494892795331,-0.807299149825933,-0.392309814230803,0.559300917582981
92,6,0.588824043836571,-1.29059481144407,-1.63122049463864,-1.08073631915116
93,6,0.0262643623872601,0.420356819934599,-0.89557326895808,-1.03706501871055
94,6,-0.83992229564191,0.61524905159775,0.190086750737916,2.43017675405249
95,6,1.29467638877589,-1.21860615789975,-0.553525450846356,0.542247528674482
96,6,-0.194778173932301,0.367771446859187,1.02563413461526,-1.44229300961318
97,6,0.910334828578737,0.757972615921763,-0.561356836084631,-0.663575881170886
98,6,0.159426347916218,0.848938870786408,-1.36469111536828,-0.0871020282880653
99,6,0.897472419309787,1.45614304274499,-0.643264791562913,-0.350557342108258
100,6,0.584160386308368,-0.935838593418607,-1.66367089472807,0.857066352404746
101,6,0.810118353752446,-1.4348574829028,0.272842191501776,0.240975365371162
102,6,0.745667666603957,0.111978528039485,0.767341662726959,-0.365322864733703
103,6,0.013233507871192,0.192594462985975,0.265153557391325,-0.437341037557497
104,6,0.820190059524858,0.157320721115449,-1.49290054555661,0.591791602866305
105,6,1.55636337389427,2.13165987801816,-0.817999679186532,0.475959371495488
106,6,-0.329271538640495,2.3753413630955,0.508670232894539,-0.150903301626139
107,6,-0.639399450593806,0.691268946937196,0.347355664101702,0.83785839201632
108,6,-1.0358385626296,0.471620643233154,1.72343260645498,-0.351754239074432
109,6,-0.708861106003654,1.03478627066209,-2.25533179154305,0.880467326807025
110,6,-0.540353362352282,0.566206368951193,-0.700569229910978,1.81625525274095
111,6,1.44880834039004,0.296652831062231,-0.515880812779458,-2.01635820459056
112,6,-1.03436927109176,0.276866108218096,-0.397215227666682,-0.360701311022212
113,6,1.12438506639566,-1.57699189763991,0.964198959090757,0.916446814366317
114,6,0.0501266500049518,-0.101593583751368,-0.0721780310726732,2.22216775998651
115,6,0.307350153289704,-0.711865769692435,0.362273933584036,0.459282343441732
116,6,0.704187304132269,0.00886050504204024,-0.630157436068787,0.197780187807592
117,6,1.29236580038554,-0.671156231646412,2.83659665125612,-0.0934377392107529
118,6,-0.524827250170541,1.09176567064001,-1.22760532903405,1.42119580538448
119,6,-0.466302387362025,0.901532834252492,-1.59925803791919,0.885690895551723
120,6,0.951333909350923,0.703483695681881,1.20657462572986,-0.347699471063415
121,6,1.60150247532345,0.56229160021523,0.362243534167589,0.717921817617516
122,6,0.578936752433206,-0.213960747728389,-1.16505617956976,-0.1100645778012
123,6,0.547521040164298,-0.300643323188603,-1.76353571704873,0.42845631815479
124,6,-1.73729299690433,-0.652537062790961,-0.199401587615356,0.0163131436716674
125,6,-0.920355418276357,-1.18155149479924,-0.409217876460803,0.954392316087048
126,6,2.0442934045734,-0.125999512114101,0.239944882942215,0.199944269090867
127,6,0.149635670312313,-0.412133476600646,1.13422767950866,-1.39118341623682
128,6,0.993635976914578,-1.24342427197254,2.47109522652865,-0.231198086113877
129,6,-1.08684980924692,-1.26457729924004,-0.215116227864474,0.452642125669863
130,6,1.05600732573097,0.0691162642587309,-0.794411028196267,0.320712319629812
131,6,-1.559396655955,-1.28276276247428,1.7558761040064,-0.876551255039813
132,6,1.13607639840823,0.93856456045593,3.23476076446693,1.31921951353432
133,6,0.15137833721358,2.19713725594541,0.505858542669743,-0.537210480338869
134,6,-0.32369114357731,-0.0213433305803522,0.443183765805563,-0.472954442866761
135,6,-0.910010232232754,-0.153197347516947,0.405063993255377,-0.11604687208005
136,6,-0.770949072555439,-0.949521928418746,-1.46788460883231,0.507308469791131
137,6,-0.313235166693094,-0.22539568321696,-0.284767455627514,-0.0430562121101227
138,6,1.83709958879856,-0.103881372516097,-0.22520577918039,-0.312140308027345
139,6,0.242902817140577,0.617852023375948,0.888575312344467,0.264146103657696
140,6,-0.695725487333157,1.40467578026231,-1.53769542614982,0.335508132466332
141,6,-2.1947626846984,-0.156268755427111,0.313672717726457,-0.194495430061383
142,6,0.22439384622321,-0.778417533407994,0.0790468062614742,-0.0255260098481007
143,6,-0.870407747166324,0.766769448189022,0.438103764273505,-0.437088034074664
144,6,-0.791832248535936,0.646439752705768,0.678454596144206,0.335761927202308
145,6,1.90903321351432,-0.0980862397757625,0.670466317347158,0.594123045476917
146,6,1.45731105674133,-1.19081840601699,0.0277101751943902,-0.430872790741076
147,6,-1.01065138253312,-0.213757430159328,-1.29462479851956,-0.157950427752529
148,6,0.270609491703687,1.00990658811577,-0.53866830392219,0.0946963189156736
149,6,1.31703052900483,1.71382845755261,-1.0252355165948,-0.454111981158698
150,6,2.25982020411027,0.335131550376897,0.733741027016088,1.16920455607061
151,6,-2.39808671051593,0.113480463457361,-0.902286560019443,0.65348177765035
152,6,0.822577051323273,0.643622491545639,0.142984559751806,-0.562165862901876
153,6,1.44180730138388,0.824005283251328,-0.316644495104494,-0.657925951725396
154,6,-1.04157985834691,1.16195851953531,-0.00606469043843556,-0.0080698848996415
155,6,0.98101629786104,-0.723852830946456,-0.348477631347989,1.34241556087593
156,6,1.23483387369175,0.181564571126645,1.42508313981595,1.50701687133129
157,6,-0.997833332500831,0.839228902010035,-1.01134384283856,0.630062649170396
158,6,-0.834388227250155,-0.0639881982733397,0.475332476496708,-1.10995642089293
159,6,2.43533692602124,2.26571670075125,-0.494498134110348,3.54257221920432
160,6,-0.821432421919235,2.60278247603298,0.821586970923151,2.22630338151847
161,6,-0.00403706873070485,1.08174804817605,-1.66998814375219,-0.585545996862031
162,6,0.80015678764863,1.16937213910603,0.560642458282543,0.158182421262758
163,6,-0.385945651914096,0.778790320256294,-1.10104551126412,-0.258149796872414
164,6,0.341130722379001,-0.304567933831264,0.533221365922853,0.302622660497745
165,6,-1.03916743226475,0.130105187172118,-0.162903867560543,0.0248751038126523
166,6,1.22914922725218,1.43372843713496,-0.960895211687125,-0.0512574911741198
167,6,1.47173811087832,0.874356915730554,0.525952567222643,1.08214142964775
168,6,1.00052447688851,0.738115104038775,-0.00183460561788521,2.82591705390068
169,6,-0.390879978890722,0.747310826109633,-0.663736556238801,0.131511307478458
170,6,0.345903810480388,0.306947773694711,0.489469011471857,-0.49679596617256
171,6,-0.731537868877019,-1.00284827273456,0.772996360148254,0.805859402659719
172,6,-1.09405630881166,-0.834974051970598,-0.0829531172405821,-1.69885000790188
173,6,0.670498078077329,1.24980457185934,1.81188787914337,-0.556563100463947
174,6,0.631129985746982,-1.39062645957837,0.251576369993673,1.28914090673285
175,6,0.0282667953565663,0.458085994587609,0.510094906223824,-1.36701426526511
176,6,1.41693593800869,-0.055521439302897,-1.04484045926025,-0.386203498796309
177,6,-1.34746641174286,1.24449664423503,-1.89128190894427,-0.0319877709632754
178,6,-0.737154747976363,-1.42443823780659,-1.35830180108856,-1.60041746554874
179,6,-0.883750998540191,-1.74155919047022,1.19142017091587,-0.154872347455372
180,6,0.0183654751903532,0.279808491634773,0.867852040841166,0.504862630233855
181,6,1.15759203887381,0.317941738854852,-0.616264248155796,-0.160944743508329
182,6,0.788377437292072,-0.225862217704361,-0.420281575325662,-0.42522642022108
183,6,-0.373693377918608,-0.571671120033127,-1.47457249302383,-0.689407677399365
184,6,1.78536209065273,-0.512724254236039,0.358121305047178,0.214005316727953
185,6,-1.29236918350669,-0.469990291538561,-0.134202440824448,1.27463814158883
186,6,0.189288960910783,0.208223661574676,-1.27794750400103,0.861247131238958
187,6,-0.665073833212813,-0.630637597561047,-1.52290423230811,1.14683034105536
188,6,0.860172565891982,1.22025124012734,0.548134781302269,-0.386466166693751
189,6,-1.44671189858769,1.51294258120204,-0.761273527804354,0.293246056428506
190,6,-1.12596640272181,0.158296560724931,1.04029185876428,-0.259094412671652
191,6,-0.217457420236309,-0.846836927160461,-0.394517545144246,0.156187607531966
192,6,-0.663889143926035,0.579535174989892,0.0598805104322193,-0.857794831500339
193,6,0.879039312089995,1.46134694931833,-0.330956621415385,0.182407446386978
194,6,1.46048174418893,-1.08318815973446,-0.198600975951692,-0.275822870941736
195,6,1.80934014651664,0.740536896949003,0.489886063787394,0.931403101969997
196,6,0.84646311216041,1.8144259126856,-1.36867198534126,-1.12341219308253
197,6,1.28228704510357,-2.25343722287511,0.574945491031899,-1.32012575867093
198,6,-0.17260559594441,-1.7627919277828,1.26790652846687,-0.0249147176848855
199,6,0.490398482082343,-0.142524668909596,-1.50533596629411,0.738016267122687
200,6,-1.45120194427901,-0.448051527925103,0.860583776434324,-1.05421871463179
201,6,-1.12994586565967,-1.23010414007877,0.608713397476632,-0.0794611420214555
202,6,1.8237504861431,1.015129851098,-1.28464843583258,-0.620520014907638
203,6,-0.131835112551134,0.205080426726012,2.12222022824539,0.0474183850839524
204,6,-1.01312579119139,-0.223609540954792,1.45317344157586,-0.910977342153665
205,6,0.722362949514048,1.48850406198857,0.777232705069304,-0.0979281527950437
206,6,1.07280403693289,0.742668321588442,-0.936380795579146,-0.264410524103501
207,6,0.8397770518223,0.319976327311349,0.938120551700955,-2.08690604234831
208,6,-0.0943845767191231,-0.384617236052136,-1.53143541723077,0.595866456619871
209,6,0.60380247706521,-1.70975447743319,0.130414218368106,-1.08948106794393
210,6,-0.765299333561099,-0.291331236900566,-2.03585742561398,1.38077893761123
211,6,0.236191977771794,1.35387951265409,0.918553656039355,0.465422741876666
212,6,1.81807453126721,-0.380652719715346,0.235911126963395,0.701041564445439
213,6,-0.737137017005299,-0.0989666973084601,-0.0248268302080639,-0.581006958678731
214,6,0.317121018515632,0.177615121032517,-0.351102578871224,0.539056028494323
215,6,-0.588027763724284,0.196250009642456,0.595833388758022,0.793117359453549
216,6,0.90372566386907,1.97031845074512,0.332825690432292,0.399430668856909
217,6,0.040022848484351,-1.02570580093648,-0.66840441614824,0.606958154726534
218,6,0.409819561984268,0.161218835668416,-0.405385149301578,0.728290348153988
219,6,-1.74456242253755,-0.957078747729839,1.84181836026915,-0.120805584907833
220,6,-0.475946973055296,0.750635544232483,1.05663400897657,0.47291926706721
221,6,2.27462186163939,0.00109368808935377,-0.204559465694498,0.503972089303515
222,6,-0.834562038957906,-0.982514445303577,-0.588094305800783,1.35277273972661
223,6,-0.804845812537555,-0.927599263490769,-1.54157550576557,0.489598972011154
224,6,-0.286496760311738,0.399646074115537,1.25361761146702,-0.832812181322409
225,6,-0.906227444117933,-0.747790620741712,-0.0124178767861166,0.0184950290286654
226,6,0.494715297396045,-0.17951217900616,-0.770958759208978,0.337343522644769
227,6,0.159312837906639,0.808417477410076,-0.389391700394497,0.064984358511676
228,6,-0.266313058643277,-1.51111344925739,1.21124783904603,0.920411746311831
229,6,1.0439385179693,-1.38128966962974,-1.29319966858909,-1.21241883699448
230,6,1.88267671527688,-0.878402448613432,0.729236469743852,0.0916654839130994
231,6,0.126688839741227,0.234157864909434,-0.596062095411196,0.264986381731238
232,6,-0.986242389651349,1.44281814746402,0.36531345566481,-1.67258526569449
233,6,0.529062996313466,2.04537429202866,0.669318089803166,0.392675308112711
234,6,-0.500742103219486,-0.8706009948148,-0.676574303876348,-0.450705971322864
235,6,0.237441550211461,1.10946121088477,2.61266677258115,0.803010735762052
236,6,0.387813787872397,-1.31414450139341,-0.16765066187722,0.115560681296302
237,6,1.11874634379759,-1.07421956189548,0.670394942522586,-0.109862733664859
238,6,-0.836056256398583,0.963989815964588,1.24459269262749,0.54014010655468
239,6,0.17636706469643,0.380825278774931,-1.33967395014349,2.46083630206674
240,6,0.649781453179373,0.904030563730392,0.526304467097474,1.54707087309626
241,6,-0.91367261599723,-0.340045841055335,-0.847922807043624,1.29653312673454
242,6,1.0478539895627,0.885768607783494,0.557375337216731,0.616476226447727
243,6,0.195704940007136,-0.0951971608967003,0.755550513190574,1.09776115912331
244,6,-0.629425126273667,0.500666041068201,0.70210120424145,0.810722289309356
245,6,-0.193762040107586,-0.31960371995324,0.55360334443675,0.0501246232611087
246,6,-1.47309048021639,1.4064726675702,-0.122475462202164,-0.295264039591838
247,6,-0.225477742851013,-1.51847306954948,1.71462001179169,1.3842935070529
248,6,0.84106352833417,-0.487600582696793,-0.0955132440846278,-1.51248517063156
249,6,-0.46280593365591,0.598845012458916,0.649166722409667,-1.45770254405618
250,6,0.00582265675534628,-0.779211526438338,1.60100655710448,0.29048311212554
251,6,-1.15461735708745,-0.448618130993016,-0.875069064086631,1.77375295315319
252,6,0.681319206727851,-0.322927566395424,0.783751028554094,1.67292718685662
253,6,-0.658045385859322,1.87924559695109,-0.0736236391130424,0.0138247467105732
254,6,-1.36710269233095,-1.46159340179218,-2.02128583781772,-1.55934167072664
255,6,-3.87654472309114,0.552011701759871,-0.323603644026518,-0.0260053894936411
256,6,0.880434507701843,1.2024043533973,-0.514700951916703,0.196492405973638
257,6,-2.15407202531172,0.878849235750708,0.00429932078927064,-0.0727501119459887
258,6,0.194535133927212,1.02658392584244,1.64465001242872,-2.49253835169082
259,6,0.34444087820408,0.708264437275277,-1.44677526558306,-0.377260147392342
260,6,2.31951519566904,-0.393157447046626,-0.293931648300763,1.73488031048002
261,6,0.299925353891644,-1.26087760555544,1.4867991057914,-0.263516180490966
262,6,-1.57106997099112,-2.16156992581058,0.246161085315433,-0.0110187589343438
263,6,0.862692415003824,0.632206793169085,-0.113484803008018,-0.28880072840534
264,6,0.610574336349792,0.414402878810847,-1.01083397526607,-1.7851936312895
265,6,-0.236405247806136,0.245679670576605,-0.874218100567806,-1.47668379926153
266,6,1.01449040766467,0.738774638218111,-1.3421115354704,-1.91712435337393
267,6,-3.46600014009816,-0.175974475885632,-1.52396104987838,0.356261846483506
268,6,-1.34801537010284,1.18932544360288,1.33597361799939,0.577379603545122
269,6,0.624325676657823,1.77805924544247,0.622130357206092,0.286911112617872
270,6,-0.159840751446631,-0.0860549108810354,-0.761347207456687,0.485088501691695
271,6,-0.125764921266601,0.623039609274388,-0.356502951113203,-0.0550264364459367
272,6,1.73948276097807,-0.818022171209401,0.933035710347876,0.0436789998550397
273,6,-0.371045689767394,-0.314769898853001,0.392615222877709,0.0887920157603194
274,6,-1.49391354732932,0.0379761880553743,-0.554762667782039,1.13932333929683
275,6,-0.3477944105101,0.220756216829328,1.79268502214305,-0.124733730769174
276,6,2.20569452708481,0.682916711174252,2.00165656285996,0.18993916299472
277,6,-2.09335418741246,0.341914272149606,-1.54780516235428,-0.898395411364759
278,6,0.601110291234781,1.20346962362657,2.09996167847682,-0.412420305116784
279,6,-1.70189980859982,-0.694079055090025,-1.22734253174155,1.41529003712595
280,6,-1.28119403398326,-0.351008921509522,0.516437520289129,-0.471394969504132
281,6,0.250113273685852,-0.360227854028156,-0.73412930961045,1.64478526202152
282,6,-0.309265154656744,1.10890742103009,-0.265574151317467,-0.608983187554571
283,6,0.765210284089737,1.03141013643939,0.358450706393895,0.320780609272681
284,6,2.11267831545787,-1.54850706515495,1.19310797374646,-0.771065180288292
285,6,0.89160827446317,1.02986608806107,-0.946589229492442,-0.911343884374924
286,6,2.42495222349753,-0.299439579695685,-1.27067883275147,-0.994508346430914
287,6,-0.675904796749066,0.176377933951627,1.08599200623585,-0.310386932829999
288,6,-0.854136271902614,0.65552248645108,-1.38116821742216,-1.29482655847507
289,6,2.46319595390564,0.647489596491456,-1.30197356766792,-1.4356849174168
290,6,0.788629040700321,-1.22238780163892,-0.875828183046497,0.830799092228754
291,6,0.539375390705279,-2.01800357605549,0.377506297679307,-2.6684981056482
292,6,-1.14070658525486,-0.888102291355476,0.830397078663202,0.690625669117935
293,6,-0.52283815839057,-1.0873247883713,0.618466487424427,0.449815498521976
294,6,-0.852575046198559,1.94376276794882,-0.25209252788164,-0.718141535491768
295,6,-1.37140716707215,0.425767535175886,-1.18368150653178,1.64071457714743
296,6,-0.134625550998825,0.765558413606583,0.37950425640829,-0.944214378046711
297,6,-1.72102186441803,2.13968132698669,2.31960120075868,0.0763572461518003
298,6,-1.4011669566285,-0.349377652743857,0.228812826372806,0.439138160024024
299,6,0.515227217521905,0.903263156544641,0.992914618839622,0.00877549710642959
300,6,-0.5552398667519,0.841328930238883,-0.83082380398428,0.770139238349667
301,6,-1.44300763425879,-0.153002092374422,0.956224977077985,0.96824930197077
302,6,-1.69367846880884,1.15895146397,-0.23804918088955,-1.19042777596423
303,6,-0.528656124957325,1.35151421821586,-2.11731245717897,0.440211655750155
304,6,-0.0878894146224273,-1.97877748895655,0.897653494243381,-0.555972776785754
305,6,-0.600740607703094,0.129005012402426,-1.61450542048865,-2.04375731836184
306,6,-1.14841064660237,-1.61090121014413,-1.95435922273321,0.410191444011998
307,6,-0.615322053380126,-0.553963564580541,-1.84943549611038,0.135691388020251
308,6,0.436141654619643,0.271383690911659,0.28767412030697,0.366753467705055
309,6,0.0115772558029151,-1.06810784492418,-0.440099568443031,-0.864737536047591
310,6,-0.402924301324626,-0.0130031538432461,0.123682769493544,-0.19661754930792
311,6,0.205524324623507,0.945657885885988,-0.797300522461114,1.00958746370697
312,6,1.00445026468623,2.0558769747592,0.13556632832247,-0.279147834791656
313,6,1.48133947082498,-0.372381708163961,0.893745353396209,0.867015710545116
314,6,-0.665155975724667,0.0308745127661404,0.296991666883034,0.596273406390414
315,6,-0.0611524671220688,1.28099438693522,0.573182932417994,0.736206882759591
316,6,-0.600504024205443,1.19458525168521,0.952765431491287,-1.40246132860746
317,6,0.882126996193172,-0.751684522247231,1.85477880378276,2.3647181620482
318,6,-0.162026079448526,-1.09625103320354,1.00573022175687,0.654802606406628
319,6,2.1173503481207,-0.364135193744913,2.25205362114369,0.593720510547126
320,6,0.194677283642153,1.5444264602468,-0.565684073267995,0.953908248164398
321,6,-0.20955065784518,0.466894168305579,0.0865231292679799,0.991004022893771
322,6,-1.24801888009924,1.64852012102211,0.078160806751084,-0.246605572694735
323,6,-1.58904864518626,0.382698905271469,0.963648888587678,0.368642404789489
324,6,-1.88166027815908,-0.12075431163146,-1.0851291432851,0.561342359328893
325,6,0.924416016937001,-0.16468052235953,-0.00586820112201445,-1.26664268699207
326,6,0.337732300582682,0.247856980761873,-0.490345515623897,-1.20774884514581
327,6,-0.464216830062926,-0.540484278054884,0.980599279606638,0.0636426915063282
328,6,1.16859766816768,0.525062286275314,-0.88556155374306,0.115643858112112
329,6,0.454126412282242,0.746051706726299,-0.00660401161144433,-2.61619020927844
330,6,0.162424647681186,-1.43475435689155,0.620318403058238,0.876395972037247
331,6,-0.838417711201595,-0.484027130640577,0.207076286205997,0.253555758016146
332,6,0.823134500017462,2.62206134391873,-0.960032654330472,-0.43689321351736
333,6,-0.709575219157764,0.603842581254808,-0.461717343309903,1.05378653851996
334,6,1.90987716288922,0.967920709947598,1.11873478593486,-0.203549626667466
335,6,0.197927198512833,0.598348931577754,-0.309062381938211,-1.03581941119379
336,6,-0.443436176865342,-0.459354489962461,1.39532046482048,-0.296957659222064
337,6,-0.264049759638905,-1.14753292126105,-1.86311805495649,-0.0961818476490453
338,6,0.415457401027102,-1.06250761641715,0.652861498096345,-0.462645696404339
339,6,0.902356020331839,0.590182563261779,0.914527107671514,0.613226281731388
340,6,1.34819996406993,-0.240022028311348,-0.896990016538771,-0.569029683079751
341,6,-1.41331515359496,-0.440883168346599,1.0725623359663,0.256108781808806
342,6,0.0321911047953733,-0.850532677821592,-0.176355449404911,0.42407555511267
343,6,-0.199661366721265,-1.58050353604832,-0.618169719159935,-0.233935961946291
344,6,-0.0771868773167889,0.463006088896613,-0.193435825798722,-0.369962854615729
345,6,0.510789736803495,-0.317554639444146,-1.05205504239947,-0.101660376997396
346,6,-0.304858876186322,0.252521430652993,0.174879828093492,0.669411643508524
347,6,-1.32683369492,0.301396842678855,0.822966342693712,1.65948048553695
348,6,-0.476052510027094,-0.753983950818618,-0.0177821949891282,-0.498270091512879
349,6,1.11448098462284,-0.653507337354751,2.63849160373317,1.04200749878279
350,6,0.738047106982573,0.607007104383102,0.180631633767034,0.0883044695895276
351,6,0.169850142907256,-0.169987695974141,-0.869182011902856,-0.0434018784931383
352,6,0.238820151249635,1.63698133161061,0.943626987350903,0.287732843931129
353,6,-0.250239609758752,-0.155123663535058,-0.860165536809455,-1.24049869354476
354,6,1.06910502561577,-0.230790105635739,0.192926179651898,-0.267144098540221
355,6,-0.827419616855297,-0.151253813801237,-0.707437543306819,-0.747192371428712
356,6,-0.329351859264095,-1.11816221957164,-1.92537542000628,-0.523163564215633
357,6,1.02192173365649,-0.207172274543474,0.41277943852257,1.35534445737142
358,6,1.03018807191977,-1.03749906814528,-0.0451644925793666,-0.579056320160517
359,6,-0.343609633302269,2.0012416625415,-0.241282982803194,0.374959341651152
360,6,0.0563216739988715,2.42541326005231,-1.94750208753851,-1.66042073098556
361,6,0.975133593522882,-0.73063495279794,-0.383553727649139,1.10042587131177
362,6,1.36472998632166,-0.53306674640271,0.25712808608106,-0.334376530118726
363,6,0.440984839349473,0.856371247654443,0.43695084916347,1.15561627567594
364,6,-1.29557930612983,0.910480663115498,0.53449975397773,-0.917352116323697
365,6,0.356046134340079,-0.386230699642291,-0.698890959205006,1.49092971279782
366,6,0.51102430629921,0.282842370427504,-2.15406572806992,0.284590288429593
367,6,-2.57423197088647,0.97506559260621,0.564018485836,-0.131606907939937
368,6,-0.0821943052568995,-0.810184164799809,-0.352335783440743,-0.66703372155403
369,6,1.44808564943684,-0.0281374043541724,-0.944148168959589,-1.29629990425317
370,6,0.621242282940413,-1.43705341448193,-0.546479522528653,1.02944344451791
371,6,1.57083149663632,0.941153538421088,-0.456888989297821,-0.894897104150656
372,6,0.156799417490094,0.987471908835161,-0.64538038083458,1.1227906371647
373,6,0.469532153325378,0.291410105169033,0.569272135094062,-0.873748900024435
374,6,0.743995728369834,1.35446086535602,0.147619857895107,-0.829968914297514
375,6,0.0177788631652699,-1.02580865170157,-0.272849381813096,0.987259688276296
376,6,1.88494175694909,1.29777714707919,1.27502002192112,0.369260379542983
377,6,0.0151196749262098,0.136493953012295,-1.14690876398713,0.281741763902889
378,6,-0.328337081093547,0.0338256702153998,-2.06623111724095,-0.873074082345705
379,6,0.271612298526306,0.938692376381336,0.082376984237126,1.3311250028133
380,6,1.3500621348642,0.254351675033553,-2.62505802484414,-0.849715077094966
381,6,-1.47853920826555,-1.11206823829589,0.74534884137712,0.285886639249564
382,6,-0.294081619603348,-0.927933027937695,-0.937288332812793,1.30535517289203
383,6,-0.703390071929929,1.94797855773336,-2.30378608552418,-2.4008968452945
384,6,0.393076885472339,0.817946143631528,-0.402529927521178,0.159428344570895
385,6,0.56680733170765,1.1397396871989,0.68386683201187,1.66137651193368
386,6,-0.797630656359987,-0.35632626471669,-2.36092976346358,-0.775094272415555
387,6,-0.250739799192972,0.380509508405364,0.535319114483816,0.329086739124357
388,6,-0.280872753118487,2.04406888102222,-2.25047411644179,0.255648661097912
389,6,-1.53082755090134,0.85277489999095,0.196810292764591,1.52224359653354
390,6,-1.49004452309978,-0.222211447582992,-0.00708488899917798,-0.0360902820507523
391,6,-1.35492866661173,-0.115512605816034,0.503847982056788,-0.255803661327189
392,6,0.251232489012438,-1.19255642812568,1.05838400402724,-0.357924028259751
393,6,-1.33478781251484,-1.21591904278849,0.392548038634375,-0.969514640205043
394,6,-1.81502156586439,-1.45266830146815,-0.604981798846757,-1.02912087219343
395,6,0.377243635183256,0.381992940392758,1.59069085670804,-1.27094185883423
396,6,-0.268855245170921,0.149530196201987,-1.81169111634744,0.762505785830486
397,6,-0.275265462631166,-0.299926893672723,-1.0788825099918,0.386175254910564
398,6,1.27549657507731,1.0633251047747,1.4792702941165,-1.46045960285913
399,6,-1.02236805082113,-2.15505768114589,0.198970348019497,-0.0423252260655146
400,6,0.0957210813899349,1.24940904613509,0.75522589557127,1.81594286660957
401,6,-0.375835713199316,0.159388535224447,-1.02734491143295,-1.56078100829805
402,6,0.174562932141759,-0.339478376233887,-0.213737892233726,1.19550879048779
403,6,-1.26440419535708,0.531761435246017,0.0164784813957962,-1.26910460494751
404,6,-0.287591003460651,-1.63524011453026,-0.998620392774209,0.315993113434419
405,6,1.15083018086079,2.06917468172871,1.07970207391602,0.746660408376542
406,6,-1.5336976905932,-1.28294739997847,-0.959670916650692,-0.486765432932861
407,6,1.29202756684842,0.699396560891582,1.1304351417763,0.782896784023124
408,6,0.664774210922252,0.808427844194077,-0.36104576087611,0.0350467952209097
409,6,0.528185704775597,-2.66380441424417,-1.23529322211169,0.494262226800501
410,6,-0.527409645309206,-1.36456699815638,1.41770981100666,0.082902283304988
411,6,-0.542030117872567,-0.291888743663727,-0.741311595772926,-0.603458523183663
412,6,0.528555039745967,-0.955608122948869,-1.50839891090604,-0.904832585962004
413,6,-0.877776582348796,0.618741291410521,0.558691210655035,-1.25341959422205
414,6,-1.32212262697957,-1.1133855836528,1.14943646598615,-0.668533330036821
415,6,-0.855116059579168,1.07152201752716,0.117225179828271,-0.450025819080204
416,6,1.54073080874509,-0.640466450590763,0.0776441849509008,0.343935185786741
417,6,-0.429871447597185,0.529412630295243,-0.493561054273231,0.274351797174255
418,6,-0.747807170734031,0.581073380430167,0.437064330622784,0.109155090329148
419,6,0.675399333461548,1.15111219696452,-2.01038444578493,0.972468636596971
420,6,-0.0284615490530574,0.994285356715204,-0.407609511176062,-1.4042455898129
421,6,0.6164704551496,1.02561995740763,1.12591439172147,0.522098746019094
422,6,-0.533935190977724,-0.840516624591812,-0.563025636645693,0.38146439870839
423,6,1.3065277637507,-0.567200150708473,-0.918725378863444,1.0029412109276
424,6,-0.823690732051706,0.0185461991100165,3.34280841850499,1.05173468171676
425,6,1.87892200619858,-1.96692250224578,-2.38797679977359,-1.21361921466109
426,6,0.0893218140448617,0.322412384706815,-1.42017006945698,0.786177059283235
427,6,-0.474958383119222,1.49748434238475,2.2652304170995,0.0183059529094368
428,6,0.175851755098882,-0.000491350083156891,0.0842077463803429,0.242955433417531
429,6,0.832075644296437,-0.710725430110938,0.17892598031354,0.568529681306782
430,6,0.647280729864,1.29450821141447,-0.452493141107867,-0.142789398211982
431,6,0.643372323479042,-0.859152916022991,0.871909867047765,-0.955573376524548
432,6,1.07724601884753,0.296067874440452,-0.315445674785563,-1.39139698709423
433,6,-2.13433531327932,-0.956743340133084,1.50076066838976,-0.300335914386052
434,6,1.85913239376317,-2.16782418734991,1.31110681234141,0.0572113147384143
435,6,-0.385686489039781,2.33169743990657,-0.574869470365171,-0.511401588552949
436,6,0.0212282253815224,0.988244806824323,-0.708236620305509,-0.314444739475347
437,6,-1.03971189493837,0.787607569478384,-0.490800821316566,-0.187547521901444
438,6,-0.129955236343378,-1.22430918243604,-1.4732936260816,-1.02574842064989
439,6,1.55177710717982,-0.6077309702593,1.79271597618439,-0.461609324986667
440,6,-1.60955953473877,2.1253871276748,-0.351561394572366,-1.54628207616147
441,6,0.785636635598986,-2.14189661077574,-0.104698143583359,-0.594065938815195
442,6,-1.04640689730014,-0.0747774551895897,-0.545900296846775,-0.427753943073232
443,6,1.42416694663056,1.7421830132856,-0.681140120103653,0.764292570508708
444,6,-0.180205224896327,0.772746602094299,-0.775973792525664,0.874374939163996
445,6,-1.61211749906747,0.438227212439317,-0.0730156582682153,0.919108647521688
446,6,0.0965108440790846,-1.16570399444156,-1.58748984055855,0.340540952455764
447,6,0.267486487175858,0.102644204533079,0.0948206971754904,-2.05612799205936
448,6,-0.502022092826707,-2.03847428661516,-0.503314941136807,0.485710023593415
449,6,0.828752859468795,0.441578462688965,-0.0246374298410271,0.752372204583777
450,6,1.04154557731964,-2.01725764706948,-0.812648232637792,1.7889628711082
451,6,1.53131951725858,0.101022948839951,-2.28054730688181,-1.41139606724924
452,6,1.66657664183912,-0.267463804154363,-1.97475776537198,0.608373356991951
453,6,-1.55913294409807,-0.798402987224344,1.67253201441157,-0.941174278859531
454,6,-0.161164714493847,-0.67435093221069,0.914421451629692,0.673702553832016
455,6,0.0353400522360852,0.138328220943588,-0.846858994991818,0.672567670878323
456,6,0.137564436287281,0.396809689500301,-0.40743536733693,0.495778081552171
457,6,-0.462334747759155,-1.33612187495505,0.639083344829885,1.30497537018163
458,6,0.564678057729944,1.11386052967877,0.518476964717081,0.0988239581992415
459,6,-0.379625449702902,-1.58559538043721,-0.082785439599938,1.13413694497621
460,6,-0.311975890862944,0.531679887911709,0.257590647818421,0.257890136599791
461,6,1.98933382104768,0.134363598177983,1.07273938315083,-0.504509099836695
462,6,-0.55724437103946,0.042490894410051,-0.655758865530332,0.974063767476465
463,6,-0.0283150346724306,-0.715506544829776,-0.528130917083136,1.72563192091629
464,6,-0.18533502751299,-0.524038214386832,-0.29528081068322,0.237178497131067
465,6,1.15649434471769,2.10000147206619,-0.66281666113912,-2.04424395679582
466,6,0.747765800375237,-0.354881774329472,1.13956845843532,0.378578848936373
467,6,0.082298917102777,-0.0962972103953777,1.70686806035975,0.419244542583188
468,6,1.24065021586432,0.744262188453109,-0.624382815767407,-0.768472537047823
469,6,-1.05025832470633,1.49436590945184,1.30064352968058,-0.360412963578192
470,6,0.596687308303528,1.67538877863514,-1.36724994569215,-1.3833509250983
471,6,1.60163646408595,-0.555361775909842,0.737340070710443,0.450159562211807
472,6,0.15355114604287,0.798996570308219,-0.839225494416129,0.356208314685821
473,6,-1.66111524733681,-0.00238234414168351,-0.773314159098087,0.876852568728916
474,6,0.745991681581155,-0.956904041350451,1.56704714358614,1.65422968290302
475,6,-0.391209186323816,2.78486254101528,-0.852696194233646,0.694260739087551
476,6,-1.58445156995205,2.08505444242038,-1.07979537576708,-0.138563204073742
477,6,0.592042187665186,-0.423373377631649,0.00489897764339889,0.494749719607989
478,6,-1.74665333709766,-0.477467078364185,0.482422350563516,-1.05295821344768
479,6,-2.20817401094229,-0.944188640931127,1.00349313142931,-1.43268182317453
480,6,-0.328432422363564,-1.37311201090627,-0.952743650233903,-0.223665853445292
481,6,0.7448685490082,0.651747264903179,-1.57943337337298,-0.498871462851251
482,6,-1.66975081461059,1.14033979705758,-0.870373283078715,0.0843669527157997
483,6,0.199062500803794,-0.363095150165854,0.0576661701196338,0.759498441525714
484,6,0.137280072434148,-0.925795610835966,-0.236756253073632,1.02770472626357
485,6,1.30989893852106,0.419018359215117,0.548542972088708,1.72006339615909
486,6,1.02158675774022,1.9947340245741,-1.04586188972641,0.159104793990981
487,6,-0.994866142487486,1.42468925145062,1.25412814486952,0.0605092143231357
488,6,0.805791759737672,1.28102702802519,-1.04606684732758,-1.8793807196844
489,6,0.0921873065121589,-0.204539544405215,-2.2674406971374,-0.699336101075715
490,6,-1.39442207886426,0.824350324213386,1.89534552909623,0.168477944727243
491,6,-0.833837041800777,-0.72136731370382,-0.41418971358522,0.292393544089653
492,6,0.0376398369504155,-0.386733789015207,0.245127180131861,-1.33697707633389
493,6,-0.383538060893441,-0.426251761975572,-1.01497907978346,-0.722054602676657
494,6,0.919201672351917,0.535130199071658,0.517154210062064,1.75552889945852
495,6,-0.347259225759185,-0.131515087172026,-0.199703922441762,1.95015810557642
496,6,1.05708759607525,2.95717898865817,-2.50570869554945,-1.13216119367568
497,6,-0.292462668477468,0.766072494879175,1.20789991820732,0.915286465045077
498,6,0.0532977756370251,-2.42679808190227,-1.49229461677837,-0.0708411938163778
499,6,-0.42853783153951,-0.548338204498434,-1.2645673924871,1.03195512253405
500,6,-0.371877817587846,2.04837689710575,-0.0541447815403359,0.0722603277541433
1,7,-0.428616853491464,0.729527753726796,0.994523345944503,1.27888201783099
2,7,0.0905531367719327,0.567328985256013,-0.639904761540441,-0.0829794074021515
3,7,0.105687129510768,0.955184922184647,-0.872435731010903,-0.654241579710303
4,7,0.280511815311018,-0.0386790570799972,1.31081796316625,0.698256632630193
5,7,-1.65323366160712,0.331158367211046,0.742774498517937,0.0276967083923694
6,7,0.42915531998575,-0.671321793501545,0.959653626237951,1.08666917701242
7,7,0.230732639941009,0.28295216611808,-1.0928227529182,1.96350436564522
8,7,-1.04566855715738,-1.28592253139747,-0.507762202149752,0.584093273787773
9,7,1.69933251678957,0.048236964962811,1.44238656007593,-0.77184445117287
10,7,-0.139332887634268,-1.07311543254404,-0.294618501913812,1.82169232660454
11,7,0.205106329297805,-1.42975178730083,-1.38816044001326,1.71320158713555
12,7,-0.766897783964577,0.657316037976043,-0.155495710973894,-0.813860907255701
13,7,1.22739859967181,-2.13781086064483,-0.335648493693634,-1.6156830229321
14,7,0.717817398104055,0.180222365650555,-0.736402931367427,1.10616615997324
15,7,0.0314708543965612,0.68210090721781,0.215056051641809,-0.0210906802445678
16,7,0.880276032504385,2.70226534264403,-0.558548423268452,-1.05750736200787
17,7,-1.92119916939592,1.90524531944171,0.341076247407735,-0.213747453704655
18,7,0.175807098703849,-0.764949134054445,1.17500719359685,0.413342432895413
19,7,1.34842626120467,1.42349810890041,0.196180429177955,-0.473896829654162
20,7,-0.103177002793455,1.51882572175552,0.0857477340264584,0.0974987002921469
21,7,-0.234282301594667,-1.87082619736842,0.799681104840363,0.832108748882511
22,7,-0.584439983218752,-0.789232866618431,1.98519597282338,1.14976984003744
23,7,-0.747978007599266,0.516918623471492,-0.483384909922375,0.456005671805944
24,7,1.00941249749664,0.906245325737793,2.12249570847162,-0.803939332219507
25,7,0.48058025568963,0.739282088701221,1.13533162786389,-1.43272420490394
26,7,-0.164249209506604,-0.298679442064076,0.937320487178682,-0.149968263776947
27,7,-0.764957323102414,-0.972915918275334,0.336382736095125,1.40389731862205
28,7,1.0279702832848,-1.50214161416867,0.352591186701857,-1.02498715646858
29,7,-0.741304327764266,-0.881731845556782,-1.60596807246174,-1.71228366562025
30,7,0.798143672560126,-0.361604572149911,0.348922354961715,0.237545555215889
31,7,0.916860603436879,-1.78287676640999,0.836053829650583,-0.517703631200142
32,7,-1.1223715802192,0.332059991490109,1.29959107771727,0.750622342954593
33,7,-0.415592391169671,-0.901150172805215,-0.795547128270645,0.744113278464349
34,7,-0.644382049539688,-0.175694972948524,1.53251806342139,0.363561441419835
35,7,1.3579247802272,0.85260086529994,-0.870934262066032,-0.166543737961836
36,7,-0.769749696925752,-0.913671120478013,0.319639175284923,-1.48167548269783
37,7,-0.477671927648977,-1.44271128007049,0.85817800870031,0.945446455652898
38,7,0.136792146187162,0.284764249271974,-0.361344043805843,0.609824119828029
39,7,-1.56732526557846,-0.449493987744205,-1.52671426196948,-0.958548227662056
40,7,0.261660717589711,1.77220958116614,-1.57746585599039,1.01602189659671
41,7,0.0818541034207364,-1.85902020888322,0.490339103201908,0.578287157591686
42,7,-0.699036268960926,0.0587167082389458,-1.31649035460956,-0.316344958480302
43,7,1.0955307285458,0.055698574078512,-1.4321379184725,-0.257769695854442
44,7,-1.44392975971713,0.0730567672637517,0.367709836094722,-1.76250887989149
45,7,1.02863399660617,-0.573541557588309,0.573640738758059,0.19503168356977
46,7,-0.287260183029654,0.0897707987014777,-0.879467345242372,-0.320669010910664
47,7,-1.13595106801659,0.655492934210705,1.91052745873354,1.04420776571503
48,7,0.140762929284624,0.107481229453091,0.0974765736983541,-0.105030880695971
49,7,-1.14017992443917,0.821119612973769,-1.40321898185863,-1.3579361052373
50,7,0.316365016223053,-0.878906542446445,1.08152928649806,-2.37507023683926
51,7,-0.865879972321458,1.3197136350114,-1.52586560860116,-1.60589844516119
52,7,1.94224002657704,-0.674237842650831,-0.107048555063768,0.59614894289354
53,7,0.384293144030801,-0.678787920152297,-0.462620714615688,-0.404434972346069
54,7,1.00767180949575,1.1295801887291,0.502525185421303,1.47342970355024
55,7,0.766859261673519,-1.01597679279275,0.333702993670371,-0.570628727825893
56,7,-0.604821928745221,0.227898429903512,0.348254099198632,0.563666100567419
57,7,-0.605770921261693,0.563702673244854,1.88389815996383,0.918324042572573
58,7,-0.657396329763667,-1.74309400445227,0.291680956149616,0.271852571339465
59,7,0.180042894772173,-1.81703787713071,1.11908342618694,0.884644863215493
60,7,-0.311761446249107,-0.110282749205409,0.425511316689837,-2.00855659996256
61,7,-0.166767646047309,0.716647683331153,-0.752406023139984,-0.992906457996821
62,7,0.893679145704046,0.140346068781424,1.46037390747838,0.056430371846783
63,7,0.213050857046145,0.719104507724649,1.4778575665484,-0.613227545706397
64,7,0.104089239081291,0.527462895954182,0.429911978008717,1.18451149294316
65,7,0.0770551740933813,-1.71048472652654,-0.327449340124024,-0.0674782859440986
66,7,0.837211910485815,0.120370575113492,1.25894336080998,0.563176890388562
67,7,-0.792918364443148,-0.249548537897912,0.961199190404552,-0.750139742997999
68,7,0.209051589741812,0.570378014606769,1.12804948282793,0.74520544175354
69,7,0.420021006764183,-1.1856840175902,0.258722602229995,-0.485369000190017
70,7,-0.390600792484923,-0.927883121250859,-0.210115972940989,0.285419067254968
71,7,0.739596546972286,-0.389209663048604,0.230963450165865,-1.28715427046784
72,7,0.591938188479962,-0.068420276626656,-0.365301004123044,0.762670072024749
73,7,-0.240716951461625,-0.360978342741238,0.990186518546359,0.398925741910601
74,7,-1.79173132623469,0.578307202072034,1.60440991485656,-0.590351893859321
75,7,-0.0843027599137817,0.877803534604935,-0.557324331288584,-0.12007605850498
76,7,-0.299217217011175,0.139511362678948,1.94460404451306,0.503034100475138
77,7,0.0558351266920296,-0.404159800218686,0.00401657639112793,0.0996811257048191
78,7,0.553854408490481,0.178509364579296,-0.36660622403102,-0.286737962696887
79,7,1.09172424407127,-0.306481386513245,-0.95403766399464,-0.283279910946173
80,7,-0.770451667946435,0.620155454581903,0.0884018657136325,-0.82110761677213
81,7,-0.319603903798237,-1.10608605795262,-0.298132362815885,0.127784885644249
82,7,-0.301539231021829,-0.139864316247269,2.10544275461848,-0.696408455828086
83,7,0.774853490404605,1.21019026997922,0.887535049271556,-0.733983708196659
84,7,0.856981170262522,1.50457253434724,0.862447515374884,-0.561007778419405
85,7,-1.35660421058604,0.469907068136282,1.84458721928147,-1.04021066794508
86,7,-0.174671770338963,-0.0715660104776331,0.910317075068292,-0.0487068472913861
87,7,2.93763088605513,-0.0966531867725432,1.04665609354634,0.667779723393495
88,7,0.261515193233076,-0.557314317069864,-0.771400489843004,0.358153997009547
89,7,-0.404870891628741,-0.468338907378076,0.760567729929605,2.08993253793246
90,7,0.146742319894314,1.49382582657647,0.113046490149793,-0.307571706199382
91,7,1.04321468055513,-0.783515927114235,-0.221498932278859,-0.830689893604896
92,7,1.23534039886017,1.32129081868025,-0.104735987916507,-0.0621166991953707
93,7,-0.245983454554199,0.621627055950083,0.0362334117483835,-0.858650432348293
94,7,0.905475908827219,0.584395602637143,0.517667974099346,-0.503220767826668
95,7,-1.03659635151464,0.636374010545064,-0.522539589169369,-0.288935156923453
96,7,-0.496625283141544,0.0714169623867119,0.490499510555813,0.0837824388386128
97,7,-1.63547148695195,0.90885078974799,0.701503240921651,-0.58168695354341
98,7,-2.61374833203826,1.57089076658554,-1.16226863388814,-0.142397527772256
99,7,-1.24418386514619,0.425370640942857,-1.58703650807155,1.01802937929661
100,7,-0.0762438249699413,0.0441082039259315,-0.751614409042378,-0.856949646908718
101,7,-0.626673061256677,1.38597511207613,-0.306459370080862,1.62776816002631
102,7,-0.176397280631465,-0.0126190277032626,1.54478063790562,0.440653776750887
103,7,0.978952054454447,0.332662624709789,1.34429524129478,-0.638791343599839
104,7,1.99841703233283,0.581420111099078,0.644443383693112,-0.350104711334115
105,7,-0.615784013974657,-1.22214750793361,0.495521876956612,0.987520525701219
106,7,1.57208462244987,1.22458469351397,-0.598328140861126,-1.7345077823234
107,7,-0.0331669766612952,-1.59032321299407,0.286136282739444,-0.42224792246459
108,7,-0.951511709868392,-0.414842320174615,0.0503313463565283,0.345107467393939
109,7,0.90995865322544,0.199329858741072,-0.769981387768742,-1.04795723755189
110,7,-1.26839949319335,-0.898324905691501,0.97442109451359,0.567303364113699
111,7,-0.129219055717762,0.900761265918118,-0.619070640980574,-0.276671128943084
112,7,-1.49729965321925,-0.0950171690161558,-0.766312073287832,-0.339631084795147
113,7,0.0617235978911232,-1.97931461056941,-0.659388940310817,0.57145984768132
114,7,-0.635507683301453,0.859260657299583,-1.4535142911889,-0.621370810443991
115,7,-0.457232050793992,-0.625445602640285,-0.480144250200305,-0.725191929098367
116,7,0.0492219934122757,-1.35051004053529,-0.77766599264605,1.55979307709074
117,7,-0.765776701663762,0.378218527709373,-2.16591418877546,2.25676372033923
118,7,-0.603160163545091,0.535534462927505,-0.224965423040419,0.325355733061731
119,7,1.26391258697726,-1.18253821564883,-0.971165415245586,1.83392537503988
120,7,-1.43286452862557,-0.752502130909196,0.437247130444935,1.27703686260537
121,7,0.87980532738951,-0.791656510156811,-1.51280610845663,0.704500527924131
122,7,-0.906161941926174,-0.873922321144128,0.208526610141832,0.0981073223787907
123,7,0.412606105871643,0.739442820823241,-1.03609200039065,0.00435412447539176
124,7,-1.02731649135895,-1.95458101310242,0.584098127236893,-1.18631607990296
125,7,1.63829548102881,-2.73588266905138,-1.08790238859146,-0.94186362646261
126,7,-0.422394450703034,-0.480898094165062,-0.349103964501361,1.11064621404541
127,7,0.446646892072691,-1.09307267205014,-0.677820545016554,-0.35759609406062
128,7,1.25760265305831,0.781011492198077,-0.305123939731514,-0.381400215580547
129,7,0.282009070944734,0.576479888939483,-0.665089732331258,0.0445967132260173
130,7,1.09070225446691,-1.61972675405297,0.231703997882596,-0.241725531070683
131,7,-0.87305729921086,-0.412717096234612,-0.356141194861844,-1.64512093355083
132,7,0.514293288381522,0.207457231643986,-0.5244611638225,0.244123292383914
133,7,0.556127159023025,-0.522489400814855,-0.38074949383958,0.854135054445407
134,7,0.576408133159202,-1.75715434653111,1.17676023321065,-0.847907388127067
135,7,1.66010384592619,-0.345302022706284,-0.90263020907853,-1.05359638463924
136,7,0.00197301188044091,1.11777377873445,-0.967720012156173,-0.59291235718856
137,7,-1.11695930199937,-0.490666931963073,1.88017699221797,-0.205551698642456
138,7,0.42702574264805,0.586059540976383,-1.4655808724614,0.0724681309131253
139,7,-0.2737152875232,-0.316845140739094,0.563725105472372,-1.26730808963292
140,7,-0.769552388491889,-1.84793149404219,-1.06815987951455,-0.724658870593374
141,7,-0.432845280466484,-0.465140414887583,0.765376696994775,0.163068998144518
142,7,2.57688510761969,0.260494779142144,-1.09660299790843,1.21449132171479
143,7,0.477591784738637,-1.02056952618573,0.707409002399141,-1.92969546523072
144,7,-0.507384424787264,1.28289573896606,0.115984314807352,-0.837197258277701
145,7,0.740961291540284,-1.73158836798625,-0.0588772485456063,2.34407181846705
146,7,-0.980803861288649,-0.131877184514456,0.231125853010781,-0.331580023952219
147,7,-1.20248503698036,1.01864386860566,0.249808943274376,-1.48891779754226
148,7,0.869994111485019,-1.00341257282845,-0.356151666211595,-0.168259840389281
149,7,-0.0412119917918004,-0.343673493796918,-0.607019543033918,-1.3637002098076
150,7,-1.20962253236309,0.505417300264793,-0.56859401111993,0.749981781021518
151,7,0.541354450583743,0.619134497171574,0.0522428094281435,0.648960794647488
152,7,1.46250832484727,-0.276299353749523,1.28998968066029,0.379969393279307
153,7,0.398146941623273,-0.0211594851033424,-0.138421637503881,-1.69196917048578
154,7,0.922274575550331,2.38024363364928,-0.716232231234477,1.3626633574146
155,7,0.765751750061781,-0.262717617547826,0.702710478526283,-0.0865354224167843
156,7,-0.0585070684907248,-0.591170704927069,0.218026012354717,-1.23082617074601
157,7,0.207290951123389,0.224145551181989,-0.371308034310698,-0.184877737439744
158,7,1.37302964511613,-1.44689540677223,1.34124904021074,0.655984448121766
159,7,0.313071813817275,0.468261687340726,0.157891589168951,-1.01701376138002
160,7,-1.41989791052869,0.628842166294836,-0.626300218024432,-0.381403139786784
161,7,-1.31778909228822,0.367704857301582,0.74196616136904,0.106537842401663
162,7,-0.138254534633722,-0.398109222286798,0.517055774378353,1.17521686289558
163,7,-0.755868258497146,-1.32500404088133,-1.21732712487082,1.20553629359199
164,7,-0.403363797662155,-0.587536978904128,1.88267364741123,0.287253550218234
165,7,0.158529075754516,0.597296835624183,2.21201057435362,-0.986288685452111
166,7,1.91702510551734,-0.719846337435818,-0.479344498955574,-1.68172727172674
167,7,1.24735924523599,0.658376377543136,-0.215274960072913,-0.0169109433079049
168,7,-0.373719429850575,0.671655125768777,-0.374185363070127,0.237204739217899
169,7,0.0868924087289421,0.371929849803586,0.949303404646704,-0.214010895569874
170,7,0.26706403967216,0.890953666642134,-0.209208564155627,0.75966745273989
171,7,-1.36171676672196,0.0379879751190719,0.19245037181428,1.04382113421469
172,7,0.420626370125809,-0.431510035925744,0.68767943390928,0.215767313624831
173,7,0.237317694232159,0.717064086873072,-1.20442326490856,-0.93468937848246
174,7,1.36346243220584,0.102272393478408,-0.91482433558382,0.978714549278369
175,7,-1.76497081586465,0.909177408104928,0.0273330188835123,-0.193134617648142
176,7,0.225828904442044,0.427056013851628,1.53716553248577,0.461340562142021
177,7,-1.51739457192645,0.61389143859752,-0.654624777915043,1.08893333166396
178,7,0.338693124680079,0.234091529654416,0.843474680601849,0.816448797695148
179,7,1.71080269375413,-0.0955359837716241,1.56139736420715,0.495073275377552
180,7,0.645819113787256,-0.845449941220407,1.05737449090885,-1.46680725246085
181,7,1.15415149760126,1.17727790380607,-0.450499331205717,-0.897691932681249
182,7,1.25027771217129,0.577960362537194,-0.0219323317515077,1.00313137924849
183,7,1.03480592541482,-0.545100232769314,-0.341628387179285,0.293419637082807
184,7,0.226015004015374,-0.56740436525694,2.44906779486575,0.754524289633924
185,7,-1.57497377615628,-1.9224904849641,-0.870609463702012,-0.263036637327339
186,7,0.0132559669947834,-0.167989299826235,0.265964388663509,0.119133529666366
187,7,-0.449192005275195,0.114095426714535,1.4535511630166,0.708113459190084
188,7,2.06654666726869,-2.13817470818588,-0.958132272763086,-0.847733044365586
189,7,1.1214784054416,0.501045241377261,1.70626577449213,0.636939822200403
190,7,2.23112313982612,0.0629457711212265,0.156454988970334,0.71268079685918
191,7,-0.0149463506298887,-1.18225685540751,1.11496272846087,1.16489135483662
192,7,-0.883552811170383,-0.426876523660538,-2.19925232295336,1.85238131844657
193,7,-1.40807516432209,-0.372540858919893,0.644168854924743,-1.80464336409484
194,7,-0.0131003313649751,2.28602870422644,0.278579501182771,0.29538179041692
195,7,-0.458588843456596,0.788512697369699,2.4747810957156,-0.0697254042647926
196,7,0.653936527038084,0.0774775323017313,-1.22394169009471,0.689509361950687
197,7,-0.141499078823277,1.44413170849096,-0.601722674283342,0.124249844406499
198,7,0.790821607023369,-0.354710919223934,-0.507792654106149,0.0447683577344648
199,7,0.912204272398866,-1.36350723273511,-0.912248936235172,0.229143118904499
200,7,2.70324770588865,1.72391652772136,-0.190156294938777,0.675700675772105
201,7,0.908234441179558,-0.174978196526735,0.891315980605039,-0.0308289959147551
202,7,-0.049478625686524,1.13392164430348,0.824181844320947,0.184916240879038
203,7,1.05231275676447,-0.647948795808198,-0.584634462617992,-0.692294655557218
204,7,-1.12453605430366,0.522297891880537,2.83113706403668,1.85188966873831
205,7,0.226187656313815,-0.218268709528045,0.249535660336891,-0.688458168880049
206,7,-0.47116444880702,-0.122452980080729,-0.429501400294536,-1.00981879340287
207,7,1.37498359885035,-0.394621424517942,0.367564714047029,0.740928108512629
208,7,-0.610153919276919,0.899973787449777,-0.0712817085610647,0.728718064480904
209,7,0.675049769409413,-0.66763074657114,-0.741470491482543,-0.846139060102763
210,7,2.25371497743789,0.0529324904222228,-0.0486346956805445,-0.0663986830160896
211,7,-0.447517192393894,-1.03719609768282,-0.418703871333166,-0.149188284962336
212,7,0.715401132660257,-2.46392772593832,-0.693515471841804,-1.42771113435058
213,7,0.686664965739901,0.146800925325192,0.0263994460329742,-0.397142842480043
214,7,1.95222404790547,-1.35547454567144,-0.747033712832293,-2.36197473861528
215,7,-0.328845301832427,-0.879017306098707,0.724337912414445,-0.477522696144947
216,7,-1.33357346708038,0.182268883207049,0.976064684158014,1.43193789177572
217,7,-0.851485000784398,-1.06164254599512,-0.819554480369426,-1.84573276824881
218,7,0.938699674436277,-0.526562087038119,-1.68274509982902,-1.09555786516695
219,7,-0.847323006916004,-0.767959520817287,-0.961902653516518,1.56601951946932
220,7,-0.671596519975023,0.22519322492057,-0.386190594270356,0.423080597820527
221,7,-1.10532256600729,-0.870364427027382,-0.715736431608694,-0.581756481077317
222,7,-0.826303861889297,-0.234895428000181,-0.122520037651464,-0.4581139190149
223,7,0.231856188445618,-0.565456783137758,-1.04414474321644,0.250197611563733
224,7,0.222740813706691,0.594177472449418,0.0902334900277522,0.752397546127661
225,7,-0.428100683758546,-1.17852376717713,-0.136403668032408,0.274480423919047
226,7,-0.744251740811739,-0.680261973608782,-0.110377409771531,-2.18793874871793
227,7,-0.074216631836565,-0.2775598827021,0.0359067673678825,0.381720798161371
228,7,0.0191066997125896,-0.627673268955463,-1.69376498855033,-0.285550754854374
229,7,0.259718653530156,1.36280109576118,-1.509934421043,-1.05048317776049
230,7,-0.621650639017458,0.153490824931008,-0.121866396686957,-0.948972912194463
231,7,1.93614553149736,0.101601329121179,0.145609303641723,0.117186011821782
232,7,-0.356015706556344,-1.55825851109624,-0.207633283035091,0.283069543159718
233,7,0.00850218446953334,0.128006841074397,1.70142376485881,-0.663129144098488
234,7,0.0568181243596373,-0.820424058716563,1.0623133318515,0.56585520432121
235,7,-0.621416502588962,-0.588362835484194,-0.12317782080008,-0.884342330919001
236,7,-0.414803483777308,0.0321754197004152,-1.7493269791072,-0.0171772586220397
237,7,-1.02099820146821,1.06315084790777,-0.22138593630572,1.07439442518432
238,7,-1.94220056585053,0.0500112058877943,0.319496828828951,0.154046614887709
239,7,0.140703436887628,0.508500488544368,-0.868488645269493,0.9499337120296
240,7,-0.315286909461757,0.222223713351406,-0.743465954527642,0.673311050018297
241,7,1.13235437877702,-1.73374231168888,-2.24787159893956,0.921702725582008
242,7,-2.21007743437933,0.1219403888074,0.865123593511193,1.49899010580659
243,7,-0.557231638172897,0.925965115451564,-1.01972961956674,0.863658328823529
244,7,0.446793994522083,-1.45219971507133,0.213025867198178,-1.19938654253851
245,7,-0.221371666744827,-0.740160813047677,-0.110998990984713,0.881399745111886
246,7,1.11297041746064,-1.24997594814474,-0.173833354825719,1.82579772346192
247,7,-0.5825793480127,0.888180679066948,1.16906694911375,1.41999534955426
248,7,0.421856726385686,-1.32501488563335,-0.539118765071329,0.3576487143863
249,7,0.332527790161396,0.734046370360775,0.535521029020819,0.873776299296867
250,7,-0.212034419817274,-0.0299864850814522,2.525322492188,-1.61769826150575
251,7,1.65439421913205,-0.739697040599575,0.176252031334132,0.686866994994831
252,7,2.0414213629626,-0.300074026714062,-1.43959016936939,-1.20291827638396
253,7,0.374067376151222,-1.07169279513787,0.38369673249118,0.865140956148559
254,7,-0.0938957664818298,-1.60653572302129,1.52427147750436,-1.17608367937913
255,7,1.78782383969961,0.0938563643750949,0.948017120035449,-0.0901549562435481
256,7,-0.0360231927077231,-1.3805198686618,0.13155608326638,-0.62725875441928
257,7,1.66519102996712,0.247807595174434,0.892145908342889,2.77593269622784
258,7,-0.41339285684299,1.77566700630192,-0.309289723020642,0.569329632412489
259,7,0.110076122759884,1.25296356096375,-0.172167508957291,0.0921855024613037
260,7,3.5751914962192,0.0725961419781568,2.65437737800664,-0.513446536988677
261,7,-1.01948040065219,-0.581582785433362,-2.23986030718553,0.148351285467974
262,7,0.474327898746686,-0.301244035070781,0.612509969694097,-0.100326631147794
263,7,-0.358016200940232,1.28267062952768,1.03741218901523,1.29793287477436
264,7,-0.814306210034896,0.105148836081078,-0.643357814853646,-1.31372276878615
265,7,-1.81348343798796,-1.40853663114367,0.588093743896076,0.284965605332099
266,7,-0.892370217223332,-0.955571976085505,0.804199882809506,-1.23546579852603
267,7,0.277064259756533,1.13088860233226,1.8593241909428,0.475476965977156
268,7,0.50340881570502,1.50008806888785,-0.844561617987671,0.566028386243299
269,7,-0.546386687731782,-0.37542451448175,-0.863166096155449,2.17969147202049
270,7,-0.404407010974775,0.736944388355462,1.10437650072942,1.31979754300986
271,7,0.263548563495457,-1.12707735854098,0.767676296484343,-0.594532598344998
272,7,-0.568298816111861,0.459325676378892,0.246305742475751,1.57676252526493
273,7,0.28287979304927,-0.443211364230688,-0.515237539244641,-0.123607139821951
274,7,0.165142946979202,-0.504056327498894,0.975488014783644,-0.539171294495237
275,7,0.70272221175105,0.799929802474436,0.36175890671352,-0.356498741528378
276,7,-0.204542969355978,0.407061874479264,-1.37310801075051,0.132850494230257
277,7,0.283798800012077,0.894677773061578,-0.193026368707064,2.22896200008327
278,7,0.780049873170571,-0.0461776192011644,0.0187921121388308,0.16082626575476
279,7,0.180352837802623,-1.00261960213165,0.0379673857118613,1.37402477127481
280,7,-0.720837646664027,0.141795596117525,-1.18631159786502,-1.21684242584406
281,7,1.21255542954825,-0.911105898517769,0.52637817263304,1.24267834237147
282,7,-1.36749994168348,0.0153575422509148,0.472319473297666,0.9659684286394
283,7,-0.531614149920942,-0.367035687525554,1.23500650492786,-0.967148796771499
284,7,-0.611001645732187,-0.962616719544175,0.310365896110602,0.349235256062947
285,7,-2.00183298825398,-0.707870430466247,-2.32476141776212,-2.98043833777415
286,7,-0.657285509778392,-1.31348665070133,-0.571517383009984,0.517553231610409
287,7,-2.15449669133389,-0.357458170080435,1.41966115991086,-1.13646662974043
288,7,-1.13578705535599,-1.13081856542388,-0.487464979769596,-0.659732157979286
289,7,-1.87477808781073,-0.79249599928092,-0.637664496173455,-0.582700120680096
290,7,-0.411134887091979,-0.555753465222434,-0.36990340560207,0.873168648359205
291,7,-1.37124510331142,0.98138266647029,-0.0132022522727274,1.29400250067042
292,7,0.586448388668592,-0.378447488448796,0.201745492884184,-0.97484045259062
293,7,-0.0648481286998485,0.503516380051522,1.07016721008758,1.24270222865383
294,7,0.788360256450578,2.19295148059993,-0.0929837700094854,-0.285806025927143
295,7,-0.216444771243884,-0.564866238584307,-1.58824701555129,-0.0501370164310713
296,7,0.265689328119022,1.26584750971288,0.290054881120771,1.18791498486391
297,7,1.31089582588436,1.42694783421647,0.935356674632969,-0.996588458293737
298,7,-1.04717479394618,-0.127751408987848,-0.179639093899888,0.0478433514600152
299,7,-1.853308446629,1.15316164540701,-0.15695441932504,-1.40543073999555
300,7,1.40416246602219,-0.572184750114951,0.0049534798828629,-0.985198326413023
301,7,-1.55807674216442,1.86800444119124,-0.899385481814224,-1.50243897664105
302,7,-1.12327607360763,-0.0915336299244061,1.73605582313535,0.425014749984211
303,7,0.682794041683855,-0.609687547132775,-0.322740117235294,1.89906642454883
304,7,0.00662899710924327,-0.205644998354759,-1.39028328272089,-1.48333972516528
305,7,1.20522158712372,-0.669062799721162,-0.711151179971038,-0.703423620457282
306,7,-0.79483135107873,-0.103956268195123,-1.30332642821504,1.19507356661818
307,7,-1.65419956232656,0.39634568241731,0.643558500154083,0.079249371190527
308,7,-1.42127977116332,-1.67702695568146,-0.690087220338887,-0.736401725307715
309,7,1.07424608070247,1.13283687209706,-2.35256920229833,-0.0197431173487855
310,7,0.103618668819475,-0.91118856056622,-1.76767585628723,0.411613870611453
311,7,0.496641499632446,-0.214971636348393,0.236146943915028,-0.472099752559986
312,7,-0.485796477943444,-1.11976205488115,-2.4419584558647,-0.248142778156646
313,7,0.24920245963062,0.564935363169816,-0.146384497667259,-0.522802434392469
314,7,0.185373382807535,-0.960143356852701,-1.52208102265536,0.664693730243943
315,7,-1.0161604551051,-1.230101672347,1.202976490051,0.60104106512712
316,7,0.0941715492540529,1.04237869858869,0.113582504702272,0.119263182308528
317,7,-0.258293089589773,0.314076524436434,-1.109949965513,1.9115154588027
318,7,0.494408950495158,-0.522068006968608,0.351284228202434,-2.67087650972093
319,7,-1.50180745552541,-0.450117818162659,1.67592888270696,2.0497727190908
320,7,0.935305813727137,-0.264915451663162,0.0407964066097418,-0.0364930725153592
321,7,0.716141489108471,-0.0495039957447535,0.0763701294841754,1.09335786274856
322,7,0.946281302311508,0.820606762920024,1.68794105626322,-0.745960036784781
323,7,0.684700102027873,1.0576188706546,-1.15351156954208,1.54806607865719
324,7,1.80374460348347,-0.258821530234137,-0.00698666074337211,2.3394065822655
325,7,-0.591178097916554,0.610854145000587,1.03307515865565,-1.04855782412715
326,7,-0.251153421997832,-0.891714356464016,0.614177872529957,-1.04019162596724
327,7,-1.31726755491515,-2.07667048688833,-2.13570274302719,0.0903092108457907
328,7,0.568331889299627,-0.453953505249822,-0.280942146681904,-1.64707719885364
329,7,0.787400962183966,-0.970996074910311,-1.14779909372408,1.03269122384504
330,7,-0.993564258525717,-1.50621607428766,1.7191910780194,-0.510573025449805
331,7,-0.816009899363892,0.886630527080868,-0.578941345313964,0.975351821579632
332,7,-1.0947982750846,-0.801319856106603,-0.343067547627399,-0.603362054876748
333,7,1.44609679247889,0.41260534991201,-1.19063229061149,-0.86271732600782
334,7,0.314744795182101,-0.0356679235240206,-0.388354204720349,0.441012308060179
335,7,0.918001722262456,0.130462149394481,-1.17487995653292,-1.37216225300379
336,7,-0.489715168884569,-0.218432600432562,-0.474340666695798,0.139987201707067
337,7,-0.330322309479954,0.00616365160948719,1.70386913926715,-2.3153483536875
338,7,-0.0104102756437083,1.01582979822734,1.46618226886376,1.18824723581898
339,7,0.626321635434018,-0.0132271236063012,0.201013587727623,1.59922652960956
340,7,0.3759887043395,0.69988402545099,1.7892778654904,-0.549511991709138
341,7,0.405696242469938,-0.122004364792104,-0.253783389975229,-1.01990041637494
342,7,-0.13225510105093,-0.950023073289943,-0.444241166767904,2.44823053800086
343,7,0.612090071494105,-0.262237490998125,0.399984092332229,-0.650858902021159
344,7,0.934353247266411,0.929523983047986,0.207092647194213,1.02955004849345
345,7,-1.25383744935283,-0.184691295356556,0.760544873535643,1.54202373655745
346,7,-0.754130730523843,0.912584320112268,0.538513225604296,0.819586812556092
347,7,-0.24417377868972,-1.15213579159185,1.73474235874136,0.627147114319112
348,7,0.107044055000447,-0.348727788456189,-1.2745655255029,-0.247185910601552
349,7,-0.538530947340279,0.545593379607427,0.105456226650053,2.12611814685304
350,7,-1.10077410011779,0.397427468579771,-0.674672591833119,-1.23907714283669
351,7,-1.57203795640981,-0.124492696021626,0.419107921320031,-0.286903879643951
352,7,-0.731012072665725,-0.96617307723772,-1.26742774754493,-1.15622504218719
353,7,1.8122949218422,1.71918578309316,-0.295753291193014,0.193814795197616
354,7,0.521645786814625,-0.971138917721207,-0.677720266350414,0.988599475633335
355,7,1.88587586925588,2.26899204273403,-0.0968239553131523,-0.625798394712623
356,7,-0.18743742270893,0.383165642771216,-1.91654287003122,2.22118576926917
357,7,0.427062925485732,2.120464315585,0.807751655375899,-1.08353066942475
358,7,0.834563237242668,-0.104177948652248,0.567976181574233,0.73520903604717
359,7,0.520112500898695,-0.86298170794748,0.769823636649794,-0.247844069288202
360,7,0.996116347371356,1.19147473978526,-0.333205588540343,-1.12025403624669
361,7,0.598087245597705,-1.42404210565515,-1.5387443689889,-1.0671227566183
362,7,1.50871865121949,-2.12482036374849,-1.78172017721665,0.46971316814538
363,7,-1.10979527764616,-1.19115815953276,0.969025899352886,-0.0952762374487611
364,7,1.39592010672168,-0.138613654965507,-0.161109386656709,-1.03374887861999
365,7,-0.373502971621954,0.0282277916686534,0.94586039338476,0.152681619607721
366,7,0.381727699126964,-0.527170534205503,-0.190144243800633,0.801466683281778
367,7,0.186974951241129,-0.509856392771819,0.00374158142933451,-0.826336785694293
368,7,-1.00925661121378,0.753727528209562,0.0996735019744403,0.688218465942516
369,7,2.11660741114117,1.34441509217682,-0.252646981969874,-1.19107415107227
370,7,1.56486772347715,0.0801422367674751,1.99751735965318,1.71953267313239
371,7,1.34949738535876,0.565496062829341,-0.644213116249621,-1.11766013838702
372,7,0.122558880131274,1.13101189191504,1.22704720019599,-0.880056958324337
373,7,1.10344006324322,-1.3106765422927,-1.1835824853883,0.00183218946638985
374,7,1.40040283269402,1.67932228812833,-0.0386356815948191,-0.119774248188901
375,7,-1.33872361923456,-0.631124591535305,-1.80762489547239,1.21484737258193
376,7,2.2521801145393,1.82028789109883,-1.56358499225383,0.00562075048815337
377,7,0.935804430604199,2.39231536091627,-0.730484084299706,-0.165420191278941
378,7,0.350719313901486,0.557894326047705,-1.16663893988059,-0.745817544042339
379,7,0.469459358996144,0.167153964382333,-0.63036999669234,-1.10081293789069
380,7,-0.544264947805805,-0.344713904613277,-1.084055676569,1.45615593613993
381,7,-0.34853153860322,-0.16043015697011,-1.85751505534428,-0.0943064309539049
382,7,0.978165893222442,0.0534493907207528,-1.04846968714948,0.203843115241318
383,7,1.35352436599659,-0.0423858606572655,0.392075558353908,-0.0698160038987819
384,7,1.89742002929883,-0.878572321774284,1.43102962437247,0.305107185548225
385,7,1.16661817520926,2.20486280282507,-0.488715522547532,-1.20366787966651
386,7,0.226363091398293,0.719918872304549,-0.0587589629313519,1.04239484027563
387,7,0.0117760028788433,-0.921820841759945,-1.27639739223181,-0.464924451923353
388,7,-0.612098564608432,-1.41820152921384,-0.778063380817107,0.522157836184511
389,7,0.184747460602906,0.320625690282963,-0.424912514951428,0.280126145312401
390,7,1.52177978138928,1.38180183706751,0.723641496761713,-1.08762052388304
391,7,1.35322455176524,-0.199284264360513,-1.64012912938035,-0.170451326943192
392,7,0.613565991610102,1.61921272345394,0.278734210797598,-1.7756223343453
393,7,-1.78038846418275,1.59992422179652,-1.95992601576523,-0.173000954464733
394,7,0.56774047632943,0.563736748435417,0.452215161062966,-0.266250889218351
395,7,-0.610149425382774,-0.42739280456148,0.0511845014363352,0.727397283846276
396,7,0.459532372830997,0.211481247908108,0.0097747799690703,-2.29066884359297
397,7,-0.66944978016681,-0.758512176967132,-0.0757493052729455,-0.614693802265187
398,7,0.874406915603542,-1.10396195190201,-1.02296851067357,-1.76789043466391
399,7,-0.555959763940718,-1.21714110872899,-0.624077673561499,0.583616105840441
400,7,-0.0415578670227879,0.973623245121567,0.881055629490541,-1.17716915902652
401,7,-0.269526967260427,0.414053317435408,-0.482266038314492,-0.411450387818634
402,7,2.46964658715921,-1.70493692960909,0.272523465249589,1.98575526542703
403,7,1.1837124999783,0.717147538311437,0.29522281494997,0.332152160054558
404,7,0.172568568507796,0.521327207295576,-0.0168784552333112,-1.44046008321836
405,7,-0.0199476824303968,-0.304629250714312,-0.632944753861196,0.871897319144536
406,7,0.635144964892687,-0.214755234242714,-1.53526038214331,0.721994204014067
407,7,-0.811275005820062,0.394815385037142,1.54594793077559,-0.770147552663054
408,7,0.575811344472887,-0.0551934308222687,-0.706975380996271,-1.0385120871003
409,7,-0.854439828372498,-0.846698039032538,2.90284266916449,1.17199087127904
410,7,0.451504503285754,-0.0431347748736037,0.414857406483619,1.66350091179636
411,7,-0.893755305322443,-0.42859665266576,-0.114180732722545,0.518880938154023
412,7,-1.60304402239437,0.911407170146515,0.563284235915868,-0.142837498862277
413,7,-0.242338525327639,-0.56463376710102,-0.822230213580919,0.955780771399812
414,7,-0.481639633861204,0.379280302794652,-1.11913360874431,-1.59191695479097
415,7,-0.150933035216348,0.122977750129504,0.262791484015391,1.91180806027855
416,7,2.27906391580923,0.501522182260639,-0.306897819083958,-1.27563728837423
417,7,-2.37742262113857,0.847946355728702,0.280181246191521,-1.38730268935299
418,7,-0.718790876717814,0.185270219083425,-0.602402075798919,-0.677415457224342
419,7,0.508524245185903,-0.438855008468356,-0.463778490355477,0.726019415115898
420,7,-0.0241383526403185,1.01622555813725,-0.663263424199411,1.75693173122562
421,7,-0.409048420576284,0.743651591144224,0.697988307814849,0.174385521385488
422,7,-0.145200532683643,0.148713419994981,-0.899262130174263,0.454845637696126
423,7,-0.931769126814043,0.604774930124077,-0.874086895842848,-1.83473949780647
424,7,1.05390490092876,-0.883641169235314,1.2544200470556,-0.414852760558079
425,7,-0.96690416178045,0.235158360073211,-0.127422061451226,-0.551618958219864
426,7,-0.969722111039838,0.511050423494167,-0.639695137050878,1.13344285758617
427,7,-0.33399550518964,0.398806831274559,0.742637381408768,1.23164803947166
428,7,-1.30548708579012,-0.166443113892861,-1.3650588046931,-0.740848498342257
429,7,1.06283666736148,-0.659375193713365,0.781906262399888,0.735430386746904
430,7,0.629600824934282,-0.843719821905725,0.401345077295394,0.700830464691014
431,7,0.334065964551339,-0.617936025398888,-0.434446740341076,0.140301455250528
432,7,-0.281439705318019,-0.638816368153617,1.17745720511961,-0.779814590793079
433,7,-2.23811033834306,-1.31909339621585,-1.57817694703732,-1.66299539133433
434,7,1.00268362133259,-0.756902321899016,-2.04848765301908,-0.846063501751837
435,7,-2.07803754292089,-0.422600014352307,0.148380172485694,-0.9586387530789
436,7,1.58303020570706,-0.923025427506824,-0.498420883077533,1.02218167049794
437,7,2.1353336739415,2.70141871492514,1.00948301830492,0.453702838409686
438,7,1.22192072487821,-0.412779952621072,1.17292645754301,0.135268574017297
439,7,0.138351284619663,-1.01481550423977,-1.30778419405956,-1.43398845727173
440,7,-1.64071268322471,0.549738520221464,-1.36561834772596,-0.416935221641942
441,7,-0.384847761913515,-0.930641278928848,0.150848360848607,-0.436848571093971
442,7,-1.35013742378167,-0.248228083324981,0.861319140496969,-1.82216978311833
443,7,-0.00932743994671372,0.196600520907488,-0.254670097613276,1.43525636326411
444,7,1.44339988660383,2.19908979381456,-0.883024908378954,-0.317886583308723
445,7,-1.03524649894988,-0.378261414307565,-0.348855073683332,-0.604864882980638
446,7,2.5800979798083,-0.120069070969035,1.64957148326604,0.212391959098137
447,7,-1.70604051036701,1.06550987230624,0.553574853230732,0.586750705085504
448,7,-0.915172787403036,0.133130838062538,0.313684934384699,-1.24104463688044
449,7,0.716382789744306,-0.335546603097859,0.0999637133042427,-0.533785487815062
450,7,-1.2613067915824,0.973410356326789,0.612834879748565,-0.315125766846135
451,7,1.44667136611502,1.08993223830259,-0.650247712471182,-0.856423813433478
452,7,-0.837040358582595,-0.925033318141336,0.228793846345168,-0.788066539820642
453,7,1.4720091259346,-2.19474913127319,0.310955990975724,-0.237907619690977
454,7,1.68208829722124,-0.448825991461851,-0.102549551963389,-0.0258876094327254
455,7,-0.192008746876543,0.145689510577326,0.458479259231023,-1.3706869030628
456,7,-0.520702131055112,-1.39266550248851,-1.61457161868552,1.93844162605092
457,7,-1.89015599920999,-1.17069052291454,-0.477814792610847,1.60796228667618
458,7,-0.133555022723995,-0.011782723793767,-2.00071704225415,0.110830080302051
459,7,-0.484829347280115,-1.18059080138477,2.25333399846032,-0.736428606628115
460,7,0.828782156204882,0.0869856979320021,0.0890833646134717,0.808574803290535
461,7,0.0585918489977829,-0.900270445799975,0.0336762822120458,1.30634926487169
462,7,0.207471841649127,1.18749576156534,0.165604423112438,-0.488418321504421
463,7,2.19137135464111,1.81341220647739,1.576738546004,-0.161126736489656
464,7,1.26150462204965,-0.438489334143467,-0.701293866285358,-0.6134925455895
465,7,1.09886683648301,-0.589011070325616,0.53484114358345,1.07057656597014
466,7,0.431627273929589,1.71346291434839,-0.927827905835076,-0.519834533086144
467,7,1.57523126813565,-0.461398917981533,0.792555512680677,1.48183642080527
468,7,0.375174049973456,0.054935852571298,-0.94015868813601,-0.52398881931633
469,7,-1.18740046451164,-1.12101006307972,-0.992359803102335,-0.213287940886666
470,7,-0.303733079332608,-1.46189839642141,0.964965983219451,0.299980012140302
471,7,0.276853195364829,-0.737813722107561,0.814695579804751,1.09662360775898
472,7,0.161331240014968,0.429044187890619,1.05045164580889,0.260674054711833
473,7,0.00288543313727176,-0.655774704357653,2.06886319460875,-1.52983312864608
474,7,0.140370356764535,0.859788763048494,-2.16550964175218,-1.93167292396747
475,7,0.734665248181113,0.253471827774322,-1.34651520555032,-0.455347388611018
476,7,1.7752478726601,-0.779541737266067,-0.949759389706115,0.312961259943617
477,7,-0.893654385072839,-0.592558794351989,-1.54113895849432,-1.3067627628832
478,7,1.72980817554013,0.798304680819378,0.0389872042319394,0.124234508046643
479,7,-0.913194676254165,-0.500871873066529,0.3622672850498,1.18193651427511
480,7,0.514637901568589,0.0232826234241103,-2.1159341395616,-0.000793527743940213
481,7,1.61652205585578,-0.837750087112125,1.26642567898633,1.84114537086095
482,7,0.504535152568779,-0.832610383223579,0.102791084286506,-2.29971360426911
483,7,0.118754095268321,-0.28168511447586,-1.54510738863213,-1.58128205694493
484,7,-0.938279156464153,-0.752254154870559,-0.443905698695965,-0.371300286495004
485,7,-0.435283704754076,-0.970320980212959,-0.13718602444651,-0.0952903572207265
486,7,0.703299549854136,1.05174228653137,-1.06156217388845,1.13380425377509
487,7,0.393439082420272,0.365781396777133,0.0636618686093786,0.756967428818123
488,7,-0.303531686845823,0.870700914975143,-0.756835999221874,-2.27131861863183
489,7,-1.43446051772131,-0.374398118932827,0.0249423573633274,0.219620518261594
490,7,1.54234961627649,0.565932135700757,1.30989917562238,1.00913346283048
491,7,-1.56955397044862,-1.85373614081051,-0.155585170775856,-0.396291560014451
492,7,-0.336863763927086,0.825304238815402,-1.11745593822053,-0.166184387272884
493,7,-0.379096800486326,0.764360731409953,-0.331978264440929,-1.50121380092818
494,7,-0.0267814178895433,-0.804661284886054,0.209260169100885,-0.954912815278588
495,7,-1.21858693387206,0.764401750190736,0.179381966935073,0.341793958309987
496,7,0.280446934548508,0.688160210337842,-0.359814935532456,-1.46501847159467
497,7,2.74754849138597,0.326601630898802,0.441337020116086,0.465561222180329
498,7,-0.894936604190559,-0.233975880370666,-0.369353421294209,-0.474954972655053
499,7,-0.728808779721528,-0.65754077701048,-0.339811947122065,-0.87462026099493
500,7,-0.465628650008114,-0.502915118359587,-1.55669412977598,-0.272138456856708
1,8,-0.128527357339252,0.275791401571526,-0.458886411468411,0.884389043233326
2,8,-0.870544176238605,1.02293272690464,0.448940996326851,0.596742438918658
3,8,-1.59685234835906,-0.278663820767072,0.256190051194791,-0.743868234568459
4,8,0.145929197191834,-0.786909192160087,0.472610432050878,0.43770464910641
5,8,-0.241793832317827,-0.00130125798223953,-1.14134128675917,-3.06362397879598
6,8,0.331712546392081,-0.517712885418103,-1.09692451116316,-0.698958594129276
7,8,-1.81631451160212,0.329889240702452,0.60573091097267,-1.13931980336665
8,8,1.18119112650425,1.228033017876,0.278367304772303,-0.794150402420055
9,8,0.122489468180047,0.531318423981291,-0.598059157554071,1.32556065887867
10,8,-2.02077677875278,-0.516004072247664,0.362883828315246,-0.829905450896963
11,8,-0.73390324212283,0.0746525773871129,-0.193411287289336,1.07555170236027
12,8,1.75837783859954,2.26143019750349,3.17401422045223,-0.56774593713775
13,8,-1.41654033530091,0.853909760972554,0.939466954901879,1.32270805743718
14,8,-0.71321694119944,0.325343820072306,0.136434186036824,-1.78557829857489
15,8,0.577728859655914,0.542564233203338,0.673220610002867,-0.233385688529571
16,8,-0.563862450945925,-1.16783713528912,-1.20856919535057,-0.578263976274851
17,8,0.025773284744135,-1.39827989231117,-0.447652724677743,-1.82404743356395
18,8,1.36337779736382,-0.373593682539234,-1.121258609198,1.11797893533471
19,8,-0.295435272886562,-0.957478937404516,-0.180488350075889,-0.573619622249219
20,8,1.79215118184129,-0.98647418352243,1.07405673780915,-1.53389556215862
21,8,0.0763545821861148,-1.23983437701998,0.796476528971851,0.461469243209425
22,8,1.51546726113268,-0.238318812079919,-0.737873412504723,-0.436957068160848
23,8,0.792703666934241,1.99059414476625,-0.677999040544342,-0.486387787237187
24,8,0.239849678254488,-1.18035920975132,-0.163356943282162,-0.0568763657915218
25,8,0.920968345501243,-2.01810645334617,1.72807535054476,2.36020112351199
26,8,-0.619390598576141,0.280236566750795,1.45817593355446,-0.613480320668224
27,8,-0.164481764225193,0.494629984059002,-0.484931029546193,-0.388464178681253
28,8,-0.779414630792279,0.38310010151452,0.0780973158182024,0.922485362695155
29,8,-0.851682639528415,-0.305215868591014,0.155065110046262,0.53756013367201
30,8,-0.0872285978271865,1.11716159368268,-1.69218378470169,0.196489843690292
31,8,-0.368912939934709,-0.783833338450038,1.24595863239577,-0.688667139330262
32,8,-0.249142054035435,-0.684623709061472,1.09385931081639,0.198734026470741
33,8,-0.215270043440227,-1.51266487601298,0.474799732861944,-0.413990203513458
34,8,-0.447875257237001,0.536424383503661,-1.15687002348559,0.59051196778546
35,8,-0.612387840837375,1.70937333554759,0.533789318111094,0.940413353793745
36,8,1.32429981048279,-1.94862564241268,-0.611314262868358,-0.760103422779252
37,8,1.20686724308829,0.10546795229786,0.59039677361005,0.81903833335446
38,8,-1.16527817860828,0.258250925572869,-1.30195404763577,0.616821679874459
39,8,1.52290507263572,-0.119750255006669,0.929601244129473,-0.520194054170051
40,8,-0.914954886387912,0.749684992306415,0.661189700318519,-0.182454705872112
41,8,-0.240953444179662,-0.254580588035384,-1.80145917352788,0.204944709691748
42,8,-2.35612308744313,0.414815539849047,1.12517530886132,-1.31425574482731
43,8,-0.0352575021080893,-2.07340627808623,1.08323684168355,-0.151171587062713
44,8,1.17364220708172,-0.393776896374875,1.07271953485962,0.410641369051887
45,8,-0.854884603329973,-0.758451969883973,0.787304893541391,-2.02098014268498
46,8,-0.719207614796739,-1.88955611466251,-0.344628550077295,0.739043585386006
47,8,-0.243332623975391,-1.20517228514447,0.285924581335794,0.769204142983934
48,8,-0.976087429073494,-1.07872644587778,-0.296565736734811,-0.651892045441984
49,8,-0.0366939157582133,0.211222724197161,0.779075861353878,0.0554523465617911
50,8,-0.815380074670416,-0.596640616348695,-1.08676754082406,0.476221392911109
51,8,1.33827942643601,-1.32277549250306,-1.21325764863118,0.137544844600302
52,8,0.251075028919555,0.450845620196114,1.05465357312717,-0.549990809960032
53,8,1.32928918125741,-0.854537858280951,-0.0914200034118137,0.909039820769105
54,8,-0.990063588765863,-0.373568499527485,1.93548854413951,1.25084924884182
55,8,-0.522109939313219,0.244578216420627,-1.62338819255854,-1.34745389209332
56,8,0.470470236390259,-0.114333194369405,-0.485149322578077,-0.421622409094579
57,8,-0.369805381671581,-0.913307305567867,-0.513269056557515,-1.91576062239612
58,8,-1.7125551757299,-1.55008600807156,1.60526512623494,0.513680359186375
59,8,0.833633007757772,0.982397067779987,-2.60698282522204,1.17148312980355
60,8,1.53572184717874,0.321543121588724,0.213247715220388,0.272397346396367
61,8,0.448450117563886,0.466698001609752,-0.881258186912743,-1.2891428711603
62,8,2.13679593511088,1.04411840567244,0.45084735480702,-0.768497044937748
63,8,1.54472157765824,0.894298623377163,0.878828673678931,-0.574241362109087
64,8,1.27404874691238,0.797625037605642,-0.210819282555851,1.14533465771466
65,8,-1.51285829731657,1.95456951996413,-1.94972297307972,-0.000897944575231514
66,8,0.336818821735607,0.677728111783095,0.620338554720021,-0.547101167269914
67,8,1.10882384171003,0.337141605811407,0.566837079746096,2.16301254198991
68,8,-0.39719807063789,1.6928404833726,1.04507396107426,-0.331590541081308
69,8,-0.378888037256437,0.391634426817146,-0.350554993304461,-0.339661059481276
70,8,-0.851245948764412,0.224732403329353,0.0271348128879631,0.781718509153969
71,8,-0.377479670970497,-0.0143636633254693,0.558630457365498,-0.254013307472956
72,8,0.490194062556192,2.12157971569435,-2.63117945565818,1.3276332107741
73,8,-0.599485077047672,1.83459914804331,0.314582606445071,-0.454785683285828
74,8,-0.0376837677839437,-0.120327357881161,-2.31691452993492,0.459882834286342
75,8,-1.56288616581351,0.720784622039433,-2.13149910942378,-0.686535480377109
76,8,-1.82125427550725,0.382689307468361,0.0662510758833547,0.320884201006894
77,8,-1.339898111771,0.356856234023513,0.736177260645786,-0.302937897355748
78,8,0.937789039478311,-1.74831963351504,0.895731146547928,-0.756951756995292
79,8,1.0684078396974,2.06679267190222,1.40042785442882,1.46019857040553
80,8,0.593198344918503,0.766765570777866,-0.140809993756549,-1.31940030997077
81,8,0.811140432260476,0.574562913862266,0.182083421303152,-1.41964619044362
82,8,-0.378293127874831,0.178349119638071,0.615736784954413,2.57322523450151
83,8,0.0242665594532455,0.325717251236054,-0.343951543841636,-1.47065596058797
84,8,-0.271662810032298,2.53329758592887,-1.05350910888015,-0.152013211534023
85,8,-0.369053013867451,1.31074386188486,-0.657064204542772,0.309833162330241
86,8,-1.01784399102278,-1.45233947502456,0.627256911887769,0.116213557264823
87,8,1.68429469993663,-0.335219169560823,-0.783720326638413,-0.719226013944638
88,8,-0.243450797416518,0.812406880325362,-2.07176453775243,0.033876881964893
89,8,0.548800222787655,1.26179812092983,-0.825049105168735,-0.67619997977519
90,8,0.628699364960969,0.679174440907051,-1.71142470206306,-0.567410384413986
91,8,-1.01332584920671,-0.416432333880742,0.870851198509704,-0.831283797204381
92,8,-0.705110924924159,0.962105969853961,1.09738633309282,0.214019414457124
93,8,-0.257975285073613,0.586229941086568,1.28445826176885,-0.672788014576938
94,8,1.3720196262426,0.312201823823582,-0.916885726315594,-0.263829430192656
95,8,1.98951586921493,-0.339590061698962,0.887623296041491,1.80536491312999
96,8,0.960979044821017,0.0996165143805819,1.04484207141668,0.395363078336831
97,8,0.0620100504223857,1.5396816298228,0.255647342762563,0.81908305605819
98,8,-0.66361502480742,-0.2873997078507,-0.19867438033991,1.26218352825718
99,8,-0.924541602381461,0.639849491605164,0.282494063272024,-0.739597712329295
100,8,0.853519731819474,-0.336724402214968,-0.602648942096347,0.904556576984124
101,8,1.81205316433487,-0.124048459635661,1.63371618549765,1.5744682065714
102,8,0.0850256144458197,-0.587410658682874,0.759897022826054,0.529602515016314
103,8,-0.236855598106085,-1.35386778660925,1.36951891205457,1.95294522323721
104,8,-0.792615237160398,0.675563716611598,1.05869620315623,-1.59970830178838
105,8,-1.83990479968918,-0.723025860074163,-0.78280376484919,-1.01752367845965
106,8,0.705765368511122,0.44958669777885,-1.27272475893207,0.0603779139065576
107,8,-0.261666646957783,-1.39921768880687,0.325965233896277,-1.05436344567921
108,8,0.867673863289696,1.34714370879197,0.803893272372917,-1.21841360364577
109,8,1.28955664322149,-1.29006351774838,-0.510552595831833,1.29305853495715
110,8,-2.59052458934996,1.75162898116152,0.827835004869401,-0.0252390560027125
111,8,-0.467670641628838,-1.78726849714232,0.568450665914932,-0.194151752339084
112,8,1.91371840381966,-0.343085938538912,0.886631182322715,0.588857884033657
113,8,-0.676732973460445,1.80031015228184,-0.0820354327666097,-1.57565557576244
114,8,0.563626103152253,0.935463780413079,-0.984337482018108,0.690478065002596
115,8,-0.992749736911653,-0.370054900519326,-0.065103734193663,1.04246126599848
116,8,-1.71316257666623,-0.522082987465891,-0.303294930888909,1.68476523102914
117,8,0.584595468729994,0.336113728491138,-1.42811336683131,-0.804014764462328
118,8,-1.28147558408826,0.543704635101321,1.30988630514333,0.0905540633943344
119,8,-0.409649491611789,1.21832686398696,-0.481839098090709,-0.418556362763497
120,8,1.31421249153565,-0.167020008789047,-0.419953658791068,-0.104598006730555
121,8,-1.70339089111269,0.29414093889414,1.82730421296026,-1.10890689749293
122,8,0.294313946626187,0.396121593689361,-1.73901282986704,-0.938252259703991
123,8,-0.600332123179708,0.321379699934783,-0.295299396817144,0.289241247857865
124,8,-0.162344415750318,-0.303218925458912,-0.753328483674984,-0.470320065363394
125,8,-0.515538284263357,0.25006261393637,1.0190470515389,0.200277883445741
126,8,1.19817313808742,-0.587694980074816,1.11201061637295,0.407943844724538
127,8,0.209097414676304,-0.144357370302647,-1.38566342783994,-0.176498132947684
128,8,-0.159048246706921,0.0874372789052252,-0.800562529171069,-0.654621696870486
129,8,1.43021426792898,-0.145342061068142,-0.675044018184133,0.167541465999203
130,8,1.42797811681525,-0.519754273101344,-0.622242603102062,0.65364105738454
131,8,-0.749857007782527,-0.338431973548883,1.96438946784087,-0.01456565871933
132,8,0.0435943978956852,-0.0510824634362747,-0.658137378753784,-0.0169383934964427
133,8,0.213838156439592,-1.00367524256542,0.139046103767844,-0.368766355490371
134,8,-0.1423605874842,0.0296946661643215,0.815181677939508,0.617615924738477
135,8,0.0818132514801631,-0.362094015640042,0.431523386523744,0.45646836696923
136,8,1.10938792980198,0.985274775233377,-0.516009704218499,1.95997676317129
137,8,0.221297846550382,-1.25104172114566,-0.56489768313299,-0.955175870529804
138,8,-1.392651272393,1.41032461382275,-1.37889839758406,-0.111248759105235
139,8,-0.157907612159847,0.247507000998413,-1.33182909102294,0.375137657519254
140,8,0.954280717803039,1.01929150080876,-0.532089958806686,-0.736226461166707
141,8,1.14972558365586,1.10760795827103,-1.8457017023209,-1.28177331069347
142,8,0.291791156080597,0.631628229792203,0.0476620465822774,1.53821626516235
143,8,0.198191686736861,2.66021283652093,-0.363280729734568,-0.691625755610735
144,8,-0.604888148732183,0.582738784190249,-0.188459388990223,0.369560328628522
145,8,-0.311748893152442,1.76917861594173,-1.83438935516843,-0.124129675412796
146,8,0.283249543350636,-0.0617051006106396,-0.238158965929538,1.03054361275519
147,8,-0.288378775273436,-1.49333126206136,-0.0256725570480324,0.868239277219038
148,8,-0.25712221847358,1.4782102028095,0.560474936677862,-0.419686835103615
149,8,-1.36506432259478,2.35158332287111,0.759345711872793,-1.02130866649876
150,8,-1.02921324081173,0.910245783965109,0.0440632552880924,0.0282805470375131
151,8,-0.513235278348105,0.0387210410231981,-1.13898114508669,-0.196216782328419
152,8,1.0246263088888,-0.748070838357818,-1.06816438239866,-0.803464943233016
153,8,-1.80971216497175,0.603887745193823,0.924654844995003,0.742334799395024
154,8,-0.596872588122528,-2.3505738081873,0.924590756705246,1.25330221099676
155,8,-0.435345483881026,0.555447019117644,1.24213207774284,-1.04018420105989
156,8,-0.899033083450872,-0.502967275058483,1.13142493963155,0.67051843561614
157,8,-0.0376316929310659,-0.407747522351144,-0.153705730209254,1.55880510294421
158,8,-0.106385488884432,-0.624460704541958,0.596189912518231,-0.185968917287926
159,8,0.227900005439651,0.034223917405968,0.599916522304955,-0.0562235517092108
160,8,-0.82410723362284,-1.1275933509164,-0.0194566540688999,0.796072871405178
161,8,0.048117936548171,-0.559360248188167,1.85790952969821,-0.328775695284455
162,8,0.350869528890439,-1.27725505377609,0.691863322575326,-0.253900838291701
163,8,-1.86015085468302,1.10890399847963,0.346946399909496,-2.26001127988713
164,8,2.55683292887858,-2.34682739861439,0.690458714791996,2.11315151841985
165,8,-0.632942350910965,0.523638892248994,0.510240510014639,-0.546611093630492
166,8,-1.44154153472826,1.23405458200597,1.0882578833474,1.12730323420407
167,8,-1.20119429858141,1.7598467727287,1.49620061819508,0.857439127553693
168,8,-0.989006588905299,0.406651650811115,0.973803596152446,-1.5105909580481
169,8,0.436237174907427,2.23002106147996,-0.934673459105467,0.180893130382352
170,8,-0.50842444449904,1.82978857765779,-0.828847829057782,-1.38656843082749
171,8,0.023458336332263,0.756530970719471,0.202320102440091,-0.9826574561261
172,8,1.13773263164273,-1.74391214493727,-0.835571579246576,0.11112517016095
173,8,2.13577412503144,1.11321678340955,0.221714914716276,0.375175860180533
174,8,-0.473008353437316,-0.133214261024888,1.11732467812718,1.46019559651612
175,8,-1.32194546923591,0.578871865205278,0.951278738595817,-0.583859156131562
176,8,-0.443213871477405,-0.4864998629378,-0.889591738893731,1.44854031275376
177,8,-0.379202532596189,1.02072418669982,0.886394614958568,0.735777688655464
178,8,-0.662402048448479,-0.753093551700467,0.998738289505501,-0.156825237539635
179,8,-1.0514178135899,-0.743041697086426,2.58870949118985,1.1531899681085
180,8,-0.061824993732871,-1.75781119965001,-0.105171019205464,0.734615552277149
181,8,0.729710248302453,0.74734724888336,0.398478719229709,0.722072659242422
182,8,-0.0107602018286285,0.153298157076704,1.82964120128896,0.200787362937436
183,8,0.346321756178506,-1.28150995431575,0.0243707219065828,-0.00328199998887199
184,8,-0.672085582902702,0.140727242257522,1.26247280778774,0.311749628858797
185,8,1.05334514451945,1.19806306898243,0.852392720092048,0.411956412403474
186,8,2.53031647211559,-0.815085591047086,-1.21784353371051,0.259508791408753
187,8,-1.04899769427795,1.15165576493903,-1.90175367918112,0.89285310160077
188,8,0.29215553856185,1.6104874637839,-0.501211144997676,0.407076429598227
189,8,1.49929914103391,-0.576274823434249,0.133689556689149,2.92198640906926
190,8,0.116860985092684,0.385185821664285,-1.59702195243614,0.78002385193974
191,8,-2.63805750068261,-0.227364723149565,0.172495947631105,0.128279518510758
192,8,1.17193708179693,-0.0830222434836077,-0.947627458356913,0.803070947850052
193,8,0.411700295177461,0.092029999924605,0.717779132249435,0.257376441970086
194,8,-0.745964193305338,-0.233213863289927,1.29626526453702,-1.29397440503712
195,8,0.288464289728884,1.29245645294237,0.162145948877819,-1.14989990689283
196,8,0.232967175083996,-0.54409752467134,0.123366386431139,0.42457039849046
197,8,-0.971246843908902,-1.4523368529028,-0.855709106541469,0.369946599525142
198,8,0.52531792381625,-0.64812363643023,1.44705473224633,0.00844031702037615
199,8,-0.463374784809614,-0.472735299139136,-0.0542347302163843,-1.87925153334325
200,8,0.596138896750243,0.264819099409773,-1.02958038963875,-0.702850142278713
201,8,-1.40073332082377,-1.81807412198903,0.827923902531329,0.356678033060374
202,8,-0.026294251110325,0.319745737820828,1.12302217083801,-0.20691436247136
203,8,-0.469940318552986,-1.3636585847121,-0.220660958138265,0.198229622665399
204,8,-0.109383642765216,1.20469536081972,1.82313560445039,-1.11947736094756
205,8,0.27415149313277,0.467888553757051,-1.41039035193064,0.59463253272181
206,8,-1.53910496623768,0.373472364076988,-1.24532346255652,-0.775782134823322
207,8,-1.41830078529054,0.079866335546943,1.64206311462154,0.636756896234383
208,8,-0.708924886412679,-0.355479649093162,-2.39156254624527,0.882976323225212
209,8,-0.827216923585602,1.51795277362038,1.47703087916793,-1.07041180391631
210,8,-0.559874933636044,-1.36475542510718,-0.208036468507611,1.4433265314379
211,8,0.929171239365143,-1.375397987142,0.606433723454965,2.21673456167459
212,8,0.444654441334042,-1.06804670380888,-0.481549724106433,0.142906890531956
213,8,0.683200565339876,-0.0601040133451507,-0.594787177085942,-0.126413244778014
214,8,1.21304820210959,-0.576151647932403,0.0308224085069688,2.18589274852021
215,8,0.0495508422506645,-0.317540720230402,0.711553554876349,-1.4729679380201
216,8,-0.864599173129553,1.19469846952582,-0.768551971604288,-0.517252605775825
217,8,-0.909263432611277,-0.121241155995837,-1.39312233411448,-0.97353091080365
218,8,0.107571512880044,0.69837544100997,-1.0950229737774,0.99197364239552
219,8,-0.458493913337474,-1.3620553605677,1.03289312722576,0.121296668885373
220,8,-0.157612098406253,0.566128505443439,-1.3945202285649,-0.731689086607455
221,8,-2.28877253480319,-1.63080880795854,0.14387647900659,0.457469472178964
222,8,-0.270314447436134,1.7472391798395,0.660751859006269,1.89947486477576
223,8,0.260675584104079,0.717833531722237,-0.346435355402659,0.150172980689385
224,8,-0.91701642212869,-1.17434175000776,-0.500510394821195,-0.575036670175944
225,8,-0.188255733199841,0.942610436305778,0.495312235392963,0.461791768176966
226,8,0.609809362374755,0.152780074078868,1.86005002203798,0.348009390067246
227,8,-0.761717924665857,0.608851699198825,-0.60176844502822,-0.132185102184025
228,8,0.556337098900163,0.281385226911965,0.00624651413939329,-0.35855241786563
229,8,-1.1740499555506,1.28671796346006,0.493182537088373,0.596821504584482
230,8,-1.29212634805873,-0.368516280428979,1.31152166467223,-1.39366229453259
231,8,0.979721684299157,-0.413154430004869,0.798231413008929,-0.441460303734063
232,8,0.222472732355761,-1.45405004375085,-0.168869043047677,1.07419096352578
233,8,0.602093525704402,0.461244852688771,1.2146326210995,0.138148673452024
234,8,-1.71992287313633,0.444142502910297,0.145461284634419,-0.155875260154261
235,8,-0.348134845552823,0.741385316475584,0.331334429967948,-0.0422120761364421
236,8,0.661599891624955,0.89400714730938,1.9817842756945,0.934704091106915
237,8,-1.27302233395778,0.161829527584007,-0.200896510435153,-1.6480738835869
238,8,-1.70505574952565,0.0146384876261866,-0.287293882868743,0.894765879295787
239,8,1.81770228986771,-0.186193683971014,0.339901247599104,0.672091864369315
240,8,0.595550820872514,-0.701394174136527,0.276031191620957,-0.512000593137591
241,8,-0.70530708838642,-1.07631331563261,-0.984247569297105,-0.316548917080004
242,8,-0.476664799572586,-1.03195371852859,-0.23617017274339,0.657174783210705
243,8,-0.393057803570381,0.231547575044035,-0.172710670867039,0.0734202299916935
244,8,0.225164469899961,0.69778850299927,-0.136261564038394,0.503017241940643
245,8,1.15273435369359,0.954050723425636,0.570987876750609,0.6959922019867
246,8,1.02463914789524,1.20395529009157,-0.298853309766654,-1.05923279614452
247,8,0.0437909147454282,-0.22867280351706,-0.882827182788774,0.734488395932009
248,8,-0.394078557143921,0.230697490305277,0.741211449031359,-0.28657758175516
249,8,-0.74813542254444,0.153168156876144,0.920795710450306,-1.26834671751347
250,8,0.904990731414151,-0.255534433837803,-0.954115713180763,-0.019279858070091
251,8,0.750412810840016,-0.38389713733307,-0.143295765282318,0.0832228121967857
252,8,0.0854353713335036,1.27377218685191,0.014862528605629,-1.30814545998762
253,8,-0.613017736676545,0.98159258551443,-0.318568497676661,-0.413773389137255
254,8,-0.804824283266517,0.359446463271513,0.588194896412801,0.708081580070729
255,8,0.829217521734309,-0.412201920371201,-1.34005048791442,0.970409688013312
256,8,0.480038672712775,-0.760602907629775,0.642850953001051,0.605583743461576
257,8,1.71944743584235,-0.170312493877122,-0.556112597667022,-0.739547149634576
258,8,-0.429689358654139,0.480999139988607,-0.555638004985093,0.0886816707581323
259,8,-0.557082623678029,0.0859830714151113,-0.281000816409515,-0.162456588881908
260,8,1.63778091150227,0.380228041394175,0.839264120241299,0.0911271385649653
261,8,0.858048436403265,1.67855211344321,-0.45073933924992,0.295088916777231
262,8,-1.25777959433569,0.314451086436763,0.521757689445968,-0.307571300950465
263,8,-1.55497091043281,-0.362200901078477,-0.139912715611963,-0.304592742291785
264,8,0.023800532010333,0.0122190761912975,-0.792897856176701,-1.53728567382912
265,8,-0.846391503492915,1.48427950252884,-0.233059030406336,0.699036793733728
266,8,-0.210862221822366,1.22104986964205,-0.638772712569103,1.41457750198844
267,8,1.56801462561187,-0.18483701889193,0.656685624115985,0.398213726153002
268,8,0.351049246087911,-1.20706196867962,0.744042030865266,-1.02095813451048
269,8,1.04646290227474,0.366827647809699,1.97192822823644,-0.216809509909565
270,8,2.22094992089772,0.00500084898506415,-0.949648878017389,-0.415802512306479
271,8,-0.537331873582917,0.334520395375209,-1.85670962913766,-0.47580285648
272,8,-1.00315008631301,-0.687189368863805,-1.70779005359849,-2.03922625950476
273,8,1.37619616428971,-1.86155728193615,1.37449182068063,0.589175504126373
274,8,-0.699276092652585,-0.829161865166553,0.994879374887296,-0.310900959078358
275,8,0.582375695324911,-0.950435859700221,0.0194097704671488,-0.86484889337587
276,8,1.07917931246025,-1.12040365834385,2.13138477330856,0.550576415771428
277,8,-0.240073877027586,0.667663443057992,0.301821429072864,-3.4707784695002
278,8,0.193755565426843,-0.457466271981742,-0.201867418179417,0.149493174166941
279,8,-2.53738862480714,0.606859170564124,0.0766176312493798,-0.657961176685471
280,8,-0.127357589279499,-0.155717569748335,0.436525594271054,0.0976321821938623
281,8,1.42514862908761,-0.369458151214173,0.711239818232512,1.88149452848933
282,8,-0.686681432775076,0.295709341578408,0.464196959579955,-0.474136503390972
283,8,-0.0519480679763729,0.524005325755035,-0.574433370687445,1.12458261196823
284,8,1.48632203770465,-1.08298758328405,-0.298139651864495,0.0810356382940362
285,8,1.06727412641465,0.0870571033545215,-0.745456815032888,-0.565202308405953
286,8,-0.430419307917579,-0.651236688408804,1.69703634461827,-0.485424813961022
287,8,-1.85791967313876,0.25571790965534,-0.0615684061415388,-1.51422184262199
288,8,-0.419962340164129,-0.492682847832415,-0.689477282801624,1.22479386636879
289,8,0.0837700966601554,-0.976669668363967,2.66187069967785,-0.0626068549167773
290,8,-1.45885177617512,-0.640844317746843,0.606322561586183,-0.521038352222209
291,8,-0.907647147597555,0.244855573894825,-0.429304742944702,-0.982717543265601
292,8,-0.288876637065936,-2.09086426656348,-0.24954108876685,-1.25123706955556
293,8,1.37092897341707,0.542308633956833,1.59228713038498,-1.00518573272084
294,8,0.89233340250453,1.28391977656008,0.0419435305375414,-0.247239314770071
295,8,0.284606285299069,-0.0701898785279007,-1.50148687638781,-0.487078496902197
296,8,-0.798978886889153,-0.327213145561888,0.452297766649101,-1.04165137802442
297,8,-0.457605333267002,-0.962805311630504,0.707997858563315,-0.455039516977475
298,8,-0.324154367816809,-0.929300542639147,2.09989979377087,0.152097885181041
299,8,0.424269939853014,0.385575124930041,-1.14278279438454,-0.881431691004512
300,8,-0.28518118490254,-0.261042352533886,0.64506183554161,0.51491124459147
301,8,2.38953611023143,1.25022336321312,-0.163956659458718,-1.40371844313563
302,8,-0.795396137726071,-1.22576249319107,-0.95692579093317,-2.29665269292261
303,8,-0.211399660420346,1.78836925819068,-0.619415471495222,-0.357441303110779
304,8,0.573565705931819,0.818868550642148,-0.422063691238537,0.290470711621666
305,8,-0.776028287471089,0.679865233453876,-0.954623465925143,-2.01414757986042
306,8,-1.39700996375278,-0.535710378997259,0.845330806197589,0.181583453404215
307,8,0.193490621655943,-0.00524042817655795,0.543297579073257,-0.783409556583263
308,8,-1.17963932258107,1.0209311518535,-0.214778148199303,-0.298471836832381
309,8,-0.42804137337202,0.519499164518822,-1.60517368373297,-0.381703013483021
310,8,-0.408010289683948,-2.65228109023403,0.27372108616854,-0.932849996029335
311,8,0.208886956444358,-1.26913755567616,-0.862465680439493,0.0946873507228154
312,8,-0.716076027728637,0.405023599185178,1.34007575057304,0.404730818353494
313,8,0.0118450381361268,-1.24009961182832,0.339921350136015,0.657314645402957
314,8,0.616951143198448,0.241282065755529,-0.124192712179146,1.02811946829748
315,8,1.60939308248163,1.36360679804785,-1.55516234741945,1.43667267111289
316,8,-1.3706573203198,-0.319159826062013,-0.349668314073746,-0.559181215492618
317,8,-0.00463758648671489,-0.766307486860326,0.0885475708237474,0.42690484558216
318,8,0.0617923253634118,-0.0345559550386943,-1.66035731109252,-0.459760849495837
319,8,-1.49496066727956,-1.3056801511823,-0.990106313388207,0.0672200276005511
320,8,-0.752083974005731,1.69385656785386,0.672204945715594,-0.114989438921758
321,8,-0.179897408329998,1.23340928285178,0.609092009899007,-0.170935089563135
322,8,0.59122125791926,-0.0368379884350912,0.0362467370813669,0.492933576621551
323,8,0.110557617981058,0.0504715070219054,-0.730299537671857,0.608831351033308
324,8,-0.841601076071321,0.659719906936905,-0.493149721931569,0.599279196589427
325,8,0.602552799749608,-0.388229847880917,-0.739221041358529,1.10147873643334
326,8,0.804331243659592,-1.00703493361335,-0.559587398040651,0.613440684175938
327,8,-1.15072827399657,-0.215640336969991,-0.370620384541682,-0.206436551036829
328,8,0.0392668626126876,-1.41674165327656,0.612517820693939,0.480243568565571
329,8,0.326178263166506,1.41129763363115,0.273058149378668,1.13666415298076
330,8,-0.239219527128086,-0.0275829881249156,-1.27555744459548,0.581373401089941
331,8,-1.44126792205144,-0.884367685290676,-0.562194349945382,0.245067799851137
332,8,-0.384419060961165,-0.434063530782928,-0.925733581538614,0.876400226412178
333,8,-0.916036310696528,1.141107437683,0.174116917875303,0.835836793557134
334,8,0.106886529137014,-0.0152297524221532,-2.27055478947896,-1.75644218544159
335,8,-0.29557509779941,-0.361772008184795,-0.558007351494475,0.0389438417278208
336,8,1.17558874078149,-1.99270097527318,-1.92147416287191,-0.473139664913818
337,8,0.325470072965237,1.37176701294735,-0.816264253573457,2.70729709999091
338,8,0.814564738263609,-0.579675930948543,0.0572603867454053,1.14661711264742
339,8,0.225479327277826,-0.647299009500732,0.571063142850724,-0.448408167581684
340,8,0.75104491796103,-0.534700531318623,-0.580753248984728,0.0713783207078679
341,8,-1.15024294512409,0.685963617158785,0.124993861288095,0.210516271824687
342,8,0.688060165229345,-1.67622465565407,0.422467061159191,1.28584290406052
343,8,-0.634426919026198,-1.27998106783348,-0.567293160316339,-2.17637593784857
344,8,-0.864070516119414,-0.0674831458838405,0.792398810908573,-0.738905295652052
345,8,0.869559196002085,-0.882350908716038,-0.0769454138978333,0.373412839173738
346,8,-0.773291704912727,-0.465890333146484,-0.106752121168966,-0.293207802853251
347,8,-0.495372843517848,-0.232515284708688,0.146608008074726,-0.348172967705932
348,8,0.765060387942648,1.36470390868461,-0.21502740748398,0.386232276027288
349,8,1.1600442833977,1.30890864828479,-1.22491413651224,-0.15237695844321
350,8,-0.676821166374651,-1.13498220070665,0.313248326008918,0.68756645845276
351,8,0.686847999117437,1.36879378109014,0.21154265003751,-0.830873859120717
352,8,-0.713638680840173,0.0938475916267079,-0.803485117429361,-1.40294848164404
353,8,-1.10716840706459,0.812719029809903,1.341292795767,0.0840890407262002
354,8,-0.239302196527614,0.633520183084012,-0.855806412307119,-0.064199559576051
355,8,1.22305650169554,-0.552664999752786,-3.29097357326876,0.450283179274278
356,8,0.859979045261732,-0.204377683795533,-1.66059991235169,1.44078204481222
357,8,-0.743731873890283,0.97744128482331,-0.0563015978303802,-0.451252316701816
358,8,1.02475326611514,0.48848629364442,-0.144467633158061,-1.8428144940861
359,8,-0.350857727068242,0.875261007396775,-1.05231485879364,1.42638078276478
360,8,0.152576170096181,-0.966076379014576,1.32838923268221,-0.652078959043387
361,8,-0.190874342274643,1.03191304348358,2.07989213046135,0.686424106455185
362,8,-1.41024365355705,0.0807173228031323,-2.07783133670258,0.24499386010956
363,8,-0.051937024192847,-0.716030081435875,0.877474495195869,0.241271461545652
364,8,0.0765256646165644,2.04110800298851,-1.3135491979561,-0.164852646910157
365,8,-0.893856315362783,-0.545203751677596,0.375429135708596,-0.342780538839722
366,8,-1.20530893500969,1.10952197562171,-0.174406017742967,1.26761485564988
367,8,0.504194902446129,0.272354380608752,0.482738976125303,-0.0587866694998197
368,8,-1.08079239071095,-0.836012812028037,-0.79069859674044,-1.60252158394961
369,8,0.405018047372238,-1.26516110557205,0.38167258898351,2.25433406524939
370,8,-1.51247552003158,0.977825248623642,1.27436174053159,0.746852429506496
371,8,2.36353583604843,0.142595302859907,-0.980739159912367,0.877155359300021
372,8,-0.610510013171201,-0.389572565242574,1.81239334335556,0.13653424642015
373,8,0.503299826460949,0.524626353377868,-0.43727746589751,-0.243177120249647
374,8,-0.0653349622431393,-0.170977454205766,-0.745127963662646,-0.120759507670134
375,8,-0.511881790418375,-1.00054704006115,-0.881668799601368,0.802125855974706
376,8,0.489785530387497,0.129366898043136,1.6734126803911,-0.355325057986352
377,8,0.42082657313683,-1.19342603964185,0.494417502042305,0.191014290631128
378,8,0.550782179686891,0.372913425985496,-1.14665925453725,-1.8875427241169
379,8,-1.11717335205147,0.700403276158607,-1.48731501338541,1.44234586068829
380,8,-1.99542881359636,0.103929872224164,0.273573764678421,-0.727325000438282
381,8,0.479552057805199,-2.29068804910393,-1.57004287512884,0.523984146427686
382,8,0.259750732188515,0.684495016604712,1.20757945839084,-1.15627855059883
383,8,1.98437181475066,0.722006150011519,-1.35434673338914,-0.437019871328501
384,8,0.726791637468275,-0.473834850000721,1.2322202169903,0.139557745050005
385,8,0.742120600897955,-0.925282712675308,-2.19862015060473,-0.817195240405397
386,8,-0.0461869612881939,0.259324047099762,-0.883742718486233,-0.493009871281574
387,8,-1.21004266800709,-0.989512428377926,-0.371508191986103,0.177235076358943
388,8,-0.240861322655236,1.39708688077463,-1.29761530889007,0.496983616091363
389,8,-1.26218892551761,1.27374840629798,-2.19985294199025,2.10044687154569
390,8,0.413431457167956,0.613485982901849,-1.80429439901221,-0.925791180087644
391,8,-0.151804588666985,0.213183217965794,1.50010357334452,-0.308551115677902
392,8,-0.704664984077016,0.240834328280685,1.29986984653069,1.4925051489613
393,8,-0.133245473267719,1.82700334487444,1.29044085637618,0.752358661741655
394,8,-0.962075164409191,0.969031777029372,1.31666265753213,-0.517899241085252
395,8,0.250069381586824,-0.591636082400907,-0.0206555623382831,-1.2920073919027
396,8,-0.290587474749299,-0.416773962180182,0.574368665936126,-1.85744794882706
397,8,-0.340879009028807,-1.22779940506736,-1.16709865730091,-0.199237173659836
398,8,-1.24849420168821,-0.459169639250161,1.1831073861503,1.42638296065359
399,8,0.355687745555391,-0.731216691250571,-0.213625629374205,1.46214444466558
400,8,1.5219797847052,1.50080679291172,0.848988131303747,1.22874964122833
401,8,-0.0723064375115555,-0.044988341827637,-0.171225196042072,-0.461961965086546
402,8,0.405101453911735,-1.11486465819726,0.0115877669559426,0.269438950908512
403,8,-0.839285499491899,-0.398938022911323,-0.808026531812304,-0.00143637249568489
404,8,0.190131935500112,-1.76401945022404,0.303371036949826,0.0570215732018927
405,8,0.47976850582873,2.76699525211588,1.22152703949297,0.274516475670013
406,8,-0.397400450718697,0.564098322803637,0.669468084949683,1.43542817969766
407,8,1.01985239680691,0.637138829853055,0.0405696040091532,-0.863944520978648
408,8,-0.0149106913331014,0.114108530264619,-0.896896354028257,0.254601077393077
409,8,1.01666956181287,-1.17252912501021,0.847445362704793,-0.0356895727730122
410,8,-2.31654219420999,1.19515115142177,1.17506460321693,0.259328710547082
411,8,-0.389374778907859,0.370237345255452,-1.68847280236236,-0.424454592484365
412,8,-1.06371306024714,-0.155859912147026,-0.192657177945663,-0.281709180556006
413,8,0.37705826673216,1.76006445629009,-1.31580705651792,-1.44724996935663
414,8,0.820162207431335,0.914334462038338,0.305564568141801,-1.96390652526028
415,8,-0.0359030655725398,-1.36802641632424,0.632698641955832,0.308971710303595
416,8,-1.85357843393518,-0.981123638725977,0.873900707315568,0.355503236515101
417,8,-0.783421440072983,-0.976952977787905,-0.316072693078339,-0.823007637433928
418,8,0.812694879172221,-0.5028018384966,-0.982493183939216,0.57594884294199
419,8,0.255260484319149,0.80327890290196,-1.39691271124782,0.0464662993250081
420,8,-0.868679666771066,1.34152195737262,-0.663995689437741,0.212810757814513
421,8,-2.44773837216556,0.108914872745843,0.236989663123846,0.908271196558525
422,8,0.0414491019606518,-0.253692829725642,0.294909321802396,-0.584918643119541
423,8,-0.78800416469155,-1.02852919241667,0.182601237095713,-1.2185955752755
424,8,-0.58696522777483,-0.301425521818665,0.446106999862293,0.357476718367235
425,8,0.149096133414308,0.315172301652006,-1.81574095401067,-1.21509642926881
426,8,0.385943186076666,-1.15925306657765,-0.100379470090131,0.29536925709855
427,8,-0.786083761710966,0.244919641121295,1.25948681048924,1.09706096287185
428,8,-1.34557373762907,1.0046083954468,-1.21158937342048,0.981612347029359
429,8,-0.319783578662616,-0.616808992626545,0.373884797616317,1.05515030526509
430,8,1.01056041447319,-0.595985185928049,-0.789359574042037,0.832447752469015
431,8,1.21394972933368,-0.325616626610725,-0.555976879900843,-0.364754141762718
432,8,-0.330994208414796,-1.12835352535981,-0.201384161851589,-0.408182180003315
433,8,0.0235479570341953,-0.206505411784481,-0.0838279546270929,1.2788011644908
434,8,1.13579988650902,-0.532355631539148,-0.378896441491989,0.323706854354941
435,8,-0.313287153322128,0.658135051294802,-0.0687268679906833,1.38580207443871
436,8,-0.160433227616885,0.371516894883819,-1.43506094566908,0.202442307221421
437,8,1.88736861551922,-0.706779947605984,0.867366998805,-0.180208754049466
438,8,1.28744713544819,1.33261625613939,-1.19080577623954,1.19084152078011
439,8,0.874508414631702,-1.24044844398872,-0.795854918417148,2.44497449489199
440,8,0.573384909309661,-0.483215474390242,1.2140776956993,0.0172347082629895
441,8,-0.400911903990952,-0.818590399008826,0.233047526361625,0.274093743801909
442,8,-1.03891855446593,0.346547576740332,0.0343843889808667,-1.0829268281671
443,8,-1.08660526876568,1.12495939926808,0.574000054534917,0.0299160939688803
444,8,0.833241276746044,-0.0120705692550686,1.01449464357572,1.22092087065059
445,8,1.05549150576597,-1.2492792930442,1.08891196361744,1.94751559348459
446,8,-0.161358200206333,0.877962568787444,0.170449421522663,0.623592045584645
447,8,-1.56647714804634,0.01515117991664,-2.3079179862198,-0.209113817398403
448,8,0.431881603901976,-2.43260141094527,0.552611269730338,-0.0187803486189637
449,8,-0.404643139643493,-1.41456360831224,0.553332186200609,0.810818639191171
450,8,-1.03235683693007,-2.44849527454361,1.94441637522819,0.0229176437033025
451,8,0.690925544823852,0.797182694188123,1.21180130773006,0.771551986290337
452,8,0.650747429342944,0.177644047522124,-0.216094812561408,-2.77906326680868
453,8,0.877322077768822,1.52347850510867,-0.875779599324662,0.593680216698861
454,8,1.03748544462045,-1.74349618726179,1.72878673222353,-0.302955521809811
455,8,-0.0767006089234267,0.0811709205911162,1.42357728593151,0.526295972843511
456,8,-0.335523169517083,0.016880445303021,-0.587384393371518,2.69870588744468
457,8,-0.805576171561928,-0.103429938103735,-0.276511698123488,-0.50787742366094
458,8,1.88472936538883,-0.65471135405617,0.213989293714676,-0.479293147660471
459,8,-0.501650030909816,-0.284579065433298,-0.45528450172321,1.12966335285735
460,8,-1.15538287441168,-1.121665761651,0.564569731268196,-0.679484122965885
461,8,-0.07374140092098,-0.227984624087822,0.96418333534908,-0.503935838185346
462,8,-0.00910328863705524,-0.506915855164657,0.389782537379501,0.723732737110479
463,8,0.0501132596164408,0.508913582442043,-2.12538237946148,-0.175914364607816
464,8,2.21220014850406,1.05335902051134,0.229588411288728,0.783507452881231
465,8,-0.231311080331287,1.27009136472208,0.313081349630036,-0.220823292231309
466,8,-0.422898203888722,-0.448231067379938,-0.410538761346128,0.298487197649922
467,8,2.10823604569496,-0.151819650160399,0.0772905493767055,0.697510690730677
468,8,0.556095717116769,0.529866900360384,0.768189775596935,1.17930194914523
469,8,-0.140818871300777,0.932407439288413,-0.211937937581208,-0.453916361118409
470,8,1.21654657657913,0.1243992429756,2.22403157971303,0.396104995886979
471,8,-0.970201507386415,-1.36274689272441,-2.36696319872672,-0.570064435332338
472,8,-0.0698370621388973,-1.7398253715725,-1.72522560494534,-0.0901436059097022
473,8,-0.173961574756917,-0.346306686392449,0.0328742596486577,-0.334600822746696
474,8,-0.346870988676742,-1.01826144336804,-0.225677788587683,0.586710466795085
475,8,0.00775856380459803,1.4482105544217,-0.467987967770753,-1.40447000929574
476,8,-1.5888632927345,-0.530568412619858,0.350792367549224,0.870087402822685
477,8,0.48902837976417,-0.703465977031899,-0.77505045539589,-0.640245974501938
478,8,-0.565454528070183,-0.854963977451456,1.31133913779453,1.76172378178927
479,8,-0.524312976123878,-0.158423741698853,-0.719831203422712,0.110114496486456
480,8,-0.881106502214421,0.219819122926598,-1.01940343404432,-0.181829993977045
481,8,-0.370768814030174,-1.26991134061243,0.751847705266037,1.60492043486907
482,8,1.65756973911961,0.809660087467931,0.589946140845344,0.307494924503798
483,8,0.504314597144114,0.179327409253896,0.0858623522969449,0.518422837208025
484,8,-0.120471903366484,2.17611622447021,-0.492411501834697,0.793722300620908
485,8,-2.49949482588523,0.000962691854369764,-0.242364046607014,-1.39377896491239
486,8,-1.22568099053896,1.14625360409922,0.906131676501839,-1.34622305367036
487,8,-1.14576681775047,0.831299165385503,1.04925208189176,-1.80023433053188
488,8,1.05121937005097,0.74515056985347,0.97576337329553,-0.321679617721424
489,8,-0.341947583880783,-1.08540383879247,-0.332954697340238,-0.700327595217397
490,8,-0.286264611881422,0.658192513835937,-0.00671538964267455,0.346113776467405
491,8,0.123956727206577,-0.337627155935428,0.435500893310414,0.357397385699661
492,8,-0.889870901961183,0.30849918706568,-0.830008074336326,0.961547572333572
493,8,-1.06699239012198,-0.0373679556076412,0.223398381596975,-0.914923872109986
494,8,1.37041347875406,0.844439892198298,-0.445363616221419,-0.186321360726378
495,8,1.6197779958378,-2.07092827630815,-0.302520060586612,-0.812775881680161
496,8,0.654141861251395,-0.0831230636986003,-0.327167594546875,-1.6997124710157
497,8,0.392280995402828,0.776492192170496,-1.05240075956029,1.10117820790762
498,8,-1.40515435930175,1.62843766122617,0.315639502503103,-1.42186940189248
499,8,-0.153581174331789,-0.530305275338229,-0.561054040105119,0.345918060259191
500,8,0.660997853231832,0.763970853514981,1.08509853337159,-0.491454300629709
1,9,0.519771801865903,0.728022444989008,-0.142463727951091,1.07628882411997
2,9,-0.46116167097279,-0.421309465454356,0.345634764382683,-1.79535111036133
3,9,-0.986041222504307,0.262485731817949,1.26453004964464,0.495534745499769
4,9,-1.59059626014806,-2.11072733066795,0.365722141558794,0.451788059835664
5,9,0.809681903325692,0.385053799477456,-0.368460657314305,-0.0902883248011568
6,9,1.14336234983534,0.702755821710866,-0.77027949341828,-0.863240502934906
7,9,-0.349151836396071,-3.10855815986714,0.512044372839899,-0.766758105157007
8,9,-0.854302214749765,1.9314125883745,-0.176580773980593,0.357843758064163
9,9,-0.332577769444313,-1.09573179175076,-0.863786344942244,0.923852297146663
10,9,0.616594831370161,0.515048696118206,-0.77889060321826,0.397500388346436
11,9,0.974463546837959,-0.93707262023317,-0.687172489403958,0.0624717294859066
12,9,-1.12474216752737,0.900604597446865,0.148264644735393,-0.875434491122562
13,9,0.0541740612333637,1.12536674093292,1.30378929623025,-0.432003531618632
14,9,0.641535538825666,0.977649901262039,1.26800908621439,0.010651355050699
15,9,-0.394422757375708,-0.536790155979776,0.295695415097561,-1.02770368060086
16,9,1.06049045425322,1.93188605284606,-0.0329827253437964,1.00977298756235
17,9,1.26054401365477,0.944860417528942,0.189319594582627,0.305970524341485
18,9,-0.0262452991587622,-0.103153767638588,0.20656051969854,1.2181140718151
19,9,0.932690998766203,0.141853853834792,-1.99551209198379,0.343436802079709
20,9,-0.89485046435526,-0.700528273604746,0.615736978834303,0.880266888579777
21,9,-0.255338474596681,-0.741649444884412,1.42615089160696,1.15851830589266
22,9,-2.02533381042455,-0.666401752761026,-1.702929658436,1.28245715764644
23,9,-0.387070492733952,0.0496627303045882,2.374503161452,-0.435918293367261
24,9,0.553824942014563,-2.62792234652399,-0.721036077264593,-0.210543164993345
25,9,0.576121168350758,-0.275412209243795,0.765793692666713,0.636855056262203
26,9,-0.0932884906377825,0.175950632014876,1.51740626287972,-0.0718120945034137
27,9,-1.0337818823115,-0.985600448973496,-0.787218988510669,1.05471530770807
28,9,-0.0731500839418539,0.07396061832933,0.233624021661573,-1.54266290670745
29,9,0.277123298077006,0.153693356052323,-0.695291804394562,-0.637492632989237
30,9,0.00853889049158524,-1.46178957600014,1.0185166854859,-1.72377911674771
31,9,1.67087026639199,-1.02382449045992,0.0907052034642339,0.85823827755389
32,9,1.3441419057503,-1.36075324064934,0.544167085800055,-0.326001852641813
33,9,-0.25256703032807,0.000316178573455463,0.00470834086141028,0.29664376161462
34,9,0.333739262260491,-0.240745792979428,-0.90361796254678,-0.477689773315714
35,9,-0.696782877033717,-1.32210851165665,-2.4215597990605,-0.709081515572298
36,9,-0.0530015949348519,-0.0346379763674269,-0.955265666108763,0.0963331724637079
37,9,-0.871542909871166,-0.869604737081867,0.596779236773677,-0.874974059565733
38,9,-0.848233210789537,0.518836386462733,1.34300964081031,0.480279868338176
39,9,-0.0380314661256383,-0.240495065607142,0.493059180114994,0.138553240920516
40,9,-0.457406411675076,-0.224104344203218,-0.178518337941585,0.414973457528273
41,9,-0.482301599613223,-1.32727030176187,-3.16194187573869,-2.40033201729478
42,9,0.705624557687344,-1.3211050464225,-0.438049230272295,-0.918521572518982
43,9,-2.05882788599121,-0.679616177075705,0.0511138466860895,-0.424004973749254
44,9,0.326020902982865,0.973746037039333,0.80562286763319,0.667201167978697
45,9,-0.953845969661135,1.21956973385947,-2.18815113183849,1.24536953070138
46,9,-0.872817379909483,0.315977771758631,1.03083926231842,0.610407322667829
47,9,-0.760533987565704,0.865479930459882,-0.629491369977947,0.338620593870597
48,9,0.250056485339574,0.139372685710437,-2.03441591476162,-0.0288513916910218
49,9,-0.567973307446935,-1.30789274233033,-0.664411311143446,0.181100834482978
50,9,0.678813558971382,0.973504187161677,0.891863777229538,0.954568419709082
51,9,0.627939620673729,-0.103971322925228,0.357944697615979,0.407888465328854
52,9,-0.63557161138996,2.19088086794672,0.50714785280315,0.974447383984421
53,9,1.4489578030548,1.72844120112815,0.189107142633028,-0.384587488884437
54,9,-0.882161127625232,-0.463293828691654,-0.807894406740627,-0.00050610051962703
55,9,1.18151674450153,-0.559202649912382,0.0561473794930133,-0.69566521972529
56,9,0.32597647821564,1.42835935647442,0.544504935369751,1.1959015475519
57,9,-0.911209879069777,0.639104265622461,-0.234039727052441,-1.19809223236268
58,9,-0.451339443819057,0.599709143376298,0.321808358059406,-0.439542523897554
59,9,1.08409726794178,0.0165723554410257,0.472774062125709,-0.633844673722844
60,9,-1.57975598207327,-0.274740851226781,0.463294937475264,-0.809190325939913
61,9,-1.61648242996647,-0.624035248678703,2.16590827745586,-1.73449933752517
62,9,0.0231798437343979,-0.638063430558318,0.67430010581461,0.175607797047084
63,9,-2.43786610354081,-0.754576218362529,-0.764794730299564,-0.143439670861744
64,9,-0.933562791380411,0.307475588391657,1.49918750664733,-0.175744219992956
65,9,0.332076170925155,-0.721786301799765,1.1323034295101,-1.02281807326464
66,9,-0.679375738932168,-0.259246726279384,-1.27485579420859,0.31866229587431
67,9,-0.0616631534235678,1.5844802865186,0.448846066048531,1.40502358196471
68,9,-0.148987095615121,-1.72908920154139,0.675247111077094,0.856775689337876
69,9,-0.0843818511775002,-0.320613823025632,0.0814941355285527,0.0341604744567368
70,9,0.106305995898646,2.13019424796172,-1.78093261549812,-2.14529595665065
71,9,-1.80439779329372,0.363285921526914,-0.164999180333675,-1.27182608707185
72,9,-0.67005166614467,-1.37282901826138,-1.22715605022383,0.854450327865203
73,9,-0.365562875056196,-1.27254954761628,-0.203631384664309,-0.327941324385739
74,9,0.881641202389758,-0.385471292760992,-0.446695673473423,-1.07727407730107
75,9,-1.13253857178658,-0.4937560038303,-0.170158009185924,-0.493043811311761
76,9,-0.184275667755578,-1.01048794092307,2.05928707898285,1.10181404123744
77,9,-1.5144154306708,-0.979405890998604,-1.13731436541721,-2.40559094361155
78,9,-1.61398503112059,0.774995750998222,1.14931039019137,-0.74459985738327
79,9,1.03258358772732,-0.685608165053826,-0.483406965480903,0.064385019921069
80,9,1.64572250876824,-0.473187217219848,-1.09894492111457,0.769471945694079
81,9,0.524411267028906,0.417484319291633,0.555501406361469,1.18261236679278
82,9,0.519407522675431,-0.631142512395358,-0.387413154487759,0.190587310010123
83,9,-0.414969711958692,-1.33288508382477,0.158194470688509,-0.46404359599523
84,9,-1.26088892517282,-1.24896228122531,0.0525953937831217,0.828856450095501
85,9,1.30014487844781,-1.33973237857451,-0.171570898138148,-0.924338976150386
86,9,0.416829620348912,-0.570964648114204,-1.28221405301323,0.0755910175151198
87,9,1.12882660332661,0.743629304103082,0.780509285291953,1.23405865839811
88,9,0.966530883354494,0.956894369470615,0.788695950952241,0.0415797147218115
89,9,0.933413956741326,0.53557452225758,-0.0321930071156174,-0.386090618912414
90,9,0.400904835009878,1.36759550949701,0.797388344416827,-0.193755299148144
91,9,-0.683349821880818,1.15991211098878,-1.58194802940581,-0.0477788951099322
92,9,-1.14899070770139,-0.602685295828369,0.519377310949338,0.0950350294146159
93,9,-0.625280690463391,1.93787964611106,0.524264232049612,0.793979478611445
94,9,0.4736363032958,-0.0399166648741297,-0.00300813134231854,-0.1446554943223
95,9,1.46792727602821,-0.528093471041939,-0.537816727907105,1.56768195080902
96,9,-0.449162042430695,-0.316915378793688,-1.87135398079842,-0.395445253893648
97,9,-1.64595247955789,-0.432156772355274,0.703601448722153,-0.651969401363588
98,9,1.67477347284387,0.434699208556741,-0.335875631497212,0.138936180763389
99,9,0.510250474846726,0.0834366861047068,0.632447230930886,0.451167871973715
100,9,-1.7844916258254,-0.112207369095124,-0.811658151291205,1.4801306837747
101,9,-1.75487427825601,-1.42411999697853,-0.746277147900238,-0.431661480043793
102,9,2.20136525807113,-0.275038963537598,1.51945490043412,0.203895794539805
103,9,0.397038970084604,-0.745112085164712,-2.00498059632805,-1.50465952827759
104,9,1.92436652609713,0.496110084064395,-1.48949088819462,-1.3770213225812
105,9,0.112212273297362,0.913722525831523,-1.63545378702219,-0.507906795952343
106,9,-0.628537957719603,-0.250769777529408,-0.447562023010828,-1.70977125974435
107,9,0.944582572322248,2.04566499095275,0.549202488401979,0.210643062746313
108,9,-0.308603165888802,0.992091631717388,0.41506608168171,1.24237371235651
109,9,1.96705451368333,-0.151981294028474,-1.26585759953814,-0.758504985463315
110,9,-0.466056294355106,1.05418480900064,0.750091824101968,0.528886792100793
111,9,0.0414283676218765,0.0341702969524472,0.982674854318754,1.28977929455716
112,9,-2.75773224400363,-0.316196002760937,0.824121292931166,-0.489919682762552
113,9,2.08130943620972,0.340334893818898,-0.569071464903121,-1.07963609732507
114,9,-0.197443418050258,1.11170880149779,0.681012914588477,0.646651264721366
115,9,1.00449183841447,1.71325879355171,0.445808118754821,1.05525228597354
116,9,-0.594822909541743,0.07362161157809,-1.46897538205242,-0.0800523045455653
117,9,1.30360019231933,-0.0575663069346242,-0.218898373603547,1.47705554732618
118,9,-0.926603457732698,0.806967751363385,-1.0183507950125,-0.143207300831625
119,9,0.968710498701972,0.448912315924385,-0.405151254969651,1.99681715463741
120,9,0.366154200830368,-0.951148205335909,1.56589020715143,0.759538767816337
121,9,0.877215671030974,1.00936834982711,0.797214612114396,-1.06715950491533
122,9,0.0870074971800985,-0.466539730090407,-1.03758482476087,0.367988946544662
123,9,-1.4421810011909,0.282302065338217,-1.12552943214509,-1.24816537965914
124,9,0.572892460270545,0.658892021805924,-0.31256252580195,0.151248205138067
125,9,-0.706475036372765,-2.5635695441855,0.0878573147057942,-1.23940436230522
126,9,1.03332775137043,0.0264517436443728,-0.685803662012661,-0.10319815719793
127,9,-1.47682080693804,1.61522176171161,1.16122182699312,0.594946235859441
128,9,0.141793557770988,-0.454236158923189,1.47142062452083,1.85290093306698
129,9,0.564892325188149,-0.157802538415101,-1.23233677727816,0.757665689628942
130,9,1.26115753954019,-0.451730598308166,0.693015928470769,-0.504818540444106
131,9,-0.683085937042795,-0.330040226241692,0.639950414543292,-0.21761055823618
132,9,2.4268554864372,-0.863330837892824,-0.346861116369687,-0.0560744226371495
133,9,0.731109033739443,1.23406820584548,0.358770395790915,-1.22284378502626
134,9,1.30582053420795,-0.0219127235745508,-1.28800997356716,-1.25824680809659
135,9,0.147875441873794,0.739675484642845,0.614788830108375,0.823537927220013
136,9,1.69534157847167,0.673751835929081,-0.700893178638213,0.956324184110176
137,9,-0.238937300268165,0.121668908283526,0.477234102531307,0.377514856189525
138,9,0.605915481585013,-1.7307472492264,0.383633119686443,0.714948884256273
139,9,1.62514151444839,-0.952895438411164,-1.10115110681394,1.18875996027284
140,9,-1.30331063983932,-0.457582892408275,-0.594850826768088,2.93435609828892
141,9,0.543308292209784,0.088477126648891,0.875247338697355,0.0512999965430211
142,9,1.41560671825281,-0.576980106309884,-0.328218196843242,-0.832304078715884
143,9,0.127614726011282,-0.633157561971013,0.663769130285263,1.32361320306034
144,9,1.37701092223684,0.489713123907351,2.18209691910944,-0.963288092599731
145,9,1.26631781885066,-1.03978078959158,-0.095828900914345,-0.191663242453138
146,9,0.946615247827666,0.690461221642739,2.36155281935846,0.467098065875931
147,9,1.01929303131272,-0.291411374337083,-0.0187368609146688,-0.858389989869987
148,9,-0.142633680705599,-1.02568408709596,-1.94118875125763,-0.463860982757222
149,9,0.172884745325841,0.575555045160463,-0.639699761341249,0.484306946178165
150,9,1.62771788469315,-0.932369485123372,-0.0295202245526617,0.299605985716
151,9,0.972518181812998,1.07110011778518,0.827024159966191,1.596152254313
152,9,0.428338845180015,1.55971766707024,0.96998598374847,1.19146675406585
153,9,-0.613737768325945,0.2103534348649,0.469100231096167,1.5140314129879
154,9,0.338146302897927,-0.771749912392719,-0.860418455564406,0.319594568252379
155,9,0.498554400247646,-0.0633097014558593,1.82228651161294,-0.0166918983580114
156,9,-0.498512277170619,0.440887242990195,-1.11703007275109,1.8118083418928
157,9,0.916219425315671,-0.80558177589768,-0.298049831010597,-1.63746862366172
158,9,-0.723791532020109,1.90743008169421,0.682800117453103,-0.871101136096142
159,9,0.153036239349966,-0.824705472232467,-1.00487897265899,-0.239492922987921
160,9,-2.38013133726472,-0.515926600322614,1.04033575186362,-1.43786344069679
161,9,-1.83064285213267,0.669283353236896,-1.03244231005674,0.0309901001099367
162,9,0.77865187660543,-0.0615953102750912,0.713536430319134,0.416076452728903
163,9,-0.0172365202575078,-1.39830178462174,-0.0715384315702584,2.15678465870096
164,9,0.516799425932179,0.397177301405089,-0.217882137554559,0.108769585269431
165,9,-0.191064036541592,0.894208448398638,-1.15644472559123,-1.83450555739925
166,9,-1.02871048165137,-1.63432847320765,0.89109995007526,1.3041333917423
167,9,-1.37352354014348,1.15128701324707,-0.295706916631166,0.117834267284808
168,9,1.66298784256227,0.300076481046698,-1.92146866144645,-2.894087445948
169,9,0.60884347939683,0.532712637734227,1.13760051398112,0.197074108236663
170,9,0.732647603876916,-0.37131635973286,1.05073248403848,0.415329986719857
171,9,-0.59378702517177,-1.25735482678809,-1.62869406233391,-0.178157011586726
172,9,1.54896435119004,-1.2923448107459,-0.103367078589029,0.648903064304383
173,9,0.00342429551790592,-0.366929352677418,0.201222999738553,0.0565875620206224
174,9,-0.250568434998043,-0.0762407922926318,1.26891807742203,1.13906664263427
175,9,1.16920838214319,1.01231072382553,0.580701426563171,1.29264728125357
176,9,0.822708145864276,-0.844051501240674,0.273178149298597,-0.593543594591978
177,9,1.29101002249202,0.846808559256474,-1.33712218714738,-0.982607304289798
178,9,0.358334315921489,1.0072140033321,-0.30202012703005,0.198392796451397
179,9,2.00107965648341,0.131607600965209,-1.57955826332501,1.84742599028958
180,9,-0.346183868832889,-0.957307160000159,-0.704763109525154,-1.12547533597149
181,9,0.425036546548323,-1.6188353854051,-1.19825341507924,0.0204082427809007
182,9,-0.0789143072732007,-0.471288234762976,-1.06779657298896,-0.926520706093956
183,9,0.829472039386057,0.927793683031209,-0.0840260013774426,0.527863849718234
184,9,-2.1657750024728,1.18950237812118,-0.289078959736553,0.396821064909374
185,9,0.060121691884217,-0.560367107359553,1.17503176337606,0.199823008082681
186,9,-0.0895184683604908,0.414855680371317,-0.328135333381656,-0.653549419738217
187,9,0.0745411558459894,-0.505484877165385,0.292762047283896,-0.543847736523331
188,9,-1.15011951687483,0.835694475055729,-1.43049123212456,-0.59450292991561
189,9,0.100861170268369,-0.836908191759938,-1.30143885490935,1.1618383647741
190,9,-0.473818849167911,0.898436846981488,-1.47852357962324,0.291560936235648
191,9,1.24438269693581,1.36045053486084,-0.908427238861974,0.800329909510213
192,9,1.19188699056799,-0.671565339593657,0.797815112388193,1.68437346381607
193,9,0.530666969410958,0.0410997626229964,1.53022745024668,-0.264066100044048
194,9,0.925066676203933,-0.177847320159808,-0.696091293110118,0.986140320661838
195,9,1.19996838024092,-0.914582586590521,-0.464054330333699,-0.928818997641861
196,9,-0.941475705496486,-1.09121721373845,0.0983694667480413,0.0915657061622691
197,9,0.972712275611991,1.49888092994891,-0.422582123951773,-0.671444993955393
198,9,-1.54243422789858,0.010076625218581,-1.75798058817088,0.444772925598377
199,9,0.54386162263466,-0.860654350776169,1.09932932038329,1.35113855660671
200,9,0.314346530033865,0.145183616312617,2.00779332227286,0.0873335032981028
201,9,-2.09865697403834,0.0119033454636175,0.696004335877562,-1.16482839430496
202,9,1.07517988415075,-0.0574361078779723,-1.4784338073519,1.43575889589776
203,9,0.114241262447275,-0.608338577484536,-1.16490206522197,0.00778212465949755
204,9,-0.924432974219607,-0.0639646770000641,-0.948803353614139,-0.785105341729353
205,9,0.65776363361132,-0.999234816466781,-0.881539311086795,-1.45679098120837
206,9,-0.189018309292483,1.78190251439018,-1.78095701695582,-1.70812434493989
207,9,-0.331230772298067,1.08254113765028,-0.136478361225739,0.0176933070148421
208,9,1.28139523669246,-1.02386099633424,-0.68395230852096,-1.03752109140334
209,9,0.416081679732608,1.29569253616568,-0.44463738932552,-1.2579971312054
210,9,1.03712547372769,0.774193486106745,-0.926370347857198,0.337872857013257
211,9,1.67640294527296,0.364072404928825,0.936778960323484,-0.885808154927456
212,9,0.00425791229488135,1.95080719557678,1.52160528812469,0.564201308179641
213,9,-1.25299434265996,1.22441911503938,-0.0931498133794329,-0.464657298291402
214,9,-0.700854864611048,0.0401527621402821,-0.606476013810115,0.869400436236925
215,9,-1.97940814985007,1.12510897333715,1.83932787513724,0.996769724287387
216,9,-0.27270621832189,-0.265154915901705,-0.83952551483667,0.43738412364133
217,9,-0.275170352413773,-0.358622014345726,1.54590082736273,-0.635170551928026
218,9,-0.362883647246417,0.870986184652417,2.07957593630609,0.749272599459932
219,9,-0.124879709134317,-0.14056498184552,-1.45084127488216,-1.25663970775493
220,9,1.00968316754973,1.12825658614502,0.192506038945139,-0.8831662506581
221,9,-0.37555589597034,0.682806308967528,-2.3494329463489,-1.22353975956232
222,9,1.20897543415356,-1.93046180420511,1.26077939559855,-0.550263015734821
223,9,1.72260367369345,-0.381299870456766,0.210768298975941,-0.292158982958102
224,9,-0.844512986991926,0.0556552495175105,-0.666160277050376,0.496857657701781
225,9,0.983552639637143,-0.848860417149837,-0.680887193545558,0.313279725302666
226,9,-1.40879670631359,-0.331055351155046,-0.619072421158871,-0.0473252421479258
227,9,-1.76867067878644,-1.81707831903947,1.48076256069606,-0.354404208572489
228,9,-0.35500881392287,-0.356125696670485,-1.60652402114815,-1.10153268103596
229,9,1.03034719706538,-0.39212236603595,-0.908543169177821,0.303252647130465
230,9,0.886090383613163,0.0350107928253366,0.6238012355844,-0.102817225548675
231,9,-1.11630499674403,-0.303044380054705,0.628384235965817,-1.40438774597731
232,9,0.0474592724566323,1.18337788776831,0.324168468514063,-0.250106719882706
233,9,-0.727217519514463,-0.410837646523018,0.373433270890386,-1.21688867466617
234,9,0.442583991555623,0.687778113679776,0.939203888459545,-1.15501704318434
235,9,0.547317916631168,-1.24768228233221,-0.89965446510976,0.168084986700245
236,9,0.501807345153277,-0.782697240402138,2.21129735616663,0.441133267504206
237,9,-0.375799782419089,0.442706713880062,-0.453148466700133,-0.118764086543132
238,9,-0.842732880638135,-0.437259689444832,-0.046198839091986,-0.195890609529917
239,9,-0.0532920721509414,-1.0554460394424,1.01303537281946,0.068196155796593
240,9,-0.808573674332888,0.560544031986151,1.74475961816802,-0.671316849418946
241,9,1.31421176764711,1.39717551529118,0.614313367827909,0.0206622635179761
242,9,-1.40028345074874,-0.681772810331333,-1.09988595214923,1.69349860204974
243,9,0.577732465751536,1.53325811873898,-0.209076908809228,1.06147650072792
244,9,-0.668589834191418,-1.4928875300791,1.58948057859469,0.272050551837108
245,9,1.93436502379604,-0.0103737404516343,-2.25078224598,1.00375365120716
246,9,0.174627619455615,1.44203483120606,0.222812410368747,1.57696828162135
247,9,-0.630640350192244,-0.0867771570603389,0.478787554955643,1.83909340056752
248,9,2.45165766346298,0.80162367282861,0.353083648228519,-0.268516881361756
249,9,2.03058890753428,-0.854319096883625,0.572342588759783,-1.63018156099576
250,9,-0.068249586149076,-1.56356722626141,-0.738271579243899,-0.122138911162333
251,9,0.30765261084026,-0.137637614423206,-0.143325106657768,0.403769875115522
252,9,0.100202529407768,1.49552934332511,-0.193738022162401,-1.00147925359453
253,9,-0.703107979841073,0.419506596432913,0.0297128688760483,1.65787946862828
254,9,1.63555600626912,1.21921750328453,-0.643912230398089,1.2930886421382
255,9,-0.94453114883254,1.07367618191945,1.70811352916308,1.1205416166864
256,9,-1.19734073969895,-2.60316589015421,0.630551976870985,-0.754087614568032
257,9,-1.42320823181059,-1.5095195022296,-0.438911848153939,-0.0782456741622671
258,9,-1.0431704189567,1.0040917591011,-0.461181618838194,-0.012045789143053
259,9,-0.366848937367253,0.921699728627958,-0.593878691833595,1.09275021383983
260,9,0.386302313657495,0.0762370891177526,0.74798425415345,0.552725484795952
261,9,-0.20174800469236,-0.442479793400948,-0.371912588372099,-1.09602426812422
262,9,1.59562005978772,1.95732724705482,1.10914342334435,-0.175337939066625
263,9,0.433846072111833,0.545015529881999,0.922973629086142,-0.199183557283255
264,9,-1.91483728118385,0.285844234962489,-0.954207662249324,1.60408581986986
265,9,0.876525331212929,0.189765337563472,-0.12167366751018,-0.294628632333165
266,9,2.55053200065336,0.675495950331265,-0.838400947175058,-0.667004575962934
267,9,-0.672107073341683,0.885021236666075,0.957544516373076,0.441254901099232
268,9,0.00149645730804454,-0.349810802380675,1.73823924281701,1.21973302202431
269,9,1.04094970393155,1.18226012623355,0.04232942179541,-0.73148930930792
270,9,-0.832288629257906,0.142220260203688,-1.14522941595933,-0.412909248318396
271,9,1.29793267685746,-0.474832290727641,-1.55923944050361,-0.567391974314093
272,9,0.00683612579783133,0.583758525896046,-0.383844775142973,-0.723298275712799
273,9,1.27364265263769,-0.998511935327735,1.32729676174211,-0.169650304972226
274,9,-1.23816248521396,0.14334368350374,-0.823128485070493,-0.392782713851576
275,9,-0.727101260411675,0.482556192782924,-1.248468002755,-1.62825679331225
276,9,-0.00304879620688109,-0.369625606999973,0.30711296373159,-0.672387144001257
277,9,0.830540935044038,0.540287454260619,-0.777155044463294,-2.06858612055352
278,9,2.32271517446759,0.0719712535859031,-2.36122912655971,-0.429885358426449
279,9,1.01937423920658,-0.676474587395511,-1.88814847586553,-0.685163193297274
280,9,0.93965867539832,-0.0258150575098528,2.03062551335489,1.50565567236784
281,9,-0.536692242073276,-1.61881785586416,-0.740254421258179,1.31884306600472
282,9,-1.78474263929427,0.792523399942198,-0.0430819911495296,-0.882769281521396
283,9,-0.52669428803141,-0.347559968552979,0.13476643588552,0.060910197151991
284,9,1.55199464727223,-0.727734342681082,2.01906609481515,1.33309725586775
285,9,0.91793507929391,-0.970023655238358,-0.223955370300576,1.38230846141729
286,9,-0.612170304484737,-0.0386633226500944,1.44018650133848,0.198285028518469
287,9,-2.34121537373363,-0.0502523533827664,-1.63255944005907,0.372792904884304
288,9,1.26776184878541,-1.7897395013345,-0.259175498920492,-0.401146378616376
289,9,-1.14188596514265,0.0553825326918903,-0.0736958883526299,-1.28344593521989
290,9,0.416563379079524,-0.283440844897238,-2.15166216639523,0.122381800631649
291,9,1.9381889494252,1.41096928328595,-0.276225067981531,-0.104813598585724
292,9,-0.908774212891869,-0.120304109970777,0.960681109368763,0.105758796397208
293,9,0.887236213578731,0.350048458964323,0.431472345580683,1.20703758172426
294,9,0.320248374853597,-0.627560249240186,-0.925988939260689,0.147085721464308
295,9,-0.280277164624597,-0.650008418698475,0.63710766896334,-0.0970452772139882
296,9,-1.31475568658861,-2.01534149163552,-1.74545558670264,-0.960893514313739
297,9,-2.48639825521025,-0.644833529538587,1.23630284358093,0.476029235469443
298,9,-0.587832139912829,0.0300014872743739,0.176190390580466,-0.0757256820966616
299,9,-0.375532848396807,-0.714900567782226,2.85713901883634,1.82058495232401
300,9,1.34441698747519,-1.16140101273936,-0.320191553346169,2.32907039959665
301,9,-1.7134913425174,1.19136311923116,1.10023155637032,-0.241484356186818
302,9,-0.892645226791747,1.0748420438253,1.16707186788915,-0.523413820731036
303,9,0.427560063600428,1.66038871064805,1.74342229776151,0.525490205005878
304,9,0.246766919020914,0.541273661320485,-0.122658878804106,0.667018495455244
305,9,-1.05996329885426,1.43018349118129,-1.21398598889381,0.484999165245265
306,9,0.342687470863331,-0.159088265517883,0.275574628431296,1.06880601808123
307,9,2.25711578089669,2.27574884947145,0.446486547711725,-0.160519845595343
308,9,-0.774008155302575,-1.70732108210682,0.635521655356901,-0.405563325500134
309,9,-0.460209218304512,-0.681356658630017,1.11104997284074,-1.45226791292369
310,9,0.532775254883186,-0.642322760259466,0.103533933239205,0.525245876171921
311,9,-0.504854424547183,0.603052859116221,0.251703014997046,-1.57509583781198
312,9,0.681001078608543,-1.0074507451429,-0.782768064546132,-0.036438758822727
313,9,-1.25748109488652,0.463016021276862,0.565055151404567,-1.62675390736451
314,9,0.0593429881039228,-0.30791314261778,0.874818503463251,0.293259464989691
315,9,1.84641148678976,-0.863992764584076,0.704136447788781,-2.22113258571515
316,9,-2.14838142741694,0.263868790756686,0.519625840650592,-0.313632057739575
317,9,-0.389437597743208,-1.23600168687486,1.36672865831923,-0.994194385922217
318,9,-0.34150451337426,0.37155753091534,0.349343292882529,-0.725384090231659
319,9,-0.419760650357619,-0.999218542539512,5.92739649878819e-05,-0.205589378112922
320,9,-1.76902875338465,0.464765423992863,-0.22649602194124,0.333949194337152
321,9,-0.0957070610479185,1.87035517764786,0.34938390212912,-1.86659918832458
322,9,-1.56094385512306,-1.36476230432186,-0.946567691536198,1.0445732992407
323,9,1.30400936026057,1.16803024927162,-0.248447455492034,0.886275401690246
324,9,-1.16640634233888,-0.146732962745931,0.764485836271231,-0.314201592540093
325,9,-1.85726907490717,0.859916213667828,-0.548167694468629,-0.191326382458688
326,9,0.872184764666489,-0.359884750803101,-1.36810196533687,-0.427634014590967
327,9,0.65120387412825,0.18360768067116,1.75737657340505,-0.676999308171009
328,9,0.330901180510628,-0.0352283559346143,1.37606169540139,0.71049891864439
329,9,-1.26221893506424,0.771126430182554,-1.76144406321534,1.01640501044456
330,9,1.195371997519,-0.732126122432188,0.445488302631349,-1.54373163223742
331,9,-0.292985496766194,0.886965263676417,-1.86104925899677,1.93148785699575
332,9,0.620941440026658,-1.54079863226245,0.382729742678483,0.115925276408802
333,9,0.443648546778665,1.37870398387773,-0.551576488466631,-0.6391530379113
334,9,1.53036708000401,1.82246957099049,-0.266756560232814,1.94123121743091
335,9,1.73980181815231,-0.933421486420201,0.172512576608259,0.00118078081512667
336,9,-0.972217456771671,-0.439844787952226,-1.13954432882373,-0.0559069664038156
337,9,1.07218532028444,-0.522095106480825,-1.08518360995846,-0.434226711021362
338,9,0.150051448855955,-0.100517846782973,-0.861507060299267,-1.36266894004626
339,9,-0.487286227401522,-1.92869644825244,0.939930543716709,-1.19606961086328
340,9,1.27765565699538,-0.873646436007657,-0.33476660602158,0.853386532067394
341,9,-0.553629357845385,-1.7607730553571,-1.7540100407368,1.0835668093016
342,9,0.0666234650979944,0.140711921160173,-1.41686101050097,-0.589098016744754
343,9,0.827519086575285,0.413060687143453,0.603809930523868,-1.05939060646553
344,9,2.35287608075538,-1.85153193791045,-0.713432997494021,0.985458602495023
345,9,-0.375291542649301,-0.259542560486862,-2.51264484333943,0.832647790767332
346,9,-0.447474613272441,-0.208942139777807,-1.9075765441711,2.63477317507362
347,9,0.847858956489209,-0.733239552508497,1.20871180038675,0.304964846669005
348,9,-0.032943078248189,-1.4739682123154,-1.4975526602009,-0.0618395010815193
349,9,0.369101094854387,0.13125896513109,-2.17582550822649,0.877046199638442
350,9,1.42352597854452,-0.627839429369053,1.08292782216299,0.310476905328607
351,9,0.0186820916490545,1.33761482221881,0.0316178379089069,1.04121585877618
352,9,0.182007354494156,0.0359318502901239,1.34556261158084,2.1873063169326
353,9,0.538860362753851,0.667299653615865,2.77586156017403,1.86609058580125
354,9,-0.823236807291495,1.50672396964336,-0.645860476703774,0.125065136206982
355,9,-1.16673636054355,1.21205017307122,-1.83759253530189,-0.323360016994656
356,9,-1.51564714747448,-0.700547101107443,-0.464001714674776,0.717772147310995
357,9,0.827432557781724,-1.37654687462546,0.921926962356799,-0.793947359265504
358,9,-0.0973121831355667,-0.910259994687055,-0.828598808261439,0.209132220157695
359,9,-0.642195265940913,1.0643390542727,0.451708933598639,-0.3876883979297
360,9,0.246894121422829,0.531708781266083,0.207379761408418,0.832213919917574
361,9,0.000815220644335418,-0.675422030149527,-0.464819294989644,0.279019477931463
362,9,-0.157422322227359,-0.551533286271558,-0.320175132295378,-1.02231204613275
363,9,0.955082897361631,1.74812745689669,0.814225716139432,0.607486013355214
364,9,-2.07187075979792,-0.326778557596407,0.216721698313995,0.125230231394015
365,9,0.187075099467816,1.74331805126727,-1.24588163061887,0.382457931843074
366,9,0.758833570264806,0.425806142976781,-0.275575098226466,-0.546895597713015
367,9,0.57929311905998,0.535640779760962,0.0435466728927148,-1.48143723730614
368,9,0.862024773482222,0.701874802234139,-0.89263249455727,-0.513705497936446
369,9,-1.48595763161606,0.756918475261837,-0.951897136264952,1.00683430193184
370,9,-1.79209179759447,0.620529954876461,1.67565776541633,-0.540770475877348
371,9,-0.567549782975222,0.347814965167145,0.705077658272172,0.863233387323985
372,9,0.909471806436612,1.94529533089947,-0.401974125015387,-0.324797423008741
373,9,-1.34892548170107,0.931407186056482,0.47590827128391,0.406048842966844
374,9,0.111347673742495,-0.165357477514525,0.666934368393506,0.762347858442746
375,9,1.18156666772548,-0.140216333406787,0.924863551846382,-0.894456386904242
376,9,-1.15644061784734,-0.780247489237925,1.91778878974648,0.77035414214558
377,9,1.24097645300724,0.914690257734064,-0.608989626040449,1.63553698563295
378,9,-1.189921829999,-0.906559970772273,-0.594610332419638,0.524885954298212
379,9,-0.559816288751971,-1.24775147547001,0.540603300052661,0.562218163747095
380,9,0.910363352635256,-1.23776832669693,1.01171227155789,-1.09306321927985
381,9,-0.182239529226865,-1.64001968982402,-0.017796573041043,1.56555214628504
382,9,-0.56802457069901,0.252895738624676,0.79740325550484,-1.88898933911067
383,9,-1.22972239855844,1.28354405625062,-0.82460707583182,1.12863501199996
384,9,-0.275611064808237,-0.516919208711835,-1.45085613330952,-1.04258634310268
385,9,2.06697234530623,0.142706792265111,1.74906317935033,-1.13368402763792
386,9,-0.342075420125674,-0.885030224480303,-0.489505742945173,0.254137636836216
387,9,-1.62130621275123,-0.189087138874275,0.999573460340575,0.50044183512647
388,9,-0.752900532309678,-0.216590772749238,-0.537149291280449,1.99477981675703
389,9,-0.49601577042083,-0.722186574550902,0.691766948404294,-0.243438947139193
390,9,0.906531076833959,0.419478929061606,1.84654837231607,0.512646461308827
391,9,-0.866346104088458,-1.40659961989604,0.11543861691623,-0.471491361666309
392,9,-0.295322281553113,-0.381619892482113,-1.63382953638445,0.505891133466273
393,9,-0.739188205118789,0.251045066570434,-0.452500096222976,0.177341458635944
394,9,0.204406554813182,-0.0279578375981707,-1.10262302469341,0.973901177060525
395,9,-0.38633572482396,-1.90746843425991,-0.25613233420532,-0.820318735415784
396,9,0.990650672162095,0.164623095339303,0.728999958411296,-0.926692101452177
397,9,1.49198949242863,0.0479136642961773,-0.294048692912394,0.820235710575155
398,9,-0.151773432949271,-1.04997661021897,0.577967898124526,-0.106384100029087
399,9,-0.876988901822084,1.00386406605232,-0.445900909924286,1.50262645387867
400,9,1.32928987318038,1.18393095551624,-0.35670548764952,-0.843589360357275
401,9,-1.80410848532332,-0.739101252932829,0.500112338102444,-0.280406985858985
402,9,0.0349025261104137,0.959279804153892,-0.140272509628074,1.12833862061303
403,9,1.32009822282506,-1.04533723170083,-0.368468769535398,0.298977916328972
404,9,-0.146851120475961,-1.30550054157035,1.31187772055865,1.43225498553124
405,9,-1.1608975202133,-0.987636177520906,1.14050258582101,0.870506104596133
406,9,-1.63071968385085,0.907986251857796,-1.37832753154831,-0.636927953451321
407,9,0.796438418996494,-0.495508082484517,2.33668433919092,0.831174473231334
408,9,-0.201903797265701,0.416143118302512,-0.153131671344756,0.567481180656113
409,9,-0.527651038265119,1.32509660979404,-1.06704929966182,-1.68103182095167
410,9,-0.119282218932272,0.295010287894371,-1.14363190605495,0.112289610882269
411,9,1.35571917322854,1.06423200913503,-0.265212127622889,0.20354133014998
412,9,0.75209235553814,0.258178252861741,1.0286129002387,-0.565438231977306
413,9,-0.555849900806206,1.23419871347023,-0.197735274244762,-1.82097749173876
414,9,1.52041846547273,0.26750066484059,-0.964188456498751,-0.761519865224469
415,9,0.530015727829141,0.879748534968715,1.29775301315715,-1.08139023976448
416,9,0.240717528056539,-1.83566732921768,-1.2083602655466,-0.802911497379786
417,9,0.63547360398469,-0.635598992675045,-0.551609784625322,0.363637628036559
418,9,-0.321914905851053,0.323805990003102,1.03343390325143,0.929253227124489
419,9,-1.02103876209743,1.58308218831836,0.457625522140039,0.0881485112735242
420,9,-0.157839564311748,0.721403536909287,0.251109652452854,-1.17575616926065
421,9,0.707960008240533,0.103988573517204,0.339338903199325,-0.12480607435132
422,9,-1.26124477776385,-0.879853875629354,-1.20325175495523,0.559118689125163
423,9,-0.0485853273731739,0.753871934567058,0.462220687775419,-0.353056424161856
424,9,0.928816484657521,-1.10921010804942,-0.250547397249458,1.68493217337548
425,9,-1.51990326586173,0.501711066989356,-0.241448920053261,-1.31030683006925
426,9,1.33629315458142,-0.669453355788843,0.426940088463186,0.34014524838099
427,9,-0.537483927895776,-0.676908704413994,-0.289625445288899,1.75325488529154
428,9,-0.228416088185604,-0.270613350351069,2.43104240292812,-0.28874182678668
429,9,1.48742156639476,1.28819628074366,-0.1045342362329,-0.382344016370509
430,9,-0.514829821577814,1.83822047405538,-1.26926785436545,-0.229131976972185
431,9,0.28598259522367,0.26338250241239,1.09840363651535,0.186019266851591
432,9,0.0657479443478921,-0.686987910252135,-1.18276980054585,-0.1143189686366
433,9,0.0973573742994423,-1.59357704960184,1.18208477510923,-2.67326146980621
434,9,0.925905686798128,-0.387178576452745,1.32353970698586,-1.31246608445426
435,9,1.5362736145952,1.05882641353516,-0.601466971435321,-1.22466498579529
436,9,0.936425730382002,1.79179974084002,0.976985267123813,-0.841806528473064
437,9,1.62844949274671,0.98172712928526,0.0538514698532678,-0.271797481444025
438,9,1.7776815585074,1.12781844959755,1.28606278624693,0.238379711560655
439,9,0.316039088106214,-1.03058381845616,0.807489720854762,-0.404999831365163
440,9,-0.286170823845167,-0.996092823371143,-0.233808041049293,-0.479995569019429
441,9,-0.0579506757306924,0.887128404657231,1.78666274016006,0.748007988588752
442,9,0.875116238809371,0.433369297257889,0.218678704273738,-0.347367386604582
443,9,-0.194909253905774,-0.562488592159152,0.143405623521289,0.88484446016438
444,9,1.04673862310229,-0.0753352109473089,1.22487975527382,-0.13572125311895
445,9,-0.0501607621835997,-0.314567375737942,-1.53839455400069,0.180537269277658
446,9,0.886303665825828,1.21377072917702,-0.166628241579927,-1.43538502095943
447,9,1.02762016997948,-1.59120845369338,0.362860381139558,0.380686923102914
448,9,-0.549003438040957,-0.631563187265527,0.449261960249296,0.462010862680049
449,9,0.764116084903122,-0.303136612157753,0.751112997025552,0.109120832639479
450,9,0.588676372936648,-1.23393593943734,0.561839381618426,-0.879128278329155
451,9,0.178047793754598,-0.0878958021818089,1.42272149376717,-1.624725696501
452,9,-0.644828097394018,0.809052428060687,1.36597720063002,-1.51735247502115
453,9,-1.48401209071228,-0.55782536610539,-0.0825024415794835,0.198532067140519
454,9,-2.06219139713884,-0.353243658727082,0.140507532437653,-0.112165602912199
455,9,-0.612242805323053,-1.64164896464153,1.10289601126101,0.732776888106185
456,9,1.44560695167913,-0.878040854747096,1.65999195892545,3.35444411862066
457,9,0.953577143033685,0.10760284568252,-0.59850108962398,1.58046957764257
458,9,-0.277557390687743,-0.495788943749119,1.57687599115566,-0.26103583363164
459,9,0.0356153840742331,1.06936709715248,-1.18505262344575,0.505028431021605
460,9,-0.855983730574633,0.0989292926537049,-0.530390098306329,1.12134947498164
461,9,-0.13679097426781,0.432971679543451,0.16032043485899,-0.648980955473801
462,9,-2.08905547719342,-0.267677074691634,2.11239145441712,0.776552732461224
463,9,-1.54230858575664,0.22886976519014,-0.376548077461724,-0.521671176404047
464,9,-0.478824027963553,1.03356111395259,0.1226279932413,-1.3747052536279
465,9,-1.48246342911728,-0.706446166205317,-0.225111486516365,1.30268447759548
466,9,0.277908202883355,0.382912671148435,-0.788448833188004,-1.25551342028639
467,9,1.76371953889057,0.378246574225916,-0.939692218500874,-1.28570316354266
468,9,1.17808467383612,-2.82529495417584,-0.81332890222359,0.428854208463371
469,9,-0.728596302125563,0.83975059407164,0.154584262402044,-1.17094622516496
470,9,-0.217119225439372,2.52932991472112,0.988959260093171,-0.0795330219188609
471,9,-0.546139179557995,0.0638088142372129,-0.242683827194073,1.43289372346279
472,9,0.868020988626665,-0.396794957612985,-2.16723042419611,-0.521336534282258
473,9,1.16247965733217,0.561038937181702,-0.82042340063131,-0.559340226104625
474,9,0.645951280742507,2.25310474603546,1.37869436522075,-0.601716636786168
475,9,1.9671358718183,0.753075499057992,-0.183519830121921,-0.773595228631826
476,9,-0.995701913649389,0.380386126478909,-0.706473859777272,0.0271372998276662
477,9,-0.0162900734959755,-0.447981334886343,-1.89039397017693,-0.942704493043686
478,9,0.530983635223345,0.0538449795818404,0.102506005678765,-3.21363178522467
479,9,0.0409722141027162,-2.06682884503057,0.833939489657726,0.395707501637258
480,9,0.359823733265787,-1.91115693485403,0.783465595687706,1.63343805090303
481,9,-0.992924014569927,-0.775364810444295,-0.812462713469721,-0.854934870410327
482,9,-0.33923961313283,-0.264239019042511,-1.07815757566428,-1.0181476824603
483,9,-0.423453785172566,0.362180507245778,1.80188808453097,-0.688784579273812
484,9,0.621854766005438,-1.39752384209489,0.309189497375521,-0.73709112685853
485,9,-0.149223604092098,-0.781282217662104,-0.573625067835756,-1.18114130645287
486,9,-0.535937146302768,-2.03934225747651,0.7787720998769,0.978752749749505
487,9,-1.73088621201846,0.358707841983005,-0.024438958545051,-1.24859790971173
488,9,0.902102590011879,-1.17897581096206,-0.472451305052882,-0.798118045311083
489,9,1.84799807359727,1.34288905971947,-0.0407924968977621,-0.482867248397625
490,9,0.641668476047552,1.60543642939329,-1.19644885577642,1.48804402278001
491,9,0.754262205423691,0.0888967548107128,1.56347702546579,1.17841884771168
492,9,0.792977552230704,-0.252091623451173,-0.474533807690658,-0.00367740352021733
493,9,0.606656531179578,0.548785996834135,-0.0400334155989655,0.50485240526544
494,9,0.182744246463123,0.831636514639211,-0.597496958409306,-0.544082341682129
495,9,1.43765740712308,-1.5328675743443,-0.220936656535935,0.362778292379429
496,9,-0.860326974305941,0.872848216143272,-0.662587570644838,-0.480825877669015
497,9,0.197137359513899,0.484860610142378,1.22620377520602,-0.185078992980337
498,9,0.724688332469801,-0.793194627036992,-0.694039160461731,1.18837426189496
499,9,1.41113216808586,-0.251695500886135,-1.35106002359561,1.15525142289258
500,9,-2.4531411315939,0.534914067574482,-0.206215189913336,-0.112848636300345
1,10,-1.42926744471202,-0.491131930013872,0.0483828114991902,-1.04534353832316
2,10,0.0454516426344399,-0.756328759677328,-1.27635452654222,-1.05430258859976
3,10,0.1637484463681,-0.223857332279268,0.602680307556083,-2.05723059014568
4,10,-0.0331434313961254,-0.0476432569587265,-0.31534893082895,-0.865113724465554
5,10,-1.15904476713946,-1.2913130222883,-0.276232833781655,-1.58084958075735
6,10,-0.0435136389892327,0.0893608640109227,0.602268825220667,0.725584599104948
7,10,0.660218537400491,1.69713608575363,-1.82208827803117,-0.359178331190586
8,10,1.83156271590818,-0.893219966405995,1.96537818942317,-1.55903519647486
9,10,-2.20085477013872,0.674874925274051,0.547344924854756,-0.42075643284191
10,10,-0.358095738611309,-0.439947486968582,-0.410939630624029,0.351813832231419
11,10,0.259027555551445,-0.915632028770589,1.2672019455628,-0.616790702594741
12,10,-1.43937802187632,-0.532502915795929,-1.81213684057188,1.24320191426875
13,10,0.475279819920551,0.19266010079382,0.389622759863096,0.431366413076653
14,10,0.326757490083782,-2.1532674324849,1.09938563565937,-1.26572357627281
15,10,0.171760905888405,0.337819054911245,1.01146499172715,0.601694824748701
16,10,0.0200389451571234,-0.892094176186089,0.44679940600862,0.185675025994805
17,10,-1.76524125773665,0.399623383648867,-0.992815993340202,-0.446107476367944
18,10,0.99373764332658,0.406076907638443,-0.414235722613323,-0.477785243363026
19,10,0.56521366881573,0.779950451230923,-0.910790502245033,-1.55764234393014
20,10,-2.02330039319578,-0.922737413291151,0.889012677499769,0.860985914655692
21,10,-0.373521133095613,-0.978474062822895,-0.806869258371825,1.08724453741397
22,10,-1.95212265774236,0.353011858441745,-0.0615404358812228,-0.324079165508475
23,10,-0.947002543914573,-0.30931361831402,-0.9003541299467,-0.136589875662044
24,10,-1.60428043349215,-0.0769931777517982,-1.13463175475916,1.3910106931924
25,10,0.675773489734775,1.52845680657742,-1.6442305168157,0.0984428256436207
26,10,-1.9106225212848,0.616443596997257,-0.121592321412273,-0.956533389072138
27,10,-0.542005778409927,-2.53017233057378,-0.606683567919833,0.736022203037536
28,10,-0.468827470208474,-1.39750364650153,1.33834440546127,0.983731600826316
29,10,0.55493520659619,-1.46020972471549,0.733063180421664,-0.786113953947605
30,10,0.338092437994964,-1.01920890264667,0.346717244854849,1.13229080253241
31,10,0.825637084706277,-0.303284920080778,-0.961980403161519,-0.829447937009422
32,10,-0.964728758279347,-1.29055435695387,1.18079193383403,-2.02932773904344
33,10,-1.04417940835217,1.02051156137592,-0.106365316208589,-0.453921650601864
34,10,-0.733508282379856,0.995632411873129,-0.565659292584378,-1.51487219373868
35,10,1.19033106678834,-0.115724166221845,1.30385924250534,-0.257351459558958
36,10,-0.205913939947152,0.0707367473457225,0.366313796874738,-0.233056945573634
37,10,1.07102395911265,0.334317136596019,-0.929087175814367,-1.70148293533621
38,10,-0.155769501951125,-1.35487710913787,0.202699928916713,-1.37548629717013
39,10,1.04713453703554,1.07236888829351,-1.37145239298689,1.34395945396611
40,10,0.431853044216332,-0.696895691638107,0.517728017203567,1.07712302477208
41,10,-0.320478749576,-0.608169761231626,1.10607769411391,0.0343342007607863
42,10,0.68979342548276,-0.00566018689125001,-0.723163550029127,0.256300566852196
43,10,-1.09085738244491,-1.02810255722409,-1.05951515546888,-1.27254205168856
44,10,0.802979179115502,1.06167250436377,-0.933321782899605,-1.84546559801105
45,10,0.0032246712798084,-0.063759713152109,0.513473236797194,0.487503386762384
46,10,-0.707489580902551,-0.518426533688022,1.71264528823216,-0.263924101613195
47,10,-0.334732564705798,0.0432054275878277,2.03804718713695,-1.33494823062395
48,10,0.756468170827927,-1.40535156288928,0.0214280460415132,-0.308029434160374
49,10,0.585759837697404,0.408290892677526,0.654599433068564,-1.93578908632337
50,10,0.367580939930042,0.729329328369165,-0.727199154300526,1.2934627731001
51,10,-1.8020530789918,-1.53054506739576,-0.0464742427753125,-0.797521474663686
52,10,-0.101398136353068,-0.978785021687793,-1.59196105931292,0.854527656361573
53,10,0.585781355014567,-1.28644354194992,0.0171322257693033,0.101935643534597
54,10,-0.389927718278387,-0.232787882785536,0.753983760671274,0.518827123940344
55,10,-0.549751371528029,-0.128404155564514,-0.275977922960057,-1.40436616354781
56,10,1.16503248225529,-1.16566981776483,0.160148195828963,-1.21241333608803
57,10,0.106355924202259,1.12482017970327,0.139315370585422,-0.251165024858245
58,10,-1.21934605872733,-2.008727631617,0.195142419148323,1.81232042999376
59,10,1.77166636489436,0.123626952215174,0.428638393747937,-0.376041143635407
60,10,0.869269635000554,-0.184130351164073,0.541804910056011,0.427817974610199
61,10,0.918557088636039,-0.997978674467384,-2.63920381971416,-0.286843387627085
62,10,0.431328045192971,-0.0936952619987573,0.955522874299466,-0.164918608292559
63,10,-0.287194052166836,-0.880557753064277,0.573683624169839,-0.611847635225662
64,10,-0.0541521331663097,1.1380276594314,-1.23158379886375,0.126350402029711
65,10,-0.162382950301744,-0.259257736346555,-0.721614999136894,-1.40830635223242
66,10,0.289467075444704,-0.400995898059101,-0.99343965171844,0.294774614112886
67,10,0.825357455264635,1.64089917334898,-0.167233855329271,1.12836426009397
68,10,-1.35576699579934,-0.808730072778068,-0.891803752673036,1.43225974842982
69,10,0.926968407451977,-0.0639570867499114,0.0877183008898994,1.28036542250845
70,10,1.42485016134378,0.179125819023681,-2.2327084752068,0.849885200482982
71,10,1.97426410463388,-0.992393997365469,1.16700216191856,-0.90254505150165
72,10,0.358240044234402,-0.138585783913521,-0.720692627468279,-1.39832778975285
73,10,-1.49702120889632,0.207436965120773,0.463958428555335,-1.24184767886448
74,10,0.218808621375815,-0.0247935385934679,1.45790161036578,-0.421318422195143
75,10,-0.484311732376287,1.40213778360807,-3.350088125348,-0.474459150307725
76,10,-0.506636484867501,-1.5697641856501,-0.967884295428556,-0.848923332593227
77,10,1.35301463960921,0.141469046959648,0.392036448226665,0.0181790746623075
78,10,-0.289350328512362,-0.125156953954877,-1.68201647113316,1.16070605813202
79,10,-1.35707322905678,-0.446116731902508,0.589472795848371,-1.31197806564975
80,10,0.488809148226941,0.638973313032625,-0.331639071229325,-0.190643260790109
81,10,-0.670509045513931,2.21547350270718,1.25838929268236,-1.42672997570189
82,10,2.19941818280005,-0.414354537668866,-0.105406820024761,-1.19358528817034
83,10,-1.01287458357424,-0.238139493745669,-2.01619735506953,0.326387786683777
84,10,0.669839402531497,-1.67254950453093,-0.57600570969752,-0.395897128305621
85,10,-0.523678831411313,1.57861340628947,-0.769316321839116,-2.67230096400649
86,10,0.943634085060065,0.472446797750166,0.86298195172335,-0.896814682199082
87,10,1.0191529647037,-0.967667430353938,-0.526932991914131,-0.208683667582085
88,10,-0.584578634357268,-0.101513296575258,0.898586103013517,0.285069443767678
89,10,1.05350674185993,-0.574509333443338,1.35075142458127,-1.08853546100191
90,10,-0.738858786738648,1.48261228937091,-1.28982223947404,0.899865118955662
91,10,-0.424245342439557,0.983382517039896,-1.59058632722349,0.247948783373757
92,10,0.429890998325591,-0.554127138445276,1.14443438575156,0.107899541701957
93,10,1.87892513267826,0.398469049748199,-0.413975969640218,-0.726722066990454
94,10,-2.01056604220467,-0.112868710428146,-0.33010332365024,-1.33607618857821
95,10,0.270671706835327,-1.27800708108946,-0.124709466906002,1.68652905007482
96,10,1.17717976296418,-0.941919491731448,-0.985819400483196,0.809229549039859
97,10,-1.7762406272453,-1.39750123920261,-0.339371047580888,-2.09968007065156
98,10,0.987582571309113,0.687050675030281,0.0414181527512519,-2.57734851298286
99,10,0.39696636854357,0.432160079528714,-0.000389219683244503,0.965223343935855
100,10,-0.441816136070531,1.3557081928294,-1.28823993976254,-1.61536993389725
101,10,0.389067962756032,0.165781619330582,0.322689835302091,-1.24544921924177
102,10,2.11068421427085,-0.107876816963315,-0.251150801462208,-0.935366055839668
103,10,-1.53860670549943,-0.81046520457794,0.12692570028507,-0.523098075159999
104,10,-1.74119006546502,1.76606326361544,0.657865313866735,0.830248275492279
105,10,0.855092209458624,-0.241260296986707,0.200248721117649,-0.0192853124653462
106,10,0.189793664927889,0.80829758539911,-0.00367347975014208,-1.09791001765405
107,10,-0.110204982766522,-1.33024647231523,-0.852565918679442,-0.505254937670695
108,10,-0.519999176085407,0.312679342475588,-0.650066424850379,0.034150507372464
109,10,-0.315530655782663,0.810736470809396,0.0675944860856856,-0.186284536825581
110,10,-1.20959772699002,-0.19056110854136,0.618043922977399,-0.149294247206746
111,10,-0.706494940123898,-1.97634266864838,1.02398005977807,-0.632828580097405
112,10,1.59556866234726,0.750467506081002,-0.336391198585017,-0.847926623533035
113,10,1.39179659221903,0.532957851008562,-0.575020243441998,0.122600804478392
114,10,0.260043489290888,0.731832735310257,0.790827772613839,-0.165747781469264
115,10,-0.198841995156204,-0.982936144182595,0.781368093211701,2.29459727726081
116,10,-0.481162131858591,-1.28749095066171,0.296216436867591,-0.866358772151503
117,10,0.90771038082782,0.149353967790349,-0.815076686367201,-0.032445807917133
118,10,-1.35591215381276,-1.43369040697023,-1.34736170332979,0.493349395600772
119,10,-0.450856713601175,-0.174510485109374,-1.34151385296136,0.459709093482195
120,10,-0.0278239449297489,0.346109834630411,-1.33221534521541,-1.03373258702365
121,10,-1.08471409293759,0.531003470721565,-0.952181272899924,-0.0986612507093081
122,10,0.229754060709049,-1.51119649363815,-0.845023352228337,-2.45517015582612
123,10,-0.358468640146688,-0.452148210451571,-1.68986021790336,0.281147104205071
124,10,2.06308754811368,-0.00756943986752573,1.08728676118161,1.64071997380025
125,10,-0.505635652258761,1.33333203747639,1.18858246286206,-0.966943815038062
126,10,1.1121798538755,0.864676779063325,-1.07832020721406,-0.125245996600316
127,10,1.5351804382025,0.59091024247176,-0.0116619718494088,1.33576516487828
128,10,-0.112380676401662,-1.05873257011853,-1.13534425540964,0.996696944488391
129,10,-0.287195464236739,-0.0878412275763816,1.1451919547437,0.691359225309837
130,10,-0.891560763397315,-2.11818022847892,-0.862049855507075,-1.6938503930016
131,10,-0.626406955537422,-0.842092977839123,-0.486738985378431,0.818181106277333
132,10,1.88825241287797,-0.48856348224945,0.0047119580952278,-1.75109637954614
133,10,-0.927798782096303,-0.92720768206837,0.633804139767758,-1.94976593957302
134,10,1.17399459074539,1.13369082436951,-0.67223170694842,0.289686662020558
135,10,-3.95771526063182,-1.83308834962112,0.573851241662883,-0.70597624928377
136,10,-0.921724937355143,0.518688772897313,-0.565118852791685,0.351600807742057
137,10,0.802714472508417,-0.978687731060337,-0.042950445955611,0.429949468754312
138,10,-2.18880724539398,-0.178656268406278,2.02547638568883,0.408063048611469
139,10,-2.45686488863877,0.308820072422206,1.7399178523676,1.23426977601304
140,10,-1.52145740425113,0.168206672121408,-1.1064912315202,-1.05816647540807
141,10,-0.571583776500581,-1.37687271759322,0.244646321953889,-2.65961745554647
142,10,0.933080625673952,-0.147167493616585,-1.76052880112559,-0.0732229708910417
143,10,-0.144163965515936,-0.111448786696337,0.00133969194045025,-1.83877869741515
144,10,-0.828516699540797,-0.203487871539357,-0.416598378143904,-0.734209946017065
145,10,0.110396935854837,-0.414054935399855,1.9701755538825,0.0332127599352308
146,10,-0.771349908410642,1.22168644265359,0.300384923562088,1.41316507525513
147,10,-0.697316511760927,0.397099284311653,0.677924827291768,1.97623372244421
148,10,0.389491387267268,-0.617427411135059,-1.1407481330706,-0.471223728949167
149,10,1.18783049031845,-1.29819611950087,0.132310580572377,-0.0364649022092983
150,10,-0.354031138269283,0.0585390922579203,1.37060745410613,0.324449268721223
151,10,0.385137265650705,0.589517665886871,-1.32944608431084,-0.495085806271205
152,10,-0.726971110485673,1.61593266369423,-0.5536608592924,0.330285491932372
153,10,-0.588040568408368,2.07926646684533,-0.0162693344474518,-2.19766063410265
154,10,0.39969079025519,0.462694503088621,1.19372944435782,0.332833959766419
155,10,0.483668395779361,0.411779592056935,0.500792805221577,-0.0392745731957915
156,10,-0.977187757037347,0.645888187109301,0.471032183255292,0.116920095175519
157,10,-0.288549883142035,-0.397752954836367,-0.68237186913875,-1.05042614109216
158,10,-1.20102121687973,-0.964294141604426,-2.18459286037319,-0.956321529930219
159,10,0.72972683406921,-2.88769212275707,-0.514664055710156,-0.747865791116725
160,10,-0.180916704780414,0.0960373175692684,0.834501204804383,0.755760179483186
161,10,0.444799270784339,2.20412810379016,-0.741326650782093,0.533188427126415
162,10,-1.22779956048489,-0.978086680032854,-0.124898862687782,-0.980595227272721
163,10,-0.893668722071138,0.906448333048136,-0.0226339300669527,0.269131060273734
164,10,-1.75043032234687,0.230889552224057,-0.479661594947133,0.967542784369784
165,10,-3.32308662999895,1.61851239789325,-0.299901748871667,0.999796281183138
166,10,3.20782520897455,-0.0734048295196125,-2.3102479595706,-0.0438527767728546
167,10,-0.491335631271403,-0.670770974566518,-1.29799023953816,0.372591205171809
168,10,1.62139539664158,-0.45795074648281,0.227532346693024,0.103976709735671
169,10,-2.74491249123576,0.522885918945469,-1.60621056724979,-1.87171227846084
170,10,-1.26673302757091,-1.14029720588763,1.31231753650005,-1.04386056426377
171,10,-0.079108664104945,-0.347510926467201,0.300319304393627,-0.453335746756893
172,10,0.474243381487228,0.524249469117875,0.891229818519743,-0.850147150405273
173,10,-1.0597828737588,-0.205663967067256,0.307389077218931,-0.0583562710418332
174,10,-0.00583115625642472,-0.149811708877718,0.919551414852942,-0.44225411563588
175,10,-0.117450401513586,0.538703302122886,-1.16589407358396,-0.320873647566718
176,10,0.267300017615796,0.0924664113285213,-1.33334543676527,-1.88391073658426
177,10,-0.929304589933261,1.51846512652897,1.22467877118728,0.808276984165284
178,10,-0.0615784418494274,0.368018567641021,-0.586981767606556,1.70099631311043
179,10,0.890463329130474,-0.0839506228590397,-0.778078156633781,2.11999294527898
180,10,-0.224582212758665,0.541311636910948,0.443387236842771,0.0880094717142619
181,10,-1.10307578139218,0.955364193224514,1.17800712674099,0.653676333812655
182,10,1.691175879264,-0.748097810562148,0.522583216554801,-1.93388307523962
183,10,2.19891889160812,-0.319393363755588,-0.0539201895481753,0.0380713087282095
184,10,1.03135836979658,0.802751215350474,0.519722499281901,-0.46089347092029
185,10,0.0952962151461136,0.22768759351498,-0.555422128275048,-2.29093213267969
186,10,0.46910682204857,-0.643728441090572,0.129347741412127,-0.962656866862629
187,10,0.12272724949317,-1.15995283937249,-0.836629763407086,0.946100183186929
188,10,-0.428604803272992,-1.88219661379912,-1.19973415731493,-0.3122004986521
189,10,-1.18979125741363,-1.22522965668439,2.58300058493801,-0.919353262762749
190,10,-0.649085539029011,0.415857288773412,0.621463147949053,1.55573086881414
191,10,0.279362005909986,-0.987213929856703,0.657503876084856,-0.536858495339539
192,10,-0.259914064118685,-0.0797062936106298,-0.228477623757978,0.507714734005643
193,10,-1.08717879235773,0.971809547155221,0.320944131494348,1.96424027638526
194,10,-0.0161338971164557,-0.154260879881049,0.270486115211927,-1.52397572297024
195,10,0.751510336952399,0.662972081944112,-0.612595013456387,0.051587742597992
196,10,2.89534812906885,0.788789874900452,-0.195548646459742,-2.52398628557292
197,10,-0.413563847093101,0.175866361071202,1.00984918228411,-0.13507482381235
198,10,0.255656278261148,1.48064497249325,0.143481273754512,1.39240818809863
199,10,1.36596367468301,0.88514195361551,1.63757351148315,0.240861363037464
200,10,-0.471790353434091,-0.973730899096848,0.970116715165246,-0.831613740122087
201,10,-0.975853008451148,1.19602268497705,-0.0880421185440907,-0.0788391447352962
202,10,0.160236198179214,-1.46841760480591,-0.318365452412899,-0.998327518073614
203,10,-0.0604690202576833,-0.870560321235451,-0.154633106475015,-0.310367882256822
204,10,0.67749335930007,8.77787002459431e-05,0.732399527517973,-1.01595209142408
205,10,-0.602541150788861,-0.217093963567953,-0.00648960143896543,0.355050398361755
206,10,0.770499458178934,0.78498851384231,-0.0184295275707118,-1.81684673912906
207,10,0.599992695564281,0.693205023685135,1.76717956935682,-2.65846812588477
208,10,2.1873072259022,-0.615434813992077,-0.460820556732711,1.91538998730602
209,10,-0.755247651290828,-0.682965884599677,0.0423482245770017,0.470317190908666
210,10,1.14471613113832,-1.00921309158651,-0.80880919908644,1.15888721062857
211,10,0.350893596909668,-1.32349417392092,1.48068004435928,0.117047199842128
212,10,0.270347462011568,2.0676776375022,0.3468071447769,-0.853639888790924
213,10,0.177303946109285,1.55277333546348,-0.199564284927326,-0.1856818350541
214,10,-0.602382997770515,-0.634854561294695,0.707974981609879,-1.02043290439997
215,10,-0.316350419188686,0.566958765447231,0.472146656584183,-0.269014386431792
216,10,0.155033646198157,-0.471818697433691,-0.389773405953051,-0.0564725557051161
217,10,1.40448737753459,1.9734148648918,-0.0802585749759369,-0.725522374091697
218,10,-2.30237347846081,0.837145165955553,-0.493225235880137,-0.643392678879468
219,10,-0.721910942860582,0.395538593210809,0.240491084628941,0.779047519470455
220,10,0.654187673344174,0.880607823466997,1.18086490282445,0.375229001442979
221,10,0.171735919679935,-1.14185554565891,0.80800987767889,-0.694024373237924
222,10,0.245130270982147,0.420505910732574,0.802024847623824,-0.727424079446528
223,10,0.194390043188613,2.01068808406704,0.178676628629371,0.15091581605305
224,10,1.64258085623167,0.0863424372238301,-0.455710139388484,0.560583489636783
225,10,-0.141360578876488,-2.61776425260911,-0.182170996759414,-0.0571355939558936
226,10,0.470965682821631,2.35034402519865,0.9180645369019,1.2382155655795
227,10,0.250607249908638,0.283148925387866,-0.427263227388378,1.12710897998772
228,10,0.485131756015321,0.820594777726384,1.12980818080954,0.477860891047091
229,10,0.796262279418059,0.189955854517438,-0.663620046026778,-1.17171413614541
230,10,0.205168280955852,1.27991349730261,0.146018687396391,0.635720718605396
231,10,0.578639521375711,-1.20131016162751,1.1012188311386,0.524842771703373
232,10,0.630235721050007,-0.271049413121236,-0.520882170172951,1.18577664101212
233,10,-0.48376182081404,0.587644833156182,0.102989997325686,-0.980648981625024
234,10,-0.110107554770847,-1.63428364697579,0.834831798033485,-0.435961755194312
235,10,-1.22220789978424,0.680353619033678,-0.109509461017572,-0.122121509260632
236,10,0.24147708199174,0.216533696894649,-0.909101628721179,0.636842022013861
237,10,-0.457970667643526,0.285708979835723,1.75874947888785,-0.838328018501282
238,10,-0.44399225544262,1.20720493236158,0.333326790396513,-0.000109506173866828
239,10,-1.0781886145059,-0.909808043498932,1.34057482155757,-0.00306890824280866
240,10,-0.237902318924839,-0.243711247632798,-0.135408718678268,1.64506126922836
241,10,-0.49680854467879,-0.8047226921601,-0.0684410054616444,0.706650615528322
242,10,1.36709367688626,-1.072514546476,0.040645424402498,-0.0593936553837344
243,10,1.2448203489256,-1.18443376505879,0.419509231491027,-1.28009451321286
244,10,0.0743710546164496,-0.144463675569804,-0.597194895935394,-0.0872741669912245
245,10,-0.874681041902541,0.428540469140257,0.89466849957379,-0.254778426160788
246,10,1.14956791606761,-0.351800037098334,0.660013344623853,-1.99061088991666
247,10,-0.023247237601628,-0.00819648663754205,-1.71525025068645,-0.412010271923417
248,10,-0.798575847159937,1.05561465839238,0.108481941328286,0.280649284673098
249,10,0.62287327144735,-2.07611070372011,-1.56200331852937,1.82185554046142
250,10,0.254733766282728,-0.559925625086856,-1.24769308915553,-0.427302859415516
251,10,-0.121895411894085,0.0341733471265211,-1.28212490625776,0.716321977617936
252,10,-0.575238921538687,-0.37688821621905,-0.501282654885547,-0.821969771925831
253,10,-0.336664983876009,-0.537406584304137,0.831167247603098,1.32065943370792
254,10,-0.378431400917061,-0.69128089789763,-0.27011091860671,-1.03296021892503
255,10,-0.214878786276245,-0.940575201395766,-0.516637992021604,-1.40302802625603
256,10,1.66258251945838,0.591829737967142,0.791822329088206,-0.607620788212676
257,10,-0.359554863300824,-0.384986008189509,0.289494461820739,0.542876425910691
258,10,-0.22455366542575,-0.0582483275411837,0.43945593382507,-0.576104937077065
259,10,0.284069418568955,-1.46661360712534,-1.3372457416465,-2.58014312374954
260,10,0.401266448611541,-1.03985519025089,-0.656230847075009,-1.45693472096196
261,10,1.05489393830055,0.556079702592788,-0.100443548345433,1.29451376902333
262,10,-0.57283302919102,0.115236789777709,-1.02230489652494,0.0522454079338093
263,10,-2.84974752070146,-1.05884815147281,0.0956813015003684,1.11451033283005
264,10,1.15834217855295,1.21223169248758,-0.605680632855417,-1.48767026615828
265,10,0.645621945258574,0.126800432104911,1.55177251013339,0.884100014941767
266,10,2.11298625151348,-1.79271704370028,0.125435956357493,-0.99485830974063
267,10,0.677668845445344,0.336100754699214,-1.62541223848558,-0.654801494621828
268,10,1.30839905860277,-0.371593048054755,0.246504880824295,1.18393709510815
269,10,-0.592609127190551,-0.501144105687945,-2.34031173000536,0.443282473225004
270,10,-1.38219092407793,-0.520573753711207,-0.561495516511101,1.15867676217897
271,10,-0.401685012979042,-1.39254770785503,0.967427451535773,-1.36926543732577
272,10,1.85262086403684,0.683628892721669,-1.77280556794209,-0.956555036690816
273,10,0.147984067937385,-0.2574273500539,-0.255168943203897,0.912183146867911
274,10,1.36543109132036,0.714084426607378,0.983213113624566,-0.0769857783334392
275,10,0.825212714842637,0.424748076689444,-1.50713465354387,-2.22166763293154
276,10,-0.539477034439146,-0.331925343388672,-0.151379788853892,0.916163251621027
277,10,-1.07211848069821,0.440313525537547,0.277420528668024,-0.363599750808332
278,10,0.466679721461069,-0.112625868636551,-0.168549627857145,0.959634956834534
279,10,-0.111308285403259,0.608844978883983,-0.143104734606771,-0.148670259583306
280,10,-0.676291042588436,-0.398370466119512,-0.58883750185913,0.406447159926829
281,10,-0.0829515674748346,-1.29374561889871,-0.701409487256138,0.30188354471847
282,10,0.748114854075447,1.1294783736545,1.52809840338568,0.47136381538858
283,10,-0.748969117743674,0.249594233523893,-1.11945987859946,1.9331699898483
284,10,-0.117412580422141,-0.358013616745778,-0.182349495149414,-0.416924717578702
285,10,-1.22353897498764,-0.287633055341788,-0.43125806877768,-0.813516564202966
286,10,-1.09663684382551,0.381284927047219,-0.46583732411466,-2.22368121164994
287,10,-0.228411627128867,0.242088550140013,-1.17462590806914,0.995781422958549
288,10,1.28375369653031,-0.536324558429359,0.766514923558212,-0.1802991254174
289,10,-1.07581659058417,0.725867294137342,0.800524798151104,-0.800421696692892
290,10,-0.206568180093304,0.804798261800838,0.501031818140772,-0.250300838234812
291,10,0.151356741749589,0.508310095037585,-0.386284636852035,-0.3146384418652
292,10,-0.952344995702889,-2.05863051025837,-2.68817249170105,1.01015516219065
293,10,-0.730871238684752,0.428298498201293,0.0501405406884679,0.285263508541852
294,10,0.722841344262051,-0.0304369046136338,-1.20533804394215,0.718154221800463
295,10,-0.0414398628416394,1.42605147451002,0.504231717536021,0.310565199537287
296,10,-0.348280576467902,0.356597149169765,0.389202226491673,0.659787737121176
297,10,1.8676870996933,-0.597465445699608,-1.6637196652956,-1.18312171964226
298,10,0.0480272592172164,0.160244834150762,-0.238362493724671,-0.946099824645341
299,10,0.714663021781602,0.634191234281996,-1.40826088664102,-1.9544546509502
300,10,-0.487174667056573,-0.0674971303200123,-1.45752054552135,1.16543154565062
301,10,1.37391105581507,-0.398653699731266,1.29953690650596,0.456531745520742
302,10,-1.06074697043929,-0.751636005661219,-0.0141178640317959,0.831248783587422
303,10,-0.64914548274048,-1.26536960942979,-0.228847741605968,1.70031722073984
304,10,1.28837256299935,-0.675879964646819,1.00188445144083,-1.03519335698503
305,10,1.03817801381214,-0.221483041572807,0.350636852086135,1.0055271085847
306,10,0.529167150899973,3.09446328945975,-0.889134310424472,-0.498898748916496
307,10,-1.98453171177006,0.345649019586521,-0.13671472067964,-0.644063102166197
308,10,-0.695629680568663,1.39686527488977,-0.0518530014096936,-1.16081204637871
309,10,-0.471803467400488,-1.00639361146977,0.637614323923359,0.11449862937283
310,10,-1.24731052637179,-0.835664849992273,1.56184158300972,-0.679407373648537
311,10,-0.162941403577275,-0.990709301936041,0.561512325282015,-0.545116337366292
312,10,-0.444658494887871,0.15671543593222,-0.273185110774553,-0.200057628158732
313,10,-2.31029075093056,0.0253116114912596,-0.685689266793383,0.351259765542163
314,10,0.699299931711919,1.48060484355291,0.284198717307325,-0.894576400579664
315,10,-1.0147922946671,0.331804789624603,-0.418041945765204,-1.63573729807451
316,10,1.07827487187078,1.54138396341535,0.923773639577058,1.23618476056936
317,10,-0.150347262836369,-0.932523568016249,0.179408002198243,-0.5415449018244
318,10,0.817908381891568,0.282578175074586,0.209336917840529,1.19113903765872
319,10,-0.294659839216058,-0.729408535875444,0.335044053356176,-2.87506024276145
320,10,-2.19910500327548,1.38347946921048,0.70915527710618,-0.347172993170538
321,10,0.760291858573142,-0.0509180873684076,0.735457829584662,0.904417944886095
322,10,-0.389324732800291,-1.61033267886333,0.00623494844602357,-0.0511724934611878
323,10,0.254636596527528,-0.964697538442404,0.663124745590211,0.654298709901495
324,10,1.01348409759885,-1.12369630321771,1.37162229711052,0.388963269612752
325,10,0.46745873118654,0.714909363089775,0.883610856818291,2.38258937604428
326,10,0.102491641007664,0.746805351372688,0.0687721088033365,-1.66517768804876
327,10,-0.237173797352899,0.769185514392424,-0.909574995474613,0.2330033715231
328,10,0.196783771810214,-0.780611585803277,-1.88560354707022,-0.134156498096068
329,10,0.0752741739289867,-0.437160146280581,0.285879999329794,-0.379805439995538
330,10,-0.129705944292854,-0.371281039477104,-0.597887351234718,-0.631056907824834
331,10,0.177831875526615,0.386488752016623,-0.177349553684772,0.35707178325069
332,10,0.0551910644738674,-0.926363915624859,-1.87926660920345,-0.661070405060281
333,10,-0.831704171771302,-0.644748168724038,1.51906647620993,-1.90397439006341
334,10,-0.0510263342483133,-0.580132731821216,-0.167646697553874,-0.00660659205984408
335,10,1.33545072515888,0.543618301179914,1.3248976348878,-0.175973660401698
336,10,1.14956305673799,-0.121241291024517,0.541226953519058,-0.635807937345138
337,10,0.285461930665008,0.564606671224578,0.0890789838407203,1.90501430229318
338,10,1.02494468522927,-0.12246676750312,0.252729224150478,-1.36533215216148
339,10,1.66354509448221,0.936358423512171,-0.966201953824388,0.585804802961415
340,10,-1.68692500954817,1.50056114427819,2.17019418735338,-0.61522991184706
341,10,0.884409304920795,-1.12720693796984,-1.49956644530735,-0.973520320703498
342,10,-0.827877542258841,1.58992263336251,-2.1288362836064,1.26519013355497
343,10,0.662883513996459,0.140926667783771,1.09049725663754,0.192245475534637
344,10,-0.236531297870516,-0.0147784970573969,-0.0304344203173156,0.124445853769908
345,10,1.76669325313916,0.78917941324221,1.98190684401583,-0.466306739938457
346,10,-0.622631854631842,0.623660486325447,1.46501127904331,-0.186904641493517
347,10,0.137311339342994,0.708767097111884,0.755441513984531,0.0046708367268092
348,10,0.639622392831803,1.16846433211188,0.235293358457886,0.527100560167854
349,10,2.27436268064839,-0.262810036400406,-1.05836835696157,0.0994595694487367
350,10,-1.22427797726571,0.798853113068938,0.195911663612651,-1.07007518054792
351,10,-0.420830286908559,-0.446351374847719,-0.520682645006797,1.15586464491852
352,10,0.845878765192476,0.492869988805999,1.33268226909708,-1.83674583433866
353,10,0.478790017315993,0.891758260220402,-0.74224380660002,-0.744461433201406
354,10,-0.551223087573875,-0.453041106586975,-1.12423633964497,1.04343893192466
355,10,-0.732533482014691,0.400052790915144,0.598272205806312,1.04382996990609
356,10,0.424638996169413,-0.422232474161336,1.30638416956256,0.231908506561143
357,10,0.402030328501532,-1.22688968854651,-1.31506263832864,2.06562293591822
358,10,-1.06207837561756,1.73501324706337,-0.251310564680636,0.451743981249768
359,10,0.778783448454503,0.159256013808758,-0.94330478767311,0.324948662176107
360,10,-0.409717794856374,0.387025339143321,2.13249104002343,0.0833962204378085
361,10,1.6383865168559,-0.438254181104835,-2.27264083691894,1.04274197544891
362,10,-0.0789124066984051,1.57520935685089,0.188710215614838,0.246950385670876
363,10,-0.693662711756806,0.466651393492868,-0.179182306834671,0.055234627167986
364,10,1.15217350150164,-0.738394795661895,2.08613767395807,0.765657297517361
365,10,0.415485787667407,1.72672496754878,0.301324586265785,-0.128466471527469
366,10,-1.14641023263375,-1.84269689756566,-1.20652011845484,2.02606845239343
367,10,0.676324154927257,0.204438651686631,0.424276531387208,0.136286088090811
368,10,1.24354801349403,-1.30122091728129,0.773489777102772,0.208386439105163
369,10,0.0798450120444077,1.31400659213993,0.752681756893843,-0.234898445954028
370,10,0.228263121762119,0.866269139788882,-0.938515741342246,0.356897367777934
371,10,1.77820937505752,1.39400942773861,2.52066337213242,-1.69094493034476
372,10,1.26762046980087,-1.42188102061205,-0.00504756383458082,0.569443703930943
373,10,0.922424955313729,0.810204169603387,1.30295468558102,-1.49731782166304
374,10,1.57744216531402,-0.548698554536805,-1.36688537760275,0.55461024042726
375,10,-0.00774787815604296,1.06789946725472,1.64051991212656,0.350009434240644
376,10,1.27521122531573,-0.229231516943893,-1.23016611771108,-1.17930416499267
377,10,-0.270533329636447,0.838368800649339,-1.94033100324888,0.515782859229749
378,10,0.323788437862958,-0.851802768203563,-0.311470309563289,1.57771854531824
379,10,1.0692670186439,1.81771162841731,2.03364430636883,1.45620536522758
380,10,-1.13177520002129,-0.88800968163707,1.19928825179217,0.116220845207447
381,10,1.92999442772638,2.15072264551234,0.227846569002786,0.351101261371388
382,10,1.26941437207658,0.880182542766957,0.862715733682516,-1.9938978188699
383,10,-0.762339533558058,2.06825685856332,-0.0489634095767961,0.0615326764653604
384,10,0.644279891649198,1.36148165667067,-0.343792831788184,-0.422194633361585
385,10,1.24148342809751,0.198340277186797,-1.82699223937647,1.64817221066025
386,10,0.689655194320595,0.877626951042209,-1.50430598563196,-2.36960500377937
387,10,0.729320728363569,1.77218874926979,0.228548210379716,-0.621727995356454
388,10,-0.313333096728545,-1.32055321469655,-0.956943170814845,-0.361674592950337
389,10,-0.929000558983776,-1.29579487820346,-1.75579760853245,0.0404926674382053
390,10,-1.08444836495692,-0.703458200146093,0.419251446337669,-0.0245012426729715
391,10,-1.35309972855873,-0.125520608439287,-0.639396719145484,2.13721144281339
392,10,-1.14659882641234,-0.204930383235501,-2.07663659243423,-1.57601298192286
393,10,0.0452421285652636,-0.871739373608884,-0.503902909453759,0.56577661138953
394,10,-2.36472232342878,-0.493603353906875,0.418035713451989,-0.964062643473351
395,10,0.645703037077288,1.16024827337314,0.311714247737584,-0.0239310525004679
396,10,1.0607193449145,0.628493785256892,1.24259399412967,-0.994597021424389
397,10,0.119445162706221,2.97399755526658,0.836553108099798,-2.0674973322624
398,10,-0.629732424573437,-1.40252995823423,-1.8067466142497,0.238786648640111
399,10,-0.369734267113205,-0.536439617971223,-0.904466868739572,1.51883145877959
400,10,-0.919263666154786,-1.46937685760305,-0.736292946873549,-0.236949552371679
401,10,-0.80417015239973,-1.3162714617053,0.37827776517514,-0.584905286951808
402,10,0.360375381544482,-0.649813646743762,-0.775590532413323,0.813175941792475
403,10,-0.943754258156743,-0.596147143668873,-0.662145985221608,1.26098467237381
404,10,-0.531572747940186,-1.68523827791689,-1.38616443172968,0.462297635619537
405,10,1.69639861905424,-0.404853992158947,-1.08521080327174,-0.258398478190663
406,10,-1.03902338385988,-0.0382451618784967,1.06491595451832,0.0205814798101805
407,10,0.146930327433718,0.217674848685565,-0.884420237910515,-0.212944490461289
408,10,1.70810468244833,0.554065419789762,0.795156832808483,-0.84713345060368
409,10,0.0175279221575811,0.374674285928638,-0.915988556747768,-1.41767437984833
410,10,-0.544085549501104,-1.84320951626981,1.18764565041676,-1.14187450896658
411,10,0.304437888936757,0.233794482416257,0.166672125546171,2.13811135180411
412,10,0.0496713045313716,0.956920825145891,1.15013577009394,0.797684440673647
413,10,-0.293216607373991,-1.37339042694093,-0.344238703080484,0.552102944085353
414,10,0.589133877602715,-0.392587026337855,0.771464255549885,0.322523662501818
415,10,1.55342035346837,-1.08431679669624,1.01782713480217,1.45386610612071
416,10,-0.820104513524636,-0.996968683127932,-1.2236740536665,0.54892207081215
417,10,0.251738573675717,1.20563716946351,-0.789768233446861,-0.163857959794332
418,10,1.42980946341094,-0.216834629312061,-1.83962174541243,1.1026693116286
419,10,-0.676533341176335,2.37881744810572,-0.295321829743414,-0.107847798219914
420,10,-0.271387293128378,0.196882391249753,0.13944346625549,-2.51792422115328
421,10,0.626043419788952,-1.26020198735953,1.35181997479845,-0.575157588247631
422,10,-0.343913009294215,-1.50167001391275,-0.349514752191191,0.623256789200916
423,10,1.16002622070827,0.93878663660355,-2.04607115650346,-0.211239196963879
424,10,-1.94342569918305,-1.32273553256825,-0.185491236080887,-0.597882364106641
425,10,-0.0351966437464222,0.075263338530879,1.22449095335561,0.557072858174825
426,10,-0.129401307262107,0.295991242300661,1.06516957769525,-0.128141737066481
427,10,0.519916806270774,-1.87654407681562,1.20915521375681,-1.71004166004418
428,10,1.05965058686118,0.809475418156241,-0.768420227872848,1.52964655808881
429,10,0.0887595134899488,-0.489872028062376,0.710296838099008,1.13566183293204
430,10,-0.265090450831107,-0.888387651230663,0.751379141555311,-1.85555634383417
431,10,1.02808638327662,-0.765234655320855,2.79083328406303,-0.508714533907358
432,10,0.0778900054355668,2.12584504613928,-1.04443416049227,0.0505564581748936
433,10,1.34604037171331,0.812005113079577,0.509998385825549,0.199461681849727
434,10,0.580997363483996,0.726000122987072,1.14373807146826,0.693104902585075
435,10,0.281215459290574,0.434875137940902,0.0659175984229363,0.473217830223373
436,10,-0.299301827979293,-0.94140211143781,-0.241669082503553,-0.260576909004448
437,10,-0.163544537583187,1.32054575742514,-0.295811598577854,0.467207580249324
438,10,0.627292479557651,-0.284279176331817,-0.0234883863771898,-1.11415284762686
439,10,0.206918719293028,0.544297415805561,-1.26782153601993,1.01978879096059
440,10,0.348809593432766,0.168232064533882,1.46618924203107,0.849169206737408
441,10,-2.93480551909321,1.42617859179191,0.468051473586269,-0.843800510170866
442,10,0.210278884158943,-0.35762823910326,0.0964643340514121,-0.816710485063868
443,10,1.29083462378885,-0.532737737960696,1.33480504177304,-0.899149577524208
444,10,-0.307325537673104,-1.70186924706945,0.993713222342853,1.30529697974383
445,10,0.291884562960849,0.334592037507892,1.54443279408313,-0.453057036419088
446,10,-1.78491273877309,1.18266630296297,1.68932042877093,0.320451646774688
447,10,0.669438051188457,-0.172783057892645,0.308391690674716,-0.546416037143491
448,10,0.275694883850172,0.224296152395281,-0.616452980538521,0.0529023764071273
449,10,-1.14852523168721,0.181381461545389,0.159643037073814,-0.891902998861432
450,10,0.47050835200928,1.64873411168801,-2.68014236299665,0.189246332800729
451,10,0.00821828930156583,0.81252259730746,-0.684708054468183,-0.278735540445542
452,10,-1.5831306806225,0.993998224263464,-0.845873251117463,-1.28267457603191
453,10,-0.695241147766111,-0.0968888260687852,0.016139771407272,0.36846219602972
454,10,-1.41461069624438,-0.125422399067317,-1.15121502101497,-0.815046530257926
455,10,-0.159078752435763,1.97311863893648,-0.0722881950352615,0.246491412396948
456,10,0.769611699696053,-0.401799586968256,-0.133480361838873,0.931053416621234
457,10,-0.914408610949295,0.154563025235025,0.345475436901587,0.999868917054944
458,10,0.464007471058896,-1.71452598433241,0.0678738630252717,0.438737019775417
459,10,-0.411893986153677,0.783937264350658,-0.403965611001306,1.93489851864626
460,10,-0.460540777634652,-1.51044336168911,-3.30144617432739,0.998590908398201
461,10,1.76225222746,-0.923147602149034,0.455641519128083,-2.34201088184611
462,10,0.0323073337259399,-1.05867376989612,1.60893078608028,1.0064855619705
463,10,-0.121295987364596,1.85092513074479,0.630950183390392,1.25610352018236
464,10,0.700351235736565,0.332331600599447,-0.245706079293197,0.141172812635739
465,10,0.223285695080236,-0.610699142909989,-1.43765256087388,2.01332859593929
466,10,-0.641735074157501,-1.20312232746838,0.00480730718993129,-0.644044698715034
467,10,0.46564131557468,1.07347934483781,-0.346208608438262,-2.01702908677791
468,10,-1.64033450906207,1.20868469688131,0.552595165048255,-0.23335041770307
469,10,-2.25155018021937,-0.341775564359154,-0.371041342214593,-0.233120434016629
470,10,-0.491520298114693,1.78306680965499,-1.32507918185187,-1.56174198316414
471,10,1.27658532764256,-0.779326768084913,-0.470152374421118,1.50197183328802
472,10,1.4832185349487,0.211076461953534,-0.637753806964899,-0.507248454483418
473,10,-0.677362952018051,0.830617454598974,-0.838323132386944,-1.17103291738784
474,10,0.181859515758177,-0.205853411555941,2.45228427340931,-0.999233344530145
475,10,1.58749031405223,0.831638221083367,-0.625751409998733,0.469260719761458
476,10,0.415945766448379,0.996599385176185,0.465078737111936,0.879487368226097
477,10,-2.13088053323198,-2.27680826361663,1.09346397329445,-0.455746137228952
478,10,0.492551314650283,-1.78782705084394,-0.104841341017098,1.15922698570615
479,10,-1.01607934530201,0.106211108729594,-1.09932174125659,-1.2321654721638
480,10,-0.472517736463954,-0.308980383773974,1.28618002282607,-1.32162929401923
481,10,1.43013643224694,-0.354246270201384,2.69805994843007,-0.647230964264885
482,10,0.76045125155151,-1.18884690878455,-0.452377837343982,-2.12407954291493
483,10,0.270771172168932,0.168123924338624,1.41192250672043,-0.488850473640468
484,10,-0.0522605684377501,-0.787475843656853,0.194330286821869,-0.944148654896329
485,10,0.423255220154217,0.0994653603478587,0.493447067200179,-0.994395763802798
486,10,-0.296027166337596,0.203933656631442,-0.448987744976325,-0.115615841600878
487,10,0.0773137905456005,-1.75451806009935,0.380925944138986,-0.963884764537259
488,10,-0.958739949619727,0.731396611844795,-0.318917265480121,-0.29754532598315
489,10,0.973255516804811,-0.237762646859966,-0.366891360387918,0.307232950373184
490,10,1.46375239957248,2.31179604670948,0.473932065776923,0.399940774912885
491,10,-1.34723880391393,-0.160140184751232,-0.171237708650683,-1.55151365964482
492,10,-0.0813484295945168,-0.886148929951246,2.42450995400869,0.662318245536115
493,10,0.381428204965002,1.46046263103443,-0.826369200896122,0.510290735806374
494,10,0.436712846102983,-1.68150991818239,0.0807302644403966,-0.305956368111255
495,10,0.263737804743041,1.0280460369458,0.437606119259311,0.626761874677686
496,10,0.0934884773184974,-1.18624384348483,0.72662013795197,1.07827813905167
497,10,0.640132961768799,-0.122118402756765,-0.00422980394675692,2.31056223917139
498,10,-0.307921988092419,-0.665155843552585,-0.878855873139606,1.74858462887262
499,10,-0.873102911877655,1.33198661124182,0.00991719454236421,-0.560668794420396
500,10,-0.728005216067656,0.428045630320989,1.74996987447044,-0.207436137619207
1,11,-0.201041176016377,0.161901315799131,0.191679759661191,0.131281429471332
2,11,0.260724379200387,-2.11718305531198,-2.09143670131904,0.54766338523068
3,11,-0.254838839524991,1.96602687761191,-0.971720143284962,-2.39136031304311
4,11,0.0508721860750932,-1.49723069409303,0.293378624660497,0.428819769070315
5,11,0.340844243344541,-3.21635169932863,0.21480349760572,-1.33023025261636
6,11,0.560732015213467,0.217534320708912,-0.257906631428807,1.92151909995682
7,11,-0.0413927485879625,1.77998823770389,0.162805571669946,-1.33454979500119
8,11,-1.31698282360319,-0.259926410904316,1.24527618153584,-0.936901738653031
9,11,0.613076850609949,1.70372675558985,0.156437402175723,-2.21271407766828
10,11,-0.147353183764678,-0.624841089612517,0.303984731955097,0.0912455861730382
11,11,0.0425711605952562,-0.757738085052852,0.847755455344084,1.51354824249152
12,11,0.366652208850424,0.555796700065054,-1.39778188793613,0.460890206467644
13,11,0.152997230752957,1.70049572840109,-0.62241909952966,0.887818745887477
14,11,-0.714518346813111,1.05957579049277,-0.0881879855393297,-1.41492332265782
15,11,-0.152021330918522,-0.24667474755735,0.0425872330409756,0.0666726913952422
16,11,-1.54410629974207,1.64577741739096,0.198052956076228,1.3250684316125
17,11,0.579088807533165,0.0883285695440074,0.425966721780307,0.73708728873778
18,11,0.623452663485706,1.57951104365922,1.43747626110654,0.177080863358096
19,11,1.44292988807007,-0.160004693074947,-2.39407228686953,-0.585780702796797
20,11,1.5342900602914,-0.39095564570159,-0.171323249774205,1.02642652051769
21,11,0.423392929182788,0.295006918589779,0.914074060570173,-0.148618486641381
22,11,0.978500384859607,-1.48496393277487,0.996803879955738,1.01283767204723
23,11,-0.31812528263356,0.839493900234648,-0.0127711459185454,-0.939190876441754
24,11,1.13513774198335,0.75651272778466,1.000314830305,-0.445968903464332
25,11,-0.322782689894713,0.459831854752689,1.93202140278016,1.03700124727006
26,11,-1.18214371225456,-0.0150154426643648,1.10911325912699,-0.206733859530252
27,11,0.798789797316672,-1.01317844430572,1.20130134984437,-0.33925295987404
28,11,1.12260554933535,-0.463281278251268,0.654818934062406,-0.58348437711416
29,11,-0.270142185367182,0.161922200145795,-0.137961157685627,0.142936692890113
30,11,0.345766033473356,-0.116470377239976,2.08967641393938,-0.400729849334681
31,11,1.99352050191797,0.374942122054388,0.537219058317442,1.30751435054185
32,11,-1.04220644253789,-0.456035464034332,0.116057260414339,-2.02568124125622
33,11,0.0404504101256123,-0.539497321716251,0.564661112458411,0.590485242605255
34,11,-1.71654091877944,2.3012588706679,-0.609267517292529,-0.239660442133025
35,11,-0.274504970172066,0.658989787516864,-0.331548094717447,1.03231150480545
36,11,-0.393041743112933,-1.6695671707524,-0.720712152749184,-1.20551536063772
37,11,-0.453950344428073,0.648296296105866,0.29398662804079,-0.0921973431906396
38,11,1.62534563005146,-0.0125868154148338,-1.86675813428503,0.430662736724247
39,11,0.875468983625652,0.466352334529264,0.514567662015732,0.446488284773871
40,11,1.77661670700654,-0.509448748155152,-2.95868508301865,-0.0759267103271026
41,11,1.0048567325164,-0.518789738183773,-0.782051291024261,1.40111989993262
42,11,-0.315426816834828,1.15870409665632,-0.962217309471778,-1.41582812899442
43,11,0.0652319570346127,-1.17875618972606,-2.02690212308818,1.2029097828869
44,11,-0.708353035511856,-0.282977794744741,-0.252025541763385,-1.18453257219111
45,11,-0.25346824826593,-0.673124661560971,-1.40910917476848,0.702537138316625
46,11,-1.17557345924198,-1.27598789057498,1.07292825218115,-1.45129559406486
47,11,1.01254980263038,-0.652541646293445,0.441214089998801,1.67029277757308
48,11,0.401583211583903,0.0211608280771319,-1.66294392078241,-0.115285487470646
49,11,1.03695332924103,-1.10612812969479,0.0696499496303645,0.0177480258051125
50,11,-0.484612677896869,-0.886218554122923,-0.57717262492925,-0.31969454641067
51,11,-1.39823770880471,-0.186577965690611,0.23728916198345,-0.118803598357497
52,11,-0.570869204201548,1.60734320102781,-1.17009886883479,-1.39205182053127
53,11,-0.226484264970607,2.33215302137451,0.535508732550921,0.977961577271084
54,11,-0.86113242986209,-0.522898144448627,-0.382758228548429,0.864682945188338
55,11,-0.757742445662013,1.13239994978005,0.108337087731919,-0.311673687695792
56,11,-0.550931248043962,-1.71065386495634,0.771780239812861,-0.116517258692366
57,11,0.981886144452931,1.94806878627116,0.234655164397688,-0.515096527000711
58,11,0.297844266929101,1.32019788271149,1.91861792513641,0.0729633700439154
59,11,1.25948092743832,-1.03718514756547,1.40833299396629,-1.22544061893241
60,11,0.0920940491789581,-1.28905610306257,0.363522001460156,-0.785481510117149
61,11,0.785645334122018,-1.66660641397708,-0.154966433473415,0.199732467354956
62,11,-0.0977951435596545,0.320994141138038,-0.615875495090272,0.974252200608774
63,11,0.43757135524472,0.944537909841069,0.240683848543617,0.519803007068462
64,11,-1.51293931151101,0.409015656128348,-0.666886284969751,0.253175044265187
65,11,-1.51887046255214,-0.589947601817557,-0.215569524673414,1.67747945524665
66,11,1.0227843923236,-1.13901982231339,0.515390336529928,0.500518353147639
67,11,-0.956592354832122,0.433774254094213,0.130019663710174,0.942245589833959
68,11,0.394320550508695,1.52499858407354,-0.0194013528599995,-0.129221012737803
69,11,0.659208955456952,0.0500751463685532,-0.280458305298008,-0.0980084699961812
70,11,0.285435371418178,-1.59755381983499,-1.24287673982019,0.92185838833283
71,11,-0.108689762564585,-0.712259342881766,-0.432331526565617,1.74010246174009
72,11,0.396670982569205,-1.1540124362543,-0.137964715528059,-0.364474139798445
73,11,0.489991009870518,-0.780188820955558,-0.0501604411220932,-0.479905859144644
74,11,0.578211691154469,0.139287798042971,0.676801555817029,0.530054836556147
75,11,-0.453517112745959,-0.345622328382799,1.34528637380748,0.282934575309916
76,11,1.27657872234718,-0.744578028774855,-1.10396128504534,-0.69868356626742
77,11,0.631132900346089,-0.17956810365089,-0.741148618394432,0.662524624317994
78,11,-0.485518742883087,0.31323405975726,0.224374852907617,-2.12587096918183
79,11,-0.0786858540373837,0.654523032277117,0.732462660405925,1.51544980924409
80,11,2.3342874369543,-0.177966942947505,1.35862094546086,-1.78963698323111
81,11,-0.112354389293087,-0.763291307024683,0.44525438014604,-0.363238381953933
82,11,-0.0878911237989608,0.116527555583184,-0.904589552117548,0.259741202561659
83,11,0.299387439756356,0.111222533325023,0.170530569071417,0.148014708255926
84,11,0.373866431273686,-1.66150742288093,-2.04790544615139,-0.311503472056778
85,11,2.00399724737934,-1.76036568841267,0.200116719144926,0.957044798508565
86,11,-0.906614779256909,1.37349637797254,-2.04870037781302,1.32138079352229
87,11,-0.339362812177424,1.20251391545438,0.00359619788554702,-0.785292647808509
88,11,-2.06064760611791,0.265240008345048,-1.48413736402786,0.520728175048097
89,11,0.698626986210184,-0.0390589879399434,-0.357416847330694,-1.53989840429068
90,11,0.135543043214533,-1.07319686444911,-0.654087163499437,-0.00272617101056142
91,11,-0.118697386042297,-0.414488166621257,0.824852933937578,-0.407684833780538
92,11,0.210720583115123,0.324759346052059,0.0200426378082539,1.04258856380133
93,11,0.131117441847726,1.08251502502378,0.255297851563694,0.619625112094435
94,11,-0.636169518548779,-0.73197216832279,0.740436905652382,-0.407316166606039
95,11,0.16504809510197,-1.13845200669852,0.381183858053875,0.652584029997196
96,11,-0.415253845935043,0.667678552149451,-0.866620271888167,1.2254883837468
97,11,-2.9629347765346,-1.51680987432927,-1.58916344138963,0.626754910405388
98,11,-1.21533634787445,0.749018111146851,0.500192255863319,-1.17279685749838
99,11,-1.62582415209841,-2.29194880594187,-0.422289001992447,0.792797532305808
100,11,0.824321832892147,-1.44248743711891,-0.753184091567757,-0.380115744879428
101,11,-0.707835929186956,0.520417000400576,0.128034950842286,1.62781536162157
102,11,0.330882246941831,1.35325805401968,1.30233568801292,0.0120400007133078
103,11,-1.00438250141398,-1.2403473351122,1.03211334435583,-1.45634367816782
104,11,-0.0600191479262391,0.346688833634279,-0.779127148890752,-0.0403141436511147
105,11,-0.526037521375854,1.37721226887258,1.52506444619568,0.945153863852462
106,11,0.638111098787866,-0.618839545275948,1.03629433185055,-0.660193929660247
107,11,-1.1455862275546,3.27076879062577,0.414036583579919,-0.199127625658085
108,11,1.33251452349266,0.442732897593589,0.464644099719585,0.507147426233265
109,11,-1.12522339516999,0.812089547354412,-1.41606411251342,0.0900882164595132
110,11,0.0283987020420064,-1.68840957747299,1.42667261341375,0.960987731454026
111,11,-0.0179666946127147,-0.606885222223328,-1.60143276580871,-0.526262765621527
112,11,-0.168440658531703,-1.39414320830597,1.81037509412817,-1.36540312439241
113,11,0.786300887574946,0.811681191358236,-0.605741812053979,-0.118096240500055
114,11,-0.696480907022105,1.7093395272317,-0.542958964315594,1.34422634460256
115,11,-0.797627175286482,-1.46042972385231,-0.470807428342495,0.130311583732882
116,11,0.91742499787977,-0.219061958970239,0.424903211278711,-0.890311844794935
117,11,0.479809758350821,-0.871242259308552,0.493494706685335,0.858342131528578
118,11,0.100804900270738,1.56083166929113,-1.2836993448545,-1.40142859788695
119,11,-2.45386514150948,1.52502239010043,-1.40583099474774,-1.16301169138103
120,11,0.828965570960717,1.37460359425001,-1.80037857813648,-0.859604208647773
121,11,0.232235746189587,0.781755369074498,1.47431991549174,0.190231092415944
122,11,2.45749307252604,1.75006770882032,0.613868729617874,-1.01982843335275
123,11,0.506552339991115,-0.0473742096649281,1.09878383202827,-1.12732906741171
124,11,-0.828945096428934,2.29251267390769,0.101089803089119,2.13759350751677
125,11,1.69017938974375,-1.08524892080119,0.929842700732484,1.49486501559926
126,11,-0.676385671332621,-0.565506807544895,-1.2399762509033,0.844905064841629
127,11,-0.0947884122638514,-1.34251645299631,1.09821153066471,1.11711762750973
128,11,1.5091938422648,0.253529007749676,-1.39388970067656,1.63740774053148
129,11,-3.38522842423132,-0.298756592098481,0.503972029402727,0.183899271747439
130,11,-1.0308856608239,-0.929129979732153,0.448990959366467,0.052420850366951
131,11,0.0491425678371206,-0.54906207935367,-0.264515725918731,0.142050637940619
132,11,-2.65142669985748,-1.63938172630516,0.115849545102176,0.826235271444567
133,11,0.370142470105856,-1.12634733225783,0.311515678062026,-0.704245532846833
134,11,1.16716311734641,0.413303136698752,2.57968511398196,0.270156523127144
135,11,0.462267298429204,0.705015851786985,-0.428248271456419,-0.641675693576718
136,11,0.400883799483049,-0.775228940104149,-0.970695361932669,0.595296337461529
137,11,-1.6669530899995,-0.807861564979056,-0.222166375382138,0.54016969475823
138,11,0.0410116229550203,1.43243394315291,-0.77826277784883,-2.36376205641963
139,11,0.197842314527142,1.72074332561527,-1.00980018983076,-0.68736216427904
140,11,1.07156661409233,-0.759993283514674,2.29268901832683,0.00412208960914984
141,11,-0.67376101872753,-0.212452480883114,-0.196603693490892,-0.852667128287752
142,11,-1.39101702158618,0.380663338428463,-0.749840322460118,0.105343193770847
143,11,0.150727642532144,-1.77021562111419,-1.05838296084471,1.29950444321801
144,11,-1.40075376866783,-1.40759967018258,0.737720399851398,-0.389107323647947
145,11,0.172240905450174,-0.268691179665909,0.207124504755126,-1.18336173012479
146,11,-0.352286056348484,-2.21492556508136,0.469619847629269,0.482196525823959
147,11,-0.00597149902159177,0.819988756069188,-0.0546484529069306,-1.08644778512394
148,11,-0.0840888633636142,0.212838682796263,-1.01245539509567,-0.0748062936347697
149,11,-0.224597092331883,0.783746107035355,0.488467264959724,-0.702457755179631
150,11,0.200949608607206,-0.482508263407851,-0.342812274642599,-0.147348342612476
151,11,0.639236124245037,0.0323708908359238,0.179874556219221,1.13136240455835
152,11,0.368479997848594,-0.881149165693606,0.589746417605615,0.011059068627755
153,11,1.05330653983142,0.821865393156333,1.85154760952342,1.27983066110912
154,11,0.175114142192235,0.892258020835528,-0.700974765865811,1.54801609126
155,11,0.0669603822459079,-1.79416125201916,0.253924193037233,-1.32571667567226
156,11,0.550496609587796,1.30528351299399,0.875279211986564,-1.31013654463749
157,11,-0.0261496384561908,-0.66990281133486,-0.449174850920754,0.866431110972369
158,11,0.913943157415167,1.10727104058793,0.0643357433491027,0.20075007346574
159,11,0.672892693506749,-0.202620950402467,0.933356587011489,0.155257930593256
160,11,0.0858337810793303,0.203796251639701,0.959915563593135,-0.862730019483701
161,11,0.12474606988462,-0.538888213932476,-1.64047743293596,0.954878576005227
162,11,0.588916154362954,-0.570206613559357,1.38585839657482,-0.39517929242566
163,11,-1.99050834477393,-0.735624585113989,-0.56561619674516,-1.4900328637708
164,11,-0.597880486740775,-0.0630309079386817,-1.14364086520014,-0.229301431316519
165,11,-1.18443708839886,0.907849894100606,-2.18134507886177,0.73241671300488
166,11,-1.14937631485167,0.793060274292868,-0.6265821391698,-0.760005259387293
167,11,0.116532207290411,-0.940528583600975,-1.63725231129612,1.94209109171166
168,11,-0.0075919767313719,0.752609649435242,-0.707939799896154,0.239779102217567
169,11,0.877809187647431,1.25423169359871,0.867373442686802,0.728626992770274
170,11,-0.720669957793513,1.49558270619021,-0.498101801113546,0.39233966104587
171,11,-0.783565628746943,-2.95280114409702,-0.0117174090231571,-0.343329503005704
172,11,1.39419216303284,0.0361897266773102,0.356713932703655,1.09507344639244
173,11,0.387021790846114,1.21014287409303,1.5391323174059,1.10869918733749
174,11,-1.03391744160445,0.00282810548432633,-0.155941351699349,-0.501227100693767
175,11,0.125996982653314,-0.382506711655817,-0.931907338843011,-0.474664053946484
176,11,0.423048999270426,0.613560994136892,-0.370436071488182,1.24234960716109
177,11,-1.42763498267967,-2.32373357930474,1.35167328340532,-2.79887872955048
178,11,-0.179640413027214,0.874980470916146,-0.34062322524529,-0.908015057581777
179,11,-1.97765920175414,0.443196406050277,-0.674093096679025,-0.553140541769661
180,11,-0.261916071709265,1.3249121930212,0.183966341705799,0.308615094971034
181,11,-1.38196222728449,-2.19308089504302,-1.54406643890993,1.47472142447038
182,11,-0.850142094745547,0.735361940582802,0.301131646437946,1.36102674506572
183,11,2.07777443545508,-0.140603966739473,-0.8936656248192,-0.703992258956845
184,11,1.99675092390252,-0.328377964372517,0.730789709812896,1.3608593290831
185,11,-0.324534767665867,-0.278083422193458,-1.0682783364696,-0.282377084112653
186,11,0.263630173588274,0.61459353364949,-0.467978406872053,0.0138283555656623
187,11,0.14952278614569,-0.101330641422437,-0.688243710694767,0.439124352296235
188,11,0.279130468636632,0.436438266260168,-1.66960349284235,-0.565988617922311
189,11,2.16409078753276,0.983481122165702,0.0904518381191058,0.0124431587382666
190,11,0.241661772900484,-1.05671195767752,-0.466256271473654,0.967284920401557
191,11,0.464205217867829,0.0515287714001841,0.416199184800129,0.788367878495495
192,11,0.590878459973484,0.703323378972588,-0.581859557773765,-0.497822458335189
193,11,-1.15621692089992,1.72784633055305,-0.014289504861851,-0.92654041937931
194,11,0.261141893448423,0.764975354737333,-0.246050761094102,-0.164858032924261
195,11,0.532026895751923,1.10111691054882,-0.908041097802484,-0.468656066444428
196,11,-0.492505983859346,0.302551876192994,1.30552258241401,-0.620434485442964
197,11,-0.186729444180545,-0.351121198241253,-3.21527757585127,-1.10645433582487
198,11,-1.07000512924196,0.843340914213376,0.374210463323796,-0.34498845210338
199,11,-0.0493684735599744,-1.9200507252363,1.05386776303635,-2.342302987175
200,11,0.526665487454285,0.164486590367716,-0.452156338340021,0.272722662754128
201,11,0.615696709624076,-0.0018491350948929,-0.633672204875552,2.43741295866106
202,11,0.695493247230881,-0.968883017646713,-0.726975473979026,0.272331064876653
203,11,-0.868365943109145,1.02116663457303,-0.947334700118955,-0.115510038099527
204,11,-0.543190895372148,-0.841767057397751,-0.598983997649478,0.711881363292135
205,11,-0.856362326787852,0.631920227842344,-0.416204276903944,1.64002711352923
206,11,1.31182751350276,0.73502954658053,-1.63771335700898,1.20534492938719
207,11,-0.14195685659179,1.61789118193668,0.532943402706515,1.32513911121921
208,11,-0.682675447880858,0.288360184830105,-0.757855430611025,0.142653640268731
209,11,-0.290373748446954,-0.962756990409976,0.829039915229358,-1.48497191337508
210,11,-0.120217437108375,-0.132545215284788,-0.751458409773615,1.57051611111349
211,11,0.746588326277679,0.098559933063982,0.407731481596728,1.59972034371644
212,11,-1.29319732238412,2.08570013979896,0.502319382560084,0.805489323581827
213,11,1.59321447575517,-0.686808151819161,-0.865313369120167,0.140220575214928
214,11,-1.44150132200555,0.0547415815688617,-0.933151025066294,0.554279604358894
215,11,0.436296390210723,-0.452847924809065,-0.898900836089896,-1.18288384369136
216,11,-0.0504674147922888,-0.927939106371131,-0.00752743858620021,-0.147104991541029
217,11,0.614958253676352,-0.797168875496371,1.25048974010154,0.138585028964721
218,11,-0.524203920955583,0.569650556521083,0.152757056177936,0.732335158270197
219,11,0.70563985103285,-0.014731313223758,0.902170489449057,1.57057146382445
220,11,-0.280205844753987,0.627698784887839,0.355359745473503,0.121860675388336
221,11,1.00802136217318,0.408261127762316,-0.147301152040613,-0.997797776093434
222,11,-0.477112205114508,1.45968843835502,0.44360820062991,0.201848803697603
223,11,1.84825976440681,0.272031672833689,0.383792013044957,-2.1102734554845
224,11,1.1585254701,-0.051773146823195,-0.995633793162233,1.02549825757559
225,11,0.378139151630213,2.15486855423458,0.0259245961171422,0.309490328278688
226,11,-0.435699432043605,1.90115582427939,0.00788550106211181,0.655636820472122
227,11,0.496038103997031,0.477104545566421,2.45393907798636,-1.31062801648226
228,11,1.3589579104951,0.12981166055752,-0.214318415683032,-0.561633170599814
229,11,0.472196680607621,0.6274152424116,0.178175584364963,-0.0440062994213778
230,11,0.109383664825891,0.712103265026128,0.448597657521757,0.879603247112607
231,11,0.0922877475508963,-0.0230025499485275,1.60884083034303,0.32403985418334
232,11,0.379371511084869,0.427136083265268,0.16860946802358,-0.000165704819999338
233,11,0.174863445912357,0.942420427509651,-2.54846221702988,-0.759149024035995
234,11,-0.0990816637575689,0.273574850365374,-0.509815573754908,0.715361936522421
235,11,0.18001327196523,-0.337808476301997,-0.592595115326294,-0.423244180965565
236,11,-0.287834622985195,-0.336627304100119,-0.118258382119565,0.89558055713113
237,11,0.0404378160918481,1.80178696825084,0.51544382278217,0.660655187991351
238,11,1.16991341029292,-1.119090177791,-0.432414808543911,0.0156085007138807
239,11,-0.242666300630435,0.0802479418593671,-0.454326443484484,-0.115495504226637
240,11,-0.460940569891547,-0.711704762375891,0.647291749621595,1.08942651325355
241,11,1.53703686032358,0.84545697831883,-1.9058925110653,0.162525424381558
242,11,-0.648061025875986,1.35530431267222,0.22932672715823,0.749452350939011
243,11,0.822689847243908,1.42386300926368,-0.0243319410291161,-0.339380054568485
244,11,-0.724788786245505,-2.48382180711682,0.321911684658025,0.0199204692403862
245,11,1.09782635672474,-1.35300854175695,0.0324439661069705,-1.14206804674076
246,11,-0.715977203636914,-0.11647130744878,0.226167601708102,-0.160383828015391
247,11,0.722893126829832,0.562873229394109,-1.16573412854254,0.423607319673582
248,11,1.4909758986066,-0.410859977484881,-1.04858001234651,-0.285626890356492
249,11,0.319231290709644,0.506591812924372,-1.36631075474521,0.483041949486985
250,11,1.30307262404126,-0.72314124620244,-0.83955653292109,1.39873399167897
251,11,2.98670048768974,0.274961206174161,0.0771465373709711,0.609772852784865
252,11,-0.644592953552138,-0.107160232946437,-1.70594324657402,-0.0770132541338354
253,11,-0.297074484960045,-0.875729366508238,1.02161981317192,-0.121736275687251
254,11,0.834422219664071,0.873188877814177,2.22598768056045,-0.404914778077415
255,11,1.63963292759096,1.17645572932352,-0.57597964547371,0.921810083728245
256,11,-0.278609211393657,0.300320215627227,-1.22813192167899,0.119176925549336
257,11,1.31954726413774,-0.127601392396969,-1.00109567476995,-0.276670274857804
258,11,1.34074754658769,0.340659269272535,-0.193874338995317,0.150189512508372
259,11,0.783305954495188,2.15081450764583,2.94017454044548,0.480516769183148
260,11,-0.0110968948263977,0.930663082465996,-0.625885892546531,1.14655182452573
261,11,-0.837472626327789,-0.79442006893149,-0.260139703140441,0.193196560741779
262,11,-1.55323554525838,0.201259386783409,-0.60719952423817,0.0787702314927837
263,11,0.62691642878247,-0.441230982618377,-0.0629311812969067,1.48039553185664
264,11,2.05019387887365,1.50543352787917,-0.809673172360351,0.97705245184969
265,11,0.262283311340986,0.416947567876085,-1.07232038747218,-0.770243260883913
266,11,-0.186525503873174,2.17068663308496,1.18616457153516,0.787134261629667
267,11,-1.02338398181705,-0.231393348500573,-0.0640234375082288,-1.42378504347319
268,11,-1.69645932888428,1.65095021996664,-1.19999336588273,-1.98447423823506
269,11,1.09158530701264,-0.972681216687938,-0.917817363224288,0.354179754368048
270,11,0.779777186158171,0.409559908809508,1.37281918324447,-1.46069719135126
271,11,0.421640159003975,0.0946853719597174,0.45603671983028,0.789097765741389
272,11,0.798208099603522,-1.43267170135338,1.00123069675396,0.0510525793008167
273,11,-0.0963232937492004,-0.806360313037546,0.514924179585956,-0.237588853699205
274,11,0.457124346827786,-1.19560733721944,0.844938165596324,-1.74836253316398
275,11,-0.971028714918694,1.26593002237498,0.699533897113706,0.951721900597445
276,11,-1.49688408322764,0.527090368549263,0.28997229747259,0.300604285913471
277,11,2.42478819883716,0.978593462155656,-0.418993070277795,0.610599586139491
278,11,1.17004780370413,1.12216879561757,0.914842135567452,0.444404334008952
279,11,-0.746830412385896,-0.781673401339762,0.714926743421291,-0.390044059931942
280,11,-0.594061906155013,0.542031804282347,-0.647464812751086,0.507722068447304
281,11,0.523427537225841,0.273252283608641,-0.199684500047655,2.3902342902107
282,11,0.206687994941623,-1.74821863981336,-0.545870305469874,-0.459150043178081
283,11,-0.759373004210144,-0.399241677799925,1.86691731817615,0.709424223596951
284,11,0.252858103463715,1.48744163428653,-0.868552423580539,0.511390841745901
285,11,-0.172464180502386,0.721114081076926,-0.341572104084746,0.0223860445927527
286,11,0.86745880838652,1.00915832410058,2.00119185587669,-0.698472256016299
287,11,-0.197879600225944,0.0341376995719785,-1.01900977264698,0.932909322405562
288,11,1.5052964888365,-0.477004498673884,1.98424080634771,0.0715604466971562
289,11,-0.638798703503877,0.360152663820581,-0.184590374010023,-0.136642333932562
290,11,-0.725333662316957,1.41200363918207,0.158688774146944,-0.993810914191571
291,11,0.194558208646234,-0.0178428243784761,1.9533940178002,0.0739821521884799
292,11,-1.68527775658517,-0.0222975005150029,-0.0789395531425103,-1.11246075719856
293,11,1.40165044041835,-1.04880380298981,-0.538529646045553,1.14886141648349
294,11,0.0241824816953034,-0.966226597037972,-0.96651667215506,0.789923967919446
295,11,1.477710365116,-0.692438344437277,0.810099721134324,0.573975472575858
296,11,-0.2901963175177,-0.811150136388904,-1.02856807479035,0.414705342342763
297,11,1.35249301397885,-0.165912019148722,0.50933965541913,0.975203691527099
298,11,-0.275764970163089,-0.126548365289596,-0.399779965922935,0.901825583340844
299,11,-1.81963535131043,0.130455256699568,1.42484794954538,-1.05125610071944
300,11,1.75034368590588,-2.01209325879924,0.0283418697773462,-0.498775404939967
301,11,0.55428311789456,1.57996271529436,-0.533316521575972,0.573988731760849
302,11,-0.246212344915416,0.28787687522211,-0.207618428688969,0.190042512890244
303,11,-0.820308090129475,-1.1361515420362,0.491055163325009,-2.32479361637042
304,11,0.116058646978352,-1.14383969202771,-0.390052413135275,-1.9837872421175
305,11,0.809068250714252,0.640093504844718,0.225232702351588,1.45453155652833
306,11,-0.390487613640977,-0.102453853012603,-1.10161728589,1.72104861659019
307,11,-0.766790020592893,1.53102853179496,1.1323903119647,0.0318233317066292
308,11,-1.11243957955663,0.0844111069554533,0.170482654578332,-0.157494841753915
309,11,0.26306086071235,-2.04203104949471,0.175657950673372,1.07770043412858
310,11,1.28369995989894,0.73962254407355,3.03404584970582,-1.86055697169195
311,11,-1.43666341573071,-2.34955964414194,-1.16836881285395,0.373649740692478
312,11,1.07426026987599,-2.47400699600425,-1.03517055851581,-0.18783923475507
313,11,-2.05369260006307,-0.308008278575162,0.313894037711477,0.0965829730608642
314,11,0.469058023989333,-0.79503125635663,1.40115337944844,-0.908309656900912
315,11,-1.2917173501206,0.558216877224825,0.506380415348921,0.0212949247671279
316,11,-0.157643355855861,-0.0885698340776096,-1.038439764899,-1.04385969657195
317,11,-0.682911112611869,1.35324496793561,0.833841442973508,-0.00912395795804549
318,11,0.186002686196481,-1.62953213081702,-1.64901531895506,-0.582391174422786
319,11,0.356782705318975,0.284300881103152,-0.917595930192742,1.01580379630445
320,11,0.790928248928622,-0.141751745842993,0.476788940222002,0.0400213069112546
321,11,0.0901756722258518,0.296577961263248,-0.0324605031984573,1.86168627008538
322,11,1.02035189706788,-0.342302445235898,0.896172722137198,-1.01929346668394
323,11,-0.357686353024844,0.393841732886969,-1.18785968939495,0.937217512986785
324,11,-2.12297696890444,0.626183442452345,-0.468455275270306,-0.361596701419892
325,11,0.29520873554026,0.0803267397439537,0.43982267932326,0.895633969066948
326,11,-0.821145003487703,0.156629821082943,-1.37178432780556,-0.469828761197176
327,11,0.558294398718601,0.116967162900834,0.316116112047466,-1.08675485444708
328,11,1.29059833302194,0.78610075635581,0.00279526829267568,-0.6874477146898
329,11,-0.419018013739275,1.56374362455508,0.377789791591888,-0.0948604976905144
330,11,-0.215802094513425,-1.21070669405827,-1.80143891632532,-0.213100892647432
331,11,-0.130301905743353,-0.126958224875112,0.0342944913449935,1.03431527216425
332,11,0.293830280504321,-0.346754416125594,1.28107409712115,-0.530145056022786
333,11,1.46062378322847,-0.954500062290635,-0.077178794684554,-1.06071099162087
334,11,1.09374416563373,-0.0416682889750609,-0.78641534194601,-1.20595121515126
335,11,-0.338483298594367,-0.509667063076313,-0.845805578136591,1.83560487799283
336,11,-0.876697628227259,-0.160216045321167,2.53743351553041,-1.01690238402841
337,11,0.0724471719419404,0.124702493264586,-0.0110423162610452,1.89153415349332
338,11,1.15072491233654,0.139955619780426,-0.561655449076896,1.54617156772394
339,11,1.82131725804584,0.296656292886742,-1.35549605188261,-0.284575510476862
340,11,0.0574149074878967,0.56947134688287,0.232370300166236,-0.162502878824266
341,11,-0.596274348539661,0.598730552336828,-0.965524347794405,-1.63471122171882
342,11,0.67295519031626,0.167288473335204,-0.308130296013671,-1.49663606846134
343,11,0.825926571597907,0.705053121779911,2.2371313612248,-0.459947483934596
344,11,0.174658373668007,-0.121126162732566,-0.8667423566891,-0.209509705314794
345,11,-1.18641840644937,-0.00419968592131411,0.0300324435274623,-1.11498459335817
346,11,-0.212657541182043,0.366213290009382,-0.310119896594333,-0.766604954153963
347,11,-0.690706681060013,-0.45135414128025,0.0941204830833801,1.37612062135779
348,11,0.402674814264225,-1.72707096271426,-0.158599705578118,0.313571208246783
349,11,-0.89622358651068,1.23014519948801,0.949453789930258,0.143797575304579
350,11,2.27125895039901,1.07415509169239,1.75301340428613,1.0652318419052
351,11,-1.91927728670484,0.000546479484984631,-0.928776894425512,0.692700575958575
352,11,-0.423790914903935,-0.569176866767284,-0.188906293372606,0.519960653170231
353,11,0.207622929619276,-0.557720936579756,0.386178120708756,-1.14283243930009
354,11,1.32863912397693,0.262657244013516,1.21585339307173,0.878253843379184
355,11,1.47403422296294,0.535755933979927,0.65262445015567,-1.28043793983725
356,11,-0.118046426234688,-1.07382706979437,0.034001784263654,-0.825787799408041
357,11,0.340985398375471,-0.961404453461406,-1.54795707975584,0.173346978040686
358,11,-0.202126207759598,0.453083740925527,1.21886136654692,-1.0289910302833
359,11,-0.863744717386264,-1.10841701263246,-1.75658045144171,2.47273536992719
360,11,-0.235608236708843,1.07453938096929,0.826842060011252,0.997368280639851
361,11,0.660386357154238,-0.420290227379544,0.437544660546414,-1.45465145915319
362,11,-0.112929864147026,-0.886863029696363,-1.91825969520428,-1.49148846741799
363,11,1.29619917028923,0.822546559319845,-0.576058601137362,-1.24616046443351
364,11,-0.255541473157304,0.29212090651525,0.126621769067684,-0.114450754776944
365,11,-0.0439693166007258,-1.2486964669842,0.48606417518024,1.83164855904254
366,11,0.966378774698614,0.300742059593777,-0.65439675817802,0.536498064808749
367,11,0.949739902694874,1.06512112742355,1.15600123302321,-0.292283379031076
368,11,-0.437603255596556,-1.79545737597338,-0.501935926678009,-0.456391927741436
369,11,-2.28095944051873,-0.662923960258789,-0.058813602757761,-1.82386271336262
370,11,0.629380098937659,-1.23644974451938,-0.509118627145309,0.495082252542438
371,11,-0.0473929083953153,0.698063158796766,-1.40399926342032,-0.561849900059419
372,11,1.3177091412829,-1.60993182649337,-0.315603642692303,0.38383016850666
373,11,-0.703733671574434,0.0233478040665548,-0.21439002360626,-0.423993718577458
374,11,-0.0458454407000719,-0.0470935244372775,0.537098617022334,-0.346691465252518
375,11,1.45186590221186,0.996883485739967,1.34240551820494,0.845032565584324
376,11,0.284683768028151,-1.6845058065774,-0.0140006149248283,-0.668518923242314
377,11,-0.809656203501511,-0.741239314411969,-1.05272125694484,-0.936960528518945
378,11,-2.02498776810699,1.87992356913367,0.248045800687334,-0.93187038758096
379,11,0.81701952499885,0.56272313054252,-1.04744742525668,1.22779702376685
380,11,-0.990497645687757,1.08387617000197,0.241858026913985,0.724917898121367
381,11,1.16229071291099,-0.123591642511795,-0.805089264285397,2.02891256836606
382,11,-0.388763700937126,-2.51280587873131,0.628186758279893,-1.26832640548647
383,11,0.478414632434175,1.94349288422412,-2.0090385105816,0.555249333601402
384,11,0.660518029305568,-0.300351618128214,-2.02236900504692,-0.217230977494956
385,11,0.501158132125017,-1.12291202977555,-1.14073167530607,-1.03787414092528
386,11,0.726499958928786,0.803857115984733,1.58585587974952,1.12344103149693
387,11,-1.0616552100479,0.983032186574253,-0.823635593493079,0.0179415176108139
388,11,0.862148279018023,-0.334039372361884,1.4009221231686,-0.28620737416919
389,11,-0.0439870166998094,0.705147692441177,-0.483733912808952,0.972855376079738
390,11,-1.49567512818605,1.68669570444984,1.38535235557574,1.60122118889165
391,11,-0.288213307660302,1.02792022055557,0.579388894070819,-0.859628256182589
392,11,-1.34397001066334,0.0322737350021302,0.419733945281541,-0.909562156033638
393,11,-0.696555778701506,-1.45875329677134,0.79365096100199,-0.0766190619735771
394,11,-1.0021322216421,0.211949719457755,-0.590756893664388,-0.288560261493023
395,11,0.979427854850022,0.221457225391353,-0.701671973384434,-2.00115309524398
396,11,-0.848903141153777,-1.23697803903387,-0.933584522290507,1.16360131684003
397,11,-0.896858592754581,-1.20155223691607,0.499793519342572,0.276372677948523
398,11,-0.621668136727304,-0.213312869023419,-0.333730683340384,2.28196379586515
399,11,1.90259392178644,-0.780011542694722,-0.0822280152669005,0.208369047081065
400,11,0.891972558953282,0.214327381734039,-1.28418620571527,-0.866434622646165
401,11,-0.629822228721831,1.56065658801652,-0.561578031382414,0.890760557425898
402,11,1.40865094053866,1.18143017177241,1.34303964576137,-0.745328190516542
403,11,-0.491129086651586,0.650094090694106,0.620712597283418,-0.156962817165071
404,11,-0.950576695717499,-2.16954854986536,-0.343282256928818,-1.1699792008448
405,11,-0.0884769553224863,1.16923114918385,0.50796364284808,-0.693963470002746
406,11,-0.219154646220531,0.943854061589308,1.28360259724587,-0.222331043622081
407,11,1.99662533345103,-0.074678050612044,1.61856367038779,-0.242465943887042
408,11,0.0907513681350396,0.0307004982336919,0.140849886438131,0.689098607496402
409,11,-1.66159821915508,-0.682349509525338,0.698887169335961,0.175576699518426
410,11,1.31070862673106,-0.321437587411107,-0.232836435055031,-0.303935516524689
411,11,-0.431442418697444,-0.551645427806342,0.914150000128139,-0.602224065024724
412,11,0.00154609713776084,1.52310266964385,1.1514277433708,1.31685563890625
413,11,0.453636388680703,0.0810193951171533,1.1588039598263,0.778849779409561
414,11,-1.61976688112268,-0.0302814017949811,1.6260741655498,-0.105824189432064
415,11,1.13600720974689,0.918543222573505,-0.682097127659557,0.736835645548416
416,11,1.45593380988028,0.344650377720206,-0.489131199926384,0.118454817330598
417,11,1.28149853989486,0.0569436383940554,-0.00740060392593098,-0.458767627895304
418,11,-0.332891963252174,2.23868518331726,0.165241498603992,1.00179046865854
419,11,0.96783706989961,-1.08084269861807,-0.4454539303501,0.461222126979875
420,11,-0.193037568188555,-1.05260316020218,1.10019961002538,1.17445801086952
421,11,0.153439945879092,1.32883272105387,-1.46453099459974,0.953781296439761
422,11,0.168848890707356,-0.599916543052123,-1.11458264507874,1.72130913845711
423,11,0.469572650914384,1.21522691306208,0.24626851053479,-1.14290652893065
424,11,0.159836919930037,-1.57114983573773,-1.40274751742717,-0.378652020459928
425,11,1.9076166252707,0.577817453229931,-1.21045437112298,-0.303095229898654
426,11,-0.493587013817081,0.0135024807048156,-3.05907068740777,-1.29590485682989
427,11,1.59945830935514,-0.294931772208611,-2.59071427063118,-2.79539936045293
428,11,-1.02206616445037,0.570923840044892,-0.507068933960671,0.10736556090977
429,11,0.618553228577158,0.746456318106911,-1.17731109854143,0.45826872843242
430,11,-1.07705863805935,-0.6825422894711,1.73828722134798,-0.416007522923558
431,11,0.658491742881942,1.35602589071638,-0.453341739329935,0.882648386335354
432,11,0.91179433310291,0.987369588235581,0.243291136428163,0.451098172925752
433,11,-1.45244237205947,0.67123341371151,0.536024387151978,-0.437674770434591
434,11,-0.591350522330198,-0.6711480926408,-0.835145366824498,-0.0337704056004877
435,11,0.600758400699829,-2.49690096878772,-0.748826991761678,0.0698441011181813
436,11,-1.63489226279529,0.606535106248154,-0.313044208133729,-1.75234391223124
437,11,0.65260379955099,-0.355703878134201,-2.92587468853602,0.643761364439918
438,11,-1.26454858685382,0.144475957264211,-0.442554009967691,0.874607833544761
439,11,1.84499019128774,1.39397748979977,-0.437563784863784,1.52190513282187
440,11,0.0633116681640793,0.0259364053439547,0.892807490092921,-0.255187252934494
441,11,-1.79238073034147,0.24481067806635,-0.90355990115551,-2.51885774704091
442,11,0.222352790254601,1.02518759205351,-0.491276693308932,-1.63749320471491
443,11,1.17298989989104,0.183006708597777,1.03431900949261,-0.343757141387648
444,11,1.65889076558423,-0.529490092739922,0.700378940836514,1.81749206290209
445,11,-0.573719157124609,0.404529850930181,-0.492566280266083,-0.556179464771141
446,11,-0.517190129005711,0.776248735090609,0.80509585780183,1.29504485650305
447,11,1.36224401721942,-0.198620889142479,-3.01818729717553,0.247226138840354
448,11,-0.499742280544067,1.13979635661904,0.0493198944673627,-0.436414520740097
449,11,-2.21625003026986,0.823992799720854,-0.138555992005919,-1.72059232080389
450,11,0.627098218953425,0.085623722893569,1.06457489655787,-1.23735230422062
451,11,-0.38807136348849,0.372708384089465,-0.846275805254686,-1.51161496549219
452,11,-1.29480151362751,1.55637582886791,-0.0332916047446492,-0.80410797453778
453,11,0.335962436003106,0.0632446317556022,0.102906928140048,-0.465229138472788
454,11,-0.247244076457422,0.417298600263503,-0.093353683922463,1.51562462491028
455,11,-0.98392775964277,-0.0648336482078869,1.50330598485549,-0.03495717472379
456,11,1.18063301971876,0.0602568490416348,2.05245302635866,1.53072579860169
457,11,0.592992768624293,-1.47555798227281,-0.26522340874732,-1.82241865997925
458,11,-0.354023110966903,0.277252402675396,0.556828166292198,-1.40459263547022
459,11,1.13217929979444,1.33921855594881,1.09300302603639,-0.103933851816315
460,11,0.775476454402712,1.80022900686292,1.2979747601205,1.46019949209538
461,11,0.982520905073915,0.950047903623996,1.64685003588332,1.3507070305971
462,11,-0.261786850950567,1.73750062055847,0.339769775350298,-0.0354280701446137
463,11,0.279612238580269,-0.0197346407676596,0.367106981997402,-2.10884017221573
464,11,1.29566728548888,-1.13137858984043,-0.544955923355035,-1.04350753056039
465,11,0.222094536650244,-1.43483483406195,-0.659160678178407,0.262448075991794
466,11,2.4378633224828,-0.776538546217882,1.28164577415323,-1.59068100358947
467,11,-0.938378495941105,0.968874761726816,-0.520047429756963,0.180509735103002
468,11,-0.00790986658235822,1.29073284975839,-0.454644477797353,0.898220098995417
469,11,0.00376171567697169,-0.799422986323289,-0.274587450308834,-0.264953240966296
470,11,1.435718668334,0.805934159484272,0.867389163148914,-1.47315213282164
471,11,-0.0996106439962027,-1.54958550032115,0.652113525110742,-1.09171672036553
472,11,0.206336325754268,-0.166730603743265,-0.153410894783041,1.20832785843653
473,11,-0.23549098760268,0.828380273325834,-0.780699598281078,-0.0242740066116303
474,11,1.07622315549645,-0.0722483866943336,-1.89815292693162,-0.166114350213147
475,11,1.64879080079772,1.02163292874927,0.0379365669500483,0.256546413742499
476,11,0.116732196965456,0.638199045711657,-0.168656926235785,-0.565727428478922
477,11,-0.613109304082152,1.67257323181874,0.182147934834855,0.103301860852192
478,11,0.382712074827466,0.593936437529324,-0.105386012004904,0.336985971465644
479,11,-0.63484561393028,-0.740173060973004,3.07738102862761,-0.25523386242043
480,11,0.311610747878103,-1.20929694745481,-0.429904053345797,-0.53952035462827
481,11,0.312886005772609,-0.629987803794573,-1.06610064835443,-0.417777169293734
482,11,-1.07864193295063,-0.772856704567442,0.55105114986383,-0.354183042387771
483,11,1.00605615940362,0.726929975844849,0.874793319873554,-0.114351717310223
484,11,-0.12287895802595,-0.909232776276826,-0.894407257159623,-0.951849387501806
485,11,0.299575165929833,-0.596624004289313,2.80618057793134,-0.595637351626117
486,11,0.33051301333442,-0.273187541098946,-0.422584042039832,1.06011092845061
487,11,-0.6250122219225,-1.07456678046201,-0.271784253997267,1.56069318542928
488,11,-0.0164136384972679,0.25547391588379,0.174315701716858,-1.39722123371727
489,11,0.109994851537434,-1.40410277473638,1.16946766227332,-1.19501784005859
490,11,0.443602479502764,2.49811932652261,0.342945307528364,0.0176568576765238
491,11,-0.221625215383109,0.108683213317535,0.301697701668262,-1.42832620297572
492,11,0.859965689632697,-2.60667291099066,0.207109080334353,-1.25607132296172
493,11,0.167063596004094,0.406242903127342,-0.473323614074193,-1.22834960561764
494,11,-1.10664683949078,-1.07409419989933,1.16387616171858,-0.549293926184704
495,11,-0.261332772167908,0.679920912320323,1.68368984239345,-1.81355256154113
496,11,1.53743980059867,0.522453352906494,1.0198911993489,-0.136096230770522
497,11,1.19487571388319,0.82480942911447,0.241543834243512,-0.305627142262663
498,11,-0.309915153261978,0.886135596141907,0.979909612501237,0.471588094134166
499,11,-0.205182598070722,-1.63269121941432,-0.910492811860318,0.880731273157685
500,11,0.646228711432407,0.509593643303969,-0.225717848864432,-0.76046771678167
1,12,-0.990842640946379,0.10791228825187,2.2181810520214,-1.01928989227111
2,12,0.311310843008407,-0.314351902797049,0.297409466793963,0.282402251513833
3,12,1.79240825539018,0.928474232022633,-0.0668621747904405,-0.127246942105336
4,12,1.50536329596378,-0.346713098086934,-0.581457777048724,-0.820269296797853
5,12,0.232164102495193,0.606471253782122,0.866922042848593,-1.31187855314251
6,12,-0.425679229341511,-0.029778609935413,0.790841662789716,-0.933041688614627
7,12,0.542358870352678,1.43542330359565,0.537217152305325,0.181902723146707
8,12,-1.12229881334209,0.436780449087672,0.908037283410005,-0.564548720028422
9,12,-0.62077492615176,1.02725049525995,-0.31784569961864,0.209041261408695
10,12,0.545987566018739,0.34245469509783,-0.458358772542646,-0.428716227782149
11,12,-2.09227803941018,0.649730083865467,-0.817234468630382,-0.369309785777651
12,12,-0.995321864110761,0.391092459005844,-0.0143237725708651,-0.0260297502270312
13,12,-0.504542085217781,-0.863490440494103,0.526344654855046,0.00584209144696236
14,12,-0.91974678383743,0.279696012943465,0.0192763217492327,1.07043476265305
15,12,-0.0153815616194599,-0.618651154472504,1.24358322792481,-0.0455927200339028
16,12,-1.45234321805388,-2.25196896892781,0.461557352235455,-0.809369515249434
17,12,-0.979557088551584,1.46285803022438,-0.0897668004707853,-0.417918604760298
18,12,-0.13476199783157,-1.67605751874967,-0.988935804052122,1.84662409751741
19,12,-1.15467689819288,-0.648846933355508,0.631703336781653,-1.73329992606291
20,12,-0.599672075865485,0.0387951386842431,-1.26117819930829,-0.234649324496886
21,12,-0.521661086564202,-0.670805165286291,0.354060616964751,0.00457480308244823
22,12,-1.48162123625271,-0.884062020209339,-0.536729591786215,-0.285771238608649
23,12,0.736584745130814,2.36540068030889,-0.0248924896943793,-0.150751553922238
24,12,0.103507543014199,-0.964015989068738,0.335960659357899,-0.392322293741176
25,12,1.1470281061174,0.578840502625268,2.70542756179055,-1.8363579316717
26,12,-1.1401013565711,-0.363995773413177,1.36717537578791,0.291766267503909
27,12,-0.676416410593852,-0.508479589619229,-0.83155148290999,-1.11358599871927
28,12,-1.7359887881194,0.0123352294948357,-0.663558368525007,-0.116652826572043
29,12,0.992029314695069,-0.482063497225512,-0.0816993549698634,0.182570243734352
30,12,-0.00062061348037974,0.180077462290342,0.056900621489785,-1.65820879517957
31,12,-0.888631427413186,0.211294251884102,-0.111659941682402,0.577082099351903
32,12,0.668522122322266,-0.111386670474597,0.75769281317753,-0.553745077249473
33,12,-0.952790514020987,0.659050277991874,1.46750339395157,0.35406543547721
34,12,0.708880993587129,0.0621741063562738,0.156613754694157,-0.715251382096135
35,12,-0.204949703081868,0.744270348598954,-0.27047304656908,0.634998823501061
36,12,1.81046425306733,-0.311864543769105,0.135555207886624,0.35397930451068
37,12,-0.343309066240736,0.579977399193566,-1.38829953396334,-0.153303276087929
38,12,-1.1662966842873,0.537521428900888,0.0920084205948516,0.00825960368094768
39,12,-0.578890161905285,2.34892109940144,1.33944290933447,0.553527561098526
40,12,-0.452499025297162,-1.10030372397758,-0.126130561628058,-0.767555224098583
41,12,-1.27706450229322,-1.53414012232798,0.562563911749219,0.163259023345817
42,12,-0.501632168388726,-0.550260429155986,0.529765643506217,1.06690302613123
43,12,-0.142993633384116,-0.341637255111454,0.390697750326919,1.12775767836282
44,12,-0.460685685328074,-1.31013583038124,-1.24193672056584,-0.643973585485937
45,12,-0.13254807675772,-0.00158770312997765,0.71986418917413,-1.17782104649782
46,12,0.445237923439849,0.681532532408558,0.338876648151326,-2.35694627446545
47,12,0.0819528813649855,-0.169296981786652,1.81760875328022,-0.824113608763438
48,12,-0.790202840643457,0.233839078524631,1.65853316774323,1.12452508543631
49,12,-0.507041177166277,2.29297628690587,1.27134906994925,0.904699084344856
50,12,-0.178331621337228,-0.175838643831554,0.748562341690945,0.878479824465138
51,12,0.641645245973725,1.36090474126545,-0.960957925112529,0.0471416442841555
52,12,0.0603599347213462,1.48279308731773,-0.891980287059739,-0.236944561780882
53,12,-0.917680787703587,-0.840797952565139,-0.166412256248997,0.478150494679984
54,12,-0.0557727824012568,0.648103530207349,0.169090475468884,-0.246515827997483
55,12,-0.050701369005872,1.92511101411491,2.83846063563959,0.663639269069265
56,12,-0.846211197689491,1.19690649186732,-0.383190419119593,-0.692960725758805
57,12,-0.191054580554652,-1.04182564783376,1.68495092396994,1.28046863900248
58,12,-0.399101356764248,1.88803527404796,-0.227355607845419,-0.611845672347539
59,12,0.238690468147891,-0.0514717593998581,0.211853796036267,2.21597333377552
60,12,-1.54795227291804,-0.392430656554069,0.0445547708090724,1.35383854727324
61,12,0.802770395506314,0.754530463840549,-1.49790661130427,0.0990090070234316
62,12,1.76275265961781,-1.30864465992056,-0.214787649105443,0.993749165702415
63,12,-1.72528288986715,1.01981072584334,-0.0019835362726914,0.0811849179673733
64,12,0.787935459500497,-1.60019179311383,0.999605152452109,-0.162474369530722
65,12,0.771913831838072,0.220109895055812,1.12265302239323,0.641243529148155
66,12,-0.200155669220845,-0.592131847737054,-0.110659770125598,0.866825715332091
67,12,0.660292476746098,-0.962543104341294,-1.35360071223059,-0.697409913524796
68,12,0.13474650275988,1.35673923913423,1.13287527199432,0.480119401995406
69,12,-0.317582476932821,-1.91546898532019,1.05678710401819,-1.10802317237967
70,12,1.01516649510126,0.202191627843882,-0.698859936621754,-1.00215026419416
71,12,-0.722376266183061,0.507248630059584,0.163776729761506,-0.470026727703729
72,12,-0.918448030374971,-0.386604406492104,0.383185704383356,0.592218289301379
73,12,-0.782205413939304,0.715353177757214,-0.375824418890466,-0.532238591596501
74,12,-0.57399539353308,-0.534100862565427,0.102042543219728,0.00664143823629511
75,12,0.572759908787772,0.321881138790493,-1.3049993275278,0.458888488905792
76,12,1.2728972075752,1.04341453725474,-0.696181384552469,0.188674445395466
77,12,0.646032204614894,-0.113637779311485,1.43071528245485,0.562353608085145
78,12,1.56177488867896,0.092060400680843,-0.572396331407213,0.168455991387502
79,12,2.13342328358934,-0.685475639160143,-1.2526931392873,-0.205937464566506
80,12,0.249144850574468,-1.27862596551429,-1.77543573393067,-0.310588289799415
81,12,0.358454650310716,0.476670066507872,-0.467289285696359,-0.563904678112181
82,12,-0.62976275343675,1.5320274904529,-0.74100810205446,-1.32359256778707
83,12,-0.00706732681404736,-1.60771456054237,-0.591009671805222,-0.172900154928828
84,12,-0.544635650231716,-0.0260726208054001,0.201803965739353,0.361235761026334
85,12,0.771993333406721,-0.159479848651786,0.227458748097437,0.616108279348058
86,12,0.360944809949081,1.39570264398263,-2.47444234342912,0.0844206813962401
87,12,0.801932809310098,2.20964678578607,-0.303422649993901,-0.921275635579149
88,12,0.799763457158666,0.81596905333706,-1.75933205303252,0.384714102150231
89,12,-0.497003223012267,-0.382876297193659,0.277273841023799,-1.05556586553916
90,12,0.422792768013079,-0.183289420894633,3.12685597368162,0.253253214605233
91,12,0.278680005622634,-0.323116915399434,-0.511502598607152,-0.77941030342627
92,12,1.00764147524523,1.48737124373473,0.727252992409212,0.444031430264703
93,12,-1.05131109947474,-1.35682513824263,0.358990315248564,-0.234832448605211
94,12,-0.042057253150539,-0.35629058614164,0.471846161081205,0.761978980674852
95,12,0.205963274962795,1.28056736383119,-0.168376705634279,-0.0522753981712178
96,12,0.0523868085526511,1.30064333454978,0.391547858156077,0.11261346591898
97,12,0.743433847339319,1.40366511552949,0.668187321480708,-1.34427881588365
98,12,1.63303415781028,1.75689526464169,-1.10987430812678,-0.913896859371156
99,12,0.00914829149563336,0.345825058376565,0.0681063936141712,-2.06132698512177
100,12,1.13003684920757,1.13065502623518,0.813664436097145,1.05838283111243
101,12,0.193067519224583,-0.420294920562998,0.393494172863719,-0.177254205620317
102,12,-0.172151907914713,-0.505315091306915,1.6714692570593,-1.27486310549601
103,12,0.469584105929994,-1.15043075412759,-0.885449050526906,0.456493342247414
104,12,0.311319705049163,-0.542217453646531,1.1960120973888,-0.746862136707319
105,12,0.705206559353496,1.17426995274323,-0.1075567718586,-0.407490382278691
106,12,-0.546130378072091,0.332379339659242,1.17199177811314,-0.135791686527986
107,12,0.856741219935683,-0.179342594696602,-0.905835276896009,-0.38344377875857
108,12,-0.763632217147012,-1.17301636435923,0.991957456544405,-0.319657066981929
109,12,0.37741755130339,2.65622709045572,-0.683290779960502,-0.47250671067798
110,12,1.04357013612998,-0.123695801637734,0.0417727571884035,-0.0206242808712693
111,12,-0.54033042462649,-0.21968063362541,0.863481965651246,-0.686547544513305
112,12,0.776322395146083,-1.01927393225761,0.306826878024447,-0.387593855199694
113,12,-0.903194837508312,0.756719755090887,-0.790962497473783,-1.8257653822223
114,12,0.0125497232866224,-1.1175177495165,1.95066824504506,0.450939789148988
115,12,-0.525311541234199,0.886491579566519,0.713070956119596,-0.301190561536983
116,12,0.979942678174556,0.449877755696753,1.21224320877985,0.472365766650412
117,12,1.69750213792622,-0.488469560066366,-0.250175699667131,1.20586644706219
118,12,-3.30212508941799,-2.06219060803097,-0.407437747476706,-0.153600915450116
119,12,1.06190998646192,2.24985283664081,0.857423624095,-0.704701159358826
120,12,-2.19335613539416,-2.19386046940676,0.134708467845153,-1.44098110688053
121,12,-0.137585451490078,0.399435681054882,0.187380575360983,-1.73224376793274
122,12,-0.320543814409649,-1.86395818690201,0.396825084149253,-0.216000833321351
123,12,0.42631222840604,-0.451381833769756,0.990890900864493,0.16743542244489
124,12,-0.0957179947561632,-0.547424418071537,0.466900042999436,-0.861276969820253
125,12,-1.24806728131907,-0.44657966822976,0.696069704901293,-1.79097742340964
126,12,0.475420187866079,0.740784052086857,-0.560931078630962,-0.0418513917861734
127,12,3.29877576311385,-1.41218754538863,0.854772818842969,-0.274989235089833
128,12,0.868775353991887,1.72622511662817,0.00827699346378018,0.432237316515951
129,12,1.35590702010438,-0.811846384962702,-0.0649149430373139,-0.802583404767446
130,12,-0.296675013655388,0.55402606128425,-1.01268293477035,-0.127103365863104
131,12,-2.75699408473057,-1.23344664564133,-0.10080984894751,-0.196961734880228
132,12,-0.525248200169583,1.36542491348623,-1.79444037161056,-0.184448424078357
133,12,0.945736721497908,-0.934271864615864,1.67018318458631,1.33838805213474
134,12,-0.76628759557265,-0.716945426557171,1.18800122666151,-0.510989165098513
135,12,0.600732721691472,0.923986265061797,0.762101342213301,-1.14668854168916
136,12,0.0295678650848447,0.437013271034813,0.499652440507961,1.10026722821592
137,12,-0.204090193662054,0.106212793135309,0.96491070419268,-0.152043056526318
138,12,-0.253688853213786,0.364391420868136,-0.827348009493187,-0.401129784073856
139,12,-0.640835432784757,0.0616925006305859,-1.23594091131138,-0.153308292205449
140,12,-0.435080075660326,0.0822777261162377,-1.62888237753871,1.50075376611881
141,12,-0.40377888793154,1.05705168923102,1.00627927243022,-0.0757296390047378
142,12,0.205304101608498,-0.722703896368817,0.805677236928844,0.140090045634041
143,12,-1.79263695706326,0.530832029256785,0.10590708686523,0.441783146696025
144,12,1.80171551093341,-0.593259427606539,0.976523305597141,0.127376240526369
145,12,0.954539631716578,1.15508828606384,-0.0188894155288924,-1.8624236717853
146,12,0.153259059158477,-2.3479535476798,1.60143991683214,0.107017577319355
147,12,0.553145708477588,1.10451155082392,1.29966325103916,-0.417920586964622
148,12,-1.33837205395529,0.00718093777587239,0.71146749980517,0.793536275619566
149,12,0.660418364135307,2.14958615733897,0.797882925843512,-0.812732838489403
150,12,0.316598144527284,-0.0349793179311884,0.0348380937596322,1.2195077092543
151,12,0.394520895111273,-0.392153210766322,-1.6564902475093,-1.40041901863509
152,12,0.132380983076223,-0.952992393751681,-0.892107542356997,-0.450360815395805
153,12,0.141558138962578,0.719177009480121,0.39420556048885,-1.54378098433876
154,12,-0.0713473633966777,-0.95630509882068,0.758437911440278,0.53736704580289
155,12,-2.2123406067675,0.116334430460035,0.682258862099233,-2.06006221806191
156,12,-0.889796708511961,2.08495405290039,0.829641817935363,-0.00439789746981604
157,12,0.683755475275817,2.06781870793932,0.444366042612717,-0.816111082044031
158,12,0.131667394882787,-1.00317474008749,-0.347792598997823,-1.87431988752048
159,12,0.227644661763339,0.0350830360346602,0.176878887268656,-0.70176204324375
160,12,1.37657230676576,0.338974191928067,0.135433204057805,-0.0739935919329327
161,12,-0.117361877898484,0.408080901660057,0.211186430364338,0.356839462331294
162,12,0.00142071837188336,0.835630758803715,-0.0704900228221913,0.410408061752676
163,12,-1.3182782691141,0.123784683471561,-0.266244033847851,0.485224627061948
164,12,-0.852377848846796,0.598512671447607,0.160096338650648,0.0423473740847181
165,12,0.262489250327841,0.61341024468463,-1.05753749631474,-0.235911300557283
166,12,1.48432130737256,0.211341099958601,0.510880868618317,1.32225563683708
167,12,-0.898375359780213,1.70997855992466,-0.092355063239863,-1.10051002043266
168,12,-0.15956050764565,-0.65063512063267,-1.39268082138365,0.176277408903625
169,12,-1.002268717069,-0.516166972181964,0.952490761966536,0.226164143302577
170,12,0.914723784216608,-0.116756132460631,1.60327119763507,1.92215030747234
171,12,-0.590694614517591,1.93585219119436,0.803448562437668,-0.0426172266613567
172,12,-0.460950409384066,0.901482095985261,0.379149494043074,-0.385191859718822
173,12,0.634807755350956,-0.80312987594941,0.144028991550891,2.46369034722221
174,12,1.14985389371477,-0.481991131371606,-0.38869073382171,1.15637993943221
175,12,0.103279024439447,-0.354512118424306,-0.223799952981314,0.734754602843181
176,12,0.673137598904603,-0.654095458253368,0.19284006996623,-1.11425043322511
177,12,-0.132608216701461,0.781013824281697,-0.299820462406256,1.95524440050761
178,12,1.23752099462012,-0.181533006065096,1.07996021381218,-0.222510089487177
179,12,0.641103550107418,-0.681854727575713,1.43764616978186,-0.692693608909526
180,12,-0.196433869175759,0.504170500376225,-0.795631689733109,-0.0686531035559769
181,12,-1.74626906029246,-0.605086328020812,-1.02773685883726,0.0314137104400967
182,12,-1.25296003551913,-0.269473501296615,0.204818180502699,-1.06023898375294
183,12,-0.43194688888545,0.662224181330229,-1.22908347812103,-1.34388786718296
184,12,0.894431418639719,-0.699734469655728,0.804096353563566,-2.56262715035884
185,12,-0.217810137873562,-0.671646844022502,-0.176184480228153,-0.523097836462917
186,12,-0.790730947936376,1.41258737487425,-1.60365862035258,-0.179545325427396
187,12,-0.755145436807589,-0.899049451109237,-0.762022593631386,1.27484049899813
188,12,-1.99307065237561,0.0437603172280931,0.00241495019805948,0.25285198692716
189,12,0.616217156687785,-0.287366770121334,1.54083854641516,0.619861785566405
190,12,-1.14428453442461,-0.501940820972981,0.652601865945988,-1.58273734214829
191,12,-0.592598145624643,-0.316342644574556,1.8913263922396,0.522260640844104
192,12,2.02878897722067,0.567318289769972,-3.106006341569,-0.86108402737728
193,12,0.470449914927262,-0.76476965518849,0.493462231885165,-0.976930708222581
194,12,0.911547167916385,1.58180361564432,0.319242226990738,0.405764518897567
195,12,0.291752965458687,-1.47191561083796,-0.132334131350504,-0.12113751511493
196,12,0.502150022201802,0.332339363251146,-0.942745751673154,0.000116816011658534
197,12,0.384014747056765,0.213389324047756,-2.13395423201282,0.0825500001082759
198,12,-0.510580749519271,0.872776798808555,-1.9206815401314,1.12464566438056
199,12,-0.832505568327884,1.6288858332229,-0.503848713653626,-1.69850834195033
200,12,-1.02335478015584,0.229551095814914,0.0994633558241223,-1.24339045075089
201,12,1.81442835457073,-0.551532535321647,-1.00208105274674,-0.815959340783291
202,12,1.67467474935605,0.258713525449051,1.48202901912572,-1.20694104078295
203,12,0.00397997383147129,-0.80759559162944,-3.15852310792694,0.555557425725464
204,12,0.637767972027584,-0.482477071017533,-0.976938458702606,1.58173406053871
205,12,0.147979216629296,0.273122067512411,-1.38328664268605,-0.264926781405803
206,12,1.82327463649645,-1.38296898168486,0.372361684924192,-1.55398769802021
207,12,-1.26966284786074,-2.18748227354487,0.301505658130356,-0.343121392801936
208,12,-0.210326591972687,1.34967645537081,-0.847477069991772,-0.102601835190543
209,12,-0.355649313262341,-0.0929249167590095,0.702732471692922,0.429180710220295
210,12,0.0113856877336162,-1.26729743053189,0.354665562870931,-1.54758505941906
211,12,0.430496570173057,0.970864883416275,-0.697433011356949,-0.350013048296515
212,12,0.142793901968685,1.21707535662882,0.135838012807584,-1.31667284052097
213,12,0.300481709453964,-0.167383527407875,-0.217026202425283,-0.200613273008871
214,12,0.939995121078473,0.0318641883185099,-0.325796369637686,1.34923775804062
215,12,1.37724483340088,0.939712762936346,0.253636955629945,1.08383416357372
216,12,-0.295136705274179,-3.52862906835609,-0.246289129201513,2.22483359962557
217,12,1.240958739511,-2.38917855847024,1.02935134664858,-0.706134229066636
218,12,0.210822410400012,1.39913666509002,-2.38408652554265,1.21049795468313
219,12,-0.649693579504472,0.294758667625277,0.422589180214489,-0.0974782481185054
220,12,1.51084858554388,0.761143015503936,0.67396186637239,-0.00102195888852305
221,12,1.21631883551704,0.856737206857449,-1.18000563839875,0.62114703664496
222,12,0.131830503937646,0.783850605068594,0.421328980817472,1.72233138717261
223,12,0.768005737959744,-1.69336729596056,1.38649183500215,2.01376493222737
224,12,1.06936444725494,-0.571896337161774,0.442505607652582,0.0508213349687839
225,12,-0.362917787854047,1.65343148959303,-0.582578425818252,1.45008843267114
226,12,-2.09974458476836,-0.692254077569497,1.17569804781493,-2.17257537032191
227,12,-0.575430142052178,1.55008882286669,0.244312910998188,-0.677016255619052
228,12,0.511700327861993,-1.87283681745536,-1.96570630301648,0.651047339049915
229,12,0.807706478194808,2.35070484555275,-0.314818167018453,0.615289291847573
230,12,1.03772972261248,-0.131587129887892,0.590350690930879,0.742082211490515
231,12,1.31753002837806,-0.642056671015434,0.545780695879288,0.0164798783652138
232,12,0.913673626486048,0.318128526728058,1.18262603313193,1.21860940071724
233,12,1.780797260919,0.465431661331689,-0.267660624649681,-0.678548151131485
234,12,0.669120285000687,-0.493717470743524,-0.129212230413885,-0.20445724539475
235,12,-0.652140358769302,0.962613957229969,-0.783724485080817,0.643313412171392
236,12,0.544243425737453,-0.0398644485216557,1.27419043166675,-1.31020512714525
237,12,-0.787237197230599,-0.196535562186692,-0.112242736615092,-0.707993730300882
238,12,0.0873367259112004,0.696345377854766,-0.0251390122837017,-0.775039802850363
239,12,-0.564009849546228,1.99348743988176,-0.909392673292095,-0.136643285707404
240,12,0.189147503775808,0.448359548662476,-0.945446751029325,0.910296554529121
241,12,-0.0995104927759981,-0.834557943195184,0.346475301438875,0.46940914474681
242,12,1.27804552352897,-0.808308709755978,-1.053544897199,0.707614998630399
243,12,-1.99145240032901,0.740788335858808,0.179627572345066,0.233099062352367
244,12,-0.292030823022304,1.2157618559063,0.17397132280777,-0.0101346929218222
245,12,-0.510621788704021,-0.768002304903273,0.142416707847159,-0.816397411792049
246,12,-0.830470418854287,-0.61091095188882,-0.0713461946633218,0.715627082944825
247,12,0.693713560162684,-0.0990662451105589,0.862787422976301,0.120929316311727
248,12,-0.213786875760032,-1.23226533162731,-0.152003151851553,-0.269845431825264
249,12,-0.371916388883728,-0.406318778065534,-0.709159664060563,0.517852181293258
250,12,-0.384284122819876,-0.874319715058746,-1.9135784411603,-0.537924273026942
251,12,0.740607819675997,-0.464149114018732,-0.902306383154218,1.09428141126217
252,12,-1.0579902940973,0.351192314812107,0.794078430533596,-1.25432752592517
253,12,0.038893931653264,0.506046580004643,-0.206004426590138,0.148798376416878
254,12,-1.84914174562894,-0.61844000451556,1.74425271586332,1.17339184068395
255,12,-0.857979542893552,-0.372077505847794,-0.231113360391611,1.44182062665277
256,12,0.288383406204954,1.36274919233753,-0.662153782100486,0.859154941044395
257,12,0.439678503212079,-0.241175603706314,-0.844506415469493,0.664758121360522
258,12,-1.92694087408889,-1.93600296060625,-1.23462444925531,-0.166932676603283
259,12,-1.65153845096291,-0.537159686413081,-0.318404290864135,-1.54536590244409
260,12,-0.903800059366508,1.86593984663796,-0.509841786039857,-1.25337227224297
261,12,0.615393242545004,0.681190578002325,-1.63337266088188,-0.0852810748237501
262,12,-1.28735676331318,-0.818490332337696,-0.648471348780605,0.243802973711768
263,12,0.65597494107817,-0.448355463789098,1.41435755809244,0.593084073011247
264,12,-0.576321688464568,0.0243498001642849,0.536959842435089,0.247773326518218
265,12,0.692870281216011,-0.172798649266439,-0.704565196290925,-0.203994104908652
266,12,-1.00136851326276,-1.78631612525336,0.458034667979144,-1.89438129952325
267,12,2.30312793652544,1.44201110108854,1.89656626460769,1.87055819569434
268,12,0.880459048717362,1.9573434922936,-1.25761651473143,1.40463073729013
269,12,0.381469628725238,0.0366650562964903,0.391587874297298,1.19529606727909
270,12,0.539498623637698,-1.67054138156748,-1.35766501502979,-0.829916053061629
271,12,0.773594405644231,0.443462865351455,-0.165017707529402,-1.49700281462223
272,12,-0.0488692600892944,1.91103987269786,0.282798547335593,-0.808616951118872
273,12,-0.1956443259587,0.736711710091461,-0.117785301185041,-0.352344877012127
274,12,0.18067936572015,2.45290030713416,0.109128213460302,-0.367525138293783
275,12,1.40673448849845,0.363570245050081,-0.0401088429110236,2.07392764842518
276,12,-0.293928804728895,0.84078883309272,0.0355782252494395,0.782293044660075
277,12,0.24265222608632,1.03484199290331,0.339910999086668,-0.752141493399606
278,12,-0.192058137310648,1.53726996230765,1.26561475521143,1.32094834579713
279,12,0.0229634718226151,1.94546167106746,0.536107816301777,1.97386348660272
280,12,0.361991121925467,0.962390354749682,-0.223960479273893,-0.155233391747491
281,12,0.360862402171494,-0.439177010278682,2.06259797414667,0.901467824940683
282,12,0.140106139201498,-0.31994430554335,-0.91772986756624,-0.032107270795565
283,12,-0.654745154660791,1.10819280117472,-1.08076867867698,0.31461161599806
284,12,0.266147931031709,-1.40162600947455,0.652203572779422,-0.207875783057725
285,12,-1.25434362976608,-1.57141493952713,-0.53276517803964,2.26930487206333
286,12,0.332492632418967,-0.17065459354746,2.20806748520717,1.57657755295039
287,12,-0.922841802369744,0.540745406901626,0.234642611627494,1.12516765420142
288,12,2.6573126909947,2.28345704645647,1.6824206811261,1.61511461827407
289,12,0.525730288623119,1.02310625093773,-2.31077176065743,-1.24414931724286
290,12,-0.648117209711176,1.24562421404754,-0.358282112275461,0.0184253605443364
291,12,0.771416437085141,1.0624377440201,-0.76342238151161,0.796107314459306
292,12,0.570542111278294,-0.104310731400144,-0.0708246521000867,0.344076465233965
293,12,-0.423651656030935,-1.53150047212514,-0.619147636308743,-0.778515476142279
294,12,-0.0534444813817763,-1.20932569129062,-2.00953769863641,-0.472738622085943
295,12,-0.572631664602561,-0.241655677525857,2.1815823188124,0.121224257092578
296,12,3.25688083279683,0.372323120367391,0.462437706478607,0.235182173643223
297,12,-0.24228785101508,-0.373790856480592,-0.129972136813356,-0.495919898126176
298,12,-1.30220880665488,1.46870983096306,-0.808525173739654,-1.24266920037552
299,12,-0.3405223789326,0.00833964645315709,0.297052382041126,-0.0955916091151899
300,12,-0.131423543736418,-0.0530683060657183,-0.167607893589193,1.3654386798798
301,12,-0.877187910048497,-0.219838333492943,1.28653097998599,0.0982065823733083
302,12,0.71740493305201,-1.05274068540164,-0.0329091588614634,-1.2563119553727
303,12,0.0534855081497942,0.704062698134324,-0.126019645781941,-0.527007883681361
304,12,-0.0693557006112209,-0.244541880403934,2.11755463099812,-0.533358223266363
305,12,0.488913648112953,1.61842101436329,0.611159307087869,0.821200231746529
306,12,-0.164950331346627,1.67500819214654,-0.161099371235597,0.716411724059342
307,12,0.440629634786077,-0.901965545638632,-1.32329394735068,0.673570528943497
308,12,0.13137976974065,-1.51063363160973,-0.321653049509896,0.957498920344975
309,12,-0.572782675271698,0.302631099511978,1.24947363777237,0.150582709138426
310,12,0.520606686343222,0.398733106969377,-0.413769626754237,1.8424164130714
311,12,-0.0558253758221308,-1.68074088405852,-0.88012076736189,-0.578675734369141
312,12,0.776708952708583,-1.05889544196663,-0.398651438569027,0.430364647127546
313,12,-0.89990318285862,-1.60149597923656,1.71488457859055,-0.809120655879311
314,12,0.103866733544366,2.17956049124225,0.300227831451868,-1.07567946653807
315,12,0.513713315318822,-1.74097265662395,1.46356165615153,0.376936201480315
316,12,2.7644634220562,1.74802111310019,-0.141670017927373,0.303635161659035
317,12,0.797161801128813,-0.332575807600784,-0.863351754397995,-0.0447800793041784
318,12,0.607238167882907,-0.480079261629795,-1.06542169297094,-0.984761953883067
319,12,0.764518998355335,0.00992035736039539,-1.25473374158306,0.0352327598289074
320,12,1.87274219601537,1.61984774087517,-0.161230647769472,-1.19396603462131
321,12,-0.439964073306336,0.758795382368398,-0.937128452330314,0.15999747476487
322,12,-0.183231510973657,-1.29389859831668,0.0755921930781216,0.213251498910183
323,12,-0.697983966831334,1.46721440512261,-0.371650982781019,-1.98645156213128
324,12,0.444490958322699,-0.507996908004669,0.821369800979831,0.711491675767544
325,12,0.399755952112912,1.0996744862818,-0.0597036228096059,0.814181017476308
326,12,-0.641396337665863,-0.898803398215494,-0.39451518848,-1.81425736518141
327,12,-0.693883572163153,0.117862114148672,0.707042296156475,-0.342635703853233
328,12,1.07426573072153,-1.25078142323672,0.22392184170795,0.12306506877816
329,12,0.160031601400653,1.11649392094933,-0.091862892724259,1.66702727654309
330,12,0.785727161493798,0.333711939619968,-1.52918995236134,-0.639149533589537
331,12,1.2225994613653,1.09666804741875,1.47237581214988,0.914539469256446
332,12,-1.39387192422654,-0.663344292916378,0.295518318015133,-1.20175677881544
333,12,0.625651952883452,-0.354955677016801,0.507574316682106,-1.45944990379858
334,12,1.73783640062166,0.382416032343059,-0.313782423856584,-0.407022484766553
335,12,-0.976514630604609,0.853646243993651,1.71035078943552,-0.644525615311905
336,12,-0.266818493233506,1.66419944177289,0.178961827576848,1.18118209970243
337,12,-1.99717479067324,-1.07071952177805,-0.51629153526514,0.277216216472365
338,12,1.85102736875929,-1.20683052751648,-1.00532444782236,0.262676670790574
339,12,0.221078325317771,0.837660887332836,1.17352500899959,-0.606524234141896
340,12,-0.352353803374305,-1.90062231978875,0.375325263592419,1.33249727115905
341,12,0.675192116695774,-0.209302511323462,-0.411313115529326,-1.82877403052632
342,12,-1.02554990638105,1.14362064522718,0.638273516941092,-0.868916494052335
343,12,-1.55299107661563,0.290494567942648,-0.428953493618569,1.40589546740154
344,12,0.139548375238805,0.189182746678104,0.438265455349104,0.0990366701746871
345,12,0.492836076969703,-0.578612753913388,0.920101745188539,2.0785692658677
346,12,-1.01053502166991,-0.256945659138163,0.0526866558822291,0.27372354612102
347,12,-1.37451093782245,-0.164946170965181,0.869638781855578,-0.134639812197796
348,12,0.162528793106993,-0.518056985579571,-0.755887927368926,0.0757536301986714
349,12,-0.287739969987031,0.557692132719234,-2.4989123566569,1.17617387572372
350,12,1.42315709826059,1.98292294327235,-1.0833567866356,1.37808615676864
351,12,-0.0942577900481599,-0.648920925852346,-1.10117500588992,-0.0818289425620948
352,12,0.0917453773804535,-0.393372625222746,-2.12220980237849,1.60264500327466
353,12,-0.179591400242059,0.714145835305261,0.579619036500628,0.0429271594616749
354,12,0.374531074302863,0.731141329957903,0.191487094217569,0.937188453081731
355,12,-0.735580478577693,0.909314009312496,0.0985912807249251,0.956603929480097
356,12,-0.724980561388437,0.514848146237414,1.02986974100534,-0.113072944575627
357,12,-0.748175301072985,-1.06056499959053,0.811780010665574,-0.146791940339057
358,12,1.00088326209591,-0.976292146872971,-0.719357507159369,1.07366919020138
359,12,0.908743134942507,1.17204122142003,0.133734730261988,-0.0414517074134181
360,12,-0.222225697052044,0.753000863177874,-1.43655629007276,-0.304523048613822
361,12,0.89296300828616,1.35172020923135,0.568958153089879,0.278913077515029
362,12,0.646003365265345,-1.63718354888641,-1.40634578521623,-0.0579714773680426
363,12,0.476194106369095,0.0442822191460728,-0.920870783763962,1.19553922997132
364,12,-0.122253887856575,0.960866828031667,-0.679663745844846,0.370804077542948
365,12,1.33326212925499,-0.106775414209914,-1.9565241752026,-1.07274447371372
366,12,0.713670589343045,0.688182368263152,-0.396852201092588,-0.428591993389819
367,12,-1.95334776121478,0.969727786264095,0.671540163371907,-1.54134150960635
368,12,-1.57860078497899,-0.174702547362848,-0.512663198225435,-1.37133636478529
369,12,-1.03624030815255,-1.22993155326886,-0.0277807820442467,-0.038209666375293
370,12,-0.0606209097699465,-0.828890834979424,-1.72624008486825,0.418492856108598
371,12,-1.02777875222465,-0.309235550045936,1.26110314984748,-0.536980859273515
372,12,-2.38177730504864,-0.165281692657099,0.453081271196854,0.319997570179117
373,12,0.0968956215744205,-0.724034820507109,1.7790273602652,-0.00528707312994348
374,12,1.74690297060072,-0.155392693715141,0.122008501614569,-1.42490187830095
375,12,-1.67150439727386,-0.637627689379267,-0.774700820315989,0.334558923642909
376,12,-1.91392946385103,0.832439355006075,-0.268307101524558,-0.45218236433071
377,12,-1.04154608231618,-0.0422522607617587,-0.574548722545982,0.101593825942351
378,12,1.3676033853599,-0.238577292706639,0.554706122244378,0.023513201255625
379,12,-1.63987215363421,1.65794024914301,1.73704632614864,-0.79795538502435
380,12,-2.05969592350589,0.656132590777932,0.0135949925967774,-2.40010146124583
381,12,-0.780379404117324,1.81802439235152,1.95651277980832,-0.932890059546912
382,12,-1.04608294032407,-1.27247605027945,0.500606486159549,0.0937308503028634
383,12,2.21097637305374,-0.0821922179347123,-0.570370304467835,0.379431937644011
384,12,-0.312770090772586,0.581332016554435,-0.856157192531202,1.34353723876349
385,12,0.945887627016359,-1.85933629054566,0.551219590063523,-0.282570992699981
386,12,-0.0587130094363697,0.953607553500515,0.65445380160548,-0.43118540998122
387,12,-1.98465781488359,0.0889491045921889,-0.302936144445587,-1.03257518814139
388,12,-0.2507001405647,-0.165079514205062,-0.441559379517254,-0.0771171689267765
389,12,-0.541272002296205,0.579578467876449,-0.00877526954951572,1.40274661338776
390,12,-0.271155613099422,-0.108086987911279,-0.355838545377297,0.717704925926375
391,12,-1.16046698474184,-0.362029646486567,-0.231520595311611,1.96201549077159
392,12,0.172840755904978,0.125063617197921,0.187817485636747,-1.91352548253496
393,12,1.11726598748249,-3.00940295870938,0.228546154490243,-0.333949830130926
394,12,-0.0958720950882083,0.270698527370461,0.93356466014063,0.325870632395501
395,12,0.144249598380282,1.4675950363211,-2.89348298576884,-3.48845143407808
396,12,-0.349617352537708,0.728441749943537,-0.176291164276982,2.33587601225433
397,12,-2.38046763548108,-0.707028051993944,-0.994983821712257,-1.19604821540537
398,12,0.540088960552043,1.09526012318728,-1.22972720497762,-1.41852493789942
399,12,1.36783353004461,0.131118149620422,-1.76097563668456,0.223511180914532
400,12,0.170798345554965,-1.46145501969116,1.11153444867069,0.243804095169857
401,12,0.0888489320542386,0.781818452869371,0.00948780575825617,1.24340886678566
402,12,1.19727966171017,-0.162319321741231,-0.532457023818967,-0.0518491440602447
403,12,0.0118316121507686,-1.33914184319057,-0.249101602508429,1.56267839453461
404,12,0.504643760319928,-0.0201538951048401,-1.0222868397891,0.20129147154942
405,12,0.795284643332153,0.0872709593436632,0.795532447290018,-0.408478248343268
406,12,0.826822423045236,0.224240305713478,-1.07852742850852,-0.66598547539475
407,12,-0.63354911525148,-1.71510189803176,1.12298201588096,0.192972027754528
408,12,1.2529180851689,-0.867048626087589,0.720146106433018,-0.769277009192256
409,12,1.36702715017853,0.532184132356824,2.08725783133989,0.740695668194681
410,12,1.2990873115367,0.598995798057369,1.57993416766065,1.96630723576446
411,12,0.376697628976717,-0.0196997690598528,0.953854416864863,-0.418332233438059
412,12,-0.0119681233911879,-0.676597947652211,-1.02657285444258,-1.60562564330188
413,12,-0.308940165162276,-1.33526685611173,-0.087098070260871,-1.21184183905428
414,12,-0.609650384396107,-0.333410721111545,-0.428947096697183,0.357237670705448
415,12,0.805970602748131,0.77195039068577,-1.85221128065976,1.78744581114553
416,12,-0.303175205634763,-1.26176502299419,0.679022482672608,1.48440282954178
417,12,-0.112859603554552,-0.129811344322117,0.746590081548297,-0.291840971347516
418,12,-0.0458863498487068,-0.150930443942416,0.384597709851409,-0.899132565120942
419,12,0.630951784643352,-0.609215079296826,0.0579520483852962,-0.229940566639004
420,12,0.00828417955037788,0.481498878172032,-0.544695892384483,1.34586983731067
421,12,0.482202244506819,-0.409826617380679,1.39336452016036,-1.40121921300637
422,12,-0.183243097129089,-0.381696047709195,0.589362350190265,0.600163027746092
423,12,0.209602520469452,-0.0583176360171166,2.997684769198,-0.385396079150812
424,12,-0.378119373880432,0.255267842863107,0.776521845788613,-0.457080066920101
425,12,-0.138138032505133,1.07185128780859,1.86518941978724,-0.165612275733656
426,12,-1.61484520080527,0.182976213387855,-0.659195302077616,-0.145931709370275
427,12,-1.50652268689873,-1.39436343142132,-1.26107876566282,0.262427734343571
428,12,1.07810764400524,-0.247173966398894,1.24611542571641,1.15639209364636
429,12,1.12289499342889,-0.0393282129298358,0.750920984344497,-0.288235471505293
430,12,-0.697510648021897,0.367449359371441,-0.09606632022016,-0.500552654594632
431,12,0.891798498397066,0.173326794718866,-0.27312244634505,1.06831643886579
432,12,0.698907797516247,0.589455297450276,0.271843425884239,0.833524195630793
433,12,-1.42906229394028,0.760998961383843,-0.326353327433564,0.341304412429299
434,12,-0.712651708904528,1.20017011334728,0.879465312844939,0.870808666385551
435,12,0.57711902150848,-0.943152346790015,0.614371074633906,-1.72757834523303
436,12,1.23992035683674,-0.422266073507305,-0.720239170374505,-1.37689093551948
437,12,-1.05652455612835,0.321147594923633,-2.1529084124481,1.72749679369885
438,12,-0.781808576161646,0.280291728859303,0.784261738434801,-0.956891803594826
439,12,-0.364529964328161,0.650383527057699,2.42827503624113,-2.05272757077693
440,12,-1.28633124240667,-1.19617992740228,-0.293561011076437,-1.20274044319659
441,12,-0.865547572420714,0.729626505679572,-0.916500933051092,-0.83819334781869
442,12,-0.0719908821179326,-0.790933630480895,0.351051398285814,-1.41972936600661
443,12,0.271202741243697,0.331492498128878,-0.67424421579472,-0.292013774377693
444,12,-1.70157908938829,-0.25358146497167,0.462200644561612,1.10700626263114
445,12,0.297247670246294,0.105522237822529,-0.116595325494263,-0.00108594897089855
446,12,0.33328003882513,-0.676493193498004,0.486087648197289,-0.4501268468324
447,12,0.149194307799831,0.304406590096469,1.68243941051617,0.888771048701482
448,12,1.40838010476848,-1.70474039602859,1.40826818703799,-0.809933718727664
449,12,-0.369297522050783,-0.294615742117295,1.10934027153749,0.601330979061639
450,12,0.456914346766786,-1.09720137978788,-0.71634313626789,0.434587222105759
451,12,-0.584277190285303,1.02480691544752,0.577090791044266,1.05099464043687
452,12,-1.40684448058837,-2.16782170400486,-0.671111353496072,-0.571093623355999
453,12,1.09415986486259,-1.5127150672411,0.2330757812168,1.25910766783309
454,12,-0.530586530657868,0.157227642784588,0.227166570893756,0.423589670807886
455,12,-0.717934725134157,-1.3952314125679,1.15592777636987,1.33513481349218
456,12,0.407932668588213,1.11097856444887,-0.712444313738204,0.0202813208238793
457,12,-1.26690925673365,-1.69265542437996,1.70025901236975,-1.42840178638319
458,12,0.595640516752239,0.535351148814205,-0.032218567849164,-1.76002560403408
459,12,-0.308651206152592,0.297201958465792,0.83400577538136,0.872084142309609
460,12,1.35246605811255,-0.849655840741244,1.12410687769014,-0.0431466277832303
461,12,-0.872607735549068,0.554531708051361,0.925731474099481,0.727976368801372
462,12,-0.289110171899719,-0.536709801656736,0.815281335113508,-0.618108884929252
463,12,-1.76030737632711,-0.442252226820218,0.36136953868964,0.541541290308015
464,12,0.763544834566822,-1.49500195890799,0.561685030534807,-1.86070692036629
465,12,-0.25566584331767,-0.561916713049274,0.178957448305075,-1.04228510250354
466,12,-0.248816006423746,0.439093930474987,-0.00555350422607521,0.296856947776914
467,12,-0.781470901343889,1.24408393430398,2.66037715488959,1.09927591519231
468,12,1.26938706198311,0.101149783689471,-1.87115761847285,0.830979670824144
469,12,-0.247939611938549,0.545063304321816,0.389926232586589,-0.457513020548015
470,12,-0.591710694197853,-0.404470085518976,-0.892498695314145,0.30815103315231
471,12,-0.431017980266185,0.517693449203977,-0.0922751336165192,0.863311310062738
472,12,-0.592013024099324,0.250832266103386,-0.381754084514532,-0.0614994087092618
473,12,0.220505554628531,1.43009549289226,-0.528650545307496,-0.87585878449947
474,12,-1.3719720345262,0.52971016659231,-0.138283985078757,1.11206919327533
475,12,1.01736351534879,0.424215388539949,0.174117757259031,1.76575883265171
476,12,-1.22487158337467,0.259955534862611,1.0015294344333,-1.43056752363811
477,12,1.93767173777331,-0.847765788814827,-0.175368119422326,-0.17230353944932
478,12,0.641363257732156,0.67810612658932,-1.85943753651833,-0.633423891866486
479,12,-0.396872854469931,0.827257927256175,-0.57338834559398,0.0860938406212951
480,12,-0.457989252982744,-0.377094418428957,-0.577969388991689,0.635159515437257
481,12,0.482474543907752,-1.43294237176796,0.177346867321546,-0.880823508047518
482,12,-0.730208043492893,-1.31145282143954,0.452567920528523,-0.372316910583324
483,12,1.82291570927275,-0.740793164424437,-0.0335396832279152,-1.10499748556144
484,12,0.00113673351017342,0.885651145712619,0.317080975866989,-0.696364074845015
485,12,1.41174561809362,0.34776740281677,0.602812791756,0.127901342792729
486,12,2.49948191601296,-2.13451589417315,-1.37509828680841,0.33511633382916
487,12,1.685223011062,-0.826083434384432,0.815998050675526,-0.351102794378869
488,12,1.72171672040089,0.604844121370134,-0.621745868858683,0.483627833247314
489,12,0.447341556697494,0.387168744628144,0.375166444587317,-1.74046462675027
490,12,0.616637775993401,-0.67834132884659,1.12064121692354,0.683087757940222
491,12,0.657605920901617,0.449167356078062,1.3698892095614,0.497066671525966
492,12,-0.00211785105031212,0.129846972999403,-0.520146281148972,1.15429540658036
493,12,1.53437227905948,-1.43115087830092,-1.80626415498496,1.04857485577554
494,12,1.12170852112798,0.730258346920272,-0.26613665362545,-0.486574381236676
495,12,0.0188485359464433,-1.01453166131907,0.444328475800338,-1.24141588388267
496,12,-0.837854820530631,-2.71940429812773,-0.244175421906385,-0.207447434853037
497,12,1.45293965058741,-0.499114051141502,0.655493271604887,-0.893142839381432
498,12,0.287203871608639,-1.13142487105844,-0.91036817626622,-0.00470084406773272
499,12,0.298546709866069,0.972704500773459,-0.206169129209435,-1.63056733083966
500,12,0.470519301688069,-0.726259461955329,-1.54299347951504,-0.570181558288869
1,13,-0.0317602409835663,-0.976400099681761,-0.286281715295489,0.501707073175967
2,13,-0.690176781269547,0.110090823712602,-0.155568702312595,-1.20110002387218
3,13,-1.56133568194908,1.3808875216123,-0.26720970484328,-0.0211452760849436
4,13,-0.63287500316916,-1.30107578373173,0.313884046567842,-0.855041642295103
5,13,-1.99115406622982,0.985254860720505,-0.756519776693347,0.0587412575100012
6,13,0.516634610857012,0.781375181787277,-0.0812187937680131,1.9030492467266
7,13,-0.123285487691266,-0.419646318399553,-1.17524598394962,0.956541252295951
8,13,0.129784916765861,-0.419976531381774,1.10905318089296,0.0605775773288299
9,13,0.409437896911822,0.557680123184571,0.905712830407183,-0.290217265781844
10,13,0.951227161844163,-0.0274840329078479,-0.947635261747368,-0.524175937890396
11,13,0.841972116317959,-2.66428210004996,0.272577198651334,-2.10544630738829
12,13,0.00458723058312485,0.532414166642452,0.32989297644057,0.0561268310506609
13,13,-0.19448232562974,0.427142621985397,0.00915004943092594,-0.0693904714765275
14,13,0.36905134341282,0.3381532503615,0.674275959546928,0.0773423311270829
15,13,-0.203780849290572,0.719340378973255,0.302402045576056,-1.57043253654625
16,13,1.50180992509166,-0.0264357936937854,-0.720129326020656,0.728754600476522
17,13,-0.319293700799627,0.908784283044241,1.0053518467325,-0.531371811337879
18,13,-0.199230668634935,0.687911689245515,0.921882620157442,1.95085425667329
19,13,1.64561467356103,-0.956256799394414,-0.452652412361755,-1.02542135157734
20,13,-1.84321937713582,0.863935391239433,0.181334262528126,-0.0947198201553002
21,13,-1.79503213879668,-2.05618295711699,-0.788581622630591,-0.546610487584212
22,13,1.64775331676597,0.166983103100671,1.01976886376366,-2.48570303602711
23,13,-0.493074999543936,-1.68247757624489,0.958965107690023,0.824011689357743
24,13,0.586871749586871,0.619370133476737,-1.40317006092093,0.442347383956139
25,13,1.00862048284176,2.37866744734843,-0.731152380474149,-1.06136020263041
26,13,0.106758473287368,0.219785708649803,-2.16210164097846,-0.0214407034757847
27,13,0.354229890797349,-0.666123353193004,-1.2870128881715,-0.240733309026593
28,13,1.77624455408093,2.77620586582852,1.17279921097155,0.625919353641037
29,13,0.721611101665679,0.958924797692692,0.986378611986216,-0.0432080039338075
30,13,-1.23884212515653,-1.07567170112061,0.641361825062149,1.34569135208524
31,13,0.663920620322373,0.0185430604001777,-1.51017679887225,-1.05846653845898
32,13,0.165330548396221,-0.385671242122472,0.509756869452781,1.09002207410603
33,13,0.561650414630288,0.912518629118616,1.30875513289947,0.430064344786951
34,13,-0.26691685476094,1.2099143254602,-1.0596778907522,1.11200053970297
35,13,-0.128957680288187,0.66712627637063,0.545515855067664,-0.365392756139079
36,13,0.440441080339958,1.22778963449231,-0.0811609720729883,0.318743217396544
37,13,0.650462068551857,-0.673132404315092,0.32236782089692,-0.265369853050235
38,13,-1.2803191410809,-1.79618596716228,0.609173788789213,-0.141378860160605
39,13,-0.353812318286612,0.0652484192087486,-1.56327476004275,-0.579685006848031
40,13,0.789168683908098,1.3438974886749,0.433747386298491,-0.79259205680656
41,13,-0.0480298235462327,0.28515051049839,-1.8040310918762,-0.00575302260501072
42,13,0.156157764032532,-0.524544032837171,-0.0385659768602867,-0.960767997828104
43,13,-0.652750290729245,1.27336453087618,0.71140754659659,1.84495328200988
44,13,0.483426957784174,-1.13367563503905,0.0578563373926814,-0.410861628497021
45,13,-0.215421702996859,-1.24632886939526,-0.64990160761692,0.433151529114578
46,13,0.200079654372629,0.269041540327619,-0.468091152304116,-0.600536552274313
47,13,1.05022902512752,0.490245226200999,-0.988051381407544,-0.152918990509003
48,13,-0.0348892313476866,-0.328471198374225,-0.709586563177126,0.115537396513213
49,13,-1.64162622581234,-2.02851985877791,0.836427846083909,1.47725162079606
50,13,0.428154616194313,0.25055471778335,-0.210820267803669,-0.555291831067635
51,13,0.0313982529094414,0.0469902644589228,0.549352322496733,-0.53588095689213
52,13,-0.160692680861024,0.579038329385056,-0.399522216038685,-0.122679385147697
53,13,-0.567864315716933,0.422863207049756,-1.73291128368961,0.00360906926847178
54,13,-1.96859543382456,-1.21751122527035,1.92401725266633,-0.781513099513972
55,13,-1.1057648945194,1.67992568429212,0.756962423233285,-0.697759544139963
56,13,0.100205756871632,-0.654497031074127,-0.0659388398139605,-1.23282050194155
57,13,1.53299434921827,-0.862337772651428,-1.37915929594261,0.206693690172179
58,13,0.773020177393217,0.0688106125584849,2.84079776420201,-0.110711528299959
59,13,0.0196611375124368,-0.830761381385724,-0.361296847654946,1.17537294498341
60,13,0.510303555489434,-0.300061806790536,1.61366508916592,-0.236432544072468
61,13,0.524533742372438,-0.506602223998495,0.0836966978780776,-0.138501101999288
62,13,-0.839396922698667,-0.303159368033388,0.279071142781635,-1.68670977468754
63,13,-0.32844567946071,-1.87052284362138,-0.862997397962907,-0.861483906781654
64,13,-1.62252962241712,0.170042338668878,1.38703275249012,0.374552245399078
65,13,0.511523552920185,-0.035586565690811,0.846799772572172,1.0162926247289
66,13,-0.91585091336468,1.14877667072071,-0.662472169412597,-0.681058299568657
67,13,1.17564993750768,-1.72743447141973,0.365146325374795,0.692276693696101
68,13,0.525522020084877,1.05139571312174,-1.17247446646515,-0.257797566855141
69,13,-1.72501795892713,-0.130147533133668,-0.858505468776371,0.0647450073420728
70,13,-0.296532596663295,0.0359310164801556,-0.0731742670930965,0.399519355747066
71,13,0.900660659161575,-2.35465591165053,-0.0406886248228504,-1.39717019089408
72,13,-1.08238322000015,0.722734197870709,0.324233406849241,-0.508937742988806
73,13,-2.35407882937491,-0.352482537020311,-0.780995304797746,0.514280538197
74,13,0.665204282773343,0.565531534414632,1.02982315134226,-1.07725759292786
75,13,-0.291508157323043,0.0858350875270133,1.63708443953528,-1.50555547518292
76,13,2.18049205830958,0.208667090269854,-1.28519510449749,1.5083552899701
77,13,-0.598378687567916,-0.154528620178981,-0.0884788434279947,0.49539354540454
78,13,0.412994431284429,2.6583854433312,-0.692544149380525,1.56114886165116
79,13,-1.57431638897273,-0.707537532098835,-0.946785589828994,0.836070903191504
80,13,-2.21997390092631,1.38475608528083,0.724955775086071,-0.116207929352885
81,13,1.5704953788723,0.182441761104692,-1.53944426151047,-0.0303594443284182
82,13,-0.496957790995952,1.85963424036752,-0.548728717162619,-2.11076139924803
83,13,0.395918919228299,-1.29258663884634,-1.50827143505319,-0.222403256983465
84,13,-0.43706033916047,-0.141324129489947,0.619797379725456,0.530174107302356
85,13,0.452886289993761,1.0230821355603,-0.867203368999799,-0.314263530744714
86,13,-0.172181301805628,-0.120318380031715,0.743235404077388,0.506704311527656
87,13,0.585224488267206,0.0856197382350982,0.972636168543285,-0.443138494005076
88,13,0.846115929358933,0.166919842963236,1.0461007096983,-2.21871007411571
89,13,-1.74546035931449,-0.474587778415473,0.680469219066231,1.62488395310852
90,13,0.427788865043642,-1.15142389182284,0.697789960291435,0.91974441828178
91,13,0.0474156571417528,-0.267576129668052,-0.992065002502775,1.0856556873466
92,13,-0.293000915754219,-0.0581139222467127,0.04213113277693,-0.212898969332606
93,13,0.49094515136421,0.128054585078925,0.39240510012642,-2.28129240025128
94,13,-0.978560454513753,0.930774082493047,-0.902308850317193,-0.274791275646608
95,13,-0.332567470081413,-1.15211581928388,0.00340552311075039,0.908239150255276
96,13,1.08641606335792,0.887703812232741,-0.0162147180415637,0.912568301695545
97,13,-1.01817363860697,1.84921573059161,-1.0976373271255,0.51553204191567
98,13,0.184534989702425,-0.517055799961025,-0.26895457111218,1.18831435398509
99,13,0.425329626775954,-0.0106411877883439,-1.49358194259469,-0.814421669724779
100,13,-0.632539378572794,-0.951286607949276,-0.931349773562501,1.24136129237517
101,13,-0.82226883630107,-1.25394819844787,-0.279995578410418,-1.27853307614027
102,13,0.105396250273759,1.26064372297271,-0.580174273061875,0.473913785792631
103,13,-0.345339956301651,-0.356074394465442,1.0429493564595,-0.777052415650816
104,13,0.148012889930267,-1.75551967978659,1.25416481052455,-0.352637928719993
105,13,1.14523502484508,0.654443033597706,0.40251821608167,0.0578664394470743
106,13,2.46896695295999,-0.926485650931982,1.90883850128404,0.855669937471376
107,13,0.230434509294856,-0.793127845969551,-0.0378144261449196,1.01314940787429
108,13,1.37030843791289,-1.27889848160996,-0.723290582858793,-0.783165125115042
109,13,-1.18185797295218,0.50600060799977,-0.29959222103819,-0.103510117648655
110,13,0.490049573024733,-0.204927309203866,-0.16407873964187,0.581549280884286
111,13,0.0589444870012116,-1.00675462903006,-0.0806057859390307,0.182404203406577
112,13,-0.160469524394667,-0.253966535058317,-0.279715501665331,-0.605300234233664
113,13,0.410975646627308,0.0774092606270213,-1.16205055686403,-0.301501627342919
114,13,3.3865517651786,-0.349924212528145,0.033593531451647,-0.811538872086548
115,13,-0.704232780913862,-0.25856329121757,1.28019060061312,1.03784337501443
116,13,0.0399320900206803,0.771971525588108,0.449916459414935,-1.76517733430899
117,13,-0.12699638567273,0.949052480262016,-1.41096284552401,-1.5736745883806
118,13,-0.695608558625642,-0.0383805695219669,0.928874067478841,0.187805069899633
119,13,0.203829977453589,-0.84135542833689,-0.665808107519333,0.100575256192656
120,13,-0.623516243009113,-0.315260885589275,-1.61036498983381,-1.24042697048908
121,13,-1.90488117462389,1.24563032385971,0.813331126059841,-0.882818797369623
122,13,0.184648209569182,-0.383484457842943,-0.748681151852649,1.63364311294745
123,13,0.34497001261499,-0.871171542487046,0.451076086337758,0.600356561059889
124,13,-0.915005578259419,-0.165886802062669,-0.369800133550675,0.556787544915177
125,13,-0.0618689121845089,0.809593619304692,0.451042631559496,-0.884352363488905
126,13,-2.19633028365258,0.27488760189975,1.25948154330716,-0.944505962326542
127,13,-0.956551270418789,0.246806859880954,0.253834113747075,-0.826275466598284
128,13,-0.838054974213648,0.572352222212264,0.094569898393214,0.753975959859955
129,13,-0.596121262736048,0.610097812738861,1.1551571780755,0.336366957918329
130,13,0.0980534125522138,-0.78621777137137,0.133318427898527,0.316721736803292
131,13,-1.16147099695999,0.436193320830457,0.111206497217368,0.0281836741004458
132,13,0.346719895047925,-0.617744634967546,2.51756184986028,0.325582727661971
133,13,-1.83373736794906,-0.562059555956893,-0.418391478415401,-0.248691830399333
134,13,1.07217711247484,1.04456707490444,0.131007250959613,-0.000712838633034567
135,13,0.119953627780293,1.70463281249103,-2.07431626638257,0.258640938775335
136,13,-0.805596634455176,2.2255214675498,-0.960466641651715,0.298764706382306
137,13,-0.390234550580717,0.844308628485118,-0.10006313330874,0.0519532089124011
138,13,-0.870517297771572,1.44827080135184,0.668123325936643,0.308306598573528
139,13,0.373093866358648,0.139863324402585,-0.398434389708398,0.756240084077578
140,13,-0.158980352724784,1.01671822959404,-1.44018141814353,1.46616760499436
141,13,2.89851468526748,0.150651472241201,-0.561912314541839,0.687206251761345
142,13,-0.420556858165876,0.414906308828474,0.018006052079525,-0.861796140936266
143,13,0.903808422063349,0.449512520010091,-0.204150713112983,1.88752412886329
144,13,-0.186994817992217,0.698405580452111,-0.365492493884785,-1.18055904131542
145,13,0.123464383422392,1.15154637357812,-0.486348356213115,-0.615256406032109
146,13,-0.3088864693939,1.36429084726322,0.0438282257275345,0.553171866572557
147,13,0.503452320392141,0.649142532331419,-1.3320342203987,-0.59561407603919
148,13,-0.24383203470295,-1.21410787068555,0.890246224357034,1.00265022156892
149,13,0.856049542691949,-0.314379912244239,1.93558400121597,-0.592803199805558
150,13,0.0146033024500402,-2.2884064847524,-0.364535900158916,-1.12475852877462
151,13,0.837915666832374,-0.371702182333908,1.19897189903288,0.855316343847286
152,13,-0.71090421571847,-1.75910822771043,1.35621585905684,-0.05718575090063
153,13,0.720909426872304,-0.564029430029708,-1.90416615147337,-1.37546459407694
154,13,-1.1547513716667,-0.699846161561873,0.11486866699341,-0.653596338833021
155,13,1.18425309667941,0.89718989441676,2.20441864792674,1.61761106084253
156,13,-0.101501936722316,-0.749914519697581,-0.68944898498344,-0.732814617528722
157,13,-0.180873862384289,2.15619855716113,0.815258817576059,-0.943201632580281
158,13,-0.0805339217361367,2.84298617337364,1.70315409913412,0.553207529673951
159,13,-0.941176717636826,0.458245387627564,-0.0471586364580896,0.758041597250886
160,13,-0.287170617840824,-1.31984631788458,-1.0124130693928,-1.54713504874619
161,13,0.402885835872744,0.75775786045553,1.29888564272821,1.14012654783766
162,13,-0.638438142950226,-0.438511849429176,0.736400634563263,1.01609271770608
163,13,-1.25535246516247,-0.710390631074671,2.20763672799038,1.0321383431576
164,13,0.967349562857506,-0.414815175994011,-1.36673339332703,2.72533814621976
165,13,1.44668085472281,0.173028326432054,0.316655314170953,-1.27860051969617
166,13,-2.28618805806664,0.288250308385072,0.663573234425706,-0.847073069433097
167,13,1.15240358333549,-1.33090106964386,0.501949938557942,-1.48320423899977
168,13,0.386030420770585,-1.83326236631286,1.3053190725376,-0.0205924773444417
169,13,-0.51515697680294,-1.91847812655866,0.325838013256963,-1.01761722623754
170,13,2.43881944012586,2.95003298533751,-1.54976163080228,-0.790923388034574
171,13,1.5369999572122,-1.59409216952519,-0.705122932667766,0.749477954050779
172,13,0.240058190845917,-2.38482352333156,0.698287677564927,-1.12490492581196
173,13,1.68447200941544,-0.0759162100042023,-1.86540405088347,1.46831955307819
174,13,0.544804552172128,1.60402125194272,0.0594727526649235,0.40927881416507
175,13,0.456384177504652,-2.03254855768126,0.535289952211874,-0.680291560139947
176,13,0.358258751463107,-0.375974165739167,1.72924523995609,-1.95285380023165
177,13,-0.634098870409672,-0.554062346423135,0.0924449564818006,1.84933581527465
178,13,0.771233531733105,0.615412384004946,-0.118823720166366,-0.0744489301227662
179,13,0.44915568602639,1.23335728147584,-0.184712977267655,-0.31764086843856
180,13,-0.592357128524638,0.589978360816648,-0.149429874858345,-1.2863086999125
181,13,0.185738680164959,0.468712191799421,1.06898792225928,-1.18408987218614
182,13,0.412044516588092,0.618439589975451,-1.18720048893337,-0.496608910021429
183,13,-0.534407702961493,0.438582366107594,-2.05921811015072,1.20435062280854
184,13,0.561374933893997,0.791141075281797,0.34055535695578,-0.624618676417242
185,13,-0.347347753481368,-0.0735719747221874,-1.39896762357285,0.348047420107577
186,13,0.967644775815395,0.422748864225446,-0.958487274324205,-0.392041033162751
187,13,2.09289530680781,-0.481326648449708,0.573615799362784,-1.17677313887287
188,13,-0.243082408894143,-1.02475038779596,2.1344367972822,-1.26422912687991
189,13,-1.08263592513222,0.400174499539277,-0.112738180117355,1.75037318184315
190,13,-0.541986829870286,0.766454763914857,0.775718990795041,0.663022058460123
191,13,1.06623505954066,1.07127840112464,0.671557972974462,1.22304562431818
192,13,0.891710125577784,0.248256195314621,2.43858239368296,0.247507008777395
193,13,1.3951249172671,0.835126603233335,-0.57100230773238,1.50889437390148
194,13,-1.40677925986486,0.307191450082948,-0.771393039456391,-0.450121564533888
195,13,1.7857965013193,1.07491340942983,0.519744221645707,-1.51278108004633
196,13,0.172861059280997,0.199614123682127,-0.363424775300778,-0.0961700897267636
197,13,-0.55092698466363,-1.80034919519096,-0.508906889986334,0.580073911186486
198,13,-0.60571899832311,0.446119457848469,-0.129348974343162,1.02899221406683
199,13,-1.34178810551778,0.34078166528794,2.49281951849437,-1.23786899150758
200,13,2.70390206021727,-0.186930475979325,-0.454574425567231,-1.07843392240635
201,13,1.09318480877589,0.891545038619525,0.525353196980093,-1.78174851300106
202,13,0.333861833911564,-0.106637286009601,0.559827389945607,1.23849135286938
203,13,0.207260254314462,0.0825477728569891,0.985462955069121,0.614532372006736
204,13,0.784545684504746,-1.20073989757712,-0.366146960329494,0.18999254109595
205,13,0.951852718015774,0.727396713345845,-0.281324381899024,-0.873867046099101
206,13,0.1559908065654,-0.413269305704358,-2.11699136818508,1.21509015098769
207,13,-2.02988058722791,-1.05127820883453,-0.0759953022222635,0.299260718526158
208,13,0.294868225623598,0.393309084760445,-2.14057457412933,-1.44303894564865
209,13,-1.07278870410202,-1.9585116823496,0.489244566613911,0.864921216598315
210,13,-0.610911265822589,-2.38393373948206,-0.419717959399601,0.630111937228232
211,13,0.0436158787143851,0.880253986993121,0.181054279980931,0.834461590751504
212,13,-0.125273448247072,-1.57377700680509,-0.795268459890025,-0.561079546300786
213,13,0.458492174781382,0.268283215288035,-1.52742147313945,2.0898753954509
214,13,-0.409166528961324,-0.878839836828772,1.61032940220121,0.233353604492849
215,13,-0.781798757403478,-0.145059913360728,0.435740927351675,1.11298856707993
216,13,-0.283341556945958,2.27372088391352,1.01617088718841,-0.655279468301805
217,13,-0.408145436228483,0.0913033655227827,-1.40765106370339,1.39888888865029
218,13,-0.127325785660742,0.535001461582109,0.655621055780438,0.549123839898538
219,13,1.31770079628388,0.437227371529341,-0.0753119823218672,0.582313697263651
220,13,-2.29600780028975,-0.380707422578581,-0.410815875326572,-0.845906251012233
221,13,-0.243797473838571,0.0978227016908829,0.590978871669973,-1.12170022928259
222,13,0.277543262838158,-0.806523071453353,0.806835554986934,-0.694817177078209
223,13,1.21398014130575,-1.09805360950865,-0.246741081875402,-1.83800498163903
224,13,1.72700297806331,0.763643358502284,-0.183247496959809,-1.39270485498574
225,13,1.17970372526644,-0.117741519275665,-1.21039424196796,0.37413691273955
226,13,0.376356952974768,0.843644289502828,1.17133822495615,1.32639489346981
227,13,1.39123530532982,-1.36275046147284,-0.0732419161683155,-0.657160798560696
228,13,1.34809497513274,0.0533622722447732,0.700346223020101,-0.0551518963196962
229,13,-0.6378683638419,1.24762981743384,-2.52143482162749,-0.426072360599894
230,13,0.892221054818534,0.436293963428688,0.827137958362303,1.78627251403834
231,13,-1.07318368947677,0.507382930311467,-0.524584100187452,-0.402137887387615
232,13,-0.25568261244666,-0.0711731409530617,0.0519771813147903,1.00119850784715
233,13,1.75636073681422,-2.00713235530067,-0.0254118541224351,-1.65073119422555
234,13,-1.08062240657923,-0.713599917055961,0.427359322031572,0.354880567984815
235,13,-0.384364674116586,1.3818391230803,0.665465537048231,0.593485637563861
236,13,-0.724636089625919,0.164018344221447,0.175326292370133,0.439164933883768
237,13,-0.436719732894052,-0.524709227228195,0.0047273320992986,-0.0898510267852655
238,13,-0.0477763342995742,-1.12768045625848,-0.256770660453948,0.725331653096638
239,13,-1.20916108149297,0.556111980473154,1.80556750342372,-1.06857422320976
240,13,-0.341997324850502,0.187513453496213,-1.68918001718012,0.236032924309394
241,13,0.850263162207065,-0.141873621042722,2.35377701382314,-0.596975545807805
242,13,-1.81762812383305,0.416796508481435,0.189520248031001,0.482956204853314
243,13,-0.668053414166225,-1.51524377949062,1.36162091555697,-0.341786752084778
244,13,0.29108274990943,-0.25229125083915,-0.225836672465566,-0.382251293148696
245,13,-0.41331752095566,-0.265302599141285,0.765486801190032,-0.156127735182963
246,13,0.239289248343824,2.97509567992586,-0.45166637498057,1.38174064597634
247,13,-1.22140998460565,0.576025341749252,-1.44169403113282,0.432376253984485
248,13,-0.206475366485903,0.831227623833598,2.00891273397222,-1.13301060538899
249,13,1.46656961274832,-1.10947595804203,-0.0237427387911328,-0.743103621996692
250,13,0.157956426334474,2.24546332020687,-0.732692386692391,-1.26787602441322
251,13,-0.216828325669574,1.40966844829353,-0.828736432557471,-0.885743484477552
252,13,0.341466327067091,-0.369876509530849,-0.337694110257133,1.22724331929997
253,13,-0.240374916320665,-1.22080716788697,1.04169869734877,0.699609423838122
254,13,-0.305217579501458,-1.54379071778158,1.26938485881545,2.56461600839004
255,13,1.34126180952894,1.10621319012226,0.590483065127576,-1.22458754856074
256,13,0.197533115294612,0.57756106104994,-0.379258627347598,0.221617843901696
257,13,-1.63682462270672,-0.0247530318723236,0.712151277817388,-0.340590545635666
258,13,-1.90583329833175,2.04921666922527,-1.35265822121471,0.13699856336672
259,13,1.27640748251892,0.415750764943538,-0.428086428074811,-1.06794094908731
260,13,0.687106382026697,-0.764258066711061,0.0170516727823487,-0.257961319017884
261,13,-0.215334186405865,-0.442404512647303,-0.956249847771719,-0.0379274667957634
262,13,-0.583872903738606,1.63690862636794,1.28542150802364,-0.728963428273954
263,13,1.24385738326889,2.70126637212299,-1.64589463500417,-0.369164489435572
264,13,-0.910506911580138,1.06051006708537,0.0644980547597245,0.536903467015506
265,13,-1.24190074572751,-0.259607273725808,2.14856557013753,-0.0485717927649374
266,13,-0.946889260672516,1.03333080509373,0.183619618818849,0.900546929664895
267,13,0.118271861396087,0.168794550725301,0.0233008604785571,0.107573668398481
268,13,-0.482957352422902,-0.176853763483792,-1.34530553370324,-0.294730787705207
269,13,-0.142715017803146,0.214093921668659,-0.667656677350685,0.726153090832182
270,13,0.641504692490567,0.192682685829602,1.61187317406058,0.478624996814615
271,13,-0.393701933402961,0.14326151751019,-0.790933177098698,-1.06039519454129
272,13,-0.716939383345795,-1.48505691207092,1.33147353987887,0.301733659870379
273,13,1.52937684651961,0.803150104190079,-1.61056777288363,-0.0834027622869468
274,13,-0.699926135114599,1.02421391224787,1.95163098309687,0.229275417251927
275,13,0.904311945350756,-0.18891921040306,0.0370162696609475,-0.304689995768454
276,13,0.454754908964066,-1.46285600248794,-1.65747938784581,-1.26078775232738
277,13,-0.553850353500402,-0.188340871787433,0.234320363789381,-1.82651510205707
278,13,0.303780331074315,0.712531805914326,-0.193870508751832,-0.30729821974315
279,13,-1.37817564906465,-1.92601654205769,0.824411744069462,0.260088116236251
280,13,0.531035437686123,0.513046233906891,1.56794898819744,1.02994475595055
281,13,0.329301903129877,1.10284956127494,-2.19733272399985,-0.137614726149991
282,13,0.85281586889797,1.36381085506546,-2.2311164812209,-0.460461580920426
283,13,-0.104362667053281,-2.50057230305912,0.800176424266975,-0.424058023110832
284,13,0.150210195203735,0.373797948086543,-0.0960979575539667,-0.438224017349595
285,13,0.794766817507771,-0.992114369879416,0.268237482012236,0.580167635911634
286,13,-1.69117540673572,-1.091665220299,-0.422939971537766,0.544679570531948
287,13,1.05302579188119,0.910747893162111,0.662929330210669,0.0612469767940858
288,13,0.921929370461749,-0.976774687416857,0.648116460136485,-0.509286585295798
289,13,1.22761608773148,0.50826373602758,2.13732419736833,1.38655608826137
290,13,0.274600343217406,1.43414863590528,-0.832989154229725,1.0980814867924
291,13,-0.99027483166901,-1.17250587013687,-0.138229261625249,1.1528902602076
292,13,-2.42870575545579,-0.842452822842539,1.21566386059561,-0.239778157427401
293,13,-0.45904645768365,0.33934621590232,1.32371917801317,-0.665556159361803
294,13,-1.87034458104449,-1.40675886080654,0.247740875428116,-0.181218370467464
295,13,2.1270677416942,-0.687433737211371,0.117123533634429,-2.24186297459074
296,13,0.591192410911079,0.378620480148746,0.134033990453694,1.22468917449701
297,13,1.36171187881812,0.947085332622652,-0.11337303203947,0.313254252125828
298,13,-0.911590286833993,-0.427632556821386,0.430531654571857,-0.392057851644816
299,13,0.300180439483582,1.70083714324883,-0.354231088414315,-0.0539840226177814
300,13,-0.825688488293433,0.292716324081055,0.312651891903338,-1.0396703575843
301,13,-0.0908284082782661,-1.55576632044683,-1.68846824990087,0.274422138550815
302,13,0.94237636142975,-1.76270463716389,-0.698322684660309,-0.326120399576453
303,13,0.0028491463099115,-0.213237532240914,1.14740590618191,1.3407305504987
304,13,-0.091216282709098,0.664874397063021,-0.166222607949383,0.359736414657164
305,13,0.20070803777313,-0.797167777132154,0.358356515944078,2.65919772834071
306,13,0.827468004947586,0.0766451403189351,0.0568576103073068,1.89193332314964
307,13,0.602373005190291,-0.0783701693167952,0.436750389793868,-1.19226434051818
308,13,-0.0748583828189747,0.167650316257857,0.0719478339294231,2.34077047362654
309,13,0.455893463535898,-0.491699442473935,-1.03700759734715,-1.67179528514976
310,13,1.69574230870723,-0.228200413756806,1.43015684518294,-0.149051787981725
311,13,0.576980157473683,0.460568015265061,0.261014367457956,-0.373889654637036
312,13,-1.90656856748288,-1.82542823023951,2.58718987826827,-0.483508200697879
313,13,-0.362072105390459,0.0745805869581631,0.99999976872844,-1.29497689838158
314,13,0.175389533602889,-0.656403673244482,0.219285518948416,0.529897367201186
315,13,0.469785627389851,0.147129128412543,2.42709157269437,-0.325777165111796
316,13,0.075526500590675,1.57876456275606,-0.0818161681937381,0.238719218638079
317,13,-1.28837101458857,0.528486978813912,0.506214680520699,-0.0951748619699582
318,13,0.224560501402828,0.0694586669454286,1.88652271689807,0.849791399869966
319,13,-0.146024928436887,2.09910437965023,-0.438752081677738,-0.929289482854594
320,13,-0.393366964288141,-0.762832226625861,-0.753435187783754,0.696263536507617
321,13,0.134505432594072,-0.604275536694513,0.0544849033242912,0.18649688501477
322,13,1.69849099555279,-0.144549191114979,0.850108106851688,0.161976508642556
323,13,-1.11507882681905,-0.601937637349943,1.38387145585857,-0.035109671472682
324,13,-0.929033763363272,-1.47679159377091,-0.51533211734171,-0.21688931240612
325,13,-0.0617848054304619,2.69000459149416,0.206457317942813,-0.989627788020431
326,13,0.34435686676846,-0.889571453400652,-0.625297575837881,-0.541245011847803
327,13,-1.10327189415774,0.72508811949457,0.144488419452904,-0.1617313748013
328,13,1.8593618489742,-0.143175621423415,-1.67170630264534,-1.96508726382284
329,13,-0.250037429722226,-0.495014348360986,1.96383469341332,0.487718644934156
330,13,0.53615380652341,-1.02264874754978,-2.24880672314645,0.179286237515928
331,13,-0.717280610744643,-1.09057216724053,-0.597048148616407,-1.1883500409095
332,13,-0.0965328565499121,-2.5919641283526,0.0096594152068367,-1.44899062636859
333,13,0.916412199845167,-0.167361150466255,0.189658852998534,0.908433813473439
334,13,-0.484485687350936,2.52989704920278,-0.651205576247411,-1.2591121109614
335,13,-1.65150760342113,0.510276495484394,-1.64836198452501,-1.43849159388459
336,13,-1.7617853700559,0.829588124898604,-0.148442578654213,0.669493400690634
337,13,-0.471127283519543,-1.72979300629702,0.30537439430617,-0.664314381640091
338,13,0.223075274117028,-0.561084395152243,-0.501276145186232,0.628912232888434
339,13,0.819814308581983,0.981805342427503,0.532858290999139,-0.135462377686732
340,13,0.29044618717113,0.752613135705497,-1.54059955539697,-0.453714352350571
341,13,0.123963545306741,0.601348718573031,-0.130978479424503,0.331060800244325
342,13,0.16403527482795,0.672750671221462,0.152003864792932,1.30208622127664
343,13,2.61519054697406,-0.149868900568753,0.175562431523673,-1.37762400401271
344,13,0.259804184276581,-0.8368450266773,-0.190939836529506,0.126204953415688
345,13,1.91404418854986,-0.419102552845761,0.286284273003836,0.874096958263095
346,13,1.78768598146265,-0.538488054010049,-1.03414391664615,0.190953298106318
347,13,0.7818351585509,0.113408001076311,0.531900215367928,-0.474690937480687
348,13,0.532122436650698,-0.0761417552265663,-0.306455930753745,0.591387589708969
349,13,0.55955965771251,-0.922804768885219,0.57854147398111,0.845540042817379
350,13,-1.23328164773225,-0.708920704468561,-0.217070792457123,-0.803733708262607
351,13,-0.316486318445865,-0.274203755925955,-0.935505593898933,0.401643925404842
352,13,0.30870106058672,0.830927351612506,-0.0790863473745816,-0.326530129620955
353,13,-0.443865909800476,0.170551892287308,-2.62969229663292,0.969275957947999
354,13,-1.48607916810516,0.00767548840352728,-2.43317001003712,-1.06129235050056
355,13,0.445439094570495,-0.505768410287295,0.148520483480599,-0.426703008284077
356,13,0.0647393874199295,0.155701284960961,0.967545297143685,-1.12815439454449
357,13,0.147740254891423,1.41375722880524,-0.864045583045564,2.27078493015054
358,13,0.319795388418269,0.511839446122622,0.806902889747834,0.583713462984106
359,13,-1.17796632100394,0.495920010371638,0.579599917208638,-0.192161339996653
360,13,0.886618527137402,-0.929493169332709,2.02197242728853,1.08797566256564
361,13,-1.86928207528566,-0.410054687563553,-1.82790652221172,-0.765215671121289
362,13,1.11761692735703,1.57648065937665,-1.65266580712148,-0.0838707745087744
363,13,0.966041905920796,0.182168661454262,-0.246351441049752,-2.69492015151924
364,13,-1.01581669407775,-0.343986148341575,-0.234180328863981,0.362705547206156
365,13,-2.37889216536177,-0.528938096577678,1.66862193006763,1.63734228382309
366,13,0.382193688636383,-1.23305134775391,0.51988536201045,0.171594887606611
367,13,-0.44268831443582,-0.8452930013365,-2.40856454885949,0.115670098913343
368,13,-0.0801994385390109,-0.55272206066843,-2.80788182991865,-0.675732051324688
369,13,-2.36156825276936,-0.123784156784063,1.17268267977325,-2.38768939092359
370,13,-0.0176084995861027,0.909781037911129,0.635109903176807,0.232826783374921
371,13,-0.0650697724630299,-0.583157085670484,0.16220223764379,2.01224479436963
372,13,0.415053984336737,0.586763519630234,-0.348488602794415,0.854047491973282
373,13,-0.387555852185917,0.824811242094549,0.310039947693278,0.539820117244064
374,13,-0.152865207596554,-0.971934561487318,1.71110847352893,0.258674895559487
375,13,-0.716758180953759,0.218434237450193,0.0996332476792018,-0.741162695769049
376,13,-1.11293386707795,0.0946127554691822,0.673494331270619,-0.732447582324374
377,13,-0.593715713070677,0.923326006606101,-1.02102338071218,-0.496205996814833
378,13,0.0890044504430263,0.0314261198552782,-0.221104204398373,-1.18044511988221
379,13,0.211334867898936,0.651168160901174,2.79212642600482,0.653356653254021
380,13,-1.42099962658137,1.4306766844996,0.593815808618819,0.0325434181828998
381,13,0.703292156008106,-0.778907265278437,-0.656002028622862,1.57092911988613
382,13,-1.06136350870536,0.46058872860839,0.857391149751067,-0.427863238987788
383,13,1.42929516004771,-0.0367419729279184,0.722328811943617,-0.0927820581953581
384,13,0.482808277530781,0.274014201070138,1.61777042447049,-0.464580096247818
385,13,-1.05948209581032,-2.17442683684636,1.61052483036587,0.636590370818937
386,13,-2.40164151164963,-1.23632342739234,0.589104532223738,-0.106626409164347
387,13,1.50853673470991,-0.132124284683761,0.265810616794444,0.530746424513871
388,13,-0.151137829795654,-2.51171842528078,-0.398170299451392,-1.2036594683471
389,13,-1.40398391537821,0.396473940891674,-1.40615205783243,-0.48824870866531
390,13,-0.329555285423487,0.206667724525664,-0.0806374054134768,0.403863301968806
391,13,-0.953781101744347,0.599453690784233,0.0849128263625408,0.368086344230429
392,13,0.606394636896361,1.25845203787251,0.198938752476129,0.309840610972756
393,13,0.376452643850269,-0.423772362439546,1.2878102797932,0.345334620010085
394,13,-0.67342902720375,0.32928799353353,-1.83570931698565,-1.31350287384884
395,13,0.555235258374327,-0.304006350936942,0.135411612371092,-0.422165090361655
396,13,0.489695235094484,1.53518833479423,-0.480070956382042,-0.315547165208968
397,13,1.47960648280307,1.01276817983185,-0.0268318767153747,-0.990187021865872
398,13,0.850836670308443,1.04539314609876,-0.00423460046787076,-1.70168877272355
399,13,0.964434369760033,1.13050348708713,-1.3998679040288,0.506652950935493
400,13,-1.82076488838324,1.75887406511414,-0.0348849866953115,0.998985616722604
401,13,2.76262592676253,-1.07678316232934,-1.17223242526622,0.745647708347608
402,13,-1.6941811171404,-0.429591531171804,0.709840878072073,0.721562351342485
403,13,-0.0555882496625044,-0.82120291234933,-0.668380083063437,-0.302353662852066
404,13,-0.452567321520572,1.79691377462713,0.79739255134109,-0.666740627683037
405,13,-0.261428159562114,0.592195962130419,0.700319939936823,0.868773139008779
406,13,-1.02877848996875,1.09018517188925,2.05638516531629,-0.0561303920048971
407,13,0.00572228559225151,-0.433623486166383,-0.653749337617572,1.01609417509659
408,13,0.965409144839363,-0.377940768631061,-0.30118660303705,-0.392149739470169
409,13,0.364621325057635,1.711202829733,1.22629394333702,0.295230357116125
410,13,-0.167823226135466,0.354048060136897,-0.962873276726822,-0.493211180972794
411,13,0.600607577160051,-0.788863666313198,0.976708478768338,-1.42319017224412
412,13,0.592508359896896,1.5759778843428,1.85411023738625,0.987583930485673
413,13,-0.837929755344538,0.928576744147917,-0.0469473139576561,1.27940404567574
414,13,0.221048003949142,1.06585954515892,-0.0670596999667004,0.754580023398846
415,13,0.460253747119445,0.403155320841221,0.372452879418842,0.201157354047282
416,13,0.0498929263169661,-0.784703805987362,0.0918370473923828,-0.572898284462245
417,13,-1.17151036421917,-1.38222303277358,-1.51238009175256,-0.739536218192827
418,13,-1.16774391654013,-1.19980938560418,0.951221558554941,0.504011900534435
419,13,0.664849060266345,-0.819118342361798,-1.09341158498811,1.65439258472606
420,13,0.723046493152772,0.494724796337416,-0.963598854214322,1.37209339002162
421,13,-0.799533534666359,0.296214947974058,1.6579030654434,-0.542595951209692
422,13,-1.11284444871792,-0.356226387803657,0.515319500389219,-0.614532959771495
423,13,1.00001902934842,-0.74358907806661,-1.64801096587142,0.612248272625454
424,13,0.0437578720186836,1.19099371060386,0.105181642069091,-0.720395575016525
425,13,0.623721757774479,-1.00112155624007,0.0627805355747053,-0.510914554667532
426,13,-0.524756245954466,-0.111124121391944,0.349896702375903,1.61989869343576
427,13,-0.397699338702247,-0.599105800254568,0.399177020834574,1.84140252808521
428,13,1.24431635187652,-0.40495799910066,2.71093567992007,1.96649199373053
429,13,0.142125410581176,0.682109842606153,1.32621705346867,-0.537902605809236
430,13,-0.205355305990342,0.295506695071794,-0.23085298261084,-0.253279709088067
431,13,0.457106637623264,-0.825503357471561,-1.70656742432648,-0.244560370550024
432,13,0.972990841653705,-0.475393769021328,-1.66088977355614,-0.101616088789355
433,13,0.515954284860963,-0.300313595945654,-2.07971281152713,-0.0846469705765287
434,13,0.0837907980536746,0.79604631139792,0.827650900336524,0.169954852638696
435,13,1.28825144946171,-0.247377484840715,1.42450544012106,0.664537546564584
436,13,0.270212471976605,-1.20255967529929,1.33294285931072,-1.21330069096906
437,13,-0.00125876122041561,-0.495971708191377,2.0549655307067,-0.103390481197369
438,13,0.169990809521777,-1.87046907652821,1.34918835812547,0.0507382101862207
439,13,1.44490624822432,-1.24612260278589,1.50609849674952,-0.913103463005364
440,13,0.679854800013614,-1.11279002459602,-0.313138514983796,-1.95805975012729
441,13,-2.43185339448185,1.04157016902846,-0.451117802769443,2.15009434782351
442,13,-0.349304995136681,0.00313142472136512,2.49456519834803,-0.073729659050521
443,13,0.326602021471556,-1.19477664861973,0.266043240050914,0.843118811248333
444,13,0.812409913209362,-0.634294382524655,0.383338252964455,0.710060304815839
445,13,0.188309341325075,0.287678102678463,0.0963940520808453,-0.320568054372979
446,13,1.42374393414306,1.60183187761116,0.462085241909758,0.421128710669387
447,13,0.590778170095713,0.215825892220176,-0.276990368260255,0.227729869640677
448,13,-2.69698012279309,0.802518441851791,-0.765325066977747,1.22239596281447
449,13,-0.71678793977845,0.963416027177406,0.895876778354139,-0.587514008618824
450,13,-0.0639703507325212,0.668593624332447,-0.250793429928137,0.517239941161252
451,13,1.57357740552866,0.311659766501533,-1.15404152348402,-0.284166724561309
452,13,0.141068258569455,-0.86316751385263,-0.580834144688918,-1.1448272809017
453,13,-0.775228957980338,-1.28260569912467,0.778832750801722,0.960421970933117
454,13,-1.33365390540687,-0.261987448617611,-0.781301313110842,-1.06595465928566
455,13,-0.0885463118026477,-2.14472775344099,0.660765169013397,-1.0363129880639
456,13,2.77051591553299,1.00719881981763,1.52180919771664,-0.824556989072572
457,13,-0.203577310344321,0.75544809948513,0.313196299701266,0.155853484671155
458,13,0.317301573429386,-0.00776435342362047,-1.91020814992388,-0.517308473878073
459,13,0.268956471935944,-2.22085019168519,-0.285184414252599,-0.379799846817009
460,13,1.58556323923196,0.0455291948294486,-0.206915218603187,-2.84487568431123
461,13,-0.758929781867085,-0.537663707006911,-0.209207039373256,2.25207032852984
462,13,-1.25488654004212,1.03172977507248,-1.27357783954878,-0.715347067234031
463,13,-0.618118573401441,-0.132005096906629,-0.821769794975612,-0.690776063092245
464,13,0.22606244456876,0.072877828979727,0.100557193593841,-0.0342736523446059
465,13,0.339211852930585,-1.26628643541543,1.54967341496954,0.1186927216246
466,13,0.957517443528528,0.0338198922082578,-1.45074835448797,1.59505566257071
467,13,0.108780646909956,0.12490200987168,0.491629586103082,-0.67251292437191
468,13,0.245791692469537,-0.252015581267191,-1.6192882291111,0.399709376918765
469,13,-0.971355303478424,1.60876429856286,1.2666959449428,-0.397488146234377
470,13,-0.345828013383167,-0.347672689887663,0.197432613942659,-0.726580967659395
471,13,-0.615326748842356,-1.94442120876136,-0.750312274812657,-1.81481346107242
472,13,1.36200031892069,-0.58871526279473,-0.0136563573002818,0.404478578754782
473,13,0.0191582014501807,0.749322862594458,0.129298854209905,0.88440054499382
474,13,-0.809326705527515,0.623637957674843,-1.6809893016416,0.178252628274328
475,13,-1.22922632923508,-0.91246346730695,-0.0263509688231962,-0.305830602794013
476,13,-1.76847291423045,0.0969062104546582,0.833094892863835,1.08012871767168
477,13,-0.415070548615679,-2.92929174951266,-0.197163917054499,-1.62925670031272
478,13,0.824971784035749,-0.490729389168781,-0.091469422654808,1.33620631449714
479,13,-0.891251452411353,-0.0512003946028941,-0.932679703360566,-0.503059419341595
480,13,1.40544717586122,-0.872559485987169,-1.89977551449539,1.33319112192327
481,13,-1.68222109014405,0.638724534168951,1.14969444363883,1.03491760481816
482,13,-2.02384011229429,-0.380921312478957,0.714202490352584,1.00260968910818
483,13,1.26327392612932,-0.904515991339996,-1.5605465837417,-0.000299389088554547
484,13,-1.41809473252949,0.398008713581242,0.90536844743834,-0.716492660222463
485,13,0.101089087686799,0.593609960211622,0.223404618010064,-0.378182286148545
486,13,-1.86280419142999,-0.945880395809022,1.11301379113152,0.838263153027134
487,13,-0.740347000409537,-0.161747293389318,-1.98388518975199,-0.586022977257358
488,13,1.81238177671068,1.19947167861854,0.656809188725161,0.256923439831528
489,13,-0.778525396345422,-1.02739583246359,-1.82233460600733,0.623194401578579
490,13,0.6009457523519,0.786251370205643,0.606593746245292,1.00291566139919
491,13,0.254217891860711,0.504346186596773,-1.28070975818482,0.41113945584919
492,13,-0.369663699797591,-1.26463132548104,0.544454439771752,1.40738641204427
493,13,0.969358022582108,0.779543791528837,0.170265108568584,-0.323235465475998
494,13,1.59332004115005,-0.111783961986097,-0.908738045087315,0.100170469936394
495,13,0.567612020934203,-0.0629120056660826,-0.634332043940963,0.0903245388804073
496,13,-1.31099478845849,-1.59811866306479,-0.181862516222858,-0.789809273606016
497,13,-0.394420729417971,-1.67501230779775,-0.744474197986947,0.510168630133866
498,13,0.685259650810325,-0.269938817907205,-0.496919382061002,-1.31222737453229
499,13,1.92067588792573,-0.422283901916876,-0.104572458455305,-1.36616152434444
500,13,0.0158408479781535,1.19069424985235,-1.567375839122,-1.23704010231236
1,14,-0.912453221187694,-0.396726143744825,0.839248517773397,1.51633291152607
2,14,1.35651961661805,-0.873209061742293,-2.30692563307478,1.00070698501648
3,14,-0.68992945517959,0.924201327313174,-0.0518653728557006,-1.82738037581943
4,14,-1.10651492001872,1.09698735793489,0.291376678929748,-0.169957680649868
5,14,-1.36155195885041,-0.144913109873319,-2.13538144965226,-1.67514973288674
6,14,-0.379420993032265,-1.01482325487581,-1.20047582448381,0.0690427865196788
7,14,-0.190296743453586,-1.89135100656915,-0.916248120166461,0.338987837904548
8,14,-0.7314599627027,-1.39203728320313,-0.734830286274099,2.24376562338708
9,14,0.695662355784136,0.33392726873076,-0.165410895197633,0.81516677424612
10,14,1.56952985772339,0.290563957283393,-0.398322827095062,1.08987421910139
11,14,1.48405861605406,-0.0474618126419453,-1.23147958039609,-0.112895872352232
12,14,1.00767360764805,-0.426485062370656,1.27450843257841,-0.290629483244098
13,14,0.598451397715477,0.934287581523193,-1.07052732566699,0.222895976011075
14,14,0.176329755052538,-0.270690115650602,-0.121226756680669,-0.354902766855241
15,14,-0.272940868428947,1.15127969617214,0.917169284790936,-0.495209960354662
16,14,0.628401803443538,0.551881340063525,-1.79871368487173,-0.444265927588053
17,14,-0.630906715414424,0.517178180641547,1.10232508136558,-1.56849170002031
18,14,-0.128675711434259,-0.0622111435607729,-0.197439497738144,-1.07268177643325
19,14,1.0610978100086,-0.120905359114654,-0.552366618947392,-0.529189169870446
20,14,1.23963327865935,-0.927274034836142,0.300862563031102,0.904848367901827
21,14,-0.476018537610414,0.892961345429303,0.47977268972994,0.061348454563102
22,14,1.62290724416713,1.03449463462351,-0.571293332283084,0.763023482996687
23,14,-0.229139928450353,-0.282756020262303,2.08587497220463,0.688417370247934
24,14,-0.221045957800367,-0.300134100653589,-0.823946181297001,1.4358384927233
25,14,0.41556696388299,1.49421574780998,-0.366345246640097,-1.13251870692299
26,14,-0.823335720357298,-2.6674375486164,-0.591019758927032,0.681535599528356
27,14,-2.00230294399804,0.221710422919727,0.0309486401251179,-0.503904369787715
28,14,0.756689143092463,0.275822508425074,2.00266615003555,-0.250203606972632
29,14,0.0276620357686994,0.628483964222152,1.13733060993855,-1.97351685168131
30,14,1.27303379397407,-0.57410060818906,2.55028687212899,-2.39004726470972
31,14,-0.437814417758527,-1.28244720564613,0.350011852529918,-0.858370551489123
32,14,-1.15996919974528,1.28708696083683,-1.60150104402428,0.576818135109366
33,14,0.0630551903331541,0.911461082991106,-1.31875335994491,0.939825030256029
34,14,1.67060886034687,0.132037093479395,0.0540103899142081,0.0625534580804301
35,14,-0.609047686513429,-0.237351916336008,1.17699711916459,-0.384824303151108
36,14,-2.1002071075441,0.339918098874856,0.398329990826782,-0.761628292261371
37,14,-0.783087577851889,1.38226292277253,0.0238132207610461,0.765574890599802
38,14,1.54954196100268,-0.437322059360676,-0.874060305808884,-0.591980423581047
39,14,0.0135117250618828,0.438300168864985,-1.34275116396203,1.09505140682505
40,14,-1.94058816338683,0.673994499183371,0.606458467111995,2.26300779773437
41,14,-2.03061478833333,1.24598355319731,-1.0831192923709,-0.887948592814526
42,14,-0.861411316608406,-0.0777852836585557,0.409404887251351,0.103659158717338
43,14,0.300971666546687,-1.09438496086665,-0.192688343510366,0.364142859542125
44,14,2.02142436116886,0.319448994788096,-0.3143367299435,-0.747388835346546
45,14,-0.427430390879591,-0.693880759058881,-1.14025150581796,-0.754146645860683
46,14,1.32084882444375,-0.27629734268123,-1.52039305478776,-0.32479560139304
47,14,-1.80460982250111,-0.595277327496881,-0.356116375743697,-0.526916650348196
48,14,-0.906684488744939,-0.39292600428052,1.50089634060419,-1.26908821177268
49,14,-0.0700380579879567,0.121244273395756,-1.61285728993326,0.124568947908727
50,14,-0.163767857091194,-0.451500664246184,-0.0295390775783545,0.316168006737298
51,14,-1.35490405847861,0.306058602361916,0.934767073075837,-0.906355977671235
52,14,-2.16608132075582,-0.339132770108979,1.30956660335673,0.165033587994203
53,14,1.20677331043997,-0.827876521208333,0.390728668218388,-1.30291303383851
54,14,-1.52186003202811,-1.79143256207245,-1.09175124140306,-1.45322951832028
55,14,-1.13173975810888,0.759928718378326,-1.80628221698317,0.481056709058156
56,14,-1.9002992338684,-0.151558077028392,0.927141881571521,0.898439970439349
57,14,1.23006883864443,-1.01530857277092,-0.851415971285337,0.832553951396322
58,14,-0.770952624357371,0.830635604089869,-0.464016880928705,0.484690754862285
59,14,0.0836820538557649,-0.845224499032363,0.00623655662889164,2.09690068607324
60,14,2.03867514544587,-1.45625921626038,-0.170036665407325,-2.19032463953773
61,14,-1.59154653773158,-0.671514257028483,-0.0136660542216114,0.647127638263341
62,14,0.776717401403526,-0.779416678063167,0.401959109266483,0.660905273724661
63,14,-1.58091753303123,1.55256582092206,-1.65131852408898,-0.982351676533051
64,14,-1.9344631031276,-0.00133181543256292,-0.181534919857644,0.742666094642612
65,14,1.56803219121524,0.52150938499849,-0.728515503746822,-0.147341567602734
66,14,-2.16648865803596,0.234953511342903,0.0972998677723362,-0.953148672314972
67,14,-0.0971652271451577,-0.725764006942621,-0.978200206268456,1.71711959588289
68,14,1.1068178156094,1.32452276819,-0.680126579399484,-0.856505201758934
69,14,-0.480890099193794,1.79472445598639,-0.934682857620902,-1.95254601094103
70,14,-0.0578538797467748,1.16487837894024,-1.71294221096281,0.450232285158308
71,14,-0.625198169193724,1.8587933789629,-0.0937646341785024,0.242670207703416
72,14,-1.7481371586216,-1.60515481760059,0.831770588103745,-0.230406025583729
73,14,-2.50092838049797,-0.287645183010602,1.19613394511857,-1.7444085722443
74,14,0.801746879379377,-0.421340711731756,-1.86626294698443,-0.07655342082855
75,14,-0.0953899147646504,1.5682848416342,-1.30203324876821,-1.143771614267
76,14,2.93111739817634,-1.0262902213673,0.503851901862456,-0.516493168079307
77,14,-0.254803527259279,2.26477835450067,-0.836189738820801,-0.0762588818791126
78,14,-0.91308980387134,-1.98137323132974,-0.59372265806045,0.448596036339408
79,14,0.476223305143046,-0.403838187105009,0.859255709867551,-0.968443022648426
80,14,0.695560001761383,0.890544171250946,0.175073945118009,-0.320688189517323
81,14,0.132190982025443,-0.846254030219064,-0.885739986819428,0.935721530019144
82,14,-1.52230260805006,-0.306572814027992,1.10134633694233,-0.80718028983637
83,14,-1.26765439400821,0.232872207971954,-0.396334099072997,-0.43172633877691
84,14,-1.0181119776416,1.35521195940688,-2.27360073740499,-2.42122781539776
85,14,0.0750527349403861,0.386087507970285,-0.968013069577413,-0.563178089643798
86,14,-0.859652707696325,-1.53012950325289,-1.09031929600312,-0.0108253648018689
87,14,0.71722805972543,-0.542819654793832,0.550156999117461,-0.283785288699469
88,14,1.20414761771223,0.959278060443129,0.0888090181627213,0.626158320312073
89,14,0.919519805027695,-0.518831660108135,0.959340837752364,2.52518248408742
90,14,-0.887107874694872,1.29211438822615,1.13306918046811,-0.571076934939515
91,14,-1.31844173820242,-0.13044514171477,-0.702176357684234,0.0863636527791096
92,14,-0.307009613175658,-2.29359251428636,0.0221654145705092,1.02433912103452
93,14,0.158504228900733,-0.480390132845154,0.418408405458488,0.448311679947959
94,14,1.02667248231579,-0.262866386591429,-0.422427132382226,-0.59399393407892
95,14,-0.345730163875123,1.50836684029264,-0.0311334349729832,0.0626852314343134
96,14,-1.57861159338931,0.103424876190618,0.38160927314688,-0.490916704752013
97,14,-0.859903656447923,-1.44233082393852,1.61536854121746,0.397658909529382
98,14,-1.72926033715783,-1.41165043758408,-0.487756548919332,0.242296162634034
99,14,1.40032454755362,-0.563189907833473,-0.708987692036718,-1.60064807890104
100,14,1.38406424409274,-0.0961043536174155,0.833811656697557,0.123833441335947
101,14,-1.0921337346368,0.605560807818951,0.113293242609693,-0.611773746066616
102,14,-1.24629345889461,-0.774900897323985,0.749849766846502,0.553962075102962
103,14,-0.385701221985843,1.22398065370206,1.48102909798374,0.0417985350986569
104,14,0.98806234213158,0.0524630540887738,1.83968063592817,0.151376004564999
105,14,-2.42315234676039,-0.398100652744793,-2.07810516979907,0.62710519413982
106,14,0.439785463287893,-0.701931865876535,2.35446341241412,0.542280674741844
107,14,-1.24342726772143,0.388189592436256,-1.7790731718874,1.02429978570658
108,14,0.801118946361286,2.66481882859603,0.0785139595475948,-0.590118025366978
109,14,-0.281881184010929,-0.260101629264398,-0.555417497035992,1.71231151256545
110,14,-1.50140764640489,-0.504792708155082,0.0227648818775241,-0.147390869495788
111,14,-0.710163791175225,0.729519650811417,1.18111320929796,-0.050388431989962
112,14,-0.281909523692732,1.22396287630369,-1.29733422562364,-2.36288052099816
113,14,0.0225579745690043,0.991524415629444,1.42963146852987,-0.395976547453866
114,14,-0.306899904877143,-0.080893906108249,1.21652578795504,-0.639775953396899
115,14,-0.406088212170213,0.827937467794742,0.0377945744059734,-0.220058933409638
116,14,-0.357357395970584,-0.458750824440032,-0.745238536925639,1.06645670456585
117,14,-1.65663193882299,-0.231961232307829,0.74470145352398,0.0509358361425846
118,14,1.08035166874763,0.658404082968654,-0.22381010176914,-0.809498641359778
119,14,0.453448786737113,-0.829608540655432,-1.10705211802619,0.31180302763369
120,14,1.67952181603041,0.400427466534796,-0.279216557683189,0.44581277280523
121,14,-0.0313659907613134,-0.287190360875336,-1.36073471495946,-0.383477003881538
122,14,-0.202582822532887,0.0700415620634304,-1.26812764774919,0.285299271670182
123,14,-1.23082692935867,2.05505934231661,-0.0542869425054618,-0.0100732880076916
124,14,-1.47488634868903,-1.14457685508782,0.747036008786387,2.25697308842804
125,14,-0.919879264866292,-2.04691433458311,0.822095553818253,0.0518703585960089
126,14,0.259840315523665,0.681584987282907,-1.53744167873337,-1.1446161936021
127,14,-0.259185398377702,0.460309692897145,-0.482755369639311,-0.149368373655944
128,14,1.20887845709868,-1.74000752266336,0.361290727758862,-0.721796071141385
129,14,-0.481289719180678,0.519324609943252,-0.740539976393281,-0.695966146884781
130,14,1.38653239636113,-0.160279343260335,-0.279221275606269,-0.0557288515709566
131,14,1.80649827601327,-0.407678811457844,-1.44446673010051,-0.777785753871086
132,14,-1.95067619971138,-0.755006043343194,1.08894946482356,-1.16937312145565
133,14,-0.147516227595752,1.81984681395708,0.086778697413088,-1.07546024669674
134,14,-1.53773662938188,-1.99007873317951,-0.589310220581192,0.521205332492105
135,14,-0.719532142123241,0.807883226402031,0.415536524524539,-0.403258141038166
136,14,-1.07197866945457,-0.496111218515774,-0.394279538918153,-0.274149815363427
137,14,0.665304933383445,0.641320226191365,-0.777004903796277,-1.16965865073745
138,14,0.188190837185404,-0.549890015974207,-2.07348332243811,-1.21263883058665
139,14,0.941886073984729,-0.579472653137953,0.636105561192388,-0.233165384095353
140,14,0.565932126731734,-0.330677218511393,0.182315604262844,0.587301022084134
141,14,0.626452925317892,-0.669144938808391,0.533350347117946,1.08616763833792
142,14,-0.172382904991727,-0.677135603941435,0.475824616496626,-1.09129821079372
143,14,-0.202720571412695,0.00421248225145161,3.09608675785838,-1.16776976652507
144,14,-0.32586066186652,0.387579966959022,0.00912730812823677,-0.67517526444142
145,14,0.057293624862504,-0.285019366818045,1.32249554084723,0.267261775212756
146,14,0.994025686834038,-0.502197744998217,-0.991642026771383,0.844824437846026
147,14,0.203064026099912,0.445341184562503,-1.37566173759067,2.32193961024357
148,14,0.0839648599868083,0.146483359818497,-0.608342222168288,-0.33370770613687
149,14,-0.361861304656898,-1.23897618466154,1.1948482437227,-0.629045926077411
150,14,1.43954330227019,-0.500625168523528,1.0134493916689,-0.810085541085296
151,14,-0.631322170211711,1.47969623891613,1.3664320870263,-0.803678988770823
152,14,-0.571218808738535,-1.16710296094151,2.41520531078728,0.525550264889002
153,14,1.04375760526385,0.68040752661057,-1.73833000937177,-0.00600768566388164
154,14,-0.745863370215883,0.469256987420695,-0.857570915766797,-0.330718979942988
155,14,-0.470548365289406,0.50199905586825,-0.431339366672567,-0.722022952588327
156,14,1.08959330682816,0.899513715726283,-0.112029671690731,0.786970621555571
157,14,-0.39962022690337,-1.31740160399798,-0.167540866333545,1.33445950450654
158,14,0.574504302968312,-0.363040815865901,0.902625998527062,0.236333909248365
159,14,-0.132559113033045,-0.317342375095338,0.0723710224743121,-0.692935758264384
160,14,-0.660350858984267,0.206195004788813,-0.211738037359202,0.398455966444382
161,14,0.0440589752400271,0.421897320052958,0.816484546754448,-1.76122601579739
162,14,-0.768035535725001,1.54031014541667,-0.255742232783495,0.655579012917207
163,14,0.82920159572177,-0.671576088133593,-0.0604401480653775,-0.348449416637111
164,14,0.145272593809815,-0.246787905156118,1.08912904235368,0.9744872824355
165,14,0.158775114949331,1.41197952172937,1.42046027137782,-0.346818243063199
166,14,-0.190975361040218,0.471219737584752,1.7172446192284,-0.295919077481413
167,14,-0.290681726287912,0.0943954046362766,0.872674223028001,-0.653909863528321
168,14,-2.90410030253573,0.224554556568177,-1.24007975383646,0.439758918786161
169,14,0.594051469654422,0.065978659103534,0.0754893617238411,-1.34057223254456
170,14,0.920395103248312,0.754673933863237,-0.282080704256665,-0.523659922689229
171,14,1.30688351586652,1.35192439922458,-1.72482807730012,0.691021398421626
172,14,0.932597900065672,-1.80457021742656,0.390679203377787,-2.46990243324458
173,14,-1.03315867392052,0.0904098884220594,-1.57427216609647,-0.737296362003147
174,14,-1.2218907666172,0.803292557934583,1.02641799912125,0.333467625888895
175,14,0.0277562936974687,1.07583888029451,-0.530646548021997,1.27229686710947
176,14,-0.0965567543936835,-0.239227938480576,0.622016596331295,-1.55172881480165
177,14,0.0714016547551649,-0.291843486787308,-0.0546946547562254,0.191643805423617
178,14,1.88131610781781,-1.06313003371785,1.48079105181711,-0.36015522429528
179,14,1.23795954865648,0.199791461255218,0.939175857708386,0.385453856214292
180,14,-0.151400589004632,-0.637742533198778,0.125444428753699,-0.955256079960801
181,14,-1.95455860794412,-0.157730221019151,-3.48412574540496,-0.89015645852608
182,14,-0.613136952438977,0.223576609245379,0.404957729454522,-0.610214479653061
183,14,1.3384692642032,0.642330185887899,-1.31084039529939,-0.712991382701281
184,14,-1.77648987575905,-3.22747578075809,0.704591515232554,-0.220634493899053
185,14,-0.393709048561695,-1.58597316850371,-0.017612669166181,0.0390151759168935
186,14,-0.673692457745567,-0.445486806962553,0.692688244988075,1.26044430635252
187,14,-0.0115895212180393,0.784170608179213,3.25958113213319,0.207180015592782
188,14,-1.41133060242476,-0.373125204863742,-0.568488841625709,-0.25648845682245
189,14,-0.371662478554146,0.864704950790416,0.596016879307205,0.8710056846863
190,14,0.363891722910793,0.108843216640417,-1.18160652799211,-0.634240308707314
191,14,-0.730683067336339,-0.375177620314449,-0.969095545640473,0.245976388268461
192,14,0.419830324848781,0.349892058301192,1.23332158931666,-1.23574762458967
193,14,-0.232532576003639,0.021920520393393,-1.09124501126143,-0.0816786796413419
194,14,0.950683472175529,-1.28410422767041,0.38469498391074,0.268751531991881
195,14,-1.02287177105286,0.359299596672123,0.0834709883164103,1.65365932300535
196,14,0.336236733191947,-0.262696769949074,0.755853065411385,2.50367527769954
197,14,-1.14589397207641,1.69457864803598,-1.71831665217698,-0.79320216611689
198,14,0.869916393378818,-0.364416503659071,0.878981299711677,-0.623285005873105
199,14,-1.51971918068659,0.608043140113192,-1.3598778680529,0.669956346389511
200,14,-0.23460421021789,-0.279371582521623,0.590354191705753,-1.88330735332185
201,14,0.493749025849343,0.955085945941096,-1.36961994663019,1.15600148351775
202,14,0.517375332079747,0.0334264381520727,-0.787958166125085,-0.269291753496195
203,14,-0.311609346778743,-0.382767019785837,-0.336280013927966,1.70693486351379
204,14,0.81578008183392,-0.873767145424112,1.58885545687667,-0.896005684556108
205,14,0.744124141002295,0.0290702403735714,2.16122294565868,0.716555591791984
206,14,-1.42594662210157,0.995258188497148,1.71105112375277,-1.08729488328049
207,14,-1.90978652188121,-1.00789763262609,0.730073389850165,-0.651519302004129
208,14,-0.861127875062756,0.592506567708355,-0.927469494082546,1.13835597283172
209,14,-1.09145960017658,-1.11546766169748,-1.5682177910101,0.00450971584685302
210,14,0.0138720738779547,1.31892291922613,-0.0659222815457706,1.00024500655905
211,14,0.0972789464621403,-0.111812885235657,0.0144096623012065,0.838055785023264
212,14,1.40546765475179,-3.96859761681277,1.17762495389657,-1.67310967352297
213,14,-0.344641572053094,-0.130365535321457,-0.0237803083144265,1.98885507222961
214,14,-0.0722121982026796,1.05726361216683,-0.375421822091597,-0.150517405647966
215,14,0.729221119392453,0.0862459803729832,0.584197338963261,-0.280374262082228
216,14,-1.90452450604234,1.3515620037055,0.580421837269669,-1.29775580077313
217,14,-0.185566317154666,1.04224078058176,-0.136716475099488,-0.243181466313816
218,14,0.374144839076178,-0.508660039802181,-0.506445798475248,0.287707019852085
219,14,-1.62866520785243,0.342241032579205,0.568162317147204,-0.310657731319864
220,14,0.43652079977788,0.386288132376068,1.38348495635046,0.428438535584695
221,14,-0.828409879877756,0.120557548694965,-1.09722015311845,-1.314790409403
222,14,-0.759948705248573,-0.445624086970375,0.979948868439908,1.3581461802464
223,14,-0.249833897324567,-0.647381148861646,-1.88314192064491,0.943021655423023
224,14,0.21313901070381,1.34592861423311,-1.37012732293734,0.667968151546672
225,14,1.62650329204214,-1.35715983508093,-0.832264090280467,0.38495190406723
226,14,-1.39352231981675,-0.762592958740098,1.46055798079594,0.451988625670334
227,14,0.574246548006074,-0.470931021240035,-0.522051852937966,-0.150199095472785
228,14,-1.40275648837088,-1.58815617288091,-0.217693062442235,1.31448626499659
229,14,-1.92327709224727,-1.03190488260661,0.252239159861816,-0.325098102894397
230,14,0.942118182151266,-0.718137753019065,-0.115500384414599,0.3690519766621
231,14,-0.983975754602943,0.321806144173023,-2.56547298363156,-0.380909220521255
232,14,-0.562441414498746,1.00572979829798,0.138553076774306,0.969024057599016
233,14,2.18794652641604,-2.69799442634161,-0.559589830182643,-0.283136658103054
234,14,-0.624907361511316,-0.173583559426328,0.265835442653971,2.0189879742936
235,14,0.656180669117265,0.837103753160472,0.783739556174441,-0.415481789785471
236,14,0.854320426633231,0.499595500430784,-1.1225035394619,1.20028082498401
237,14,0.23601340675418,0.133841416618718,1.13084701615182,0.963576640599302
238,14,-0.0422859209711124,0.639178295790785,-1.03421968431219,0.633861769092473
239,14,0.158336722960624,-1.80946030728816,-2.01988631711396,-0.530447634948926
240,14,0.132227376646866,1.06648716675606,-0.161124630214524,2.8387866684846
241,14,1.0496049175301,1.30377359645279,-0.911093135518389,0.711120247603781
242,14,-1.42590961353767,2.03755698331613,-1.27665046524073,-0.769345270670703
243,14,0.00401902769886833,-0.901314116305918,-1.09681144605523,-0.94609396433358
244,14,-1.02728957845721,1.87767719573811,-1.18323583405138,0.647627882658297
245,14,0.935371996527671,0.587060289542802,0.878463191502682,-2.0171613915087
246,14,0.142190497963688,-1.56153766287508,-0.202927858908245,-0.849724965132999
247,14,1.02379765101747,-0.255736662560559,0.713107489681887,3.60909403943457
248,14,0.851736819048527,-1.12433547839285,-1.02766501182108,-1.27460430040774
249,14,1.09165568389226,-0.573521017906926,0.696354642831186,0.352602563767954
250,14,0.101241456076985,0.381378697475686,0.0619086725965327,-0.848617201005328
251,14,1.17873527487758,0.97770528699423,0.286642038698746,-0.159234375444535
252,14,0.675349845676798,-0.225324442171116,-0.228547545681063,1.11988052464397
253,14,0.119908003529718,-1.69630933541254,-0.537103309549569,-1.83488650958174
254,14,0.12509192715718,0.157119096519613,-0.0748977426471043,-1.40130558675499
255,14,-0.347114985856281,-0.183748893226835,0.333777862966434,1.58895417394167
256,14,0.608581541447838,0.704404840297939,-0.474336439698512,-1.10864143407354
257,14,1.50967674511236,0.0263565170652867,-0.062646610430213,-0.161683818547565
258,14,2.05870796736209,0.312158764744108,0.636243234454426,-0.93236396203397
259,14,0.327185314325438,-0.445149144472162,-2.19670804166963,-0.255761486841444
260,14,-1.15512156711912,-0.600437668926486,-0.404852840418647,-2.2457678109473
261,14,0.412680819296987,-0.284169312036576,0.91948070623094,1.03448389857772
262,14,0.838473705371204,1.33981252587985,-0.0625765748366496,1.28874237473981
263,14,-0.477660653881702,-0.0741116535497036,0.141110619804225,-0.0423619501228518
264,14,-0.0457447326359997,-0.890322804242116,0.0152324485138802,0.941151335692563
265,14,0.458803539800693,-1.09937652736191,1.7860592152328,0.530563732510145
266,14,-0.643427644402187,-1.4348002460582,-0.679164101809973,-0.045207024255066
267,14,-1.89632374550991,-0.421996880563229,-0.382944678201011,0.765529991752341
268,14,-0.420397496916951,-0.43048618829948,0.887103931377888,-0.386695859093146
269,14,-1.13920201712188,-0.660771204679404,1.37956599169312,-0.716345539165437
270,14,1.44003753558841,0.341266154392468,-0.454370319356617,-0.0333523107604198
271,14,-2.08644909759354,0.727277507429037,-0.0601868488727073,-0.404466055061059
272,14,-0.593207764744529,0.305753503958997,-0.990955121922287,-0.230079845508585
273,14,-0.455356146022446,-1.40424622353266,-0.60340796671543,-0.326377018578317
274,14,-1.2221915475149,0.503575326484959,-0.808026097512527,-0.118698204623723
275,14,-1.18778435216639,0.115785615708366,-0.970471828288347,-0.766974802884901
276,14,1.89764572084569,-0.205217017581571,-0.366285503338317,1.41705408535809
277,14,-1.24373060068385,0.514594439831178,-0.768240479946173,-0.378406507721356
278,14,-0.481870231367733,0.50064074915946,0.102711734705522,0.801999775358616
279,14,-0.466039584556915,1.67628656606513,0.515100051637461,-1.79540901848564
280,14,-0.0912530251496509,-0.365996569060464,1.80444678147652,0.251777492669382
281,14,1.32451974164509,-0.605991720787712,-0.737859711925633,-0.0990928465675429
282,14,0.626997902658431,-1.25111292684838,0.241161643198485,-0.552911198445354
283,14,0.941837754577716,-0.367807606437335,0.384043104282605,-0.266167856060834
284,14,0.959404474397833,0.712340119757392,0.0947454708679932,-0.802017551854648
285,14,-0.259066531937962,2.52238310180975,0.499926603337231,-0.159760201962237
286,14,-0.698885063343784,0.59919008900008,-1.20587544092794,-0.722844705742766
287,14,-0.673805053673456,-1.81561854613202,1.02390253632953,0.66280729533848
288,14,1.88870775112931,1.81397752085793,0.431107005935353,0.995588020069927
289,14,-1.00288450996774,1.32325484686431,-0.0422035217721365,-0.826348167035275
290,14,-0.0536170454551185,-0.490982807544484,0.639230362997384,1.18245891660851
291,14,-1.540710667729,0.94521102302567,-0.766912645219319,-0.450748656022785
292,14,1.1469217312186,-0.257537408248493,0.517128013752161,-1.65106480364489
293,14,0.419777382240415,-0.447069070626722,0.905271147122824,-0.252527079233163
294,14,0.856670041008222,-1.15446006844619,0.686113274948638,-0.117927488173173
295,14,1.18573918198864,-0.598658563950937,0.377963042146712,-0.321093491139073
296,14,0.163892971486995,0.295494833493247,-0.12930938360472,-0.281912107546029
297,14,-1.51202555366004,2.90759798312456,-0.581682143767609,0.0116708542006763
298,14,0.408566563000277,-0.0625971338401962,-3.03434610130155,0.451734372118959
299,14,-2.24813009992155,-1.54202652845045,0.561245577020578,-0.602949233670432
300,14,1.587097824381,0.677582016151609,-0.214464500311096,-0.721690547988198
301,14,1.20337460838461,0.670743932667868,0.039034324974159,-0.278009383246495
302,14,-0.37322019803054,-0.927386683426753,2.1008846958809,2.48401522112692
303,14,0.310349252199827,-0.232161614592856,0.675055724108446,-0.925350568016949
304,14,-1.34088838587185,-0.997715017755674,0.692853266241351,1.11520202942214
305,14,0.683736636229977,1.23787113326267,-0.788807279184346,-1.89042505061252
306,14,0.546176803149578,1.14032020973607,0.316224795614235,0.0239584842989107
307,14,0.529352760818628,-1.19809770675307,-0.788741216952634,0.841689298526459
308,14,0.32794719678844,1.18929155356283,1.7822643827887,-0.732143988054222
309,14,-1.21495164540895,0.0622809254714301,0.0634216260375884,1.1639822289372
310,14,-0.659870132896461,1.77823966188541,-0.00758477777773048,-0.2703656663062
311,14,1.57352306297305,-0.304202204047603,0.819590658113711,0.80171998180289
312,14,1.70509747227856,-2.73238024088091,0.542105603013252,0.618595078803108
313,14,0.857897342253936,-0.12237147056643,-1.05573053741103,0.318844677441668
314,14,0.364312531531961,1.02908032404963,0.429995712620297,0.585436874983928
315,14,-0.385906599840516,1.11688622228836,-0.594671093926881,0.449731145850759
316,14,1.35858133201156,-0.0180263959835094,-0.656462971690258,-0.236257545088412
317,14,-0.723085836467258,1.22936323417096,-0.605539366072648,0.22468953226574
318,14,-0.953392496868179,1.26342019573898,1.10378179412566,0.114240051384025
319,14,0.635871355288605,-0.0225095341494259,-0.867225116957087,0.136437511620155
320,14,1.27728007318446,-0.6634331932524,0.759282900721714,-2.24668607871275
321,14,-2.63474915797376,-1.23105008656812,-0.0711106793144402,0.33490566080731
322,14,0.178310778105442,0.250886349174136,-0.0277595956690201,0.92682532028916
323,14,-1.39119630316335,-1.16771597108547,1.02838860261584,1.27663005287052
324,14,-0.340910276274676,-0.559755832624748,0.267981185045958,1.01869485816269
325,14,0.316631272410416,-0.70133440835393,-0.838798642281605,-1.22064129695179
326,14,1.1099106941409,1.21312431575945,1.38715378549844,-0.144402791066814
327,14,0.628697545084686,-0.0971471722293265,0.288847661318694,0.0455542425547559
328,14,0.336729929699385,0.270190356652042,-0.498826943731816,0.255839251817348
329,14,-0.796171085254869,1.1654875193292,0.312266686617234,-1.92264614346911
330,14,-1.16269957320966,0.40991566918665,0.0990321351960087,-0.978415069796997
331,14,0.421846351858356,-1.9291045164198,0.925450136003522,0.818810645777498
332,14,-0.448979329344641,1.30255623926536,-0.27881398179731,1.56395699990834
333,14,1.37643816892257,-1.37925326648123,-0.794892956762934,1.32177137956729
334,14,1.86781263448816,0.0029940482498709,1.12026011578998,-0.363113194877242
335,14,-0.165779567098214,-0.704918497188392,-1.32017603605909,0.58146813955425
336,14,-1.55598093858218,0.754487773731253,-0.479184060807986,-1.91426415232677
337,14,0.62013095607367,-1.06849638185739,-0.918625004504683,0.407175744775911
338,14,0.726863396894945,0.130337920708565,0.0455192826077182,-0.105371916012643
339,14,-0.972477796430687,-0.205120541131839,0.341479531778292,0.122989737658469
340,14,-0.95710101222424,-1.44676044760465,-0.176187646919832,-2.67788880828406
341,14,0.991561229458567,-0.309586370156007,1.40323200756477,-0.900237374917779
342,14,0.126700920730675,0.178045923803201,0.581920965535125,0.171959392211098
343,14,-0.61027756138686,-0.725930433753562,-0.820452095379442,2.67281704718786
344,14,-0.116830428247607,-2.92080281790541,0.701504405678763,-0.0163435153643426
345,14,0.0972065980720497,1.18503238685899,0.0223605344332599,0.989316201936364
346,14,0.718223249559035,0.652557759939509,0.329289646863032,-1.84562603426351
347,14,-0.0889002541671449,1.12974076397173,-1.02968011788706,1.77521491428898
348,14,1.03008201668989,-0.609463199503162,0.434329400510643,-0.212222298967619
349,14,0.124120737658641,1.19192614978359,0.0232092143581527,1.20361298262186
350,14,0.681726329936057,-0.724256880119223,-0.956229512771256,-0.401254227929735
351,14,0.380080779677511,-0.707554314947361,0.0102616781055643,0.512408605941263
352,14,0.334899213010534,-1.610102888791,-0.124026927572617,-0.663085538046679
353,14,-1.5883700897531,0.31877642645245,0.283030362890688,-0.436223200197533
354,14,0.681358533264866,0.459405506423362,-0.384302114791292,-0.0979638022556726
355,14,0.199816434067469,-0.937230319656628,-0.396501233716539,1.50679355268721
356,14,1.66439463615248,-0.153809219024941,-0.0721032996962017,1.12287723970608
357,14,-0.928602812200926,1.58696139908243,0.207133307695423,0.384185263042658
358,14,2.2025738712448,1.02362088536892,0.837739710186931,-0.00186921678118809
359,14,0.747826601062343,0.158260147149435,1.22416620869809,-0.828275279860271
360,14,0.615989399987392,0.0733211666765702,-1.27051501242548,-1.21791681251047
361,14,-1.92713624471462,-0.914852030116953,-0.283962884271941,-0.882951875494666
362,14,-0.719446790189508,-1.1363559138281,-0.120733883750232,-0.112123123686745
363,14,-0.425136473102591,-0.900129474129383,-1.16361224926564,-0.405174648292849
364,14,0.0571944722142978,-1.33509920507904,0.820110375107037,-0.101703731812879
365,14,1.77882833473189,0.536903377389172,-0.221103155054,-1.47095493659841
366,14,-1.91260475588319,-0.977765702854206,-1.08049763372646,0.505306504637599
367,14,1.34554277411954,1.04779920922232,0.411899787569381,1.36863194308283
368,14,0.669117037166431,0.345586245898143,1.23770231961931,1.08961281344838
369,14,-1.19711340067393,0.191081139853751,-0.383859634258958,0.376347595522308
370,14,-0.0745480259602531,1.87906285209754,1.23637544217426,0.417110970019627
371,14,1.19778392938881,-1.42908247619196,-1.10445606080822,0.820539524033155
372,14,1.38829980310118,-1.70509620391564,-1.04800334511848,-0.285914824827054
373,14,-0.801441637995577,-1.47912870655219,1.10767637732245,0.177168915322753
374,14,0.119660673460505,-0.516921390204175,-1.69831545813888,-2.11394754475444
375,14,1.41596253380869,0.10477377250602,-0.439779734775644,-0.473005943803116
376,14,-1.30534651913595,0.330855472536078,0.343655392019521,0.25953565995538
377,14,1.07039288051011,0.69579421765187,1.13655820120901,-1.35622467982712
378,14,-0.205774602385327,-1.62072920762074,0.0748576307851152,0.130476265089525
379,14,0.17828617720988,-0.944944240860128,-1.20427799075326,2.74294153048622
380,14,-1.69902198979705,0.62013306786136,0.815569467977188,-2.50088333500814
381,14,0.0954870247918698,1.26097472981128,1.46781114717639,0.354960976204149
382,14,-0.437442726656204,0.786217016230399,1.9614187201952,-0.55596377274032
383,14,0.527736792917717,0.138148014134879,-0.505233207900113,-0.228786558564402
384,14,-0.653417000947872,-0.0780157793478829,-0.321913621484021,1.24205483381333
385,14,-1.90082981551648,-0.789849334694614,0.685249130590703,-0.0670358750730753
386,14,-0.785096307772402,-0.703756689872147,1.78717136867805,-0.927020935088658
387,14,-0.0377479435948578,0.905635614063171,0.485140880772211,-0.233020899015466
388,14,2.04494742699597,-0.322255358524533,1.11125312885319,-0.546606308838345
389,14,-1.06152903301804,-0.462797524408054,0.628349773007978,-0.946922290781099
390,14,-0.90661217536491,0.296176379624068,0.36813184134404,2.19089645172848
391,14,0.225879755785698,-0.838281335069907,1.8152222797739,-1.20865885116543
392,14,0.435910362168034,0.728922545668669,1.1477658830645,1.10060557329152
393,14,-0.0971954754049293,-0.869364558637011,0.0450336292474076,0.765508033133885
394,14,0.541448082871157,-0.794984489813618,0.521824488799582,0.3713773966679
395,14,-0.993828403742977,-0.649158518459138,-0.83004570758715,-0.776799607284291
396,14,-0.257039458939002,-0.491154328258313,-1.00349973709741,-0.461977658887222
397,14,1.44508856461541,-1.48103064802833,0.144827668499517,-0.595052364080655
398,14,-0.0592553448267066,-2.58189594308814,-1.29600325969618,1.44774041010261
399,14,0.569616968694656,1.49056387072015,0.401018722187921,0.177045601669432
400,14,-0.383123217594703,-0.68925276597276,0.704966584166962,0.476835345082131
401,14,-0.548908425154324,0.653659692471288,1.76673220920334,-0.763125769866982
402,14,0.0107264098656191,-0.00952666080213368,-1.52957118460971,-1.16210634164885
403,14,-1.14422006945252,-0.962074750062058,0.080647763250033,0.300565092636205
404,14,-1.42521572858806,-0.332801265447501,0.471034373065943,1.73990185891342
405,14,1.55510136383069,0.1722752741556,-0.474114820203791,-0.556387436340926
406,14,-0.363945282190046,-0.147177512629608,0.661820882316193,-0.088986433691704
407,14,-0.0944696386861528,-0.0583822372899719,1.17007981620278,0.117590645997163
408,14,0.906749385025626,-0.590753038256357,-0.736939153862497,-2.05026661579899
409,14,1.41940531402595,-1.10201266444275,0.516366767902501,-0.696225260057111
410,14,-2.58168067117754,-1.46812788101247,0.617152220421014,-0.465976533839144
411,14,-2.83430305900974,-0.248865671029482,0.507906759135962,-1.81532394015036
412,14,0.502658955150642,1.18469006392117,-0.119476495018685,-0.411519026861999
413,14,-0.830872104346593,-0.976450318126479,-0.500305916567924,-0.960153840071457
414,14,-0.337546806912682,0.707543024349912,-0.246641215159564,-0.192943591748935
415,14,0.808702337971561,2.31318558730012,0.14588396204116,-0.254703585118835
416,14,-0.87638704820957,-1.80729789798935,-1.58196230181131,-0.331514322229159
417,14,-1.29193792120965,1.49522245583837,0.43862576341774,-1.71947099555207
418,14,0.148169371529295,-0.910232810577379,-0.37398762016055,0.699860244284596
419,14,1.0515167635879,-2.4005516168119,1.04286533468766,-1.64022815037576
420,14,0.677028621459211,0.00687849269736294,0.178858749606247,-1.1853382508932
421,14,0.367484012456113,-0.812855339786205,-0.311742349196143,1.47310248008948
422,14,-0.925064589449836,1.48190767062914,0.469854897953454,1.87039057248049
423,14,1.50679608519154,-1.32826975952872,-0.75533547948862,-0.351599561281879
424,14,-1.24342351163568,-1.23427191164557,0.0385455524303481,0.86397721980224
425,14,-0.588006454866835,-0.911554888307816,1.03875528947677,-0.00473218334123577
426,14,-0.257500311045305,0.925675264178838,0.466405727315708,0.257092808704352
427,14,1.24160559095555,-0.301814936759931,-0.811919920117903,-0.302004563339296
428,14,-1.2429907566768,1.32719163461789,0.0469366062562176,-0.116705160102982
429,14,0.0534168059433329,1.882420822159,-0.360420563419799,0.412323771918022
430,14,1.26383020950965,0.270648392494782,-1.43403743820826,1.16022707693928
431,14,-0.181140184246521,-0.57499459592476,0.743788496683199,-0.850561363622869
432,14,0.353019812919186,0.531489973315703,-0.272933385423146,0.069806150501021
433,14,1.25378793689169,1.68325684744165,1.75086706105908,-0.861698124149353
434,14,1.06411052439895,-0.148199055541895,-1.39060167974009,1.0042594196113
435,14,1.20042256602358,-1.00349852342696,-2.69080969711335,-0.577778824749831
436,14,-0.971899112717767,-0.182451535488392,0.982828888806442,-1.38839928136311
437,14,-0.339937528778431,-0.189065266858046,0.997232462196877,-1.29447515028985
438,14,1.88958831820591,0.405131953239869,-0.668140818351799,0.300841133395517
439,14,-1.24537041824678,0.971700394291135,1.17888195235576,-0.833886479047941
440,14,-0.253357313032689,-0.103821367489487,-0.430450138141034,0.143556721160256
441,14,-0.203284996308372,0.329452702976736,-1.32944094326837,1.88967927605174
442,14,0.696882487673539,1.33429518555942,-0.0801110637226717,0.104139868652379
443,14,-1.36198585661494,1.35638924465179,0.830885795332405,-0.454926435828965
444,14,-0.0509862990818053,0.00992967545021045,0.960127162558101,0.322660571549343
445,14,-1.07059442363957,0.75154054211641,1.08069982005797,-0.494607968941616
446,14,-1.20152527405301,1.81162166411254,1.58609572515144,0.395198384990473
447,14,0.495173203064537,-0.0202743940754152,0.284243869498831,-2.92174616479471
448,14,-0.00830589228466269,0.473231242757198,0.355088769923377,1.88825532105052
449,14,-1.67210628130715,-1.95002007115442,0.887396301807841,-1.08734668170782
450,14,-1.52140759137131,-0.0607903744665785,-0.842148772465687,-1.3572094628425
451,14,1.39339414718035,-0.458041239861874,-0.540375075902801,0.330616457620909
452,14,0.390504299888375,-0.951881594651615,1.41734834973284,0.493306143361246
453,14,0.728743787693222,0.75589747170921,-0.720707205561891,1.2971203730092
454,14,0.0576197617302818,0.302950340199592,1.33003676744231,-0.785485652580552
455,14,-0.439593627049032,1.0422195601542,0.824775874505115,0.364917722387676
456,14,-0.971593578085188,0.567290961543322,-1.2785883693543,-1.04294166590234
457,14,-0.0202869186588072,-1.24669249589802,-0.803392863685861,-0.128882980388225
458,14,-1.38148487841956,0.574421766067443,-1.89480857061693,0.457848048048435
459,14,-1.09938691543349,0.398225014442775,0.848683744039731,0.764302245005964
460,14,0.356711915609785,-0.48833878945778,1.4792387114507,-0.156121916480624
461,14,-0.279517349163543,-1.02773788781087,0.243155706842623,-0.297490571756512
462,14,0.198311020469228,0.274513768826217,0.574838310504319,0.78484577843781
463,14,-1.276734069125,0.184168162544447,-0.0547033328857429,1.22000620790549
464,14,-0.881107730093381,0.300103999448076,0.800187663525008,0.517146299228368
465,14,-0.48604465014749,-0.415852952848952,0.528162564282336,0.274768732473476
466,14,-0.646825014823934,0.0454938035585047,0.566676222041621,-1.58677541215852
467,14,-0.110373850481282,1.69948659145137,-0.817202644785356,0.0338165356305744
468,14,0.809292612277061,-0.203523135358579,0.171064488540709,0.58989026062678
469,14,-0.261027090967473,1.57373398599185,0.54265118464067,1.29136018560735
470,14,0.952702095441192,0.591349951213544,2.04386980440128,0.436136954660678
471,14,-1.40094626183079,-1.65865766255287,0.326399229353753,0.739585697951996
472,14,-0.416894183974718,0.320011796411104,1.53587396445385,-0.667257562940341
473,14,-1.07033544050521,0.596193986666127,1.66342384191948,-0.113522319460087
474,14,0.466043773389816,-1.06286404798556,0.181112652921116,-0.190255528020843
475,14,0.827214911668173,-0.565027207872597,-0.486474408601864,-0.410721134755007
476,14,-1.01621119226214,0.909507492268908,-0.431390401428039,-0.269530507195388
477,14,1.20783917179452,0.288959075278504,1.00292932694514,-0.943631829180126
478,14,-0.726614106110439,0.82938683883684,-0.857034606114801,-0.257675949308614
479,14,-0.690767363667001,-2.30785580612895,-0.00642590891860449,0.567061248916731
480,14,-0.960702972087032,-0.510857243454928,0.559601692900374,-0.653959050120725
481,14,-2.17060580343209,2.10045669047115,-0.48275273654302,2.10167911456205
482,14,-1.63430203396979,1.25286831969561,-0.738036046734962,0.120595286400756
483,14,1.47126534376745,-1.3886716712568,-0.304047008430963,-0.437825318962138
484,14,0.923061996868591,0.64311590365866,0.369917738173964,-2.33207900746035
485,14,-0.0381126013667153,0.0668355358574119,0.69651438354894,-0.695976841579723
486,14,-0.517641052579484,-1.98791946085721,0.954610341269681,-1.4939123602963
487,14,-0.117924750649366,-2.09162394181958,1.24993378586703,-1.36356925213405
488,14,-0.346447204913001,-0.564443625917477,-1.05116840224747,0.498154932820417
489,14,-0.367359944702108,0.353103460701102,-0.0288058383946221,0.352303306165204
490,14,-0.18505793428383,1.77187799967723,0.273462143491733,1.9481094873742
491,14,0.219216066864989,-0.202853615301257,-0.649784907944186,0.6597824907488
492,14,-0.975279744940235,-0.91084660138034,-0.752925661064253,-0.819211575053447
493,14,-0.906594237938263,-0.072968703630325,1.29368567736979,-1.552491140039
494,14,-1.24263635353655,-1.57942964762323,0.610942079350957,-0.255003513735426
495,14,1.31132821741206,0.871854306539744,0.309247605122151,0.488245265068487
496,14,-0.333703288453075,-0.0391174229811518,-1.64481069111359,-0.217347775025741
497,14,-0.207788003197481,0.38116949402408,-1.60500756691712,1.55218463620501
498,14,-0.821396632107796,0.43855567831277,-0.319233672123809,-0.614356867446311
499,14,-1.45231882950216,-1.52858607144844,0.190921652071954,-0.664306575536346
500,14,-1.53266975988972,1.45131599747123,-0.969821190598468,-0.508600401823294
1,15,1.55525709917905,0.241391300144261,-0.781904025230969,-0.497660039036682
2,15,0.249683467780386,2.60970513923463,-0.973703747588205,0.620442883175127
3,15,-0.452869247429862,-0.370051871968814,1.3879626053404,0.227537576797895
4,15,-0.253410158059829,1.16819497803237,-0.47336550537122,0.19240574547278
5,15,0.252442465658178,0.490686826210619,-0.338528768726079,-1.16399975058848
6,15,-1.01511599061922,-1.79482055717438,-0.414654661298342,-0.840748444963173
7,15,0.440911166293653,0.108947461184943,-0.363545210057137,-1.33849470551381
8,15,-0.56202860477687,-0.979219080072861,-0.780032333904183,-1.0688891769013
9,15,-0.035692992143277,0.158976665132761,-1.2327913069736,-0.933661990145171
10,15,-1.35491469113821,0.181501202747929,-1.05800689253007,0.762875049212595
11,15,-0.89314689827536,-0.156989270437057,0.053434664910157,0.155236515225852
12,15,0.00855085693782812,-2.39454024671352,0.863495067977962,-0.418566088503826
13,15,2.23929229847776,-0.460878074967155,-0.978346288642481,0.233765391295346
14,15,-0.5007890252506,-1.01328314700652,-1.07267483865052,0.196010672888702
15,15,-0.865975458500039,0.679485568964771,1.25931178239072,0.111900213703168
16,15,1.4278465977075,0.0601954869649338,1.22874071599988,0.695647872643508
17,15,0.343036505015249,0.55472611334762,-0.172508778569758,2.27789044422658
18,15,1.05351244278513,-0.160533977981013,1.52146752664192,0.906852543409352
19,15,-1.72779865266496,0.0602011392578406,-0.646668745572907,-0.49352557081444
20,15,1.05078480735698,0.0121460586696323,-1.08835043644478,0.801013578098083
21,15,0.772085672130077,-0.313509974629813,1.24054957584526,-0.878428510468022
22,15,-0.242291554768111,-0.706477914855806,-0.186898082160206,1.75285600078187
23,15,0.524123100670652,0.0227807326668952,0.767146367665087,0.603171080757987
24,15,-0.113896289823887,0.835681306256236,-1.68174870311547,0.438554582276907
25,15,0.512477086193682,0.254562329318259,-0.223565092950553,0.63432693564176
26,15,-1.96332798174548,-0.334670053147276,1.02273078000718,-0.3450105329627
27,15,0.258934783947271,-0.5689062029443,0.963713316233697,1.03044449301844
28,15,-0.181211586095093,-0.988991706109908,-0.571516829125646,1.55412907560367
29,15,0.145813176079292,-0.44250346925994,-1.53572757844556,-1.32688786190581
30,15,0.609631593722205,-0.379185942792767,-0.672593412465755,-0.185279921193937
31,15,0.616573733750807,-0.801534042913789,0.947364588594037,0.61209380122575
32,15,0.160025668161208,0.551662458713695,0.852590388193625,-0.47765293606263
33,15,-0.290618752329776,0.605848170398176,-0.0275090880250595,0.730595263704311
34,15,1.7779354974466,1.52885955192051,-0.104256549610037,-2.70956677051121
35,15,0.341733563667823,1.54070597603434,-0.523666420045727,-1.54517821230456
36,15,0.611579099613939,-1.80180647189406,0.459346137951615,0.469027341647989
37,15,-1.46437128867109,0.373000417194465,-0.260154537120846,0.47553042843401
38,15,-0.767183965384205,0.185426682667507,-0.579144777569082,3.01007018308871
39,15,0.102370801476163,-1.27417380163525,-0.581397911824256,1.16075571624075
40,15,0.50442161589333,-0.141103849698846,-1.04509460000769,0.00350758016436765
41,15,-1.21771220689136,-0.0922885346349308,-0.560466003071719,0.0345538450366363
42,15,-1.50289905517605,-1.29115266072346,1.07341827642935,-0.909591854555767
43,15,0.704076738657274,-1.30380379990408,-0.0113599689088117,1.27804372873253
44,15,-0.16172121941595,-0.420100078522421,0.649384159246781,0.187519614687102
45,15,-0.00225220578686051,-0.940828234925754,-0.822423286809705,-0.476904816669479
46,15,-0.469055276726764,0.68965347455667,-1.10857509298544,-0.813080927007109
47,15,0.179377015655052,0.492426396393308,0.449215747163793,2.52242346882403
48,15,-2.23192437135862,-0.340070351178542,-1.21296425226795,-0.301072111121994
49,15,0.014111718816377,0.239041618830738,0.296306038922247,-0.722518329855622
50,15,1.54641311537563,0.955171619529334,1.51481800631664,0.544052838503484
51,15,-0.888650154101524,0.0935972275009182,1.23285256003643,-0.414976551132588
52,15,0.591039928584529,0.960455530423222,-1.10917726977982,3.05551187381476
53,15,-0.802127464877272,0.839703148810284,1.67374410889081,-0.097342497000313
54,15,-0.11590695824887,-0.270999734209387,1.37186543721379,2.72542131813525
55,15,-0.106242259541837,0.116887366825664,0.936022977332266,-0.19431548417642
56,15,1.77738241556369,-0.442586617905748,-0.712636054583537,-1.16275176133039
57,15,-0.836705419132685,0.734592091138514,0.194646562638665,1.56834277250686
58,15,-0.788623717650595,-1.09833388446249,1.75064192981974,1.41426479169731
59,15,1.04437479716797,1.54448343385499,0.326186501885658,1.03641500099251
60,15,0.302983414430054,-0.242738214665018,-0.154683796115469,-0.255587097633408
61,15,-0.107535042655765,0.770189605725413,-1.09668794728459,0.0433639370525281
62,15,-0.367200812253265,-0.526307880551268,0.121907051384673,-1.57835679328314
63,15,0.989993955977662,-0.556273391777522,0.996535838375906,-1.34238930929906
64,15,-0.698243644694492,0.343641717204298,-0.0649245951994091,-2.04380797831514
65,15,0.273669219848878,-0.357445418338545,-1.28807421166881,-1.31711039904267
66,15,-0.201483008041351,-0.444547355306899,-0.392641085144858,-0.446465695896103
67,15,0.162548203560218,-0.61301304458112,-0.306187868583124,-1.11847734821205
68,15,-0.989232579198376,0.386427196793602,-1.87549572920865,0.0600771549472314
69,15,0.335634175425013,-1.3411041375623,0.116623875710114,-0.931584908015299
70,15,0.126275696374104,-0.207960464979853,-0.0212981336782258,1.10702926566609
71,15,1.43205515831776,-0.247679548576932,-0.0241869280769869,0.364853601899585
72,15,-0.747155221792629,0.515787423688624,-1.85109839924884,-0.0961534575665009
73,15,1.43216471669126,-0.0121855854383853,-0.90541581593098,-0.358799539847485
74,15,1.7959536048744,-0.128936202019066,-0.352926779255318,-0.0165900041986053
75,15,-1.20201404473865,-0.862895173098567,0.30130070339165,-0.0219103494297224
76,15,0.56474196717531,0.840830155250562,0.844604660874152,0.106856280503222
77,15,-1.80785201258163,-0.128840331221583,-1.37835383498523,-1.66027749378308
78,15,0.771259839304853,0.933921375891404,-1.39617405540095,0.658115056243221
79,15,0.819527109625372,-1.89578609221211,0.0529518338105328,1.18158738831543
80,15,-0.266285250500311,-0.220044429584311,-1.10214279314011,-0.420154432125216
81,15,-1.23268141112723,-1.99933052262126,-0.187238081117301,0.501794460657916
82,15,-0.630439502072572,-1.55427957415518,0.0457336270305531,-1.71846763516459
83,15,0.0306224902885285,-0.265160062715731,-0.360687971213839,-2.02756556781346
84,15,0.309696617815637,2.19869844263631,-0.337397157783881,-0.30742694949572
85,15,0.104135630412576,-1.23250704111466,0.476948726075467,-1.91327286735104
86,15,-0.416953458951242,-0.228711854646127,0.819542314583668,1.29413051740167
87,15,-0.94648460051252,-0.29058949818664,0.00533206807358359,0.109372530652279
88,15,-0.714229260825003,0.976530411849221,1.29733016117691,-0.840823046813832
89,15,0.42810586315999,-0.388825292113735,-1.1413197916612,-0.9624158151059
90,15,1.749803036244,1.58055772704183,0.934031885159898,-1.03942260963261
91,15,-0.818918914596209,1.08077385217839,0.209711767454971,-0.799960931830176
92,15,1.72481705491215,0.190406704619916,1.68357895794428,-0.876841900858933
93,15,0.887049214790235,1.07156947435712,-0.572931697749574,0.580385012713236
94,15,-1.52359881384469,-1.5919799471836,0.116167411016556,1.07078444695426
95,15,-0.134927014160609,0.530297093870685,1.44103266856438,-1.04703479555609
96,15,0.361641478132951,-0.433714552640357,-0.818161603458995,0.894657398633454
97,15,0.870248799652673,-0.789721962456498,0.80403128967261,-0.815533236901391
98,15,0.753838235040974,0.96637509420703,1.89018571995863,-0.070315956716914
99,15,0.508482705957717,-0.144120150592091,-0.387631802479643,0.352131146316805
100,15,0.0686936204811528,0.185086224724525,1.48452188411279,-0.349134188951246
101,15,1.19709632100721,-0.913754191536254,-1.92978277784403,-1.23730895791168
102,15,-1.75710353001618,1.41357658268805,-1.05749361868125,0.690191001112845
103,15,-1.13795432504487,-1.84593789368698,-0.157176504107042,0.687755264773254
104,15,-1.16540110122289,0.355344250839366,2.7589413022207,-1.61934512625618
105,15,1.27489310066649,1.44838808830578,0.228474598251477,1.84797774384584
106,15,-0.292871518528041,-0.708158433894286,-0.0868765911178841,-0.23759294935938
107,15,0.194489245401345,0.916465955178082,-0.0362953271606056,-0.673800363355294
108,15,0.237916165504537,0.669707029857206,-0.747791868776224,-1.30682623336969
109,15,-0.897741001199627,-1.19593923307817,-2.21916860975916,1.13502890952557
110,15,-1.59237409618726,-0.201585378081496,1.93168221279836,1.42108430620975
111,15,-0.799057580519397,2.02377383202579,-0.924427936567458,-0.316417897742167
112,15,-0.652848358071004,-1.37466627889275,-2.1336483346779,0.684084627548611
113,15,-0.633080322146681,-0.723780548634074,-0.582384266341927,1.26101402474649
114,15,0.163083425750979,0.411966748585991,0.30977889918173,-1.01102661382157
115,15,-0.681817646355679,-0.459144690263406,1.16500553325795,0.16074180736403
116,15,0.75352741034034,0.056243787729713,-1.33829691396296,0.70604626318905
117,15,-1.34389163717673,-1.35914597511899,-0.886207858490479,-0.602106013315026
118,15,0.379039711976516,-0.447790089528484,-0.193195705642931,-1.07381375730423
119,15,-0.880027386104874,1.23745734594993,-0.100791794604958,0.734817360086604
120,15,-0.495380993445777,-0.40044525935602,-1.17021579973902,-0.283407683960185
121,15,1.27996458991212,-0.04548185308294,-0.319721982714823,1.20378878073685
122,15,-0.940896800218936,-0.158263182336199,-0.180862850636829,-1.17373643758904
123,15,0.594756098224074,-1.12681975580931,0.469758418305923,-0.315328211969327
124,15,-0.508682996603862,1.25813001129918,0.184872898871116,-0.963235580267272
125,15,-3.09826086208345,0.0156668458129576,0.123876779940736,0.727849066790871
126,15,0.855439209518717,-0.508776119995942,1.01027674866528,-0.643114858947181
127,15,-0.228890894917531,0.402490311724719,-0.0446900346811979,0.437688915169358
128,15,1.24001583291045,-1.52105828240518,1.99868232258938,1.17632841472697
129,15,-0.46189915396682,-0.410049758594034,-0.0357565390634876,0.447120652860962
130,15,-0.351152091140163,-3.47490861416777,-0.431920571843676,-0.844442861007393
131,15,-0.930378708833112,-0.8820406176044,0.57200126687081,0.164718906408528
132,15,-0.084000161410791,1.69531336794938,-0.693101244356915,-1.33833997196053
133,15,-1.06615856014513,0.0514776921877927,-0.0990522094873527,-0.868788617068846
134,15,-1.13116046165597,0.427257915195838,-1.24618737772352,-1.10027287155627
135,15,2.50204989342537,0.864067392101227,-0.4557273521696,-0.820557670745659
136,15,1.39007612784837,2.07422761557886,0.282760908214087,-1.17969223221792
137,15,-1.19686791834097,0.964075300309518,0.486252134576651,-0.642638152444041
138,15,-0.760657399253205,-2.60671799146191,-0.0920670301577211,1.28050607151694
139,15,0.519292147037505,0.0195769849547621,-0.327317684908016,-0.713993918058831
140,15,0.258969616875127,1.19577058673663,0.665106104683169,0.451904531444087
141,15,-1.43771045577166,-0.598404659145518,1.17055515587345,-0.410989610171264
142,15,0.325824232769856,-0.317951667271611,-0.87022219630553,-1.2618148597338
143,15,-0.111487492510921,-0.927850465092111,0.216708325058162,0.710198782718509
144,15,0.959369559354918,-1.79918222095905,-0.0443885067494055,0.502966724227013
145,15,0.831039626602677,-0.640161798469094,0.317835364533813,-1.27858366072223
146,15,0.713235101358457,-0.674763287922907,0.441083819871907,0.110397483907449
147,15,-0.603794601482607,-0.932288384164359,0.703592457701298,0.857370501816042
148,15,1.69842976472072,0.402042642245627,0.267234665234234,-0.216552751300817
149,15,1.72841785826626,0.921737502975033,-0.940104473566045,0.91978253226067
150,15,-0.611101106885834,0.528557558829798,1.88380190669284,0.262119197717147
151,15,-0.0308079547108298,-0.548751125719764,0.0119146791389494,-0.0480432973599317
152,15,0.814119290894988,-0.205459851129256,1.46245991642557,-1.44962252350133
153,15,-0.127079870269407,-0.338692363146924,-0.0452406708677747,0.148262456306006
154,15,0.518249839266312,-0.465080897596599,0.669331220537618,0.75711916818033
155,15,2.04705491934201,1.12817100939874,1.55896035104705,0.457087126562379
156,15,1.46058163307045,0.321442637358918,-0.856371306000083,1.49864780426044
157,15,-0.452878645953406,-0.263901028130967,1.27402439510368,-0.481301453784374
158,15,-0.327735094932273,0.346924208874804,0.364897000874731,1.48708422727003
159,15,-1.06955394059994,0.0453533566578714,1.07702394077402,-0.702471826969593
160,15,-0.307185064902937,0.612899503099935,1.26467038156718,-1.36596980468539
161,15,-1.69958820090465,-0.451557467016958,-0.0845882953029385,-1.80397744780547
162,15,-0.680237740143605,0.392231023630851,1.2730783263496,-0.676328444861108
163,15,0.431631619551537,0.322054712766423,1.45627088431509,-1.43772158863651
164,15,0.279749013725439,1.65835472096662,0.719991478802045,-1.28716426215906
165,15,-0.282138780175237,-1.28994482046116,1.61257661175605,0.977216743250108
166,15,-0.337607423796389,0.34090517856442,0.665009225685939,0.892444951859254
167,15,0.815861327942893,-0.00957568511013014,-1.13812391874378,-0.961847545558159
168,15,-3.01097763937974,-0.963267010812465,-0.320960286766025,-1.31660499847787
169,15,-0.636571454185564,-0.44166267899193,0.40245356391757,0.533897421933741
170,15,0.294083231975686,-0.3710916291245,-1.02029564920801,-1.09585181518048
171,15,2.93566730848774,-1.7037790046445,-0.851052578964821,1.41662684242004
172,15,-1.11398138710355,0.874994621403684,1.85322063970419,0.89635463861018
173,15,0.0381310511110002,-0.082776207087965,0.409726809182108,-0.678522179022314
174,15,0.682142960769764,-0.354560986447943,0.662509362092244,-0.0625835381282816
175,15,1.22119819473365,-2.53635119472869,0.226884559601826,0.823413268047735
176,15,0.884426865896654,-1.0521375580622,1.20878837457284,-1.14669528442567
177,15,-1.64257172703057,0.243529571983137,0.437639362716028,0.359880116469627
178,15,-1.44665854528379,-0.189670270288734,-0.162264794467045,-1.54109726229745
179,15,1.32847301767446,0.699943800687612,-0.0774863719602513,0.0773564127204619
180,15,0.690312225085786,2.47802792519089,1.19531642193491,-0.183100273611591
181,15,-0.981830729330947,1.000654353807,1.1835889320372,-0.288947447748415
182,15,-0.488087156188075,-2.25326620890327,-0.359429403107635,0.360401073021541
183,15,0.642137806867747,0.544473276914823,0.405461123372373,0.670741512690498
184,15,-0.842750178204654,0.759022511808639,-1.5680736237751,0.823399517832874
185,15,-0.444431828550346,-1.27054470538925,0.676194331957315,1.29287990654394
186,15,0.972789199973763,0.98412585031427,-0.571706296776503,0.0712907146075982
187,15,-1.58981312690446,0.0983043875486483,-0.398148985666519,0.0241529579083273
188,15,-0.435391842200833,-0.663886338803479,-1.02320063136512,0.0729789991097372
189,15,-0.628068674201795,-0.674054221014186,-1.16294979882997,0.729563822207585
190,15,3.00148236904078,1.15114547347836,0.198613855358965,-1.76531400203334
191,15,1.13749285050986,0.207043819283481,0.986282250464882,-0.647148555801148
192,15,-0.617285900992496,0.823133480253245,-0.909003873534789,0.649697957586775
193,15,-0.546088256203235,-1.51177223484733,1.28670812223586,0.789284387755328
194,15,1.56726164658569,-0.0356466400204221,-1.07439236642438,2.14437815131078
195,15,-0.663734995773757,0.332898298979771,-0.761862305011908,1.54651869240981
196,15,-1.01970099449816,-1.14461358177675,-0.074040528696072,-0.335334015322474
197,15,-0.911093613644925,-0.569913903611572,1.55677885698965,0.344794979616527
198,15,-0.372847396159675,0.226579814638464,0.243080293186909,-0.405184547661974
199,15,-0.0112551923568727,0.587102118702322,0.34784285951276,-0.118322749129808
200,15,-0.6568718831213,0.0648519877801022,0.509213755825136,2.59821653872388
201,15,1.38508139381601,1.87916757695562,-0.609611312780414,-2.29617195666639
202,15,-0.704288007064079,-0.568044960376542,0.406616248521992,-0.399808545695212
203,15,0.370264482063312,1.73004675290154,-1.72953789443045,-1.50993963667985
204,15,0.187641798155593,1.45006258082324,0.502885498041787,1.36307604831168
205,15,1.46501913852401,0.061297663013838,-3.37150503149077,-0.493273319574956
206,15,-0.798157124800661,0.0982297816789356,-1.8579750596545,1.07328819531038
207,15,-1.67421451410616,0.44466579616719,0.662215552905919,0.500397954954097
208,15,-0.0509268310531596,-0.0483392945178402,-0.951910402293061,0.473553791628405
209,15,0.151172762562832,-0.0523542282914522,0.00812634986380289,1.12629313441522
210,15,-0.109438696625754,0.0097208075861343,-1.34821558119799,-0.436325281887023
211,15,0.900905505699747,-0.528962757223948,-1.13813909731998,1.2880232333319
212,15,0.363093412387071,0.174071846044486,-1.75293316619578,1.37426534039299
213,15,-0.579916824528802,-0.906245385744727,1.60577352912773,-1.65157992362904
214,15,-0.343001509370095,-1.94869756723006,-0.201261919680348,0.569908285167852
215,15,1.74971941980157,-0.927075239983474,0.688861657812038,-1.02911804573364
216,15,-1.73222021349332,0.367565068444015,-1.44018337265476,1.53507160529703
217,15,-1.57191127825922,-0.266899803112364,-1.80524651472913,-0.102274377182876
218,15,-1.89349673868879,0.449850291089112,1.2920630492411,-0.011848116376791
219,15,-0.286935504592008,0.00118488018066867,-0.55532805456956,-0.0781563167302572
220,15,-0.477260576831966,-1.33888005516317,-0.979917566718147,1.18183848058144
221,15,1.23119904604457,-0.606443506641126,-0.194918622960859,-0.0476795266825082
222,15,-0.364139407429561,0.922944278609738,-0.683142364523581,0.325540709144496
223,15,-0.552155420351373,1.78802402347683,1.14841506904144,-1.96654151450662
224,15,-1.13511987541549,0.627725602279812,0.493795175058325,-0.385552122770644
225,15,0.326379529995286,-1.47980775448841,0.0282365551735352,-0.583312900570729
226,15,0.950117331644026,0.235461741574989,1.38000932532737,0.778816297342913
227,15,-0.980118153593898,-1.36829373908265,0.50819170929355,-0.318492631538567
228,15,-0.661690078855048,-0.331045072463639,2.11897135393723,-1.86470444154468
229,15,0.759728039387195,-1.15715215330671,1.42733915286936,-1.20730656424017
230,15,0.177406649446769,-0.300461996534181,0.382501921316775,0.973978948493809
231,15,-0.216456128814852,1.23715737124804,0.732877170804226,0.254297592058958
232,15,-0.674973212913146,0.862551560557723,0.325700467409021,-0.36974427189546
233,15,-0.183489567126194,-1.05840189367822,-0.302256459732913,-0.205240520722203
234,15,-1.9553351459777,-1.38505386414431,-0.174946251428495,0.634204068575707
235,15,-0.864121812079293,-0.255708687795821,0.394115744810046,0.803774078609124
236,15,0.360478101931205,0.924230522630054,0.950211970432287,0.62132871924518
237,15,0.0592743491471929,-1.93863620511229,0.293188335573482,0.825956585485508
238,15,1.06427862471068,-2.34672203390017,-1.88595855949549,0.847137748046978
239,15,-0.672112902630952,-1.20269279943708,-0.867569441627833,-0.0117401247040109
240,15,-0.683601810607273,-1.13183683973978,-0.727820730534919,-0.863018042355042
241,15,1.76532320734996,-1.19557335965746,-0.607023995991446,0.942568490114167
242,15,0.223389539468378,3.02859303134157,0.295627658363783,-0.262505078514364
243,15,-1.17429205854781,0.0242651382390184,-1.12459903332841,1.08365762667812
244,15,-0.669523636941813,-1.22893894702854,0.181055046838791,-0.386637594228574
245,15,-0.400864367486826,-0.231934512491732,1.60160665166788,-2.36336169961012
246,15,0.255278121297204,0.00712720746694552,0.72892068958279,1.77278015611872
247,15,0.693580382096643,-0.220133535110912,1.43383669576467,-0.0354267067073389
248,15,-1.63146031048744,-1.43606332980054,0.454532069970942,-0.747879883634135
249,15,2.12172738569035,0.221972695125727,1.20349251759018,-0.295833105866179
250,15,-0.89779045984708,-0.500404734428703,-2.01433430525674,-0.255860873419528
251,15,0.576067330546792,-0.572203198535749,0.816954861200809,0.305447925470236
252,15,0.675217137575076,0.0753830744793512,0.483628611435479,1.04395813725509
253,15,-1.0385342619633,-2.7686248166948,1.37820940905409,-0.827363140402319
254,15,1.45777389487071,-0.661479300675101,0.853581559113536,-1.29163841345381
255,15,-0.791292388504566,-0.687147537166765,-2.08957615758444,-0.551225363010905
256,15,-0.988877207989834,1.74570907404419,-1.04443573110251,0.372281513016923
257,15,-0.889156306147132,-0.480724904484218,0.190231116177053,1.16823642454193
258,15,1.01024318117561,0.455187643364254,-0.138096983342146,-0.742149746818874
259,15,-0.486225995942697,0.344024350349885,0.99055246551266,-1.12285308870965
260,15,-0.104988280195547,1.25429946795776,0.983642824800398,-0.391212509491248
261,15,0.0385940945093597,0.419045471076284,0.42287951655326,-0.359786517618964
262,15,0.81170630675639,-1.65127174442282,1.29776498477578,-0.35941160662718
263,15,-0.355034005249769,1.23117142546191,1.44431796564087,1.34822495534161
264,15,-0.104917945022639,0.662775424091697,-0.26743408665033,0.20923652743972
265,15,-1.6412016209059,1.6338569616393,-0.371967729000295,0.976361667379123
266,15,-1.67799276871269,-2.33873060498692,-0.82759335904981,1.25724799359618
267,15,1.30152597393853,-0.596658166077393,-0.203485053377596,-0.62712346713846
268,15,-1.12915225061236,-2.57930185080018,-0.138961589850006,-0.640458456654101
269,15,-1.39039258655784,-0.577134886242343,-0.175062811539774,1.51269379237486
270,15,-0.358886700187168,1.93208135850394,0.182185883720681,0.587443350377038
271,15,0.0264123723276969,0.773985702170632,-1.75138116067384,0.0477863925530582
272,15,0.969180159137076,-0.5178160416639,-2.30872247102425,0.720614804712832
273,15,0.312433534523511,0.500744252190432,-1.00843127953568,0.271411843807722
274,15,-0.499445252034413,-0.787492184851834,-0.419215159919805,0.232370059436064
275,15,0.0441698795423841,-0.669056210385029,0.615853110247379,-1.46234543396616
276,15,-0.441509251814517,-0.589488478372989,-0.685441016905782,-2.11299656161258
277,15,1.12771976237837,-0.112128055173793,0.674003681047966,0.565907060775877
278,15,-1.28031557956182,-2.68591003921257,-1.11205838644776,1.60895810351154
279,15,0.11328298552264,-0.966823874281032,0.842396769788268,0.312013851921884
280,15,-2.17080883438582,1.28622194955129,0.231144325281033,0.0151132278443845
281,15,-0.0257102336171803,1.17295306136317,0.0977811110231973,0.566093979674764
282,15,1.96522989725731,-0.31061514159114,-0.807901293018629,1.47277324571991
283,15,0.0801555109380215,0.537007918468829,-0.317284927160468,0.876673588349022
284,15,0.669843086670086,-1.18812124628984,0.232483250399916,2.13564654919551
285,15,-0.0295075013464562,0.302585903279305,0.333774924960365,1.16119861342607
286,15,-1.52894426968698,0.358405185055115,0.777868843072614,0.0505454601071279
287,15,0.309469225115331,1.05969683216496,-0.748888385320193,0.168628348787412
288,15,-0.760002737803293,-1.02938149912133,0.99106410469341,-0.672239983637398
289,15,0.813501293786594,-0.720336009731522,0.117634059039122,-1.04888866945921
290,15,0.895399554911556,-0.452746179080342,-0.615597382991661,0.553093083658601
291,15,1.14271342555088,0.633421323070745,0.876291451406671,0.490798162963581
292,15,-0.410651960130617,-0.284349781720891,-0.085012040554285,-1.20906981001229
293,15,-0.560131360617917,1.90387000382754,1.38721966737674,-0.0206845542496796
294,15,2.2242583615872,2.11792000283713,-1.31156613742066,0.159270552776631
295,15,0.891694617642536,1.08558224471884,0.547293257988575,-1.30167807569784
296,15,0.454887993767638,-0.814316733612822,-0.283229265969271,-0.716408643130502
297,15,1.26723554163004,-0.125413738466532,1.12858466456682,0.237923083294124
298,15,-0.580644143183579,0.677528624284257,-0.899401070979642,-1.29322276900538
299,15,-0.232870089986704,-0.376600372815968,0.830515959755494,0.0118468691391885
300,15,-1.05636823174755,-0.93386471422409,-0.89500296341508,0.681938059463528
301,15,-0.273393240134254,0.739058285736185,0.0461568718067053,-0.876995052779923
302,15,2.44836708714562,0.0304817947570727,-0.395158923484654,0.0456816552145355
303,15,0.0070926395784407,0.716612639409227,-0.645692406688933,-1.14792188890184
304,15,-1.36395506556997,1.22599008481923,1.50600464373545,-1.44496461947925
305,15,-0.323271777288306,-1.28484909080981,0.0654407769114934,-0.398131995277458
306,15,0.11920033526722,0.293130364642727,-0.771766900166293,0.521015939304688
307,15,-0.535960383952202,1.2279102973424,-0.0129507106754875,0.569630597861794
308,15,-0.779650243271279,0.676816559614789,2.22658745521,1.55899368439223
309,15,-1.29597671962967,-0.0753842819986282,2.10625953312335,-2.21234948349703
310,15,-0.362649093568683,-0.708236980066808,-1.3031502114491,0.956066631242752
311,15,-0.84451765568298,-1.43834339616835,-0.196939909934376,0.286584417112601
312,15,-1.91838424200592,0.84192974262825,0.838694465171502,-0.345839603853533
313,15,-0.593138195270148,0.205085578588082,-1.75674967799655,0.170575390311811
314,15,2.43375453698419,-0.954466612074469,-0.633850499909017,-0.399203106596904
315,15,1.87460891648741,-0.644416608714579,-1.5727224798985,0.955021033979768
316,15,0.416830614422263,0.289342730754869,-0.217329359035085,-0.473918270731488
317,15,0.108418228662844,-0.657218254680885,-0.0633176790778077,0.567436950339878
318,15,1.42639749351135,0.242000121346229,2.12401784691823,0.523909631957826
319,15,0.390088072328708,-0.572538931547227,-0.899110217069095,0.185887402699675
320,15,0.926853693246497,0.138286330714154,0.302440265657034,0.897346424077975
321,15,1.01282127335869,0.131538371827631,0.565364667696898,-0.113534605660905
322,15,0.639181380133236,0.329398517676418,0.0905605346712361,0.336394129582322
323,15,-0.0521766136176881,-0.521746193144245,0.820999959613715,0.894649433369495
324,15,-1.01041952549373,-0.628727903069299,1.07968668811511,0.840841614636988
325,15,-1.91473606692428,0.0552627389304995,-0.841420090750541,-1.30245328894225
326,15,0.82954278366771,1.19794873745193,0.0810621262677148,-0.265818113305626
327,15,1.32655776672778,1.19095983361702,0.497182286579715,0.338311819593549
328,15,-2.18754499627275,0.903889616397407,-1.41362217696195,0.889990091531559
329,15,1.3816412683185,-0.371245316539553,-1.23487121411221,-1.06317942962308
330,15,-0.369823095383296,2.45409808626984,0.802745608951785,0.109315075826062
331,15,-0.315064526551101,-2.92019587555898,-1.07679339774986,0.310286484645064
332,15,-1.40395839497966,-0.66694138701626,0.811115365734777,0.222049571914608
333,15,0.852842374879584,0.158891187752348,-1.68526847749076,0.524588316856951
334,15,-0.531662379310631,0.201372108195455,1.56529271287337,0.378575839034282
335,15,-0.436217636033523,0.695173096204683,0.53494973051808,0.957277355580175
336,15,0.402424212327579,-0.0151918323181973,0.327332881200664,0.491956543767598
337,15,-0.660907574956179,-1.27232871678626,0.659617335636195,1.109544638615
338,15,1.61562956915724,-1.08743653616738,0.401673871561796,-1.26765568525792
339,15,0.266057450859515,0.043871066432024,-0.914822870302682,0.320066169951656
340,15,-0.916172587009684,1.54574762314687,-0.275939312034068,0.598923094990656
341,15,-1.41014533462401,-1.54018821440828,-1.07992557968075,2.21937282761137
342,15,-0.541444001679848,-1.5721063891009,0.465630428424321,-0.390375285302233
343,15,-1.69919356706374,0.39829279257368,-0.227858642415624,1.36060109360788
344,15,0.425396535172325,-0.18747890537266,-1.38149532749494,0.847657653931728
345,15,-0.316182481379074,-1.18297175352392,0.914466359659684,1.94378006478703
346,15,1.21506833126509,0.491234298705384,0.489713810099518,0.162470277596456
347,15,0.687669994630947,-0.00874015070911355,1.13287428984525,-0.902175464670026
348,15,0.835297303942911,0.120074067480276,-0.157149556728058,0.0187211769819578
349,15,1.19085259696813,0.17403846062862,-1.83895960380213,0.507184088600841
350,15,-0.0550549372551246,-1.91299550739607,-1.54462086582162,0.141956195965961
351,15,-0.314390919148199,-0.778590078956612,-0.372691031393908,0.0480078898630603
352,15,0.268874529593321,0.501266390600461,1.23307620065504,-0.626009020562926
353,15,-0.579254550168252,0.315054972336292,-0.528118528942249,-0.180150826595422
354,15,1.62316500900164,-1.01358800419758,0.375730857711522,0.891377325674963
355,15,0.963537117820003,0.0913509415414853,0.0513803047268484,0.99284289603205
356,15,0.594683672049822,0.393544622785832,0.149373425517521,0.64384384497936
357,15,-2.23337254171868,-1.112398809724,-0.601480903308005,0.244512111431719
358,15,0.650456139214679,0.164733637505126,1.564126314238,-1.52419028262217
359,15,1.93624789689354,0.265993214665593,0.813980453738774,-0.421164962857156
360,15,-0.72967752963175,0.982841233103158,0.0308238772708981,-1.35580993383486
361,15,0.608673316001307,-0.585601867319061,-0.294542740452436,0.712328912715746
362,15,0.586822150984748,0.217985113714475,0.422951246420611,-0.265155663166544
363,15,-0.0877655836347297,-0.544057045781971,-0.715869991148027,-0.705307336649947
364,15,0.192151697796091,0.389292001780042,1.46206680952335,-0.314780041656106
365,15,0.794614161998561,-1.92183285157871,0.569015770832476,-1.55988615613051
366,15,0.589509892487506,0.013880929850349,-1.09214795863741,0.734931660734133
367,15,-1.07273547754546,0.753982296341256,-0.796302529652497,1.33743513902347
368,15,0.819766670894372,1.00410337188306,-0.233639284544479,0.30021561337541
369,15,-0.454873601369941,0.558964415493909,0.255194008454935,-0.855163423773674
370,15,-0.370998265637904,-0.214273307144396,-0.697695584986124,0.50566775202501
371,15,-0.0315720210920942,0.0933463077127159,1.22387625907965,0.27763848217588
372,15,-2.23914834417689,1.3861435274779,-0.280741127199468,0.872765376805717
373,15,-1.1792577253342,-0.778119442434195,0.0560152365737267,-0.771500533066468
374,15,-0.871250531012747,-0.0331157353855803,1.13922465187164,0.0478576085567501
375,15,1.36237991039624,0.535037983268518,0.336702371368871,-0.276833291234862
376,15,1.40001368508754,0.130433507353862,1.12043370452975,0.650324230150901
377,15,0.85997564037661,1.01460881684936,-0.93851374411517,-0.580354221159488
378,15,0.833375405466048,0.236410131724806,-0.0817356274941533,-0.46997285306958
379,15,0.590122358095649,0.22814679059077,-0.292710216522427,-0.931574658808346
380,15,-0.894142426333687,-1.72647466998753,0.207149978910944,1.13246088021269
381,15,-0.997234237699536,-2.32921787802086,2.59241595517792,1.59049154187479
382,15,0.582889495370502,0.595006554245581,0.646599978057112,-0.948502459141457
383,15,1.32433370495477,-0.190894185553486,1.24417977739464,1.93604419547978
384,15,-0.737266938662146,2.31466473383564,0.777533182282022,0.621451264058055
385,15,-0.203813937172618,-1.24612136330223,-0.0840272337898288,-0.0769317626895134
386,15,-0.57473823577043,-1.45713779466979,0.891193152953528,-0.973527445418305
387,15,0.807816928831941,0.685521348344747,-0.395932297618134,-0.00661572822591649
388,15,-1.08113732327571,0.338973978829103,0.54254681505957,0.523241405107659
389,15,0.97725464604556,1.04052500678172,0.573096966771212,-0.316118229052876
390,15,-1.1299149829295,0.0355013253149314,1.99182959394928,-1.70727804738531
391,15,0.395779205825838,0.391839191294718,-1.73464745779555,-1.6423447286092
392,15,-0.715335571881335,0.819985878276963,-0.426988014210459,-0.102429958137747
393,15,0.822920630494095,0.263954183927714,-0.873779015021665,0.507163078277342
394,15,1.82760224143416,-0.0104984419380109,-0.333803422608799,-0.347776631310632
395,15,1.00947777156798,0.0460631765010515,-0.609437485896646,1.03041207296532
396,15,-0.220258206141374,1.55759409383888,-0.0779896238400036,-2.26555841891976
397,15,0.642121623241268,-2.33882371400277,1.03433059997122,0.750334491806953
398,15,0.445910078951959,-0.568054523988031,0.609046727039167,-0.266349280451738
399,15,-0.896463294829478,-0.24348982575006,0.359760763920031,-2.06688493260783
400,15,0.340676384798483,0.426443625229611,1.50318446874958,0.327341410962306
401,15,-0.0741468682064658,-1.10123649639315,0.265131920707067,-1.12424765135511
402,15,1.06973771641892,0.158237860445727,-1.2485492647617,0.347399928362984
403,15,0.21756433546169,0.87151340027298,1.19241497614863,1.04556350083651
404,15,0.477841673657924,-1.42146969280738,0.0642448324909818,0.587629874948634
405,15,1.38059970060614,0.0700678604655689,0.957994343106957,1.28807783410981
406,15,-0.918475583639881,0.852545741913397,0.919695120393645,-1.09842541944406
407,15,0.394917213896953,-0.591450221551811,0.261043373063628,-0.529232224519262
408,15,0.992223753351471,1.16398363095519,-0.615537142359506,0.862030219977228
409,15,-0.738184690265582,-0.0468750954892469,-0.404402656509245,-1.02700132366191
410,15,-0.240399241973907,-0.841110758937713,-0.0862635313816243,-1.76665352988848
411,15,-0.308252347489353,0.464398687687593,1.08902750370443,2.80267500039943
412,15,-0.649271886000155,-0.54285443918621,-0.776735862298466,1.06081106860966
413,15,-0.56743869422773,0.915470441030718,0.173459410314288,0.0195085881034083
414,15,-0.773599429501246,-0.17053690927363,-0.0627935024349497,1.55673847145197
415,15,1.27848744213746,-0.450485950979249,0.155920264535237,1.07632081264287
416,15,-0.0149682445157446,1.11986310338364,0.00669780062209561,0.814062102609132
417,15,0.255002217714485,0.746145536139928,-0.328000977911556,0.0906633455380048
418,15,0.37697088487243,0.723904171231864,-0.730643011103743,0.683024294212691
419,15,1.01030725176619,0.202495581084978,-0.107478692669572,0.627996314276998
420,15,-0.205357317370133,-0.707180442421118,-1.92559284584726,1.01345217036494
421,15,-0.142511760658429,0.86041182377481,-0.797590044486632,1.20476390252985
422,15,-1.63486742914643,0.532545352811232,1.0230974015804,-0.436338778808993
423,15,-0.0920788181313666,0.861463122083265,0.920057483447501,-0.133263272578584
424,15,-1.60955766900327,1.10797193455701,0.0133754885284635,-0.070991805763029
425,15,0.0192090521037962,0.733283705429917,-1.13231377676262,-0.976890957939311
426,15,1.12869336689586,0.526679330551586,0.867566984266444,0.116150814995373
427,15,0.830633434911548,-0.367187668644734,-0.200535907196872,-0.15393845522757
428,15,0.111417273704822,1.53986094438125,-0.609019953260072,0.787777283429107
429,15,0.71610775563795,-0.865439377435444,0.172173934311538,0.690303821790552
430,15,-0.285133304341811,0.648119560707304,0.907224349926788,0.42613785558688
431,15,-1.33331714530715,0.168782902939139,-1.10470441179223,-1.16873968403678
432,15,-1.16321638523363,0.5254553628444,0.256248075143372,-0.333953892369552
433,15,-0.405538091423459,1.60112664955106,0.20773823206988,-0.908138869376132
434,15,1.47618967848848,1.11566329301635,0.00645256890308807,-0.648490971856061
435,15,-1.54272234076822,1.19184912837831,1.40699622659505,2.04393499384385
436,15,0.618991700318744,-0.152099149344533,-0.000225786249672073,-1.44645243486968
437,15,-0.544017192932598,-1.73340950936873,-0.945487181321251,0.15104752604963
438,15,0.441485938429455,0.35350487861632,-0.52127883603132,-0.600753121058544
439,15,0.398038944217116,1.3494753494946,-0.870579193735538,1.28873756190769
440,15,-0.908476139271395,1.28576550983617,1.05356192774505,0.441980159466458
441,15,-1.37141977138036,0.900629763500742,-0.747082531517242,0.323533201563996
442,15,-1.27589047424726,0.431366877158096,0.461516410765337,1.78354778522231
443,15,1.01816256327767,1.8325238141645,-0.110267356224479,1.24351376792147
444,15,3.07460394694374,0.124685375863117,0.876356851652071,0.0456369296360675
445,15,-0.730775945934029,0.779536276800329,-0.726450984593941,-1.10432870085869
446,15,-0.706867231471322,1.11565873363861,-0.898942719651933,0.100462158436087
447,15,0.515695389950473,-0.520671377905109,0.525006025647563,0.895165051077067
448,15,-1.50454650476121,0.430466769473503,-0.784763701215637,0.560303580881333
449,15,-0.264825542264524,-1.86307532695804,-0.635910537951626,-0.363793015498656
450,15,-1.62762881885398,-0.83122058479614,1.62616433676802,0.895114046833991
451,15,-0.134192563428163,0.0339609307809483,0.260015757689331,0.941464177864656
452,15,0.796621989193916,-0.0118725907806368,0.00874636479923688,-0.244426614804988
453,15,1.24527888820117,1.23578618419535,0.133128359406318,1.01517229223487
454,15,0.136307880163102,0.102731949620374,-0.341936319463259,2.51461677152471
455,15,0.637709261374458,0.409811608813656,0.695366665006185,-1.1397417332373
456,15,-1.44099489939614,1.0625788114341,0.800087185828394,1.06312441009021
457,15,0.746551032410279,1.72860073500363,-0.782883809827803,-0.233748985465204
458,15,1.57313332225731,-0.379945582766539,-0.990171390154568,0.620298013753573
459,15,-2.64669726684063,-0.291747243126023,0.0406119661537991,-1.34968074591428
460,15,-0.200494434045975,0.33818984007093,-0.372449664200865,1.28184161041392
461,15,0.500754255010001,-0.535508875348989,-0.773911356658049,-2.08103757837076
462,15,2.0604555701884,-0.0957276108237419,-0.50145905840433,1.19071007585959
463,15,-0.0327358815775473,0.0175871599190693,-1.69114663893309,-1.06355590169142
464,15,0.400166516618201,1.30378559371255,-0.842151383991683,-0.943796446549411
465,15,-2.19274840602163,0.0381054033905897,0.812510921663327,1.19916538780238
466,15,-1.12333050358412,0.441412645174038,-0.382849057504467,-0.646605425180895
467,15,0.0343030783590114,-0.327587207020291,0.164106146795782,-0.714920699092289
468,15,-0.192927537705484,-1.54670198773651,-0.781505347954747,-0.0158332390845306
469,15,0.505538684514874,-0.350223618008894,-0.0147454209876187,0.691378673932696
470,15,1.16232181677297,0.0673260388397237,0.635190440495602,0.125341467958958
471,15,1.07921869765123,-1.43210108540502,2.05767542055768,0.705310955803105
472,15,-1.15186302741493,-0.212102935174085,1.66715907560587,2.4073498746816
473,15,0.0850685041477342,-0.589011191421963,-1.37849254819156,0.547238712159199
474,15,0.991657547138996,-1.21063930091985,-0.207202694153033,-1.15622798125622
475,15,-0.258151925952741,0.181739914397632,0.016755911845168,1.4056942005815
476,15,-0.681675986808003,-0.590303181825176,-0.492410178506002,0.292041127725938
477,15,0.471029119535281,2.13489162071904,0.53354537111202,-0.89362850685151
478,15,0.9790737687446,1.33621834957101,-1.10948178431806,-0.31622104789213
479,15,1.15400699567103,-0.126097506347561,-1.0578975718279,1.64033951928029
480,15,0.501995212899511,-1.04726128240808,2.11730630790453,-0.0323192430230644
481,15,1.08485635672983,-0.0899148672232475,-0.382246823356679,0.939543472467113
482,15,0.0761134938571326,0.137263025076443,-1.78018484272211,-1.44439636711419
483,15,-0.314188002671548,0.616948086920917,0.949240738381248,1.45844426106924
484,15,-1.84369606346285,1.23793154640718,-0.755933157049293,-0.170338131512242
485,15,0.424443401160254,0.131286285311947,-1.84978736155421,-0.574431537231178
486,15,0.434810963074088,-0.606783089392681,0.02001486178558,-2.72774026102109
487,15,-0.500375439219388,0.44321831502206,0.730431319560383,-0.892671189352598
488,15,-1.78722299489346,0.664156005565873,0.663149985169308,1.32764576148247
489,15,-0.296103928262436,2.15049619800565,-1.5174257736405,-1.12984460576427
490,15,-2.89921381946651,0.184449988942663,-1.5782845105661,0.0147051330529972
491,15,0.767516064874417,-0.980826826718454,-0.121838311105317,-1.08911537822562
492,15,-1.10922016245599,-0.913289850878025,-1.23512976927144,0.471536983538754
493,15,-0.59812342607988,0.593298005079498,-0.674034680731313,0.437015963911908
494,15,-1.43905245489261,-0.550143106941174,-0.105463982417208,-0.00795335432134111
495,15,-0.380919823185951,0.0152049246081226,0.296562488590423,0.824328146634929
496,15,0.691035625133255,-0.750205689794587,-1.30987376780148,-1.06627688198665
497,15,0.626064133182634,2.01728812564832,0.52002346913053,-0.794558262577121
498,15,-0.915085043472354,-0.541567865006883,2.03003023495934,-0.924892739429865
499,15,-0.393776763416561,0.528467537439228,1.21846314877495,-1.3138416617688
500,15,0.248990085990644,-0.523190611338976,-1.64353934317905,0.0732238909025363
1,16,-0.539195876530221,0.334331863485163,-1.59674877036638,0.593652406712035
2,16,-0.453181950730694,0.283683000221591,-1.50859709095723,1.00973434817944
3,16,0.902838436550212,0.491600481689355,2.15264096491221,-0.0880586113912045
4,16,-1.17147630268278,-0.885297158172196,0.501986978212167,0.693709471611724
5,16,0.431843333614993,3.21724679729615,1.41153325931384,0.371304017243622
6,16,-1.09510968238361,-0.760302391206943,0.905819516925872,-0.341306612444143
7,16,-1.16704584310348,-0.168528948464699,0.864959967201969,0.618844999917837
8,16,0.0185337262181442,-0.654923399454844,0.329540602980378,0.532332445006927
9,16,-0.50144747423485,-0.626564057782821,1.29466295934449,-2.40520757054161
10,16,0.688512473579497,-1.45619733208533,0.644209024495552,-0.162596086865682
11,16,0.314850170023564,0.844498869655684,-1.07962012040535,-0.742651785694384
12,16,0.231596911690543,-0.898867662136296,-0.823522095467915,1.19019934416118
13,16,-1.1096076441982,-0.677423753272689,-0.149020968333019,-0.657906085376831
14,16,-0.0526910169826197,0.511814914221899,-0.825539679632712,-0.250944735761309
15,16,0.571275214106415,-1.43541834895166,-0.589726634425574,-0.710965267254218
16,16,-0.323982610276293,1.29463382600071,1.15521176991415,-0.351043046467655
17,16,-0.619793144480347,0.426753923277455,0.602897845503608,-0.21461203332811
18,16,-0.99356096940849,-0.141998455455777,1.17114673599589,0.662726908984239
19,16,0.116169459214556,1.2369128783802,-1.29258762675784,2.05710460991197
20,16,1.16573637700559,-0.395891659011144,0.607762862419436,2.35922336710671
21,16,0.202690497379586,-2.69285785610122,-2.6605826500901,0.636024282020917
22,16,0.37738012848477,-0.0337991872469853,0.4125424704149,0.107647913511275
23,16,0.540253330015784,-0.388895220613294,-1.0205977088905,-0.873666210364191
24,16,0.913113102062432,-0.321567646217955,0.455149449474071,-1.06521427214706
25,16,-1.86495701398283,0.475726539521396,-1.02676261970207,-0.522468261765348
26,16,0.550740049100693,-0.445901350445353,-1.79576972378079,-0.323222676628438
27,16,0.201979413564915,0.022264739753029,-0.757555585678884,0.297738675814104
28,16,0.156209788595608,-2.03068293775195,-1.33403008981136,1.7266986517291
29,16,0.407624835311889,-0.708761214486845,-0.570853883383883,0.559959973183141
30,16,-0.518590131117673,-0.0496233880709924,-0.259548469365787,-1.30201120708818
31,16,0.252808156992983,0.98331429944948,1.94755174559459,-0.592169827699487
32,16,1.23771948422892,-0.389775303780665,0.190270737448921,0.221325636853496
33,16,-0.829079470827399,0.326125741127601,-0.913947082004135,-0.0306301154033844
34,16,0.855299096531666,-0.997819072538849,0.322887166638791,1.32022155507791
35,16,1.27535785377838,-1.16337746241224,-1.35001324726003,-1.81143189064872
36,16,-0.369147846065164,1.47321883943722,-0.884597537336452,0.9297785931261
37,16,-1.46282908953212,0.862125898900081,-1.00393631606515,-0.411339431162508
38,16,1.13666775536886,0.28513320241985,0.370086261395866,1.43257418574071
39,16,-0.69719687676211,-2.9322247825011,-0.66346670992828,-0.630216336887604
40,16,-2.60625184270021,0.533109900050881,0.875273532193253,-0.429504466820514
41,16,-0.106411618772158,-1.27634512366713,-1.97208958066898,-0.302495025755895
42,16,-1.09927855841737,-1.13262148913975,-0.501396018681585,1.4538210599408
43,16,0.947364470263186,1.23476757788829,1.85114048173135,-0.0973428825951443
44,16,-1.58491640311366,-1.46703750031377,1.19238776476124,2.69869659884712
45,16,1.25097131642157,0.0251396194686312,0.812291187578965,-1.03559402563413
46,16,1.14446270268735,-0.545437140451832,0.114994590638697,0.691860938604151
47,16,-0.444363463495981,-1.79772840118049,0.802275190165051,-0.917985100085346
48,16,-1.12032092026049,0.527969912534289,-1.09639990856994,-0.554122466447354
49,16,1.22693869449048,-1.19512878748854,1.60479731113698,-0.202870077192546
50,16,-0.23953517392885,-0.9413910474151,0.638948716233272,1.13898563245471
51,16,-1.88557886549754,-1.07763061935229,0.0420583576657933,1.97310549093586
52,16,0.846212732684878,-0.427829704120427,-0.820463369260668,1.70307537203263
53,16,0.126165329715238,0.0168601113547856,0.371829198089145,1.29151364669489
54,16,1.78509229216614,-0.236591121313815,-1.11252610145815,-1.0827899328074
55,16,-0.167127926133928,-0.608663131774793,-1.07196984025697,-0.537259281658531
56,16,-0.561515539476542,1.51607048445992,-0.797361690115258,0.445772694676823
57,16,1.86879032083274,-2.32536312809806,1.19429882480321,-0.404187262708216
58,16,-1.2570262155609,2.69458934022422,0.240675751397512,0.840148569233283
59,16,-1.59928519099573,-0.347424627083177,0.323875139900349,1.25863447247297
60,16,-1.55182846374694,-2.21034201289535,-1.02511435260872,0.5403863882001
61,16,-0.84211787866543,-1.29097229268712,0.893822133398643,0.0186944778671608
62,16,0.000853094779154262,1.61138190114367,0.602590848487854,-0.192007020979415
63,16,1.14964201309381,0.477010891505471,2.09613197623104,0.129617274027413
64,16,-2.43592382757946,-0.645091809244611,-0.154024738478656,-0.361542451517287
65,16,-0.918893559325351,-0.800001085488049,0.916715430855564,-0.660051524925888
66,16,0.117265346523527,0.223660233355076,0.21734294039699,-0.0662796592575625
67,16,-2.03986003549119,-0.398138086836807,0.410952427283986,0.967629088218086
68,16,1.53044294547896,1.84576553925428,-0.908903862098422,-0.370785049248307
69,16,-2.02682416955013,0.783286065003008,0.23816358233002,0.269343871221958
70,16,-0.138687025619559,-0.394016548835115,-1.58328260807601,1.4737979380968
71,16,-0.628957123520137,0.101816924663281,-0.97539088923115,1.55319237436905
72,16,0.35209599119033,0.244386546829536,0.353395677656692,-1.01303229753906
73,16,0.80118408510177,-0.00763228500427869,-0.398855796804884,-1.38734431220504
74,16,-0.0502040254940263,0.584401313813631,0.0371601418522029,0.231935318089663
75,16,0.647531106773688,1.41934246511295,0.0935271240432247,0.351820787613388
76,16,0.308635985624945,1.74724814451374,-1.20644671155664,-0.908783971991407
77,16,-1.15716096580578,0.0250414160234797,-1.11064356427098,-0.66444485326428
78,16,-2.33237318688153,-0.224391427948387,1.41128634498876,-1.39595491886573
79,16,-0.122314694407272,0.528905171525286,0.120027558898226,-1.258788180136
80,16,-0.694787873262615,-0.795378898363969,-2.13425481635379,0.126865748744169
81,16,-1.37631969498438,0.566897809233523,-0.706807972734353,0.403690769170123
82,16,1.2986723467291,1.58588317292299,0.419967613219161,0.364815930285636
83,16,-0.234226310949731,0.139826441939055,-0.0719613420984441,-2.40221505786903
84,16,0.145010713598655,-0.625223820002127,0.582542946857821,0.813774699092461
85,16,0.694462228213712,-1.10650481256918,-0.633976868989281,0.199317089369522
86,16,-1.10183614882057,0.981889133231077,1.13563421350611,0.238050381116798
87,16,-1.28925458049181,0.393121270150744,-0.978468701015467,-0.748277329538338
88,16,-0.422452118248432,-1.74274587708422,-0.424561295647635,0.44613718822433
89,16,0.142552939771288,-1.30295588692402,-1.08444279218852,-0.35204014270213
90,16,0.127982021760755,-0.735915934575045,0.935507057294783,1.67375478880617
91,16,-1.67239620991597,-1.69609329814036,0.0603563249345596,0.517998917509619
92,16,0.997442034087841,1.2258023043334,-0.379898860954199,-0.431737282987161
93,16,-1.72172603516459,0.805055348960762,-1.7115032804769,0.389484152435011
94,16,-0.669789925287714,0.262262983283623,1.39858928342807,-0.0675515708550916
95,16,-0.506820448367213,0.534503734979391,0.272630692190343,-1.73396207545629
96,16,0.576420626162916,-1.4542442051326,1.64860242618516,-0.536491157032938
97,16,0.767789802202364,0.244520711414007,0.705263161467701,0.247481306802475
98,16,0.379778560941641,1.00173419547173,1.02708720018877,0.42351315960432
99,16,-0.95303850412429,1.60516425273456,0.421133037792995,-2.18781530687565
100,16,0.0529701856234682,-0.496680093782499,1.93744493019025,2.00554904685841
101,16,1.49409071528457,-0.578181358696368,0.125099170291744,0.129071529651254
102,16,1.10254202617254,1.29053858929813,-1.40093784614138,0.835527161602855
103,16,0.327653276582932,-2.91588483929594,-0.29136169059225,1.25533912861222
104,16,-0.690436056658323,-0.490338413697523,-0.62933840661784,-1.87012072904375
105,16,0.495913952958006,-0.145475044496581,0.325750812682714,-0.315410658026933
106,16,-0.365175056468152,0.275272569238559,0.283081743745732,-0.171013111478302
107,16,0.325864759243,-0.60637933096878,0.0390021959884825,-0.145488240794172
108,16,0.249269447415767,0.514255019790805,-0.385795979899258,0.259773554426526
109,16,1.15530903425227,1.73562420795757,1.17064113482115,-0.421066115698631
110,16,-1.05744481566603,-0.0185140773268997,-1.84628944857148,0.932304367365558
111,16,0.238730541188474,0.324214748394326,0.0228563737409689,0.210431551917341
112,16,0.0617565050000818,-0.575907216398677,0.759340255443872,0.560499836111836
113,16,1.60137262705421,0.470656510475307,-0.696769465421212,0.889017355664014
114,16,0.409942812292625,-0.249042303703992,1.23552437224322,0.476559681833551
115,16,-0.0595362370076927,0.602044800563812,1.29668463664287,0.0726792907271899
116,16,0.286383780143404,-0.0920711543840844,-0.478657565577888,0.30117548831937
117,16,-1.125414238938,-1.77796549164795,0.20493641470463,-0.51220325656946
118,16,-1.44299758423267,-0.833768595203332,-0.0468027272804529,-0.757563801262156
119,16,1.11448978069034,0.210711808386841,-1.52892875031141,-1.2091765536912
120,16,-0.788479923866412,-0.84041534472381,-0.305379591320722,1.46344289446688
121,16,1.18189443220722,-0.0396019030049242,-1.11413277941993,-0.0241434611749037
122,16,0.0870409326567806,-0.98522019233361,0.0723097047156264,0.443435046147402
123,16,0.862616988894987,-1.00070370809106,1.46513013747816,-0.388257533503558
124,16,-0.185447955992288,-0.0280694774167976,0.105990719063978,1.38419846430007
125,16,2.43138395489482,-0.137979822229205,0.0114310515272387,1.52475861431796
126,16,-1.18286215546904,-0.488503182024684,-0.292905257784565,-0.189331736317151
127,16,-0.0287994663766799,-0.34754624256912,0.0448743823658261,-2.50348718799862
128,16,0.89948447362144,-1.47151143776344,-2.31796370194171,-0.560834768433708
129,16,-0.861744042320052,-0.30886965518418,0.517982298321796,-0.969653045451449
130,16,-0.291943783689359,2.03766325179032,0.713647839708113,-0.425467307654313
131,16,1.39601195307541,0.172303069010604,-0.717461772536597,0.464269052302457
132,16,-0.54010649058966,0.645185830291979,-0.878512868476741,-0.488179447941031
133,16,-0.0455608502169513,1.46814651898511,2.12384749969372,-1.73114410173577
134,16,-1.30335543377859,-0.556465048177535,-0.711908797936388,-0.57340529663156
135,16,-1.35622867312032,1.12797177418115,0.341991312539494,1.07335198840143
136,16,0.990787347664273,-1.56284342000475,-0.995056320692455,-1.36367849194948
137,16,0.363036911095778,0.496231456694658,-0.596385083053402,-0.0754551329497567
138,16,0.70989733063058,-2.17057344797155,0.427585917707732,1.4826845816163
139,16,-0.643795174634496,-1.23935242660849,-0.171288582573736,-0.0961876077090817
140,16,1.68717384120017,-0.00918631590488305,-1.26930728171908,-0.361917435128918
141,16,-0.422051066868342,-0.0113146064477098,1.6637843351117,-2.49435377822528
142,16,0.365473103664393,-0.0136618563422673,-0.887596298702446,-0.00807879172153455
143,16,0.674673814266536,0.0701102251261161,0.454620982530979,-1.92312822157453
144,16,-0.427956590907182,-1.39198639678257,-0.598182442795642,0.300850824347017
145,16,-0.559247161383204,-0.0442724904833112,0.0687605438072274,0.570540652245377
146,16,0.736430573724633,-1.44341535642637,0.514391582552358,-0.217664084489928
147,16,-0.11593691074082,-1.54236540863868,0.900021551116702,0.00355695403384403
148,16,-1.03378273194468,-0.860352889446297,1.63689259522936,0.980920702792063
149,16,-1.97851145282078,2.03043511701809,0.276428782636243,-0.134893859101947
150,16,-0.486460537382306,0.689094619837602,-1.37056354717009,0.546452877078927
151,16,0.0605755386260524,-0.0808696598457215,-0.825425401999133,2.16218157416852
152,16,-0.714679518883512,0.0419634259892573,0.317872446050185,-0.679716436645253
153,16,0.212779947539928,-0.0674593187979829,-1.20374492365315,0.663935385759453
154,16,-0.314163610874365,2.11943404925019,1.38977605362185,0.939166403083801
155,16,0.28388258140471,-1.3387355263683,-0.283249546947646,0.672310739125858
156,16,-0.473174549891209,-1.38304158710156,1.90471551657148,0.232652506975811
157,16,-1.06904281513864,1.80240743146586,0.181514488341791,-0.539751537096847
158,16,-0.487333775496643,0.81575349353652,0.182040697112658,-0.971106990612577
159,16,-0.546137362811878,-1.79173682776554,0.812653183819891,0.959256678803882
160,16,0.897327866001978,1.09569785333724,1.3012234597846,1.38269489428283
161,16,0.817285758439158,-1.02872774527637,-0.534924343714163,-0.538611573009172
162,16,-0.22770134069551,1.86717305543907,-0.281140260869878,1.58868813646472
163,16,-0.304189897744696,0.885335635883515,-0.418440576362891,-1.26355477109655
164,16,-1.66748046969035,-0.828673684557098,-0.231332355249246,0.872431124320995
165,16,0.426688945837174,-1.37705718330381,0.249569811917365,-1.02665272258675
166,16,0.593902670652496,-0.978073551389544,0.746747640137082,0.710636771356211
167,16,-0.475893107298776,0.179195790282842,-0.878557332878227,0.0310212189260881
168,16,1.33578107647856,-0.496803037437659,0.49803341765255,-0.354416370882144
169,16,-0.144607725861,-0.82113648020659,0.454351448268797,-0.86131604808857
170,16,-0.0650926312458782,-0.581660336735957,-1.36346541014637,1.88512915053369
171,16,0.463439583743509,0.181346026001885,0.464159119855947,-0.644274806872823
172,16,-0.236582881277535,0.239123630349477,0.183912874742028,0.939866783791878
173,16,-1.07929907584269,-0.626463946965044,0.888674188971753,-0.840041482922958
174,16,-0.807019917694337,-0.569956129756313,1.02679305598615,1.02215493183878
175,16,-1.11292741769942,0.152745297468474,0.386557732079261,-0.539558557075548
176,16,0.501016502252628,-0.380724811155075,-0.939002420682238,0.799338999136166
177,16,-0.662213489929782,-0.23247945620529,0.761875388496406,0.495649031485409
178,16,0.364336947088284,0.569848197961918,-0.053414748053694,-0.848677697810914
179,16,1.27917577833482,0.191493459936815,1.12044521748593,-1.15856486769097
180,16,0.731019928688329,-0.61085211707983,-0.17212034259018,-0.358804901468537
181,16,0.0528772764350169,-0.7053051686093,-0.901400170578838,-0.0581821198708869
182,16,1.82511598384302,-0.387225623102285,2.17189226094183,-0.297832649731106
183,16,-0.316904879546817,-0.93418544461639,-0.631810537904836,-1.07012320412355
184,16,0.0139869689428895,1.4948299988143,0.216850498389289,0.454148707647971
185,16,1.32720842293966,-0.46632759311691,-0.276305711154705,1.22187978037807
186,16,0.574922024342761,0.0870315361192413,1.10861012225156,0.345034271045268
187,16,-1.7295725070276,1.51859981252265,-1.04138160680107,2.13614421026206
188,16,-1.58277075465655,-0.84584490083593,1.51405853062988,0.935440645472381
189,16,-2.10982455983688,-1.07780330407197,0.357683624878126,1.9653398828539
190,16,1.48536794857786,-0.828666252500386,0.461816010410573,-0.432108287330443
191,16,1.27248303139333,-1.08287540078185,0.877631065144191,1.74490279379426
192,16,1.33323026949584,1.02992053932441,0.647859377330633,-0.119349470696415
193,16,-0.0363427749738491,0.00618043244684531,0.381989765294267,-0.381122401745286
194,16,-0.374517744358796,2.72973164167313,-1.68386429418401,-0.352683436855494
195,16,1.73459189102727,-1.82680920475019,0.802111071939427,-1.56030852907721
196,16,-1.09519996447751,-0.598443932079084,-0.10440830854099,-0.350627232987683
197,16,0.56846703207701,-0.0624901058364513,0.163014013303142,-2.09475017619248
198,16,-1.18194363005238,2.73756220712813,-0.0265094720402987,0.718459547512671
199,16,1.62812215884352,1.09264059179408,0.902063142651189,0.270795264453511
200,16,0.661176006299969,-1.41147577600853,2.00477541968307,0.536180444571332
201,16,1.03107066680674,-1.34270224400004,0.618570446761166,0.617785630947348
202,16,-0.260926359197012,0.79871076475589,-0.0183217893370684,1.21472669976043
203,16,-0.956651547576006,-1.17636601556105,-0.0711805607136072,0.234092820613705
204,16,-0.0982891751782451,1.21348085670754,1.48099288218131,1.12630198742717
205,16,-0.449498289152839,-1.32806492150739,-1.59921784367942,0.848784222927404
206,16,-0.88236781203185,-0.91015411540726,1.19917131509141,-1.03701846477734
207,16,-2.03659661238906,-0.0609199415944374,-0.290419129253259,-2.59034326652111
208,16,-0.24282568285736,0.251392685019098,1.34428722259965,0.0199321962597711
209,16,0.342380239503094,-1.02700109306528,1.31263114384274,0.609983529247787
210,16,-0.066877875162078,-1.64008382866257,1.11709396396276,4.23765769041909
211,16,0.868232519474252,-0.443217688459478,1.05104102617667,-0.5462934209111
212,16,0.321090000985758,0.282684717662552,0.617635177621791,-0.0917655740765815
213,16,0.646804594746374,0.744873373282426,-1.81071473155697,0.567789421298063
214,16,0.68965310488414,1.56871259091589,0.264008475383931,-0.48744396553071
215,16,1.03320838840374,-1.16464815951542,0.439824499749163,2.50822438737274
216,16,-0.230364295874306,-0.102557740972029,0.455773624903494,0.632906744301046
217,16,-1.63138201421766,2.42730372337157,-1.22383855941161,-1.07299022247542
218,16,0.0408638347895832,0.0155849809932494,-0.52394799579171,-0.640987359938718
219,16,-0.875916998162004,-1.6931757784271,-2.52988773029886,-0.515100499408519
220,16,-0.113166334383232,0.946076277570215,1.05785537166869,-0.369833472363574
221,16,-0.954173043075599,-0.94803225635414,-0.408648096757942,-0.788472095280566
222,16,-1.33860556428735,-0.709780573777512,1.25105860226995,0.868369704025797
223,16,-0.676845314906538,1.40195185492875,-0.670449616859262,1.34963148065018
224,16,-1.07127889986974,1.62472729763912,-0.602199093261377,0.737763880986784
225,16,1.39112365359612,1.33523502260964,-0.437157828890546,-1.30147902107562
226,16,-0.58732104744945,0.0507759202022788,-0.967003827889598,1.58350009590989
227,16,-1.58329515019563,1.81062653887165,-0.0342646480710097,-0.665910571356098
228,16,-0.166700441751864,-0.62175280203641,1.16065880036557,0.313903295711567
229,16,-0.0437665606019656,-1.33933976304979,2.74580106535779,0.604719371178536
230,16,-0.934731794941319,0.974026941030544,0.00445624225415609,0.598842030004031
231,16,-0.67848552971598,1.74237660319736,-0.78072901990755,1.26464694134612
232,16,-0.507034702202104,0.968202648691765,-0.844777573036483,-0.571853512080419
233,16,-0.0652936955934776,-0.806887868037291,0.629215710379331,-0.157267959850104
234,16,-1.2492414074532,0.311272244597861,-0.132902487033605,-1.29342951174839
235,16,-1.94210391301857,1.41275121679188,1.06189137072533,0.275853146899363
236,16,-0.62567189898837,0.365544418864154,-0.567477090937894,0.0297525658753592
237,16,1.19225324604716,1.22221418300303,-1.64624119227755,-1.11412744032159
238,16,0.718506549862887,-0.729249603788014,-1.85553268842225,2.06287841573223
239,16,-0.872973204646261,0.529842101318639,0.821699483064305,2.00369157163177
240,16,-0.152861235813644,-0.905289409931158,-0.715132840041437,-0.711308625231175
241,16,-0.300773793250755,-0.896249758222826,-0.715628907368326,-0.869811665584987
242,16,-0.358889942573478,1.13558742707409,0.902028911401354,0.299108371466865
243,16,0.0842606862313588,0.815492169921303,0.569228238722491,0.295962437047254
244,16,0.72264881074369,0.447226060798984,-0.142585477024313,0.112224868037206
245,16,-0.583143921615139,1.00108427661262,-2.21923902613673,1.89149392423258
246,16,0.239032826964761,-1.13596344973579,1.46001359902681,0.466169625785994
247,16,1.03647141152067,-0.563271824830319,-1.64829497201532,-0.79061060741672
248,16,-0.455327386362875,2.25900744929843,0.604644151348142,0.620982294927729
249,16,1.4544689768826,0.615841061757564,1.27290638242031,1.4724623460495
250,16,-0.124867054632958,-1.49474900958059,1.23573007180907,-0.615863012414074
251,16,-0.86436851924657,-2.01183112981905,0.223812380639042,-0.649728481073559
252,16,-0.682026765304095,0.294018702006806,-1.6331543293172,0.95997744692555
253,16,1.02559019355321,-0.576766149170757,1.04772499949246,-0.0372153943100715
254,16,1.66246605473755,0.555513939827081,0.585963650195012,0.939929813364374
255,16,-0.67944517737192,0.0884634956921837,-0.61069917918011,-2.55849652218366
256,16,0.734834039426221,-0.821789600637999,-0.125397727181693,-1.52187151658097
257,16,-0.0671366771012824,0.477311666998392,2.26386733496246,-0.234514522741381
258,16,-1.76938230607039,1.19107907604808,-1.71510466866176,-2.18542694613373
259,16,0.14393635812067,0.196467041923884,0.034893105527415,-0.972487636492878
260,16,-0.52591531957773,-2.12323337416879,-0.767035264767994,1.39127805374398
261,16,0.856034784219913,2.15545486566412,-1.37041549370945,2.20773232446186
262,16,-0.127282248543203,1.16772230332927,0.737331399108492,0.779855077870833
263,16,-0.172886883995781,-1.85466264482285,0.430448394305715,0.692731664344291
264,16,-0.906552661915235,1.13000112508096,-0.552999433613962,-1.3912066956948
265,16,-1.26034277867103,0.790226509013409,-0.427353242386211,-1.01248798899861
266,16,-1.63292820261648,1.19636611893829,0.706305687400892,-0.363025225210551
267,16,0.360302478686088,-1.39875509315,-0.981890130648487,0.125958483019222
268,16,0.247257132755583,0.194830293427176,-0.0550283049342148,0.217985655998726
269,16,-1.54289082034644,0.47860753861254,-0.805461077475983,0.800815524490827
270,16,-0.331871276791959,-0.816069196650596,-1.03584633377868,-0.735567475230844
271,16,0.552737561401227,0.879266888928849,0.34205846072763,-1.0869591541048
272,16,-0.295156422385746,-0.190496619980734,0.514212279333181,1.58245024048545
273,16,1.07074887301603,-0.419921378564269,0.242574185924466,-0.00646192247764019
274,16,-0.712448508279612,1.11538554974235,-0.520072899250848,0.562367945188663
275,16,-1.57054829446669,-0.291026999877476,0.730476301798789,-0.334069944665566
276,16,-1.33823279459276,-0.584471522572638,0.575431031460796,0.106020154927988
277,16,1.71513925654101,1.39028947139378,-0.291901040230558,0.502389343572069
278,16,-0.295317068750894,-0.546053982080016,-0.556115526448116,-1.62945924312344
279,16,-0.238163755436037,-1.86920072610406,-0.618127281580244,1.68063264301714
280,16,-0.858250688952294,0.766930423498338,0.939847548579021,0.61769938288979
281,16,1.60962189189948,-1.24108233128164,0.0220289851304789,-0.318698772336891
282,16,-1.4343332188368,-0.0498151513986477,0.911931310553414,0.784192144897042
283,16,-0.211042606651173,-0.18107158700286,0.601096516584312,-0.80988917867725
284,16,-0.610568583302501,0.333549247085171,0.291795545051834,-0.0633132264734459
285,16,1.16593662272032,0.842825176858403,0.393971674826752,0.728596440048476
286,16,0.169956872637391,0.869457302158868,-0.400823571609021,-0.906399553992127
287,16,0.324215421776804,-1.31055058735067,-1.30540283477773,-0.403771535306331
288,16,-0.595570295356407,0.630847983589695,-0.152157716752122,-1.52146606101375
289,16,0.337937097073143,0.367934160728831,0.732554279597296,0.485182590637448
290,16,-0.562116720078108,3.64628310993805,-1.11952901063196,0.289366115238877
291,16,1.3018504889391,0.698699803489485,-1.30640795175878,-0.261036083912927
292,16,-1.15078589862699,0.30118466518822,-1.81614604181024,0.196517764923522
293,16,-1.21714381189247,1.62420888266057,0.0253727531228456,0.483664772231137
294,16,1.17898604932448,-0.15367457656243,0.565953224271269,-0.726308615418791
295,16,1.65691580389514,1.15181010111975,0.49162017990805,0.726317425529186
296,16,0.93524742302144,0.128443907083282,2.37671681810069,-0.16395746817294
297,16,0.829950381930503,-0.341320269570851,0.72035915045193,1.18787018376796
298,16,-1.4490069162358,-2.39724489919749,0.897841467847814,-0.00320062912385406
299,16,2.39676332536208,0.699081986336403,-0.223536596141564,1.80668737231664
300,16,-1.60219262440998,-1.41622656419403,0.261441338329529,0.0997271150932219
301,16,-1.38425477202426,-1.02942744408305,-0.86388907537769,0.574280059239006
302,16,0.339555770855488,-1.50368843755245,-0.625921618563801,1.82689472634459
303,16,0.848281157709153,-1.39303380930887,0.395884530874245,-1.68234163099847
304,16,-0.0284648679202557,-0.412705710743486,-1.20869961269035,0.507311046048412
305,16,0.891572325254347,0.656891881325051,-0.640305164007911,-0.406976725713473
306,16,0.152928597755254,-0.547960940540993,0.0647439317828576,0.625978640481937
307,16,0.186932465444695,0.333853138823846,0.351874031933553,0.658287268983165
308,16,-0.591177848619835,1.35499166102669,0.622214100516043,-0.584413045358649
309,16,0.113644420040989,0.680120702088345,1.84792739045747,-0.398271496005769
310,16,-0.544307976554911,0.943073928473071,-0.745017110867261,-0.208266232879165
311,16,1.10300124512502,1.43250627687422,-1.36600899310387,0.453619342727619
312,16,0.910692888617744,-0.447984763685687,0.105683702173704,-1.32203726159481
313,16,-1.18419725191195,-1.23379866658591,0.317156452015888,0.0355092711016347
314,16,1.61383023590999,0.343693772585806,-0.536501056206283,0.295727218889258
315,16,-1.32760781776409,1.52400315696821,-1.26067433988846,1.09364644879375
316,16,-0.198227837536968,-0.993605299421553,-0.978428852171159,1.72047313136201
317,16,0.941505624837814,0.0799219821700947,-0.0697736129861198,0.824822853541421
318,16,-0.621108135236434,-0.277374855526936,0.120527617268399,-0.400319497202266
319,16,0.262160922272018,-0.671563134436779,0.570349680693751,0.571457760238782
320,16,-0.193905963190618,1.15433381160811,0.276303111204923,0.542811268444585
321,16,-0.996717258027919,-1.53886852575047,-1.54012642900957,0.0651676888411979
322,16,0.942218905446443,1.09510981647528,-2.56790191527346,0.323391808072002
323,16,-0.0197883351390949,-0.466270836283787,0.834004638969836,-0.42267353873045
324,16,1.74552805118951,-1.23205383582757,0.860489398725978,1.10217797105297
325,16,-1.2737115949857,-0.232954713633099,-0.938035427136259,1.26809413014426
326,16,0.0635675984520409,1.30476158086511,0.162027155834833,-0.733189715447125
327,16,0.877340390418055,0.176204925837851,-0.0736629432424213,-0.377473714783571
328,16,2.39945147499415,-1.98715676992255,-0.0138718274969304,1.20566306842145
329,16,-0.0950998740958737,-0.550793761726492,0.939360846050513,1.54739351895369
330,16,-0.386134326667605,0.277578928299343,-0.725735050770969,0.568081751601843
331,16,1.29937540413875,-0.878540947368997,-0.734483133430954,-0.269437512247371
332,16,1.13066012986469,0.364168419897154,-1.24793152395105,-0.788879506976993
333,16,0.304136648594706,-0.710175528299484,-1.18847114200455,-0.409693331792449
334,16,0.88605652642388,-1.97645353130036,-0.293688605103015,1.42336358701611
335,16,-2.66434543830562,-0.0159763616115097,-0.335325893524924,0.921905593490399
336,16,-0.247118700292427,0.316222953566188,-0.0178073588665354,-0.354790262702496
337,16,0.566224606859964,-0.966355641250848,-0.65713061343197,-0.78543267581875
338,16,-1.59345067434019,-1.0828712068652,1.99653014839106,1.29516113021194
339,16,0.700004970803029,0.341076257978977,1.35802980510989,-1.84692061759676
340,16,0.461275409813861,-0.189399162007734,0.116210327301285,-1.34229161722638
341,16,1.6862590070754,0.451445334934213,0.625184163868333,1.8830452095149
342,16,-0.535498118974043,2.20087692337003,-1.5699185900808,-0.00342095032534916
343,16,1.11303444493442,1.60461096767995,-0.235342783978295,1.17947522715298
344,16,-0.67780891710636,-1.41252681868397,-0.80038580400955,-0.651051482271448
345,16,0.7641564396103,-0.262226682418217,0.323389051413775,-0.0866831085963793
346,16,-1.20174290442538,-0.0711222298217007,-0.0868282212493927,0.127717364308768
347,16,-0.441825454277905,0.949695473060691,0.0981424800912415,0.28805763124003
348,16,1.03954808817363,0.380142161863493,0.105730593882536,-0.250336403342289
349,16,0.574262255415227,0.668367177593331,-1.24229873372054,0.0904054144169784
350,16,-1.24649447438946,0.385096616273268,0.834006608890676,-0.794936359781124
351,16,-0.862200055417882,-2.34172955959135,1.09964040551917,1.35859785241825
352,16,-0.840525315512022,0.667503019307739,-0.10228026224734,-0.280919050017707
353,16,-0.0979146167174365,0.0681309272529886,1.13912100735889,-0.328401537882943
354,16,0.949446442755841,0.0154128243935127,-0.400775351213562,-0.638099044662055
355,16,-1.13368570583526,-0.912778163786998,0.217159939476085,0.102665857690397
356,16,-0.00213684177781246,-1.04052523869552,-0.516372377001933,0.369831659789951
357,16,-0.558272612557496,-0.0460990394513509,0.731906805642044,1.12586769156879
358,16,0.0913237382281287,-1.02669637493614,-0.505477871686554,-0.76955416131552
359,16,-0.0201273968865664,-0.334422217865615,0.492391850916087,0.151636118488274
360,16,1.03040107030723,1.06153776015538,0.379101522866359,0.973352865273956
361,16,1.08938619433226,1.81749582212092,-1.18295075853002,-0.625788155611763
362,16,-0.428447174852601,0.407973628740074,0.763113740469907,-0.150575562903234
363,16,1.23922000517719,-0.323660044674869,-1.10639235699031,0.40313929578707
364,16,-1.17848159831569,-0.482594485055141,0.597496939880657,0.0104773804338018
365,16,1.20827298370766,0.939941594547233,2.4634420930771,0.021781126771987
366,16,-1.17551942212753,-0.710197636053935,-0.93130729246939,0.653312078661642
367,16,0.478675943558943,0.977352303128908,1.89376594729782,-1.24039386781382
368,16,1.25210281488575,0.254061050646308,0.393613617862516,1.13038344766317
369,16,-0.137273499336061,-1.25395777259667,1.10828546827715,1.50177781962881
370,16,-1.52454988088537,-0.981831057374349,0.405588416230142,0.572460449275836
371,16,-0.400585502976761,-0.938770786224019,-0.725193072301862,-0.673799686940978
372,16,-1.40166061085855,0.546393652666876,-1.22911083705087,0.464650565919459
373,16,1.06332925712671,0.0507226548406259,-0.394920427323237,1.16657036905621
374,16,-1.42599472267917,-0.256061072855668,-1.1288181659147,1.47527046480664
375,16,0.255962083387801,1.06976104223605,0.49752645136769,0.428056213301904
376,16,-0.470145505095296,0.188918813129614,-0.481668763951976,-1.64971451492729
377,16,0.790577176274875,0.0282932736109856,-0.460591807956073,-0.501794958107763
378,16,0.187895971156076,-0.318221971120239,0.101766686426657,-0.962604197643265
379,16,-0.775138756953465,1.86590502921911,1.0180403675011,-0.126533741202751
380,16,-0.0457609970723081,-0.0348601336124896,0.426407966371205,-0.671066137716909
381,16,-1.54214297660387,-1.44841874159276,1.37192094238419,0.46170146840724
382,16,1.35609884606612,-1.72452684611062,-2.30369992898277,0.855805522789494
383,16,-1.05184611056745,0.166037170310131,0.228648157050714,-0.590465621357366
384,16,1.12577419550987,-1.56369633848274,0.144198845532745,-0.933901582549556
385,16,0.413963163592948,3.14532871586019,-0.658797068865477,0.615891052621848
386,16,-2.25252208862205,-0.138890662875234,1.47454783829489,0.406451051324656
387,16,0.0725218052496199,-0.496246124573639,0.455196684361077,1.74307486389048
388,16,1.30551070750594,-0.25432709873602,0.309533216540889,-1.64176232936323
389,16,-0.236221125042485,-0.604865032920661,-0.0594495786660858,-0.559950773804451
390,16,-0.230730046229763,-0.997582607121525,0.723176700883185,1.16164631359305
391,16,-0.285650062727554,1.35602705995808,0.0583189170544037,0.198603031254911
392,16,-1.16419612547568,-0.438520124650321,-0.0895979717596465,0.49770635630604
393,16,-1.19832403716099,0.722310804781833,0.746833503958595,-0.25161695663776
394,16,1.27018513226815,0.0635934496518271,0.131679750226634,0.200954989790685
395,16,-0.882460153298057,-0.265024048705651,-0.48199457709836,-0.513117841137352
396,16,-0.365648102661213,0.470080588188878,0.0410609593779203,1.48643113021199
397,16,-0.122157658801392,1.29502104111249,0.989444142678099,0.417004684614821
398,16,-2.16609478557737,-1.20460579643335,1.39691128069517,0.137751159518961
399,16,0.560151621196158,-0.2607336730342,0.335115231460941,-0.409728223646814
400,16,1.20715369935205,-1.26180857998057,-0.576364756150097,-1.11940616789729
401,16,-0.502511303464166,0.238521760050877,-0.0916152842445022,0.42290132360527
402,16,-0.704160184583295,1.79309546634607,-0.377580075793685,-0.865401720430828
403,16,0.762560515846193,0.904475312022461,-0.596608022336698,0.416770848175795
404,16,0.238713197019289,0.299533055856571,-0.432727335252049,-0.684103899095999
405,16,0.006797942799749,0.672899784675785,0.458402937444131,0.201072808015592
406,16,-0.307958293182973,-0.980590215511741,-0.326978412042663,0.572371974178934
407,16,1.93165086023299,-0.577992095837693,-0.29488699456343,-0.3615195110455
408,16,-0.797009017411448,-1.20593593392124,0.0579121920108498,-1.61550834530623
409,16,-0.113664296571831,0.164832351775838,-0.12292587138091,1.07736100132439
410,16,-0.32143763931027,0.0359460544592718,0.96133396580932,0.364500123512996
411,16,-2.0882980472895,0.899365744326345,-1.28027599537472,-0.158689014259919
412,16,-0.380752624366,1.44320145035777,-2.58212911691167,-0.290196886423923
413,16,-0.236220347103996,-0.624809977597831,0.712414136813787,-0.177811414710626
414,16,1.20951293483062,0.00989446288781972,0.443943741976711,-1.31090212287749
415,16,0.727629857511847,-0.745222156992931,0.492588495428153,-0.928102898371238
416,16,-0.317412885109712,1.33521896515963,1.20345742531542,2.09031375232951
417,16,0.450297550659953,-0.295863574805222,-1.65111470176159,1.27486938981427
418,16,1.98878388715756,-1.64454339515589,0.392875202329677,1.68650744342658
419,16,0.32560344377065,-0.0340680237749729,0.80509413747098,-1.62488737536891
420,16,0.345070264262133,-0.227992845254084,1.33949657738893,-1.00833028629908
421,16,-0.706461463659333,-1.23824282915788,1.57546413844628,2.14087397521523
422,16,-0.468583676274221,0.691393285220376,1.51624960614874,0.905505408134099
423,16,0.341933274575998,-1.43716945374442,1.89522548396335,1.73175839970391
424,16,-0.52665226027636,-0.27861495852267,0.265216120554743,0.99524117136265
425,16,0.321123816071135,0.436962097212518,-0.647402317451965,-0.296194267660404
426,16,-1.08603740884231,0.211073065309843,-0.150628951221196,-0.0851494120335614
427,16,0.269249796390529,2.0105330807246,-0.624612469424347,0.793229069651449
428,16,2.18073041524683,-0.644140373174916,3.26311628940548,1.08290303781862
429,16,-0.280188721439833,-0.327563789951892,0.750526090792965,-0.677521840933806
430,16,1.55081319266186,0.365898927510492,-0.698704264495092,-0.272492458520568
431,16,0.609738278048349,1.17148146772413,-0.893266717524822,0.328886342261391
432,16,-0.950076719872801,-1.83716016742576,-0.216417732219537,0.72576750112998
433,16,-1.25252837956844,-0.0544528998894456,0.655753757974732,-0.544669317838901
434,16,0.428870763374484,-0.0778473798210445,-0.328902663044544,-0.487776071303425
435,16,1.24545709774147,0.349195148298092,-1.38355890069255,-0.619962743595443
436,16,1.925678417066,1.62155828991227,0.243493504121948,-0.0232049517719234
437,16,0.328086552645481,-0.470456267313031,-0.752114834642238,-0.107664887117349
438,16,0.45810362191099,-0.333241394648589,0.283913103560403,-0.175031176356663
439,16,0.0662196027737072,1.08984327519866,-0.728402194541849,-0.495747930769263
440,16,0.240383969662076,-1.300136726041,0.6848740933848,0.942766746842792
441,16,0.373663287382294,-0.706044401213621,1.94508498114823,-0.275925146554072
442,16,0.556514499295795,-0.961667437251543,0.295006494546773,0.215185733143772
443,16,0.736677707021825,-0.566499720169451,0.747273969111898,1.39695951534762
444,16,0.331349287532343,0.79869809306339,-0.576479726444041,-1.54176835584795
445,16,-0.94205149113956,-0.301703639086389,-0.309574432984268,-0.979058859697433
446,16,1.2693488093754,-1.89010263959605,1.13497778837342,2.40556545241545
447,16,-0.858398271483065,-0.0304816904783462,0.911858985532605,-0.523558196671546
448,16,-0.332405117080553,0.323159879059546,-1.1838451446062,0.624862102485849
449,16,1.02016208378596,-0.23132976106326,-0.0675908473415206,1.19854418744164
450,16,-2.04210043085851,1.85145115175926,1.138243669306,-0.313921554700162
451,16,-0.220251020204039,0.9399298986468,0.133520318019653,-0.222748785462208
452,16,-0.236706334217744,0.391959485031318,0.783591379892984,1.50409631657481
453,16,-0.285138137742492,0.230546911887956,-0.162627926359267,0.18460153398412
454,16,0.344978399492935,-0.0803728952659299,0.937501257862254,-1.20846943890456
455,16,-0.0608314096094201,-1.59508171975148,0.439040654738232,0.109608342454785
456,16,0.156316476059116,1.4675300691165,0.377714618320668,-0.816960402368299
457,16,1.8353425615117,1.27083220640239,0.478675103192183,0.118294008584008
458,16,-0.39662495175078,-0.766224759758262,1.70503436294156,1.40960174571253
459,16,1.32157358615027,-0.619248861719342,0.562310732056165,0.329373029394583
460,16,-1.01184892662475,0.641615959799897,-0.0951554278509311,0.553561842401016
461,16,1.77894362455052,0.573526038425589,0.215065020776158,0.827050016828093
462,16,-0.279681240697511,-0.509286078995508,0.377026995671003,0.583800904339958
463,16,0.41859829489272,0.0850280173717787,1.21192067858489,-0.0719050343852837
464,16,0.307757549089357,-0.799571711035662,0.884652416067085,-0.478465996566306
465,16,1.89840484101722,1.02891087648782,0.894776596384608,0.15790880778946
466,16,0.68522501473405,-0.776408583088844,0.146383024027169,-1.12012164570678
467,16,-2.48651416454697,-1.32911120598702,0.698462663123245,3.10294902111259
468,16,-0.325377640568677,0.50609953310164,0.0470611623324739,-0.396046103464231
469,16,2.72010268970549,-0.722554508209982,-1.55822859635836,1.16727985610467
470,16,-1.19269801683441,0.56342844978819,0.833660797492248,-0.308328981781338
471,16,-0.478261641172249,1.52157091193819,0.0307496635202647,0.844699159248055
472,16,-0.313538820355436,0.064361441736958,0.0322914265058128,0.567745552208183
473,16,-1.2326000338119,0.71029863411692,1.2113709203216,-0.454370595642659
474,16,0.238857563457379,1.71938023170134,-0.199634617905717,-0.213378900311064
475,16,-0.660071410148202,-0.22543798050743,-0.618338645379609,-0.0517027245222915
476,16,0.822995973348973,1.08450766796426,-0.527806730743007,-1.8284604222849
477,16,0.0195402778843022,-0.411973599343693,-0.670188444235857,-1.77718884367843
478,16,0.305111153395279,0.256074303903822,0.502677310893967,-1.3235023922638
479,16,1.10140950651022,-0.595332038922292,-2.26336518244062,0.0651358483097364
480,16,-0.761731218137984,-0.299547442440554,0.817058370589563,-1.25448461203281
481,16,-0.152891320096624,-2.59042995100417,-0.421095728743539,1.69185810869604
482,16,0.228377750766863,-0.445354326130215,-0.82646051094022,-0.519315490770449
483,16,-1.84732388437245,0.431445640591947,-0.179200990516287,-0.80261163576484
484,16,-0.284870569868712,0.216083937661127,0.332618308655559,0.00311726173158874
485,16,-0.284378530053168,-0.289373347170348,1.23343191444252,0.0738677465980981
486,16,-0.52273750799414,1.77441505828627,0.254785956199525,1.721361075216
487,16,0.848705513542344,1.12654036051507,-0.404129490195487,0.0607026303859868
488,16,0.531292456088945,1.43150009357863,-1.80438007039428,-0.241115826340627
489,16,-0.25005179030515,-0.0713793345996562,0.0810886741834913,-0.279555198157703
490,16,-0.726886417623305,1.08704267127787,-1.09510201472728,-0.142297717143491
491,16,-1.24978446234481,-1.86605832501164,-0.645472155660788,-0.425889060687531
492,16,-0.996658339648894,-0.673765413801799,-1.3297607429321,-0.411024020521799
493,16,0.333182663141209,-0.732864988096409,0.0119478871947108,0.402343285129236
494,16,-0.513140604377895,0.308368571284911,-0.701745068349753,1.04303769162566
495,16,-0.0775740160239462,0.605987700560398,-1.16518898431075,-1.12042099274027
496,16,-1.2329721086794,1.94806352313502,0.363835113389094,0.294447350020414
497,16,0.413057904692104,-0.219072910520256,0.287785823637611,-0.512188236467666
498,16,1.2707386911457,-0.977200517773213,-1.48985837433003,-1.68197865064558
499,16,-0.168266878246589,0.554469074359592,-1.04730184156725,-1.05727729325548
500,16,0.61243307169985,1.11094566985279,0.667678982600241,0.775173948191886
1,17,0.0804254007340509,-0.559449596207785,-2.37112123564768,0.358020605555198
2,17,-0.476196210093721,-0.229563667916822,-1.65739291312826,-0.283747374036882
3,17,0.405130677857359,0.0531835668538563,-0.696661230742499,0.224060529209002
4,17,2.12873283653425,0.0246840824256389,0.739385622147317,0.4636971014436
5,17,-0.00120372963373104,-1.6824070458507,0.852937407884713,-0.0706373754660461
6,17,-1.06047647763551,-0.0117037710736322,-0.904768550981662,-1.5930552255824
7,17,0.553123949825141,-0.418458981901341,-1.69684025909934,0.0369801210793074
8,17,0.998536176176937,-0.0330662117628485,-0.105410199851599,0.16418171664191
9,17,0.916653415590298,-1.05261869328095,1.07192427282639,-0.810136001948379
10,17,-0.336846349667303,-0.428906012886544,2.67362510018182,-0.346715610928783
11,17,0.125623206919019,-0.160101300818158,-0.559625158957764,-0.520972268628248
12,17,0.778222090047405,1.05258023899773,0.501858673547844,-0.310712074982927
13,17,0.431980995175898,-1.71638308728427,-0.123402368400352,-0.450718001376393
14,17,1.59583100865879,-0.940103173587927,-0.605792324912855,0.347802249229876
15,17,-0.535460458853336,-0.501060273266396,1.38455450203763,-0.888746995528911
16,17,-0.195420691310325,0.812280034038476,0.839787623880639,0.519481214048441
17,17,0.227853551901659,0.795244016525848,0.492962787094493,-0.20026654100413
18,17,-0.737616957442376,0.235488006413191,-0.564624938583038,-0.14102130296429
19,17,1.32185209593154,-0.0639544807178799,-0.038087034331822,-0.472413265203959
20,17,1.41900918822203,0.249460725295319,-0.473832631415332,-0.298606286900791
21,17,-0.113658896749591,1.03563900170014,1.28418691243115,-0.182793062549183
22,17,-0.864108748487869,1.37426628289086,-1.13685885774923,-0.932437800079737
23,17,-1.0493172579176,0.404932479041697,-0.154806792019048,-0.17427423715774
24,17,1.58318176377247,-0.655706610058755,1.23571906529794,1.35231242730232
25,17,-0.815080417616327,1.92971763881445,0.821956489018301,0.573464859214641
26,17,-0.576197428557448,-1.41178798512448,0.0239987875447355,-0.628648075086124
27,17,-0.491288089346588,0.796304814638972,0.711653238256717,0.729762945330216
28,17,-1.30814990756966,-0.565658288148467,-0.251380657256795,0.29017541593828
29,17,-1.58174946111587,0.450937639635295,1.6709936086639,0.805894100922885
30,17,0.373480465919574,-1.66926521996465,-0.658870825914428,1.51808993566392
31,17,0.122670847257821,-0.229391874555024,-0.651714814581667,-1.81144093097888
32,17,0.93083581349316,1.52435438186529,0.164204525541934,-1.37299565339737
33,17,1.88767672338132,-0.408150517961778,-0.171077195130701,0.490299002478602
34,17,-0.418184912035607,1.27013917319252,-0.0011734272092082,-1.15843820193524
35,17,0.416037074296621,-0.0452635876625306,-0.920661015151995,0.193356675516766
36,17,-1.99548909757519,-0.053651692369538,2.15417670487496,1.36098604050743
37,17,-0.501308820438726,1.2637507212646,-0.529421934747029,0.634967666819214
38,17,1.27662679621481,-1.23713538350847,-0.717011743877818,0.0562493034812117
39,17,0.582843673721899,0.159606815201696,0.923138509860192,0.422258926718373
40,17,-0.888836809937568,-0.258699110106938,0.493438846069079,0.381258770384191
41,17,-1.4758569424159,1.00399834516497,-0.307412881424996,1.94822127555886
42,17,0.470932725599103,0.0837952381849973,-2.85070167601416,-0.511046805482939
43,17,0.356865066872268,-1.150871322257,1.79987910520705,-0.582404336717591
44,17,-0.220741053507859,0.575933557523304,-1.66297653894518,0.0923544032658191
45,17,0.420449470166257,-0.826054348455258,1.2578001039227,0.18440131128789
46,17,-0.0784763702039841,1.23396805808876,0.934804297455931,1.23880661148892
47,17,-1.52427387915263,-0.75609092052007,0.859905972862079,0.0161018437825036
48,17,-1.2564850057773,1.15115075329189,0.164014023809081,-0.151727604352459
49,17,-0.719275079314604,0.201683081163049,-0.363083053682051,0.46973278521114
50,17,-0.451275009842392,-0.615414758708526,-1.72394239121481,0.427385303154625
51,17,-0.145761143277917,1.92625601294756,-0.586996147599278,0.212982298469618
52,17,1.28459129963587,2.53814540246897,-0.0383370331062562,0.810905834718488
53,17,0.840513838627227,-1.06448916255961,-0.69459474050105,0.123248383197431
54,17,1.9942772808842,-0.996722119888314,1.11655721923219,1.09061973093861
55,17,-0.71468156143696,0.638143143805486,0.693321908141264,-0.506420864080764
56,17,-1.39028404043397,0.673698718307573,1.28688818068657,0.175458780714668
57,17,2.50681213281929,-0.154466989346423,-0.71760165329487,0.346043682244897
58,17,0.476532354299891,0.0591164787080153,-0.0377885902494481,-0.781630460798886
59,17,-0.0316166339408194,1.59632183583958,0.494765692907689,0.604172777505158
60,17,-0.239338655307146,-0.811763568467843,-0.843728542299005,0.845369976134823
61,17,0.403362298120168,1.17594083888217,0.286133919110288,0.318851240479563
62,17,-0.823331391446177,0.438842026346348,-0.367201619704222,1.16739880968829
63,17,-0.0657320453468793,-0.359457095415103,-1.73877887158064,-0.536410799816556
64,17,-0.663354875044654,0.753643099623877,0.226790931056245,0.960544614612113
65,17,-0.0653896169740877,2.68537850637153,-0.0321214319445526,-0.0268398782921446
66,17,0.556734758422575,0.997434402217999,-1.49001977377042,1.73027629070823
67,17,1.36012928667459,-2.2833618454284,0.270767643555407,0.0239061575174422
68,17,0.0599604194100723,-0.108580863583703,0.777745960955737,0.0623073282352914
69,17,0.570335985671722,-1.36851179315792,-0.52393854134417,-0.420951493036645
70,17,-0.50527703570228,-0.877068750987159,0.588810536473419,0.631353090172903
71,17,0.307898622065978,0.563950020537074,-0.509796670370843,0.467181450806593
72,17,3.06419759582425,-0.202265631023141,-0.013033732058696,0.912851925180066
73,17,0.221008549709546,1.32112132878969,-0.727363323798685,0.209132461606453
74,17,0.637267987850921,-0.317437601766927,1.22926906103246,-0.285962032797131
75,17,0.902942551666449,-0.395385479029528,0.373142093645408,-0.146017929057462
76,17,-0.0208160659465511,0.467568822636925,0.0582781117239389,-2.16049520965925
77,17,0.0939387573940378,0.379805793248655,-0.890561450175349,1.60698290500012
78,17,-0.784636853296968,0.0355044974551398,1.90446798323369,1.67408117313701
79,17,-1.16079558216974,0.61644159863951,-1.90818662866576,-1.96916473321325
80,17,0.488595943788808,-0.889073017081162,-2.06176523620879,-1.15061474587904
81,17,-0.373054064389132,-1.53144543975455,1.43380162739179,1.82452486398937
82,17,-1.04464956964826,0.501613096728911,0.317017898123173,0.329455870525232
83,17,-1.10546230971793,1.24973004199039,1.40604066322659,1.90946862766997
84,17,0.0915606254025579,0.295628307465455,-0.0711223041620004,0.667826922427141
85,17,2.10053449805095,1.66311422088671,0.192567639320703,-1.66309365352325
86,17,1.76592347316928,-0.39077241541718,0.561356055515838,-1.19281904338898
87,17,-0.124484538259552,0.614953913742599,-1.0225740451352,1.17022712840765
88,17,0.252348624810054,-0.0965812090640965,0.0246256164674718,0.995776506265985
89,17,0.242782881366533,-1.52133958986325,-0.780403485505334,0.395631573469565
90,17,-1.45694312720417,-0.481089412054189,-1.30123915626572,-1.18610770707573
91,17,-0.156980613615194,0.15891468806732,1.03100905224337,-0.147013994211142
92,17,0.418083966168868,-0.587391854570747,1.46074532251656,0.360885727576134
93,17,-0.565487473025855,1.52696044060059,-0.522407239675327,0.0956787393538302
94,17,0.114774090040199,-1.87986133948659,-0.595115968221371,-0.0526631357974193
95,17,-0.652727221147027,0.471815587999844,-0.549852281595935,-0.0530781761788627
96,17,-0.426058669743337,-0.637609357581765,0.990210189415284,1.64472147165402
97,17,1.44446900704371,-0.216647265718634,-0.2040256733227,-0.802992066278288
98,17,0.057920156028897,-2.17266799674608,-1.61534985501032,-1.43820128666531
99,17,-1.25952497148498,0.114963071984411,0.981152106034545,0.249888669218002
100,17,-1.26179654370889,0.96193761397305,2.18345285665001,-1.18989974893599
101,17,0.044064713756497,-0.178007761093848,-1.07102328496011,-2.19067928558265
102,17,-1.05663658444129,1.83814991828142,-0.342728334653768,0.292550158907387
103,17,-0.866778395125809,0.270482466959293,-1.32449187246275,-1.37852783469112
104,17,0.0857401665533895,1.63099740548384,0.234191335611841,-0.630358684701124
105,17,-0.681906003579441,-1.12635680781018,-0.825909105927891,-0.0029553007169243
106,17,0.50927097184706,-2.38970753164552,0.859582333885031,-0.700053999847838
107,17,-1.02982402212051,-0.817260767086243,-0.0189715103258194,1.92438137586959
108,17,0.670352095952705,-0.718598105592248,0.150734486547874,1.18123103759437
109,17,-0.294807203904383,-0.422113329860437,0.662608858973207,-1.06058590194878
110,17,-1.02503138518777,-2.70809144593801,0.0287434129270307,1.29408114090181
111,17,-0.242759857855407,-0.993739458536887,-0.385508725839636,-0.0487887772210785
112,17,-2.22242562341646,0.654086288928295,0.974734349131484,0.869085330167198
113,17,1.14092866553298,-0.0191700431090387,-1.45983955848059,-0.0181491917028589
114,17,0.687227341079455,-0.251410042184982,-0.475781840978857,-0.390948547495979
115,17,1.0621123075762,-2.19696696101268,1.1310178419322,-0.935368171019233
116,17,-0.761810798414072,-0.946050687917839,0.056221707589179,-0.470319249351715
117,17,0.357213045860327,-1.14915541098979,-0.845272433123367,0.0748920983454072
118,17,-1.2010877638308,-0.603746505399611,-0.310188076413151,1.27597580648558
119,17,1.39208000104181,-0.366007074371728,0.392898584787685,-0.676840357769654
120,17,-0.65257406798688,-0.30185008097872,-0.181091495593864,0.631663443208391
121,17,0.531432987655135,-1.10940407354127,1.29354881815388,-0.598469595652236
122,17,-1.59929737461785,0.326420560626141,-0.19146606048073,-0.256401026041751
123,17,0.861752489571383,0.249892172541164,0.529074110020392,0.517021091189802
124,17,0.498531048265049,1.43365255924966,0.413290200278153,0.139562753245226
125,17,-0.526926699588519,1.37227045046945,0.743859972072084,0.106909181392129
126,17,0.626805155937443,-1.26442172715371,-1.78826914976238,-0.0231798407067052
127,17,-2.26372623976476,0.398160903352545,-1.5369478604491,-0.341144384316502
128,17,2.57056176298,2.20337421566538,-0.0909585949862634,0.85952245320301
129,17,0.829591974158818,-0.661420445998743,-0.304240878993606,-0.371983184006228
130,17,1.01662321765282,0.204099654907718,0.727241686206547,-0.587076764427466
131,17,0.529138970035576,-0.542739651401591,1.29210917789433,1.63240075901729
132,17,-0.000691024218764258,1.26775401518188,-1.0584385644911,1.04437651080746
133,17,-0.719957773618544,-1.84300034033811,1.23489108547766,0.0857894369148414
134,17,-0.185828652956889,0.931621518158869,2.70377360802169,0.489505468932717
135,17,-0.314944968102293,1.61452824565106,0.177069560310922,-0.00351154608712249
136,17,-0.173402548847159,-0.271947849942044,0.30825643636713,2.07969096083953
137,17,0.118183990968163,-1.45938547449815,2.36867880516249,0.288460607195222
138,17,0.443182601005099,-0.465909457770455,0.921596908118632,0.55842327846405
139,17,-0.317759633721263,-0.185233265241222,-1.72558307049929,-1.52530953490878
140,17,-1.64889139380435,1.28771040024576,0.282968360134044,-1.46850044849392
141,17,1.22926609755707,-0.210419535438396,0.269993490556526,-0.0930761713331776
142,17,-1.26600172991455,-1.69748005273495,-0.453268604165401,0.449279339277817
143,17,0.0968035822934442,-1.19968065565815,-1.27828675479256,-0.932869769406519
144,17,-0.170238746262631,0.449670826481566,-0.665380314266655,0.633505297034982
145,17,1.63808338967682,0.221367762541264,0.768285917858801,-0.600384305225302
146,17,2.11901900907641,0.0809788829411296,0.505518823275024,0.419817949158736
147,17,0.799313361715226,-0.617825583343949,0.407052402728401,-1.20565215327287
148,17,0.227904680849472,-0.523223494322375,-0.929347607772102,-0.473122288288974
149,17,0.636014000244324,-1.58310977835199,0.619021530924382,0.372183912211909
150,17,0.952764910035688,-1.05538222619952,-1.82049515211107,0.278984420635282
151,17,-0.289048869717788,-0.443310884080543,-1.85422978945202,0.0628628494266466
152,17,-0.676442231149218,-1.12771409645677,-1.6397794693774,1.57030767824433
153,17,-0.101228196583076,-0.036143359352352,0.542768900939219,-0.377839484421349
154,17,0.297147746114275,-0.798035781857346,-0.509783000084594,0.205434340744095
155,17,-1.11934927603194,-1.09401269216535,0.131271092308093,-0.259951256086065
156,17,-0.221785457389829,0.423338576957548,1.40792483280135,-0.548045832733733
157,17,0.0185998923974317,0.360860840667872,1.51305712084103,0.141556667568465
158,17,-0.769318758929025,0.308586999149406,0.287777332422014,-1.25046353007093
159,17,1.79449851020925,1.50084022603778,0.00105015176111638,1.13647693393734
160,17,-0.482047998835668,0.212165645621929,0.957857866089724,0.159251598688623
161,17,-1.07899129045499,0.124342472310711,1.66174425786417,-0.156773960696176
162,17,0.000282211271950189,1.12932080745392,-0.752300322734593,0.396025978655331
163,17,-0.0515525861666996,-0.390705768605882,0.41673617122285,-1.12277971327616
164,17,-0.20053874260678,-0.347454972163338,0.768834032170559,-0.700746101886924
165,17,-1.91391573807103,-0.450728952201901,1.4075999575823,0.614366252641496
166,17,0.333348665490368,-0.989560941734085,-0.117775905071732,-2.91726826523886
167,17,0.43772083082616,0.238896469245132,1.5600378265475,3.25380457801361
168,17,0.339209998496856,0.0891061119767775,-1.49485176596236,-0.82761244682822
169,17,0.287658625703906,-0.069355716934278,-0.139913297350899,0.30550870597696
170,17,2.22293159598534,-0.305658602578959,-0.113465311884814,1.1362610798879
171,17,0.699818013958074,0.84246714868978,-0.916260072925528,0.412169740026345
172,17,-0.931656698804534,0.481638224868839,0.869204428319981,0.60347281419613
173,17,-0.162311047340371,1.66597691503654,1.0721558563109,-0.0730259062300156
174,17,-1.84419989281306,0.137062145023407,-0.508708904228715,0.242674341696917
175,17,-0.248690659918725,-0.993083618330421,1.20220579815277,1.26847287419568
176,17,0.488980046007913,-0.559158887032678,-1.22722053543977,-2.00532276199113
177,17,0.502454906417151,1.93108247586928,-0.398137601206214,1.05343709353184
178,17,0.777762697158972,0.40294490356112,-0.0707551258037304,-0.85984329796462
179,17,0.0400930755038506,0.83997486334903,-0.976806888361046,0.98987477840771
180,17,-1.66599019213007,-0.728968639514484,1.23996258716253,-2.06374923993584
181,17,-1.0000802355428,0.0425358886110684,-1.75865568881799,-1.62158494886571
182,17,-0.677427002325638,1.05421400628073,-1.28358365196092,1.62413578370012
183,17,-1.1815213007448,0.927164339712492,1.19795743554007,-0.201078676011772
184,17,0.372016159860478,1.11664326454197,1.61526122677177,1.37581329517183
185,17,-0.354458332840663,0.0162766304427345,0.648230689674269,0.853435498158799
186,17,-1.03151221056667,1.73992441714145,-0.266776591697263,0.924797751466928
187,17,-1.96869579642024,-0.903047677187866,1.37066178487272,0.0541380569297945
188,17,-0.704091521402319,1.46739162893357,-0.0309951115323681,-0.954836807344616
189,17,2.20123074872733,0.683181704668501,0.869183061046174,-0.159908048679076
190,17,-0.63808898102493,1.79617972036777,-0.665656551124294,0.450540188485189
191,17,-0.650306852612968,-0.479461549076526,-0.233123142128704,-1.01398805864511
192,17,0.239410128621279,-0.874681748056378,0.103789083890254,-1.47528346738222
193,17,0.666525731183957,0.534771196223765,0.626471795384773,-0.735758507504704
194,17,-2.51210483757786,0.370940122756022,0.503378318245693,1.14239066198564
195,17,0.547295912476591,1.2585270429065,1.26707468197854,0.23188295063716
196,17,-0.133880091831267,0.547975633087167,0.921752687626791,0.709097836099417
197,17,-0.735550674565472,-1.11352675232143,0.109968531803343,-0.584879947636583
198,17,1.97508192468418,-0.851945011998742,-1.62842726310014,-0.804094412689138
199,17,-0.0672776212244152,0.249526848500242,1.26534790127654,-0.0496585600901718
200,17,-2.04032338436729,1.72387378040899,0.318132190969171,0.454205515937958
201,17,-1.20582581923832,0.622243010042988,-0.735652662550165,0.027526644058579
202,17,-1.48955131839311,1.14050141562212,1.00874324288764,-0.565263949581028
203,17,-0.706897651021708,-1.60705576305226,0.545146074811722,-1.93778406949101
204,17,-0.917559382886099,-1.85803149693776,-0.777689864025919,-0.0172015428375826
205,17,-1.32385428840393,-1.07627349924202,0.164394598615701,-0.137985743320787
206,17,0.759402654042582,-0.68213694169163,-0.47257999733436,-1.0468533336653
207,17,1.14764558635375,0.56133882171964,-1.0879402583792,2.12707166365734
208,17,-1.76558412382226,1.163189594954,0.322038889284304,-0.302709412846548
209,17,0.734613738645354,-0.251536496609349,0.423487518497727,-0.665340402519387
210,17,0.424180903220582,1.75883948308693,0.0555235382512687,1.16881471000065
211,17,0.447508909341253,0.581888560935255,1.54817459552095,0.315730998905829
212,17,-1.8731499431911,-1.82004006333426,-1.17866942737988,-0.508394818747772
213,17,-0.701052968988466,0.44154990339809,1.47601615974984,-1.96725727244904
214,17,0.783305556814713,-0.312087218521188,-1.40471136090405,-0.570652150362873
215,17,-0.262032100419479,0.482720263927853,0.563365639835952,-1.10192686625098
216,17,2.03609716910844,0.372462099912191,1.31786445437151,0.414073779353229
217,17,0.633521559214303,1.03994964391137,1.99946181647313,0.703823871727671
218,17,-0.247456535960569,0.201143394068647,-1.14731103235414,-0.954887712555811
219,17,-1.40864366520243,0.974748270293912,0.191649437926325,0.814298039874408
220,17,-0.17628821816743,1.10337094698184,-0.0756430678510633,0.453796618200721
221,17,0.845667577224085,1.15924482971953,-0.8731240386532,-1.23399604683841
222,17,-1.39154447165723,-1.08824427206983,-0.307263723088151,-1.2589346433542
223,17,-0.565430327392577,-0.294839157198737,-1.65654064197685,0.32665245006247
224,17,3.5482986998216,-1.367120406554,-0.372309349527452,0.502366970532406
225,17,2.88551181999129,0.702887007990741,-1.3583107746852,0.86322100439637
226,17,-0.236035155464507,0.224572751335814,-0.292091482153271,0.503945021600615
227,17,-0.242424607168608,-2.03646703357222,1.06587346966533,0.138134386502423
228,17,0.793584649587877,0.215590333280087,1.32405957393618,0.333892339205665
229,17,1.49115701800851,-0.706415885983708,0.592112091177093,0.331536747685565
230,17,-0.101749135542175,-0.966518566367915,-1.09219630399981,0.0978524744447333
231,17,0.593570669957545,-1.88709295650461,0.156709904982834,0.0514297151072617
232,17,-0.679856655343777,-1.20350861668749,0.274009859927722,0.940706790109526
233,17,2.41075094297605,0.233957859351705,0.56127369926507,-1.37236272325192
234,17,2.18519536247277,-1.59679077852109,1.26292721953748,-0.254325854140041
235,17,1.32560123100206,0.622455341661455,-1.81129098139233,0.721655386756539
236,17,-0.081300088641204,-1.3295562548961,-0.256102776237699,-1.14416675060965
237,17,0.832750806952931,-0.490922997159082,-0.00164932853120802,0.161096226243211
238,17,-1.3041479267491,0.981319272147294,-1.4628090867998,-0.0490036101096844
239,17,-0.0858908184431805,-1.61614292921053,-0.528159453199771,0.662208920328763
240,17,-0.770323775522928,0.546906370951919,0.318743110146885,0.227881586861856
241,17,0.372914861815779,0.845382959515947,-0.886606569704393,-0.606517620757193
242,17,-0.559497567908351,0.184179792528896,0.318944619602311,0.53749058995824
243,17,-0.651381577907603,0.713634442276782,-1.56687702446342,-0.487830061230888
244,17,-0.631326858033737,-1.55985594995411,0.58497557668512,-0.0151305719843695
245,17,0.162853534239317,0.900307657170171,-0.49658367883192,-0.165757975005056
246,17,1.11636138187072,1.01009470464371,1.71558548637435,-1.78385577684773
247,17,-0.172599557724664,-0.963606215816997,1.23490033783057,-0.996573339911384
248,17,-0.706992363007811,1.45031537575712,-1.48720923053786,-2.23156281020326
249,17,-1.12324458573402,0.0817766404134279,1.3908629548138,-0.25994888768839
250,17,-0.191610419673554,-3.01469772345496,0.266257775960536,-1.41584992964956
251,17,0.75666041824165,0.404823536359419,1.04291950811723,1.29707912328202
252,17,-0.119768771087054,0.103735371742235,2.32691755094355,-0.848094398522423
253,17,0.658731939827166,-1.08370425778199,0.383492088611978,0.726619088462825
254,17,0.0590982580102679,0.482868196836633,-0.102855806081289,-0.537064487096923
255,17,-0.635346387976456,0.663206036300005,0.31828235389572,1.04291105346483
256,17,-1.34369656048911,-0.0311691188237556,0.708498302795761,0.419148921319413
257,17,0.663337129173687,-1.02519984390876,0.496861329029078,1.20008352933149
258,17,-0.345992349704327,-0.0837978129664167,0.331849896292292,2.12491702159645
259,17,-1.13632680701859,0.676163056920648,1.01402695360637,0.0621010421470912
260,17,1.38951600951028,0.413876006409711,-0.597757048318155,0.540335602528551
261,17,-0.487162550602947,0.923070220134639,-0.438342392014459,-1.75590108317064
262,17,1.03562129550078,0.314869798672483,-0.810420069215277,-0.20659625485952
263,17,-0.295584608622201,-0.470494757714892,1.73313600692123,-1.25599905783441
264,17,-0.254660057511866,-0.2185598395641,0.398064189081057,0.0554135051494819
265,17,0.223011034851439,-0.258050315355064,0.257805025503225,0.525253942905365
266,17,0.130865835547364,-0.218006952225558,-1.05937013933558,0.995646223937961
267,17,0.919398951863487,-0.551542264921127,1.05711662497284,0.560676371223109
268,17,-0.131089424893121,-0.857077334983196,0.623148284452184,0.0540866514437605
269,17,-0.335365230462873,-0.494022036038024,0.979696248235609,1.21597926251103
270,17,-0.449209470120207,-0.223617872035072,1.34686745880838,-0.229065418684863
271,17,-0.514365310900277,0.0725778023695355,-1.26110885435308,1.19628075221446
272,17,-0.83001524942432,-0.00379535979562229,0.200468437926819,0.161509697389753
273,17,-1.25792841725948,0.102377206464192,0.0287711598550863,0.921287303675966
274,17,-0.203728468026852,0.149603976818461,-1.28091995146641,1.39176378623345
275,17,0.949712449485963,0.615636567415495,-0.713724722333469,-0.229863301673885
276,17,1.18828271084397,0.000239198459105586,0.847778483696113,0.441920532438365
277,17,1.08682533918868,-2.16891427809297,-0.215333989302482,1.26578674020352
278,17,1.61109121989003,-0.378766255375917,-1.65676802021684,-0.797618172618688
279,17,-0.26110461490675,1.17699543383168,-1.41863496140521,-1.27087073943837
280,17,0.193057869601342,-2.65706737410365,-0.558457647997383,0.354744411852676
281,17,0.77948642152286,-0.539693008635134,0.336689095180082,1.58773029703889
282,17,0.0887468597005538,-0.344255224595033,1.14451340413013,-1.24298660113619
283,17,1.03809237640774,-1.9898713410334,-0.607567797717602,-1.41290353987805
284,17,0.816121321700985,-0.0144274898930691,-0.179495817158343,1.32958367120867
285,17,0.943202714915239,0.846725510448504,0.314267409978908,-2.17891101138195
286,17,-0.611164337654808,-0.337934808271384,-0.777610362170682,-1.40937220647667
287,17,2.10327179282786,1.00605913396606,1.1072555990999,-0.872642139797791
288,17,0.910650291083978,0.110594831162444,-0.563328701948684,-0.358261028616637
289,17,-1.84006940599266,1.28941772557788,0.195881556080566,0.34378856785512
290,17,0.355731527138921,0.0171784737003598,-0.543857279944356,0.221444854655648
291,17,1.74945809042561,-0.970048515946246,-0.4287295179178,0.174821323417977
292,17,2.08724896928717,-0.591142111202775,0.851937268293849,1.45553301402239
293,17,1.00927165308039,-0.314133587374995,0.191391379790792,1.56641688620273
294,17,-1.23789824095858,-1.28090540737575,0.647609714547811,-0.243809429569169
295,17,-0.117464413522078,-0.168624775040253,-0.602014904522333,1.19658487935654
296,17,-0.69156088364021,0.527791959695374,0.464803199646871,-0.340706624479746
297,17,0.866953274047751,-0.395453680176365,0.565241465965773,0.795846135376848
298,17,0.267965763331617,-0.599042254069065,0.272671573890965,-1.26860425180608
299,17,0.1828131774224,1.13052313241681,0.872634265149548,0.765088775582399
300,17,-0.13941259322525,-2.01310893597829,0.524400868557189,-0.728198446353307
301,17,-0.182366730609776,0.497089572827687,0.349734961980261,1.76850265197825
302,17,-1.56736170363484,-2.0581376334627,0.56285183163912,0.0568598016479093
303,17,-2.47940139592104,0.347390909775976,-2.40966941259589,0.804823708593895
304,17,0.334275668111429,0.754657835015695,-0.695149494009737,0.165712618025868
305,17,0.993011083181364,0.964812248057831,-0.520237194262783,-0.238368758911496
306,17,0.0023659712361739,-1.82544508018691,-0.149982488244218,0.168452421315126
307,17,1.51338903511645,-0.0143917582466236,0.651121479577489,-0.293372954828263
308,17,1.08624998311327,-0.90527961980955,0.320615288702519,-0.274435440492174
309,17,-1.22698487812609,0.290197008765387,0.186130848950477,-0.280249558004981
310,17,-1.30498326219011,0.330267802709018,0.814934719592761,-0.704695813642072
311,17,0.467896896475683,0.513960420898192,-1.63140728388817,-1.0809068392573
312,17,0.783757872047611,0.355965341829941,-0.889999018876871,0.942136031262361
313,17,-1.29357539087267,-1.28570999754164,-1.32561265601551,0.705871796838396
314,17,1.89715952395963,0.101620383765892,0.795557013903395,0.144251497933018
315,17,0.447189930015982,-0.6123425174973,-0.485096728007019,0.203760629640753
316,17,0.00790962066573115,0.470775573541193,1.56802623059884,1.36177273708601
317,17,-0.18291720213522,0.20473889377898,-1.78033381477651,-1.3764364314375
318,17,-1.05910647737334,0.378737105247367,1.14604871392531,-1.14449282134587
319,17,-0.92520248801934,-0.1747778724203,1.55631553907685,-0.32447203419135
320,17,-0.0359101333218449,-0.158809214201757,0.193924003528827,-1.48231055307027
321,17,0.142252979975683,-0.726394968256322,-0.058582195304068,-0.819520251564155
322,17,0.697613655413784,0.889843876828011,-0.973676491260323,-0.570931700970456
323,17,0.874636073527532,-0.289089851487561,2.37613330700853,-0.685597404092879
324,17,-0.108835867435478,0.135251250385229,-1.72286907238319,-0.232833935212431
325,17,0.0305841943065686,-0.861077751817255,0.400838674625497,1.17799412972957
326,17,0.0435433248022187,0.799329826047828,0.88454430118111,-0.14151539214738
327,17,1.62175586864667,0.209954905086022,0.55363450139102,0.0625860263003107
328,17,0.155104079849195,-1.87104559158658,-0.748199537590747,1.05080554624042
329,17,-0.226311379804984,-0.798175602318737,0.0262531686249002,1.02709911460927
330,17,0.725033738584281,-1.083993597979,-0.268709346984089,-0.460798321536064
331,17,0.220386885890254,-0.352158291590156,0.304384779430577,0.424827215201019
332,17,-1.13144115933299,0.780072849311906,-0.67644452858247,-1.22946865048532
333,17,-0.60923329744384,0.0174870454308515,-0.527057919385515,0.416916243509075
334,17,-0.547862908757012,-2.13321835465474,-0.639427220185381,-0.380830669751422
335,17,-0.726508985587008,0.0260942331498812,0.977075866129708,1.25734571657102
336,17,-0.236506329144846,0.546376873486445,-0.00190043059829512,0.286248724532031
337,17,1.03101811762807,-0.291216533492924,-1.84906116254911,1.35517430252742
338,17,0.527242907247888,-1.90610825215748,-0.4547210160578,0.66210721024588
339,17,-0.509813683845073,-0.589414789261555,0.689554800849857,0.382007756329319
340,17,0.492238866836413,-1.25912847629343,1.07111293302288,-0.0028842497586617
341,17,-0.606761671528319,-0.14002387507645,0.372167974188771,0.451746463795899
342,17,-0.871248249855206,-0.632338152555624,0.509829320010827,-0.274862582893881
343,17,0.27573926921212,2.32062789034921,-0.495542982894759,-0.657191787634325
344,17,-2.30901716011541,0.226323923488339,-0.706424861758692,0.985202245244443
345,17,-1.07573983754276,-0.8291956618346,0.829879581916968,1.86699608071796
346,17,1.45182783253599,-0.154908848417199,-0.205305343311111,0.607631662956491
347,17,0.71183510848391,-0.117983473441232,0.25102942191257,-0.455900671219758
348,17,-1.79309292704492,2.18670792757993,1.54250157630945,0.578524515445966
349,17,1.21400789113684,-1.0622149830955,0.524759295478189,0.846148394631768
350,17,-1.16721651251191,0.360271831409114,0.0543601046810057,0.669670799170161
351,17,0.824406435780717,0.00129866779764045,1.26010348874879,-1.59358068467075
352,17,0.513086471694416,1.31533653690046,-1.1003166199669,-0.387761112161674
353,17,0.193956550375804,-0.844673668293694,-0.124888702756136,-0.0528323527840489
354,17,-1.82079079979842,0.346170665684219,-0.0913708597845953,1.55361678800101
355,17,1.66787361958177,0.807600262659585,0.203658117499327,1.00195097363038
356,17,-0.612462970184951,-0.0751263570675353,-0.151514257446702,0.774474862236944
357,17,0.452410628438563,0.664229505917983,0.5278975129975,0.383610620220971
358,17,0.697380327056913,-0.146164871779849,0.0452924666598845,-0.00601783242184466
359,17,-0.650755186227879,0.838079015921358,-1.73809744335556,1.50192654651333
360,17,0.331505759880123,0.150107834042195,-0.280396485335883,1.27915131859127
361,17,-0.113361796345536,1.31180019276288,0.639288255441883,-1.05058484741395
362,17,0.218361343741836,-0.753184847727033,-1.06965307402526,-1.77969883155816
363,17,0.266030295392038,1.09701584331965,-0.692438946246122,-0.772683362175965
364,17,0.360233981648757,-0.123474218112417,-0.172996502850444,-1.06384711506546
365,17,0.562530033487836,-1.03067627100266,-0.673113162027809,-0.68772547202522
366,17,-0.121530817424687,0.220054295146156,-0.286166297761939,-1.32658807174065
367,17,-1.23834932073583,-1.80361891468431,0.174055939987689,1.51306204974191
368,17,-0.574761499944096,0.317451801061847,-1.26774655488026,1.96333886222659
369,17,0.372970495354777,1.61666699461771,0.0926131829362933,0.909293396689188
370,17,0.11880514305506,0.732592118398702,0.0468991727010999,0.541108569425947
371,17,0.593397318050106,0.625852278409549,-0.286506410988669,-0.0510813629864052
372,17,0.666018158306311,-0.356201194329468,-0.486564533234797,1.41802992715973
373,17,1.70897462973836,-0.764464391832148,0.366173912632621,0.876465171093191
374,17,1.53037167081591,-0.739881728222893,-0.420355315432992,1.14195853756558
375,17,-1.31648382426095,0.560133220246496,-1.6124928546851,1.03191622417751
376,17,0.535109094130282,-0.745257864034809,-1.19144508971291,0.497900954953407
377,17,-0.712818676264975,0.0658574816480978,0.318135009926738,0.857242271261641
378,17,-0.0155292989734803,0.943868855614412,0.0921360761056615,0.54210211657454
379,17,0.0201499456937186,-0.861606558402938,-1.11266483261071,1.78274687606006
380,17,0.82033899424366,0.621604225312322,-0.634543245351514,0.380036824578298
381,17,-1.76646932649395,0.949938506884149,-0.326613219073224,1.00779386776915
382,17,0.968975905902584,-0.914280442677519,1.20781647040645,-0.172349025595772
383,17,-1.10498223544184,0.157826248242288,0.700041183961588,0.75452008217031
384,17,0.215178692729326,-0.954834332582854,-1.44753210352951,-0.593192326744747
385,17,1.04434389368482,1.50521993248679,0.151089553098966,-0.144995361306951
386,17,0.1089242649477,-0.0618760096269799,-0.715117238563424,0.191502745505796
387,17,-0.202371428830555,-0.751894990422513,-1.16349815189287,0.899465535994058
388,17,1.63272878508756,-0.659791932093078,-1.116818263043,-0.0826160614984432
389,17,-0.70769171240499,1.66140570564066,-0.168814898426093,-1.16974061564949
390,17,0.433351718381567,-1.36606791281266,0.797081495410044,-1.06901693207452
391,17,1.39608051395954,-0.236073185206087,-0.371442267216949,-0.381002267322754
392,17,-0.437023471520036,0.398298133866853,-0.266640840287808,-0.612805858565322
393,17,1.80505485158962,0.338619416552308,1.0027177043282,-0.99420394665366
394,17,0.274029463659834,1.98153034952591,-1.15954930842873,-0.445491086628163
395,17,-0.640606730701125,1.30305887406907,1.31168016735822,0.394900987041028
396,17,-0.232330391493048,0.586612521278498,0.342550029221141,-1.58312565636
397,17,-1.11964529776723,-0.982734612043911,-0.742345723406165,-1.48007229149811
398,17,-0.0419166470951128,-0.110754010004798,-0.894331601278237,-0.441083408647031
399,17,-1.09035556799816,0.0711064249596764,1.61074932608468,1.57587373566028
400,17,0.011781319201865,0.765091766963903,-0.217864590184921,-1.17249058429618
401,17,-0.626784037198227,0.194994452968813,0.097541389811192,-1.21121450956669
402,17,-0.632909364040234,2.3052050217794,2.19110474105396,1.00952402659301
403,17,0.771017085181091,-0.658703959461517,0.385012337760839,-0.0435237521149365
404,17,0.829802130152982,1.01494175049402,0.453770405486334,-3.09426901887898
405,17,0.504595299882204,0.349061801310917,-0.993304097006558,0.2535461845246
406,17,0.980080313147703,-0.935802607032864,0.0669885843252651,0.184553146918592
407,17,-0.871750992129585,0.889645842572024,-0.733704631868126,-1.47195246841081
408,17,-0.0658979615516227,-0.599821204266456,-0.8358861872511,0.495514060810294
409,17,-0.651868394754178,-0.354889777404594,-0.905345581649082,-0.948299941503406
410,17,0.350149195006317,-0.733896066254273,-0.452111917434503,1.58849832253802
411,17,-0.158898468273781,-1.00300994488819,-1.68370262022184,-0.313949815105304
412,17,0.642416962519507,0.375461633341643,0.384387855952102,-0.589206830491237
413,17,-1.3797444299246,0.118113978846447,-1.3813395257392,2.30919564813946
414,17,-0.176689038012333,0.20559906379687,0.371537911030544,-0.0220038965845864
415,17,0.212462570733399,0.0194892153448342,1.72406534664412,-0.688874346826712
416,17,-1.35689535260647,0.675173301762435,0.659539852126389,-1.03728066151558
417,17,-0.08454356984441,0.339790840361273,1.32251921016058,0.141192701077472
418,17,-0.293641957920992,1.81668774813526,0.171419061227944,-0.0385627853125874
419,17,0.895174386359599,1.06686892309324,-0.985241982337413,0.975437610374458
420,17,0.822993847303783,-0.213205891051175,0.14250989244223,-0.0647958588698183
421,17,1.00187613067971,-0.470297699506507,-2.35818822657876,0.859271138001369
422,17,0.755690788426584,0.13661743702927,-0.491618411174339,-0.296646137108167
423,17,-0.308952774957263,0.0690942347208292,0.156325568762417,0.305639814130721
424,17,-0.956173689766346,-0.147240711966311,-1.5789209429594,-0.839950927326808
425,17,0.503690073465655,0.0784673087580642,0.596203358752286,-0.300981456880134
426,17,-1.51526332182143,1.15582020604265,-1.14874527671892,-0.862099078480032
427,17,-0.62934598231749,-0.385252950234047,0.524160678564063,-1.82205129991113
428,17,0.820469464099679,-0.584309948406249,-0.533027454515794,-1.07036986905706
429,17,-0.642568810027023,-0.16908015071143,-1.39411520055987,-0.938543794804652
430,17,-0.289645501871199,-0.130592455064375,0.25254817301179,0.949444723480799
431,17,-1.2832872516515,0.00687807117097399,0.592723887534993,0.220963325658823
432,17,1.087686173142,-0.038606143039952,1.7983866308916,-0.363914745549489
433,17,-0.548652271577687,-0.234131451505539,0.56200773762195,-0.565687577097428
434,17,-0.26109221928993,0.218458243356841,-1.63899788010526,-1.98067039309874
435,17,1.08910748951913,-0.917344005430009,0.834177905967213,1.47893764154613
436,17,0.54487085610608,-0.541365660906852,0.879233385247411,-0.895799882791272
437,17,-0.469140023697251,-1.35878664523215,-1.12689185135745,-1.26441090055617
438,17,0.97848663622757,0.74508560115986,-1.76043817533664,0.483030844594583
439,17,1.31247888178819,-0.398689980355371,-0.963064282048942,0.719459556930382
440,17,-0.388295311553314,0.117949202429384,-0.234494047437108,-0.471932436839535
441,17,-2.17980164399907,0.0683229133368175,0.497877703783181,0.224716328497923
442,17,1.71801444572864,-0.257140146106462,0.95057817085635,-1.32034481715814
443,17,-0.742561979851348,0.00319876263052939,0.899584952904813,-0.365258342130275
444,17,1.07198593060907,0.303777939450806,-2.58405853278926,0.059451715762169
445,17,1.17348473375914,-0.609724150883642,0.618158841398811,-1.30509530684957
446,17,0.0369357241652339,-0.512540026646511,-1.01211661876562,-1.61589995669715
447,17,-0.460416840588203,-0.770325855349658,0.751628416944699,-0.0624154883356222
448,17,-1.00283242242889,-0.819611181883236,0.591623541411967,0.47474941980425
449,17,1.07114538800317,-0.776101409937075,0.683675685789435,0.351346636050078
450,17,-1.04214826656376,1.08658345497668,1.01235546689987,0.702485668029431
451,17,-0.263066792240925,-1.06487842922336,-1.97410111251311,0.161384831584645
452,17,-0.394202127245235,-0.434017977369869,0.585351844229395,0.396536264057165
453,17,-1.63446972572779,-0.738908834709317,-0.550824113308154,-0.419245532503625
454,17,-0.578078979625599,1.42050817232612,-0.251319552751695,0.625107758903122
455,17,0.973719275972098,0.0777464082374377,1.68988300504927,0.957107295402345
456,17,-0.550955346928687,0.500527028421454,0.320019916922715,-0.483662658635819
457,17,1.29515976160393,-1.26813873648889,1.60485428294816,-0.843192074418673
458,17,0.518288737389116,0.339484519657132,-0.107348197627885,0.700895888088746
459,17,1.42513686666514,-0.30877480489395,1.65197313849233,1.10200821331934
460,17,1.2505027319985,-0.411822030636691,0.25537822725,-1.8006367974151
461,17,0.950145100348494,-0.991120277932298,-0.2869396612173,-1.01465764247549
462,17,1.93619890931789,-1.01658364038266,0.058422973629696,0.0482292903730472
463,17,-1.07713899190494,-1.15669186423335,1.5645056567772,1.0268640846065
464,17,-0.945379666661978,-1.3595977241422,-0.905335971196752,0.489983849505874
465,17,0.518624798324389,0.0777569590744775,-0.567361560664855,0.402835521562395
466,17,-0.610136180382451,-0.0214433628284649,-0.944659667110402,0.83303251686125
467,17,0.544288780777121,0.490891460473353,0.115543752885057,0.888220297019416
468,17,1.41494282378006,-0.931244408999518,-3.10934546185922,1.29101624987461
469,17,0.491954678156989,-0.296685427952118,1.45566135033347,0.294572685053647
470,17,1.65751620767543,0.112502234530378,-0.814836741158735,-0.561806162693922
471,17,-0.546582353680806,-0.216673083981564,2.71938413806618,1.03159244904716
472,17,-0.00946033701469726,2.52566531592199,0.1791739849129,-1.27445270265721
473,17,-1.72118090123117,0.0442589470760778,1.11197074894876,0.578127916932166
474,17,0.341872813345013,-2.38125003081659,1.02701703589205,-0.160505970407894
475,17,0.00151738642823639,0.0303668104236117,-1.29150558562289,-0.0692677813679172
476,17,0.49065302790063,-1.52556241043197,-1.27402212982317,-1.18366907579972
477,17,1.35423913479785,-0.283144648279791,-1.90361439985822,0.677292774761858
478,17,-0.540842997532542,-1.26874000429648,-2.11748271126883,0.316627826028745
479,17,-0.971909611541757,1.15661924786229,1.81144484469013,1.24698535961455
480,17,-1.09903267220194,-0.319916153639377,-1.89970802518818,1.25418103135827
481,17,-1.38718867064134,-1.16605854598766,-1.044608232157,-0.597621455057829
482,17,-2.74464722646476,0.898154951836638,1.10692869849799,0.530632320898975
483,17,0.155969766539965,0.546775551350564,0.640355792330328,0.930034037984618
484,17,0.272592649326171,-0.466461556683098,1.79035296461839,-0.0876798932351895
485,17,-0.8366453579879,-0.492106270948246,0.39078325624697,-0.234360571350314
486,17,0.593627474415001,1.78035734154719,2.58851392789485,0.543904892155649
487,17,2.40618108033911,-0.22763577817156,1.39951073859976,-0.796809669899705
488,17,0.156610813718148,0.40329873346063,0.490851279565934,1.46325880033227
489,17,0.351967451951551,-0.57532779773095,0.176007862619797,0.0691404955462005
490,17,0.328153781711308,0.3710680718323,-0.178750722262336,0.706487191289496
491,17,0.878760491075933,-1.10346846839442,2.17646350250408,0.53119330264914
492,17,1.70822091871062,1.4913888789899,-1.05416499833134,-0.885506376055699
493,17,-2.39099376242951,0.674726294070328,1.09397920589572,-0.0287641933545777
494,17,1.62192684116851,-0.659036002313328,0.973327483247821,-1.1726529728872
495,17,-0.0578379617591992,1.04051158419282,1.17090946786169,1.27473117035131
496,17,1.47399291766347,0.167939728364229,-0.937090718054223,1.60543521814785
497,17,-0.172880113516432,-1.61375712265819,-0.601042754582691,0.771601967136771
498,17,0.700946090393973,-0.141894884055088,-0.63321419301436,-0.45678956866802
499,17,1.70304943528351,-0.615327029733881,0.37051954023623,0.626912941391495
500,17,2.22137524518462,-0.571386514759801,0.481098892081003,1.22166970614609
1,18,-0.696709316778035,0.212923583116357,-1.4358929696543,0.135815814881185
2,18,0.951408004919361,1.327813764436,1.27653743272774,-0.872888843199515
3,18,-0.922296133236552,0.737152646741664,-1.93096117463601,0.877444655903513
4,18,-0.0823817310943143,0.25371179900342,0.875531449345141,1.12767299299449
5,18,-1.08862464951745,-0.501601705423855,-0.316933437620072,-1.49114457381491
6,18,0.545763977131685,0.181413313621188,-0.457402355596442,-0.229799271152748
7,18,0.262803829364005,-0.550969115907478,-0.822139018701049,2.43583782638936
8,18,-0.395305036475869,-0.1121272417042,1.04324369817281,-0.860182757042494
9,18,1.91674793340506,-1.48277925723829,0.175450733640707,-1.52470832671396
10,18,-1.51660517003582,1.60343536138161,-0.157807765610842,-0.516433096979289
11,18,0.822626746222185,0.78059372714431,-0.396689903318014,1.28104575678177
12,18,-0.673701945332521,2.07829031055106,0.467315303375369,-0.900513677242844
13,18,-0.985495578346254,0.0102426671000455,-0.835432156780948,0.673781348003165
14,18,0.840029716333618,1.00288544169974,-0.325024976716852,2.13722883375882
15,18,-1.26045629062693,-0.475395877072782,-0.319409254862307,0.458092117763702
16,18,-0.0427460190993669,-0.755128427620215,0.470817240541947,1.13420696607328
17,18,0.180136330371462,1.61514175934702,0.0975999358694705,-1.31594800966978
18,18,0.439423326080156,0.461490728621174,-0.31826378770769,-0.396198593958973
19,18,-0.099352843268135,0.912958934374664,-1.03739940711635,-0.0241204933626042
20,18,-0.380299741911761,-1.37089098119904,0.42752720382254,0.493330081129491
21,18,0.581431083376614,1.38670131973111,-0.529685747400483,1.27991108935258
22,18,-0.810075310995089,-3.17170418488153,-1.33333114252008,-0.647157415461905
23,18,-0.59260214308792,-2.27956875542007,-0.0790881573029539,1.49586847896985
24,18,-0.206330872349598,0.472603582544374,-0.429383909090047,-0.645981628691764
25,18,1.62804677916858,0.275749798543795,-1.19810054580256,0.408630967452202
26,18,0.544154447318046,-1.00809284505581,0.381698617596685,0.0263681915438001
27,18,-0.829708311192828,1.150124973275,1.05226502768723,0.516485583929955
28,18,1.06216353791926,-0.334093139393043,0.762463726077128,-0.519992513468332
29,18,-0.327396134366394,0.932486096843324,-0.501136295502609,0.394063860982794
30,18,-0.374466102211171,0.263723719857981,0.650378349033829,-1.68647634739489
31,18,1.09342776810992,0.923840435308082,-1.55146491787581,1.86402530902059
32,18,-1.05303323125857,-2.48970840163765,0.0651973237816562,-0.6434355582115
33,18,0.00442180221672333,-0.0175507896016308,1.37897272678521,0.321726810470011
34,18,0.512535810106624,-0.362509306974993,0.532131587183183,1.69847563979647
35,18,0.177669301889018,0.889499306078384,-0.630943749217283,-0.397577550469482
36,18,0.187469907939417,-1.31647780852916,-0.935541071700127,-1.27606926124957
37,18,0.663884711332869,-0.13707197790907,0.657979634787995,0.543491539182138
38,18,-0.911787695858792,0.934551604694769,0.382937141801771,-1.84229723078377
39,18,0.560847764603732,2.19051314656484,-0.332974260217215,1.76925258415162
40,18,0.970008621361948,-0.145638521755004,0.936183277549667,1.50009656585014
41,18,1.21856862106526,-0.786291666780332,0.282393624176066,0.38382091439911
42,18,1.67370982547111,-1.24022047458387,0.510687900821571,1.21988652481497
43,18,1.89454944737646,-0.812462174950397,1.27722335530379,-0.568884830915415
44,18,-1.75656713748635,0.278472397517214,-0.341642574795494,0.296262172843184
45,18,-0.865751102027184,-1.30074354200351,-1.13153248143799,-0.692141594125437
46,18,0.163533663911792,0.884976993528459,-1.2834614394244,0.87952895258482
47,18,-0.571966565498991,0.624835032774621,-1.47649815655885,-0.0912396281890523
48,18,-0.299544227788627,-0.567415012773741,0.077885991520731,1.34208554548322
49,18,0.061271035159892,-0.0930090007003497,-0.666447817825696,-1.40552373183394
50,18,0.957482660475784,-1.24204182755559,0.715928392405528,-0.352448756054083
51,18,0.446553872016279,0.969586035885152,1.01098861541612,0.517810279837568
52,18,0.64190904121684,-0.0895505997997206,2.56637230660272,-0.538660192145498
53,18,2.01083897749814,1.46780842465171,0.827905246125187,-0.163615984627758
54,18,-0.296662502220093,-0.641472932845347,0.904657576044102,-0.175914985727756
55,18,-1.94954667283805,0.0945632009063548,-1.29006694276344,1.04043002886821
56,18,0.271325503900174,0.316030951304122,-1.64641675009189,-0.506243065758199
57,18,1.23168668246744,0.179622781376192,-1.57608897259509,-1.4143046423548
58,18,-1.95024801948365,-0.153384502313381,0.721562433944418,-1.19764006193387
59,18,0.0463079196250221,1.26853039012043,-0.377306099637129,0.262255019426273
60,18,-0.108489000967012,0.229695408450167,0.469888660166962,-0.454318107543384
61,18,-1.4488034693748,0.0757567437320068,1.60214575749816,-0.696798910091649
62,18,-0.878015661771202,-0.0725966781936585,-2.08008352109416,-1.12212279224038
63,18,-0.536453167792782,0.777586619101493,0.923146137330333,-0.0791964802992138
64,18,-0.639189196365229,-0.244768243964635,0.42646580175505,0.476181915330198
65,18,0.167369485775664,0.240731303048332,1.22860032392707,0.000254295431453964
66,18,1.69251254803356,-1.0140855160226,0.0624539182043487,-1.8956772061745
67,18,0.847782662630097,1.64790667885971,-0.383383274839759,0.83907610443244
68,18,1.87169233617028,-0.0853186693817526,0.86216042653623,0.33913844132131
69,18,-1.08747137505227,-1.07185917105706,1.79184591764175,0.128085337939664
70,18,0.325630007736147,0.693803638578649,1.26990929799581,0.75380625619982
71,18,-0.705657967026446,-0.560300736917613,-1.65027329975239,-0.529738408155631
72,18,0.373056529335971,1.54777560045549,1.28359092240446,0.0251926255181006
73,18,-1.21293171192956,-0.0726292125992394,-0.584189743316087,-0.178338024679639
74,18,0.986471714770129,1.11613877903637,0.784036628173949,1.38618281761601
75,18,-0.384695112963761,1.71700586614423,0.742677676610109,1.92906063015706
76,18,0.0360080762247106,1.06599952058232,-0.36166721453694,-0.122591042395954
77,18,-2.13517659823461,-0.536070650916783,0.0843336843182935,1.22567457221415
78,18,0.0493358575629395,-1.2548461892111,-0.118224675372742,-1.45455005801928
79,18,0.396292867956868,0.432074597622528,-1.34395519038053,0.961768244746894
80,18,0.235667820517384,-0.464902661225614,-2.47651380273287,-0.00298616464341895
81,18,0.453555497797251,0.256348324648366,-1.19360279396203,-1.49431424790539
82,18,0.829346515363835,0.39045872447086,0.857256102844905,-0.256289809651418
83,18,0.176550253561692,1.4862094804238,0.295525039717983,-0.650985842442474
84,18,-1.26742710284959,1.12688671905865,-0.549381661252419,1.5873256306635
85,18,-1.73351929264165,-0.0618110908518506,-1.76906838532372,0.635025540624484
86,18,-0.996129907340455,1.74328523020145,-2.46037655620894,-0.0937383365919793
87,18,0.121912595607597,-0.859461631443091,1.68503101689065,-0.185116677266679
88,18,0.17877430874463,-1.31442826656906,0.954477196849722,-0.290406715015349
89,18,0.459755175047761,-0.289859385576322,1.3216290783065,-0.662291888448866
90,18,2.04121876398763,-0.351282780796434,-0.251547717363629,0.562343822528888
91,18,-0.439486766309722,0.108301202545826,0.0146471721227917,-1.3786065640811
92,18,1.31670928674761,0.863778722000193,-0.792190660098535,-0.540795602591472
93,18,-1.70595380044606,0.00954938429932684,-0.659139579441189,-0.0633400618469301
94,18,-1.81113423633261,0.429694443551046,1.09651506172799,-2.18978860645887
95,18,-0.0538928730892549,1.00116224235891,1.28458526885624,-2.74003336680121
96,18,0.194521774583194,-0.143048853785785,-0.481102097710586,0.0395751498499325
97,18,-0.586292740791552,0.783581428934564,0.793078579929722,-1.25069627859744
98,18,-0.712469945220171,-1.09812856778456,-1.55110100382017,-0.964218119903734
99,18,1.5695343514253,1.54444101742589,0.798715628231279,0.102182857032035
100,18,0.0368366817515261,0.987028505675775,0.272667099814488,-1.04821144713455
101,18,1.85980452763217,-0.697303485422698,-0.131404374934006,-1.16849134628125
102,18,1.08628133417265,-0.199197163155086,1.82065883503882,-0.150813099355774
103,18,-1.61283066178566,1.1450006746436,1.20131794177937,-1.39260874570771
104,18,-0.926164676547971,1.94834846719821,1.29296181717657,1.83118476412526
105,18,-0.0427838374843888,1.75753085852363,0.241878703537805,-1.03249244333179
106,18,-0.265945690443569,-1.38194178805655,0.957795959673049,0.440379728124211
107,18,0.638952678708898,-0.685448498063519,-0.688183283123331,2.87868694834947
108,18,0.123898997379365,-0.186019631131542,-0.653193157236984,0.516533574825052
109,18,0.0520020664774331,0.434253770446801,1.61925554053731,-1.43289632231257
110,18,0.946690032401786,1.55137996582259,-0.186336949984908,-0.0550233960362043
111,18,0.989519782952812,-0.421467467706068,0.968505265080999,-0.871422243441471
112,18,0.499540369241387,0.411621686451796,-1.35620178233136,-1.07248635816173
113,18,-2.25501865564149,-0.798117797773992,-0.822594637049981,-0.398433549569058
114,18,0.62688066729696,-0.881575765529177,0.137864988547617,-0.0353189796117636
115,18,-1.72612738855258,-1.01682343607738,1.35550335577351,-0.0288322150748388
116,18,-0.681650930949631,-0.758141608425825,0.612122240872127,-0.362342618229466
117,18,0.804001512520145,0.685771401216675,-2.03071201672371,0.103494078941822
118,18,-1.28165275098662,-0.159774040823503,0.83791357463342,0.166441392944867
119,18,2.01638099318151,-0.846706100448594,-0.960398118702571,-0.31651989246699
120,18,0.256232242673051,1.2454367026281,-0.112470629780821,-0.00656978091330436
121,18,1.75754060253446,-0.966494115483361,0.10677035721999,1.21670637418056
122,18,-1.0375471741489,0.0640280330533232,0.799655002890951,-0.653680024224216
123,18,0.453455457715669,1.10293415713496,-1.62289968972207,-0.0302937147030045
124,18,0.187173180013043,0.784672454348691,-0.116098374705661,-0.475248325455081
125,18,0.407179602310577,-1.4100823120449,-1.01873462281113,1.22523009875489
126,18,-1.27777095423373,-0.675110242471541,1.47784819173012,0.451214093686232
127,18,0.984378598713404,-0.163806575935931,-0.454683692129947,-0.56267878960901
128,18,-0.0590909881303975,1.71231913196271,-0.227462101815937,1.09062139764385
129,18,0.635791391528247,-1.51762602889434,0.443777534635051,1.26973066530527
130,18,-0.682257099526486,0.471997040763612,-0.0822282234230375,0.0932496037797602
131,18,-1.34462071560022,1.43305323937783,0.245448060401317,1.79850525851885
132,18,-0.784355633628935,-1.50655692016462,0.370513896591884,-0.842821404193017
133,18,-0.415228645952732,-0.539120580972915,0.534910159480975,-1.78832750214337
134,18,-0.573009066886601,-0.794842604888639,0.154157964643512,0.55477068805399
135,18,0.34921857244604,0.469788888847469,-1.07918510897528,0.749089587863365
136,18,-0.110175441393112,-1.37582082319374,-0.699395223039304,2.10940821391508
137,18,-0.325773124528063,-1.10339921252164,0.0719708644790536,-0.149241845771229
138,18,0.83190801958513,0.195412310769248,0.840616413027502,-0.356476963305804
139,18,1.21925033870335,0.373038044712497,-0.423087298986697,-0.495196633666598
140,18,-0.989687899680414,1.22675922572983,0.221574362006442,0.866206140857908
141,18,-2.16492620497716,0.0254295211966968,0.921730725868982,-1.00076428020042
142,18,-0.322095207721328,-1.14484798753097,0.375779989082767,-0.461012187512053
143,18,-0.0108357672809695,0.119692260765894,-1.08050955028138,0.325299176732877
144,18,0.00567952299783856,0.930225359094901,0.676863160773359,1.70972844670761
145,18,-1.55804808378605,0.614615864666348,-1.32223285899079,0.483866898839277
146,18,0.453620158856738,-0.207265297457092,0.529440508714811,-0.127534926481873
147,18,1.9556952649752,1.08716778340426,0.766735891655806,-0.082895880701462
148,18,-0.214139683651121,0.524538990856027,-0.058782155926928,-0.124653211548245
149,18,-0.851382171227717,-1.49194319697885,0.956492492579946,0.89168247553803
150,18,-0.906521703844034,-1.57962821169579,-0.790279832464379,-0.37762327968191
151,18,0.586658779118771,-1.60146780537351,-2.80430610136831,-0.959677341076497
152,18,-0.129343944812726,-2.19141024713045,-0.55296252252943,0.180877664711362
153,18,0.501384434126732,-1.70906825898255,-0.545870400722346,0.175997173699378
154,18,-0.407790945676869,-0.314846620421678,0.389017037418863,-0.406612038527567
155,18,-0.614588769285092,-2.91625246089176,0.776131246982945,-0.178620534115833
156,18,-1.00884288879922,-0.283562141215552,-0.697609719375596,-0.364394811949402
157,18,1.73305857434769,0.685657400788532,-1.02778535774439,0.0410093529097224
158,18,-0.760703235555579,-0.132029071244873,-1.60279332330582,-0.949266974065963
159,18,1.05937907956719,1.42358517412686,-0.616097215134618,1.37507660980175
160,18,-0.132708004437911,0.852633752367474,-0.193481265830715,0.729934444646611
161,18,-0.1742040745412,-1.33778226202868,1.6088703620502,0.468304606744898
162,18,-1.58023746855115,0.648006211760939,-0.256483262479708,0.517260365037971
163,18,-0.408085628872453,-0.149672608263749,-1.11553985131884,1.50957320645497
164,18,-0.481559159826149,1.01611765087412,0.553105565813442,1.00277818186748
165,18,1.05634728675129,-0.215276950448359,1.62296746423283,-1.00034659049196
166,18,0.579581425868849,-0.204971161908663,-0.457331968567295,0.539853103493853
167,18,-0.940961893867057,0.573507108649981,-0.293145340063155,0.157630445201039
168,18,0.0455315314414033,-1.4721161562365,1.16993372437666,-2.65637546551349
169,18,-2.07514169489224,-0.939071468758337,-0.225846522669947,0.938506658611281
170,18,0.542089428138801,-0.0294352779892857,-1.5859047419727,0.103528672310516
171,18,1.20903945281835,0.832033351643074,-0.245306076677007,-0.685485024663235
172,18,0.192130292418701,-0.175248985783052,-0.083289118771805,0.394303705985647
173,18,0.631987698843141,0.000280242560438369,-1.32123641340648,2.50185481293455
174,18,-0.715724886488824,1.28065164340731,-0.739800060575845,0.101040007884128
175,18,0.523106031131959,-0.415943798423658,-0.394136807649891,0.0270655429584154
176,18,-0.598757760463646,1.781442683969,1.85887935221416,-0.958850320313257
177,18,-1.55752582699053,0.352727567271616,-0.308548012291221,0.488839589475648
178,18,-0.0246217488875343,0.860032564435552,-1.09121416883862,0.229869598026405
179,18,-0.72704839541034,-0.794841347240819,-0.621508536234545,-0.450760452222626
180,18,0.275617909046443,-1.1551170166464,2.47734131291188,-1.28805029035855
181,18,0.319833247828736,0.219636156616151,-0.439582686381701,-0.376276797282909
182,18,-0.329331641265659,0.625161522378633,-0.560824750791835,0.178286118650272
183,18,-0.0278070170548379,0.482446053062841,0.518744766709994,1.93111941928685
184,18,0.695830154858412,-0.830852914747471,0.296977440046941,-1.91266175672146
185,18,-1.14180865985288,0.134104690722972,-1.02617589190474,-0.447029531020316
186,18,1.09945412500666,0.088512801093274,0.437784185501842,-0.454949256638536
187,18,-0.425481130738995,1.40604839799049,0.961362393167959,-1.31733531270965
188,18,-1.31969270787014,0.252259354961389,0.0678771976809388,-0.00181853300288461
189,18,0.389935842747399,0.670054875952149,0.588179380549534,-0.69555914314176
190,18,0.293014197638837,-1.15709286277634,-0.797791205355167,-0.423576162250303
191,18,0.453130768603217,1.24211019435037,-0.305796948344607,-0.983598059955217
192,18,0.890137112516532,1.69737840016732,-0.851738249320732,0.568320027432053
193,18,-1.3827115806358,1.45043879043823,-0.183741114920926,1.95950423241027
194,18,1.52737669871698,-0.988516833862696,0.535627283718126,0.964726674027302
195,18,-1.56680999943018,-2.07055443485057,-1.75267523907376,-0.0647723157093209
196,18,-0.637637418930272,-0.774591905627979,-1.74160301240618,-0.113106341997189
197,18,-0.49269824708494,0.575579118137302,-0.5853804724304,0.521086404793622
198,18,0.409989523084983,-0.533213714044987,-0.777864550057261,0.678228776284116
199,18,-0.202112266670405,0.317998194520098,2.00802983495431,0.178236803422857
200,18,-0.594298566104495,0.788140026949968,0.162626574732369,0.864626099548056
201,18,-0.133412915503992,-0.421124567022734,0.135912926455689,-0.859723294894104
202,18,0.950951672666972,-0.859936409573757,0.0872967331417208,-1.37573179312541
203,18,0.135233955026609,-1.08446417416933,0.812526533420973,1.20099298175207
204,18,0.29718130361476,0.0695503554192077,1.46335129182006,-0.230050872944329
205,18,0.995383154942086,-0.931866504256525,-0.128555114244775,1.27605748362826
206,18,0.766762915587843,1.16718291005349,-0.617542439995894,0.28593834041478
207,18,0.526379137266658,0.215526270094588,-0.380285607963055,0.787180237684218
208,18,0.230452420465133,-0.060620413381076,0.676315848248049,-0.661856925021888
209,18,0.215565200183058,0.438230196439024,-0.603374741475632,-0.811283734795899
210,18,1.16352721564612,-1.07982484789002,1.17084075744079,-3.40550222889932
211,18,1.14283589555458,-1.04316554348072,-1.07354824805991,0.958931043040887
212,18,-0.112552035044695,-0.866946072569709,0.14124102924114,-0.424254609838554
213,18,-0.56808125873854,-0.56668992989806,1.97887463860664,-0.498976648702055
214,18,0.506010773104705,0.128777192997819,-0.0194977301004783,-1.66195330726396
215,18,-0.290305080547409,0.773630976759114,-0.792744116846538,0.107560695382888
216,18,1.08214812147956,0.233238790502076,-0.0818101005075261,0.42483663614662
217,18,1.24426600199738,0.532096450776933,-1.54736963898772,-1.08338975623207
218,18,-0.293345985687913,-0.0214989181470305,-1.68726752099195,0.85579292588097
219,18,0.12757182134774,0.909769608185538,0.608778911415867,0.811123563228551
220,18,0.0219539579301645,0.419732926349928,-0.338070804074074,1.20818101265779
221,18,-0.539807200831407,-0.4114753683491,0.728790098792517,0.15583513840344
222,18,-2.08368812095704,-1.12199912301528,0.786815883575091,-0.533056906910509
223,18,-0.0092967150977179,0.401791030636452,1.08764245925915,0.128374138410096
224,18,0.712786587484712,0.533808815272663,0.172502405204452,-1.07965413597627
225,18,0.244848774194184,0.574145555435236,-0.204998721512655,0.568294791580476
226,18,1.78931622698332,-0.209669307759744,-0.11429637790333,-0.209777407500123
227,18,1.7225001004455,0.172715675699539,-0.119237729247496,-0.97560459292738
228,18,0.475294099484861,0.134755936249211,1.22015031958168,0.952237593836476
229,18,-1.92208679071038,0.356170432689182,-0.560983080486539,-0.56397719897989
230,18,-0.67696094414682,-1.04090701115291,-0.209665361488949,0.850532784116992
231,18,-1.02836576996592,-1.24944902271183,-2.39360700833529,0.221154791917757
232,18,1.61140273215715,-0.0260504451049611,-0.516198826830092,-0.935166396935487
233,18,0.886978540350059,0.807913029747732,-0.796726829682998,0.312364934930054
234,18,-1.54804173868264,-2.46984278783442,1.34279862775622,0.796670572639928
235,18,1.39860251305104,-0.622504051454289,-0.37405773111557,-1.24889007451491
236,18,0.608697034312162,1.22129409106865,0.955787467751199,1.14139981388457
237,18,0.0820275913203407,0.21108167258723,0.900725003867983,0.422606983124511
238,18,0.134122108937219,-0.408552083840336,-0.424124348743389,-0.712970072063486
239,18,0.426005261520819,1.84371358238445,-0.498008655580604,1.20719031237037
240,18,0.148166465558583,1.47410061346233,1.75466607938594,-1.91813152853747
241,18,-0.773996876419218,1.25301472676248,0.304359016611359,-0.0848205056350865
242,18,-0.524145048576039,-0.0549176108727058,0.101336052681155,1.13031196955232
243,18,0.659914738160694,-0.921299181079598,-1.93791506701579,0.694987400683785
244,18,0.541601697942275,-2.53540364492003,0.781601748034314,0.194972749430597
245,18,-0.93160596382585,0.884967976152097,0.433264437756737,-0.487544713131427
246,18,-1.01258042230783,-0.247956357366377,0.272156087370849,-1.12395322289874
247,18,0.100993570266588,1.48584773046714,0.134237425760963,-0.171009162467479
248,18,-1.07013681954491,-1.81872623994787,1.15995707548775,1.70408982216135
249,18,0.552282341671995,-1.31095277909429,-2.28638151474909,-0.273738308093955
250,18,-0.271434697353221,1.53780507701741,-0.706200112183083,0.209180943518711
251,18,-0.429183343868233,0.75866328499014,0.00282764118393204,0.39366016794539
252,18,0.240780747470523,1.41450360191469,0.285320584160692,-0.904021501728145
253,18,-0.427973185748584,-0.549051616083712,0.201336433181318,0.72125984608391
254,18,-1.0631795601551,-0.449981091815143,-0.748822774825084,1.22577425103453
255,18,1.20628469433873,1.05100505012125,0.37099412975807,-0.362793987010689
256,18,0.32172718446825,0.016421115786867,-1.35868675744338,-1.84149677740749
257,18,0.906115654514602,0.30188465592998,1.12363549558987,0.0190677963950562
258,18,-0.236342803949841,0.986332694525166,1.0570489027709,1.94926705354086
259,18,-1.13198600512188,-0.405081702672829,-1.01545875953682,-1.03989205443559
260,18,-1.54154422682195,0.920829209721992,0.32010564257803,0.430132877901384
261,18,-0.125494265685043,1.74993489580199,-1.71382438620887,-0.425559162042492
262,18,-0.180869598502116,-0.382166087223832,-0.39124279075696,-0.0127171804599804
263,18,0.235088124816577,-0.198085193426689,-0.181123713561682,-0.701585257506187
264,18,0.970947829036607,-0.446867193407404,0.707112740800817,-0.375252472463146
265,18,-1.86784167868057,-2.21021567661256,1.48332971565618,1.55096977192005
266,18,0.473351932588715,0.148256844795911,1.02980477017834,-0.467074852583722
267,18,-1.21214189501938,-0.867702955123107,-0.0283553160696004,-0.954784177760943
268,18,1.28423027100724,1.08773925662969,-1.35018153042323,-0.990137627867844
269,18,-1.08533120003322,0.893636363803898,-0.0456123902065207,-1.2999962401894
270,18,0.849728401162396,-1.71653554559053,0.55502549142313,-1.19412355175604
271,18,-1.16049724447073,0.374896756710545,-1.20030205048885,0.324147419503065
272,18,-0.288821727636292,2.23174238583893,1.60936852158923,1.38577160827524
273,18,0.423176787268934,-0.295677264812323,0.92009537718864,0.804244703748593
274,18,0.350530828263432,0.125220454894536,0.785569388637151,1.5963009673351
275,18,-1.19200166730601,-0.75417709375888,-0.400426298187662,-1.06801826053868
276,18,2.37551798921778,-1.38299346605957,0.64329811379439,1.81999004051289
277,18,-0.486205686168086,-0.667601990132427,-0.987479162033391,-1.02155190915973
278,18,0.0270375278020379,-0.0225992186297643,0.82425714864895,-1.84489949107533
279,18,-0.458807328265043,0.11251234368565,1.04013698462951,0.872972044156624
280,18,1.57693715704908,0.879628429438283,-0.167685241833345,-0.495954927951299
281,18,-1.18056059245591,-1.314938007025,-1.06052820627023,0.434752391608239
282,18,0.26913326120168,-2.01447118292887,0.126289352486794,0.179705968362499
283,18,-0.918624503921876,1.70189747147146,0.0886709536714692,-0.350741844080195
284,18,0.840195903642673,-0.319350296310272,-0.639776320675588,1.0893197273983
285,18,0.170239202638777,-0.361517449404724,1.03529132855528,1.97071293686748
286,18,-0.968087583296251,0.0752924660463459,0.549898624373693,-0.139165590087242
287,18,-0.24183872315649,0.4718146579841,-0.638285280800282,1.30570475387316
288,18,-1.21847957608123,-2.16808602387895,-1.9972571241021,0.52634386917465
289,18,-1.20646288190107,1.74227318529052,-0.632731036694185,0.102584499488089
290,18,-0.281914549441834,1.00606755165673,0.507382021830844,1.95435617133816
291,18,0.841053765899777,1.29990896938941,-1.69088887546629,1.69962073283524
292,18,-0.220097882697322,1.26102267773899,0.00613708328370092,-0.218593219119739
293,18,-1.52338653093311,0.0963573602050003,-0.249263321812467,-1.40771220611109
294,18,0.32907880440961,0.34880185347485,0.814872588178778,0.07310873097245
295,18,0.954516822189839,-0.391428133061245,1.34575199676746,-0.866773692755245
296,18,-1.81614622591408,0.628456035406416,-0.105245857858348,-0.83905954809053
297,18,0.191241811960353,1.85202552802604,-0.489609953758803,-1.11706472592443
298,18,0.751492746683935,-1.35336429789789,0.0248580488176623,1.65438065388284
299,18,0.125897469274376,-0.374818077468214,0.433022511995572,-1.73124312254176
300,18,1.46632556636389,-1.31465199338773,-0.191511400194203,-1.04348948304781
301,18,0.455482876022308,1.72945103565475,-1.6509139541963,-0.379058547655943
302,18,-0.402779376361291,0.130347480680074,0.844697612081954,0.339682378888299
303,18,-0.157228470514897,0.710086333179421,-1.98797721491725,-0.363312793931171
304,18,1.12877978639133,0.1191232333176,1.10173283449314,-0.329564665844706
305,18,-0.762471266704089,-2.05122800871936,-1.12029719255645,-0.190749541388164
306,18,0.201795194728874,1.42894356532386,-0.164520049892901,0.124856642993402
307,18,-0.0430042080353227,0.809839787572951,0.303015934530517,-1.00182918437971
308,18,0.165853925300443,-0.210295607243415,-0.466636143566063,0.685747184261601
309,18,1.18431492018799,0.554030308889753,-0.0806351287509308,0.0788465018878489
310,18,0.48105892595295,-0.600967744255593,-0.125340627851015,0.291691080501041
311,18,0.510575845464684,0.319795970086906,-0.279133650977141,1.23818208324802
312,18,1.13859302588946,1.05580251239732,-0.863616254231933,0.505013544650576
313,18,0.134433389053775,0.31475656969188,0.398287317627035,2.03103508214399
314,18,-0.702285066732293,-2.07264023154097,1.16073902541989,-1.67000449673238
315,18,-1.15274396190538,0.278716387603287,-0.304030891179017,0.0284679323198327
316,18,-1.60954383521231,2.28593421744125,0.665146835280824,0.648582542573957
317,18,0.35669460904108,0.00339699859088189,0.71997958605216,0.00863782651679995
318,18,0.489555726011704,2.00265259652946,-0.789315549438884,0.792526347234405
319,18,0.19256714067316,-0.902775135003977,-0.910091009359933,-0.239224334300615
320,18,-0.590347674814759,0.609097223059378,1.32577586279499,0.547561455956764
321,18,1.43971110524654,0.192000375269799,-0.814481960664551,-1.12742782611642
322,18,-0.796552363698007,-1.05450311997737,0.375473788830386,-0.341708176596623
323,18,0.648692311047823,0.432588388434057,0.00428463104585706,1.67908833681628
324,18,2.00216745081033,-1.53311011178887,0.427330247688378,-1.12573784746676
325,18,-0.0567343626535459,0.743132917549524,-1.56768060397407,0.355205677192913
326,18,0.300561704322707,-0.788724870437736,1.50632618565907,0.561541337962061
327,18,-1.95416568224795,0.140281002208947,-0.529349159617838,-0.117659359271638
328,18,-0.119020663957246,-0.171072675228612,1.55265894774008,-0.847086821259919
329,18,-0.319056270078164,-2.46180484711842,-0.27175212345349,-0.149107055507841
330,18,0.67601375816028,1.72676875795908,0.00550041450212397,0.190177039380344
331,18,-0.686909265230666,-1.14995841722846,-0.82889007012538,1.11626400614423
332,18,1.14377078839028,0.474312508528042,-0.589384026365333,0.108696898792476
333,18,0.70993560481444,0.983978400355872,-0.319706979903626,1.06463217087642
334,18,-0.588087466071031,-0.638458522323404,0.60943556828522,0.197159888210925
335,18,0.00262032208173382,-1.34105928903788,-0.614339037268636,-0.757827503731934
336,18,-0.479428495169498,-0.505201008046617,0.214250315038932,0.164375024459959
337,18,0.484729335349014,-0.750075735083834,0.972051457537173,-0.647527345450498
338,18,0.840785754873566,-0.493580536823484,0.244935399948658,0.501871998284453
339,18,-0.222448986385646,-0.964180498614084,0.0402722244293771,-0.923354168702538
340,18,-1.08796019602844,1.65508995124327,-0.0283528317628806,0.877683091701797
341,18,1.68037762941851,-1.15031943671445,0.742800375122878,-0.0773841222216309
342,18,0.209028599050917,1.22340920475164,-0.307751964942651,-0.152871753240063
343,18,-0.0417119949318618,2.68135908976141,1.24790902549346,-0.616785452793223
344,18,0.698798134610978,0.312582731472037,1.77115083717189,0.722556941658569
345,18,-0.0737673292417048,0.0237445974768484,1.68293412578843,0.560772871867923
346,18,1.60530359676239,-0.755156737597975,1.04276307968533,0.68697450682989
347,18,-1.53440733561923,-0.410482483645887,0.243138280657338,0.0834116214372329
348,18,0.279339679565312,0.0309783924315061,-0.521981093059118,1.27705621934737
349,18,0.388185595253782,-0.484631866748441,-0.557012236866214,-0.423122967331868
350,18,1.06999547111816,-1.47112112720956,3.44991890216917,-1.59078850995746
351,18,1.95944264236796,-1.24857064873344,0.361213635200392,0.432697308783307
352,18,-2.20875488953642,-0.895403285677126,1.11727363289439,0.391168581951675
353,18,-0.637587821088013,0.456537992215345,-0.976031440397989,-1.88852882730187
354,18,1.24286032504186,0.590416722623525,-0.191944824123469,-1.89342296442061
355,18,-0.425062430345181,0.273729332296228,1.96668358957587,-0.121254646548397
356,18,0.165268978243832,-0.226071751638136,1.79257747956,-0.209148932831664
357,18,-0.683640272814894,0.19618260877852,-1.64869996654039,-1.17041451672137
358,18,-0.114631163755392,0.836158445410016,0.440755775497249,-0.843814985221525
359,18,-0.524306102987513,-1.26579614445762,1.11932973891685,1.7737816803707
360,18,-0.273528588815732,0.488282499363052,0.827325391304329,-0.902823903070118
361,18,-0.226875258498164,0.255336589362375,-0.0141886530677046,0.855263255895675
362,18,-0.196300491016313,0.435916458584415,0.726350704299267,-0.912811550959562
363,18,1.89974749277561,0.688909222759584,0.314005001851451,0.2917284873531
364,18,-1.68163415443531,0.508357210290384,0.153088448235036,-0.58998898008159
365,18,0.427152273753639,1.08442287819979,-0.571444823938393,-0.431798445966852
366,18,-0.162125544847351,-0.830659500317936,0.721790077207928,1.33309343782246
367,18,1.51913584311489,0.236781224548823,1.11087913417307,0.105280748875942
368,18,0.682893918213642,0.523201998825367,-0.360993962346126,-0.80864714969912
369,18,0.452499893275762,-0.628936456344386,1.48791153204623,-1.02609587335057
370,18,0.943714692718202,2.19522538398968,0.175200681339603,-1.70947783042796
371,18,0.854360031714568,-0.534424318588948,0.667140813176926,0.873571273866623
372,18,0.384132614491804,1.6555300462461,0.992228414211607,-1.13597424277981
373,18,-0.856335924762501,2.69402969517618,-0.572478731743796,-0.0197300033671507
374,18,-0.191539139454469,-0.847149556351562,1.70858466016754,-0.231974974281821
375,18,-0.0815266320067653,0.478001383699046,0.950958882128659,0.932763431221604
376,18,0.921994890984962,1.11693478070203,1.09388619341951,-0.579891435105902
377,18,0.360807477737762,0.136714803094371,-0.065131959961401,-0.602351604279135
378,18,0.421147378702873,1.14803724281168,0.566237080782058,0.365073240723301
379,18,1.32406514775446,1.46342355915851,0.876612403775498,-1.84286265408974
380,18,-1.79026393720166,0.218997956336735,-1.04858738791486,-0.473677601064729
381,18,0.743728251804615,-0.494315559885414,-0.776429231587514,-0.375930323070845
382,18,0.543429106435908,-0.337916858429894,0.692750017986015,0.158818686516993
383,18,-1.34250444101175,0.824396323184945,-0.29431127790423,1.06112833959187
384,18,1.75328152532555,0.306755326682599,-0.411226707962186,0.0494827684229396
385,18,1.91139336526704,1.97468391061285,-0.867796182316482,-1.7646674804651
386,18,2.62364658411211,2.29330371892071,-0.426229557467294,0.428790306028209
387,18,-1.10636289501023,-1.2581389055884,-0.805676326353404,0.837063342206119
388,18,0.136365012696698,0.271397639360002,-2.19321316194432,-0.136230728980267
389,18,0.00755661777464932,-0.948672411271206,0.879093807750911,-0.222974655728459
390,18,-0.156589907965245,0.71095551861082,-1.65590525392393,0.363482470814893
391,18,-0.860670799770336,0.860332506505311,0.0940946022935971,1.222122366177
392,18,-1.36730460962297,0.0402522139504805,-0.479735510431162,-1.44930357844924
393,18,-0.820244000690438,1.09532132409861,0.205061271782028,0.508334740061429
394,18,1.71597827264689,0.763693152838111,-1.56601114118543,1.17436662833905
395,18,-0.718139382259808,0.351915162922003,-0.36858830699538,-0.489432557510625
396,18,0.635708874980443,2.23746855575105,1.35186903502591,-1.05188581179136
397,18,0.014447276064402,-1.32973188265657,-0.186740825944575,0.463436311788847
398,18,0.282856556222372,0.355701731900452,0.00789488211541526,0.630782147420639
399,18,0.445400768185345,-0.637845579785457,-0.802359055770541,-0.738720340249913
400,18,-0.540960678449761,0.771565235921777,1.07424773691514,-0.153438433467308
401,18,-0.469678988343924,-1.58270465315626,-2.17208056366364,-1.30689191404003
402,18,-0.116239057947822,0.381563679302086,0.222787601167627,-1.46814887412364
403,18,-0.557104671683562,0.980784410355087,-0.416656277835678,-0.341593155455984
404,18,1.04969228019109,0.45185814152843,1.89694466160059,-0.95031231290503
405,18,-0.615338090892767,0.152061760621021,0.18051907544666,-0.0344359544122201
406,18,-0.404034715291116,-0.0520650638576112,1.1445010300968,-1.62761979549986
407,18,-0.635607518460059,0.350517584070968,-0.636417114673819,1.30398239421594
408,18,-0.736512739039807,1.44489213201555,1.80001910714623,0.0491861035140266
409,18,0.657521766008435,0.279457646838086,-0.899576075512677,-1.07343753664449
410,18,1.09955372828367,1.04157474290749,-0.0497140901012548,0.623073561307348
411,18,-1.22364575667691,0.120481955612365,-2.03594568259395,-0.0446866810143835
412,18,1.14597682845909,-0.642468773322633,-1.53862406766456,0.172289113818037
413,18,-0.454967222935076,0.907194956813589,0.749299735412684,0.37396404629034
414,18,0.325608309974169,-0.760774779370594,-0.658013313166702,-1.02318312490077
415,18,0.487806993068314,1.34973502732605,-0.208754556976839,0.00344877673963365
416,18,-0.428001780636569,-0.861728981705864,0.861128517719504,-0.724669141561524
417,18,0.101109069248862,-0.0426048084965138,-1.51635242397849,-1.54807272359638
418,18,1.49939851572167,0.472127083685023,0.937107837035635,-0.125002306395924
419,18,1.40298926579602,0.55995340805037,-0.71546161047553,0.534435808898997
420,18,1.6221994182984,-1.22743038510094,1.14377409158547,-0.948876637890333
421,18,0.757930602948676,0.509905224725558,-1.18556196788961,0.432317249289346
422,18,0.0318659273106295,1.31244182559988,-0.466678704044995,-0.398008434567108
423,18,-1.49272738446619,0.296105250533493,-1.9166046059848,0.628820099169587
424,18,0.791315028940993,-0.309029736411923,-0.0481936445021257,0.810757410584938
425,18,-0.634445895906672,2.1218154564817,0.0550908825872054,2.5736474892822
426,18,0.833942041796696,-0.588525337895751,-1.25608170142545,0.259061231668211
427,18,0.429802871410172,0.553165150612255,0.0643993010961406,1.04586325212462
428,18,1.51837462398286,2.00003014652413,0.82462346967541,-0.0756849182403649
429,18,0.0566561427094684,0.194778966910436,-0.870205330392987,0.834420208603012
430,18,-1.91863246220821,0.435201171705059,1.22136822946983,-0.643703429262447
431,18,2.03842698346375,-0.223528687686216,-1.39987060760035,-2.19460698033284
432,18,1.71679086345359,-0.763545743185807,-0.330881271104492,0.680432370907187
433,18,0.820009749943352,0.88871991134677,0.178214707707704,-0.248308638135048
434,18,0.178171510556697,0.00269748690278838,0.747615417321833,-2.0009472060195
435,18,0.164740685533852,0.406858084134389,1.69059657236318,-0.930119335684738
436,18,1.07584633352313,-0.877974138724644,0.423082991831775,0.280012670499259
437,18,1.49816329986217,0.965154169718709,1.95726439158152,0.220320572875116
438,18,1.35813696301707,2.34269828842129,0.444033493251944,2.17877552005368
439,18,0.729897537688874,0.989735022623038,0.649514770597504,0.652100232739345
440,18,1.52419609567526,-0.861602733492837,-0.0423513101858932,0.988169140382844
441,18,0.477974165756853,1.46001941818517,-0.757932276294883,0.269221774865756
442,18,0.499657997847731,0.954188565244455,0.746337337116471,-0.83568063513204
443,18,0.579916438040467,0.355113189861008,0.161638247441481,-0.448722464891418
444,18,-1.20231689333909,0.66739878107574,-0.12190980859582,-0.362392976684336
445,18,-2.00057264763573,-1.2450685029146,1.88399481396333,0.490875448139159
446,18,1.40020494777684,-0.869351612252971,-0.602138453220354,0.0414900032953907
447,18,1.75872369794673,1.83409228867763,-0.374780187148023,1.4031797296551
448,18,0.48602773018594,0.265200252833298,0.157559496482935,1.56186298998015
449,18,-0.0208803454240261,0.323887716084902,0.530534133973949,0.665189981118512
450,18,-0.926296553421559,-0.442897419182021,-0.0194222022089389,-2.97009150857557
451,18,1.20325586128179,-0.105125074130458,1.53204403372852,-0.511255816089494
452,18,0.139895794397853,0.183717225648423,0.87445955093788,0.704528256700541
453,18,0.282003831391607,-0.634115619778026,-1.22245788176388,-0.315482957592587
454,18,-1.43472335835081,-0.00513319516112824,2.0244339572339,-1.40720584283457
455,18,1.39751301379375,-0.34724817898197,0.313880938713025,-0.959782963000139
456,18,0.446843319398288,0.977736466253567,1.10186967749734,-0.338868608297639
457,18,0.297425929575416,-0.547853910867731,0.295052471757331,0.250136477210924
458,18,-0.00583224415489822,-0.427011282609786,0.597514361012967,-0.0802326253812537
459,18,0.670567578122165,0.727389844551886,-0.556681972430138,0.963604965527375
460,18,0.419192944604225,0.214436012136718,-0.450760592639939,1.4302456889034
461,18,-1.06763916782838,1.29184176903122,-0.820702099640505,0.411474617584841
462,18,1.05477895380558,0.946839786635562,0.989042436804388,0.517284284236155
463,18,-0.0126119070558579,0.398026312422773,-1.6397675904204,1.49056531461888
464,18,-1.38049043726335,-0.49655889628995,-0.575803550911395,0.252044930623885
465,18,-1.22031555132946,0.31436863654518,-1.40047850184941,0.508620714509123
466,18,-0.290043632125037,0.143716459937735,-0.513657534342981,0.601804607014309
467,18,-1.58921967034116,-0.396731854675328,1.0172546318515,-2.61997950405991
468,18,0.936240072374721,0.0877576575842255,0.315886419815249,1.52930404993645
469,18,-0.22538968884255,0.474381383450534,-0.0673331281816724,-1.25379825203049
470,18,1.00999039409997,-1.22213762675433,-1.32779535110943,0.0539307421081328
471,18,-2.14471479235631,-0.149405410821278,-0.69502721112581,0.845073407896422
472,18,-1.09154996546308,0.629414481859809,-0.143085416336164,-0.743594106522573
473,18,0.730619159292509,0.617456310076881,0.0638362948212806,1.45342301576745
474,18,0.350591727234097,-0.615901481075825,1.60241507726787,-1.09942423905494
475,18,0.570420037120927,0.128068856628967,0.957750054748714,1.71576681767734
476,18,-0.0566028842514919,0.723555726374571,-1.0700840901709,0.312348433550806
477,18,-0.923269132892769,0.716916726787605,-0.510848992788946,-0.609379743292419
478,18,-2.20110562399839,-0.144923246437705,-1.97825322271404,0.799919817995845
479,18,-1.30450194663826,0.32424154347247,-0.601686372484761,0.0988491348590201
480,18,1.13368057639173,1.59891224298202,1.34527784036476,-0.962381626377692
481,18,-0.650134137535448,0.214495230937253,-1.29860920609644,-0.237717568328863
482,18,-0.650300118938865,-0.773731578135282,0.272027310076823,0.189602900480395
483,18,-0.158344633503931,-0.209847487575996,0.585055087626477,1.41284674878307
484,18,-0.444172078251617,-1.21083085311941,0.388469474677511,-1.84259099048688
485,18,-1.13323975849315,-1.63603900425934,0.063449116192683,-0.0688632292553505
486,18,-0.240311029436478,-0.0798006274609284,0.28971724122492,1.36825956410321
487,18,0.148538637894149,-0.513476676599478,-0.921934071917825,0.776164086786006
488,18,0.302680941199317,-0.765044490627909,-0.318665746850464,2.02239752662285
489,18,-0.652451697008006,-0.291054138145916,0.136139217541577,0.184750203213575
490,18,-0.651554214997937,-1.16596420174969,0.24074886605567,-0.862762113715534
491,18,1.2519399267397,-0.337870104065051,-0.959397890006786,-0.0839905639193211
492,18,0.763036465784583,-0.841853376015081,-0.99829771789645,-0.824525350955727
493,18,0.382914950054674,-0.254287010202144,-0.0776975689748357,-0.25443435197767
494,18,0.214091666239438,-0.0214200308207649,-1.22337503751887,0.0266517558310985
495,18,-1.13404594758324,0.213664145233208,-1.44504186703716,1.97160546977059
496,18,1.05862847907009,1.05300621698905,-0.768065297931385,-2.06785256024455
497,18,-1.52846090027319,0.346326412581158,-1.03239842289333,0.406292503186291
498,18,-1.54257301718104,-1.20547413393224,1.11456081022732,0.383862797171176
499,18,1.24451171261332,-1.21671421780051,0.0574575781502353,-1.94142472241849
500,18,0.288259087428439,0.542755948102134,2.30758169978133,-0.86008881351995
1,19,1.62540739022385,2.11968358627009,-1.64807328355082,-0.16769164649595
2,19,0.95872964667543,-0.323286556570323,0.0431702376905523,-0.423708806645346
3,19,2.31913349409526,0.596528167890783,1.46799081169219,0.249435710299017
4,19,0.150381875110511,0.466603514491145,1.60902826668017,1.14278219353614
5,19,-0.0691497882299385,1.73333830358785,-1.28176466646113,0.893543133437894
6,19,-0.867098040041254,0.535016856189773,3.70184222068052,2.06853882464462
7,19,-0.439160496919495,0.41299363283054,-2.27885077324073,0.27492074156222
8,19,-0.686457628414487,1.88227605159086,1.17907345051422,0.378606718555833
9,19,-0.449214497833933,-0.0110096161461125,-0.414605294518926,0.0408253450241762
10,19,-0.73028601663704,1.22348528290249,0.927713968916033,0.353282678691744
11,19,-0.958295987169909,0.506484156033733,2.51111922795793,-0.368540718308509
12,19,-1.04951384007685,-1.47366976496745,1.94997848356602,-0.923450733863247
13,19,-2.10821666798146,1.11006879941349,-0.34958310503241,1.72835719633701
14,19,0.896236117310627,1.86181105009415,0.995144312338699,-0.527103865160869
15,19,0.346692540898384,-0.393040003838474,-0.0027937793935192,-0.59398851582528
16,19,0.618631823279743,-0.12583534403424,-1.05412112153565,0.30866865203251
17,19,0.290536959493529,-0.829352022970651,-0.280116630359064,-1.36683554494992
18,19,1.50717370213841,-0.128339402071729,0.64228467456181,0.660292316998268
19,19,-0.323753932338485,-0.109125917095266,0.419690886575202,0.101382183348859
20,19,-0.138223897451252,-1.33049055077837,-0.0268858756535897,0.574070909669608
21,19,-0.654835628746148,1.56918542753492,-1.18137839659984,1.24016058161322
22,19,0.622240429146322,0.483858240731482,-1.01375662592142,0.411684338054332
23,19,0.535553662197777,-0.185985680918744,-0.369970670159687,-0.207402520751428
24,19,-1.32077301426288,0.654292549976279,-0.186757312626817,-0.955336707558147
25,19,-1.55310273191597,-2.06826597824484,-0.269252193840793,-0.165932510644747
26,19,-0.708984162270715,-0.900274130622519,0.171128125737711,0.773916915640542
27,19,0.818648422128366,-1.1709697375573,-0.0507900326929205,1.39213537098451
28,19,0.112079935933005,0.482329185465043,0.556747497805634,1.31272943686582
29,19,-0.0985762214133379,-1.16081400439077,0.250378226329636,0.138577999665651
30,19,-0.411855446521511,1.54963433709819,-0.398886368154175,0.748910716565
31,19,1.16193244823212,1.64072246608209,1.08005273835764,0.30381815514493
32,19,0.386140444368786,-0.271125396829236,0.666238412741433,0.316975549828824
33,19,-0.701348576676484,-1.24644293901719,0.380573537474418,-0.218327814587179
34,19,-1.36693762134708,0.967390306827596,0.565370482446374,-0.907597253010715
35,19,-0.511198144810829,1.10617499859424,0.346955167232117,-0.13940454871904
36,19,1.76349183534447,-0.714465677183924,-1.07047102714259,1.40962152652522
37,19,0.206384074078435,0.000392258518853629,-0.138337278088367,-1.4562633009489
38,19,-2.47446022389007,0.407682676975415,-0.314748091316739,-0.937174964797121
39,19,-0.884121105662029,-1.06796557360481,-1.29361645179942,0.847655075266017
40,19,0.496622649784354,0.125673632032597,0.379546763232012,-0.432525732543272
41,19,-1.82496580325024,1.10037548322025,-2.06172898234157,0.648438704589094
42,19,-2.08274829970188,0.564969687105759,0.828957305441562,-0.911018543810906
43,19,0.341521406624822,-1.126806667133,0.986391422250387,-1.04403647119159
44,19,-0.597873150480747,-0.855220487709169,0.421865683478458,0.300625352623317
45,19,0.601207722446982,0.818437237866135,0.512643823597777,-0.525711542896218
46,19,1.21690216591229,-0.871571362074255,-0.942312218457864,0.125011247346246
47,19,-1.97124526585073,0.197995798045973,0.392171601088696,-0.152137520817534
48,19,-1.42336474495465,-0.891747472479903,1.36392493475512,-1.42417281096455
49,19,0.221538359182131,0.134892841809449,1.75668610337285,-1.5325755824482
50,19,-0.103476488260849,1.0657118029223,0.879025800773727,-1.82034215973535
51,19,-0.287770850699637,0.808078144747118,-0.407328213378699,0.580088874896949
52,19,0.968606710678281,0.624109882961366,-0.6752013005322,-0.22824858127862
53,19,0.933427593941865,0.425735309636573,1.75208541869008,1.26864386033159
54,19,1.00718676852192,1.51255058739447,-0.304970423179321,-0.809639125854516
55,19,0.959555259810379,-0.934418694440567,0.51681024823727,-0.591552403743214
56,19,0.301831810274973,-0.35600089278806,-0.919327128696828,-1.89159965567475
57,19,-1.22844802618771,-0.721175785490483,0.0347455762005757,0.199998081004567
58,19,0.441949673222687,0.529012765556767,-0.137960507254632,0.186020603394495
59,19,1.87450803305148,-0.641791249039385,-0.302526651416445,-2.37501805981848
60,19,-0.138773445195379,-1.24348880798833,-0.269855892362613,-0.467106227377076
61,19,-0.399235515482883,-0.148649555814378,0.152168814276885,1.21371736274597
62,19,0.160993670305098,0.734709959896889,-0.252296781910821,-0.871442413506388
63,19,0.110431179715604,-0.55157359709605,0.447618467070343,-0.46420708324695
64,19,1.03571010280881,-0.387265012375755,-0.31239241831563,-1.39228379136456
65,19,1.81549650977577,0.398048151301285,-1.25298038170263,-0.809353773296274
66,19,0.402344356149526,-1.36514239443892,-1.73117806993347,1.05596288848156
67,19,-1.50292634749608,-1.10227706970842,0.389627678624099,0.535242890707461
68,19,0.849277138503991,-0.791315202398704,1.30637787760009,-1.10572854826355
69,19,-0.595276674963508,0.392447075135463,1.85563357991128,0.686653984915449
70,19,-0.339796105050348,-0.232696165023803,-0.652014948392678,0.267948320056876
71,19,0.66072037744708,1.14939985288544,-0.0333879378722468,0.472113566028617
72,19,-0.129620085288201,0.842770997249517,1.24153679598525,1.0375379248789
73,19,-1.42010023944219,1.59741745842589,0.630130146463069,1.71343203259193
74,19,-0.586539823102099,-0.988813469587175,1.30154477205642,-0.979630555080318
75,19,-1.39162577680332,-0.199817579581153,0.323925627004109,0.0259573442426205
76,19,0.708866934585895,-0.131769545105219,-0.832914443169443,2.20129256450791
77,19,-1.30690520441743,-0.381160628527228,0.620934918035378,0.23474506622915
78,19,0.452578401353459,1.85194420393284,-1.01976844217528,-1.71876067767348
79,19,0.316065113962872,-1.59244308883603,0.378097821961464,0.354322205997048
80,19,-0.287003657334719,2.76976480453115,-0.663784625239595,-2.30227524373987
81,19,0.612439351668838,-0.167201122659623,-0.347120812740254,0.00601126143285043
82,19,2.6855265939751,-0.574715520446684,0.379150076883856,-1.27668852484311
83,19,0.492820091030156,1.22833290629902,-2.23344756792913,-0.432119083245201
84,19,0.104654332009907,-0.613107844158115,0.498419878606342,-1.09387189745679
85,19,1.38363888784053,-0.222421712650305,-0.245696058503236,-0.0124833571276831
86,19,0.8514102025062,-0.974936399990236,0.305882794562684,0.377491576474841
87,19,-0.977557081302348,0.50554948916087,-0.306652435298619,-1.02838453719354
88,19,-1.7123940499004,-0.219448523875219,-0.764518950051721,-0.27115323305006
89,19,0.208743375121599,-1.26221342948726,0.706909517929398,-1.03779564348902
90,19,0.0514504662970264,0.132698599019051,1.039256091759,-2.08980627354716
91,19,0.011915060215089,0.332322827789511,-0.309104982775631,0.588768817556887
92,19,0.125661244487326,-0.176127381118788,-1.4447596400813,-0.681726061025762
93,19,1.05928899019738,0.901643650780566,-0.236621023179412,-0.0474343300771547
94,19,-2.77087283415961,1.11518967377692,-0.0105208245522064,0.136218335993654
95,19,-0.539823898877406,-0.755766549186858,1.63198087641662,0.260181950416824
96,19,-0.045188520553273,-0.00166761846446586,1.8834721864581,-0.53330578530147
97,19,1.10706505573284,-0.0337173538477305,-1.44418874926446,-1.56384403343163
98,19,-0.594863672860993,0.901036316263784,1.40205382212687,0.770519317754331
99,19,-0.969462659186173,-0.617293684822957,2.47901395461871,-0.952720998462524
100,19,0.181928011481392,-1.42846936923751,0.444740579103993,-0.0927445406305605
101,19,-1.29760719341107,0.300190708230186,0.671368855902854,0.229282260665408
102,19,0.159630268839914,0.0481657453177859,-0.892302543037166,-0.821549580487477
103,19,-0.681269647565921,-0.267244634775308,0.323399933856729,-1.79491601725887
104,19,-1.41903101164707,-0.363713234049862,2.49683863673911,0.438214122176621
105,19,0.766480243835804,0.230708221946062,-0.758944025778494,0.211069919890489
106,19,-0.783402591947212,0.478700193792894,-0.0134937101755357,-0.264385132995291
107,19,0.132952561275065,0.262476212501513,2.55747197638575,-1.50263782181942
108,19,0.346299902290937,-1.959794576244,-1.4477979476131,0.642787574641369
109,19,-1.20554461666991,-0.652739074125155,0.97404764502883,0.336638231304044
110,19,0.326674462055816,0.549450206929725,0.0174909936999512,0.743853589069424
111,19,0.189125062256237,-1.44872382993445,-1.13923616300456,0.678477103005612
112,19,-0.324896073718951,-0.0712485925607273,0.579151712443762,-1.02680955696549
113,19,0.0724951549717794,0.347893000036839,-0.115627961201638,1.54645400709614
114,19,-0.978481294479486,-0.0380556067398223,-0.0348202928773284,1.82832731332011
115,19,-1.17775532084106,-2.16452501460974,0.0627526064159024,0.848777262112987
116,19,-0.399707245506277,-1.25633838249556,-0.405730708570722,1.19761822014935
117,19,1.32079221608965,-1.422984011613,0.665816143160616,2.01603969927704
118,19,0.909920962438839,-0.016928060547105,0.0770478533259503,-1.22180675875182
119,19,0.847627105897576,-0.15539725838653,-0.729602806532879,0.786348638727768
120,19,-0.497124725691713,-0.185549407965077,0.443671360898974,0.166269206988417
121,19,-1.64000645027224,-1.33111170869961,1.78302288315813,0.733377598364362
122,19,-0.789536988849407,-0.421432663401152,-1.96522676376305,1.12323098569942
123,19,-0.0928849970848209,1.04108503395589,2.46366655210974,0.485955208329763
124,19,0.50424755876704,-0.0876456133475332,-0.25149634067981,-0.828309863842161
125,19,-0.838098986672793,-0.710503851297374,-0.328507803927241,0.699771952452184
126,19,1.29233764918276,1.85188334079486,-0.222169607635487,-0.607443701830407
127,19,-0.36130508767588,-1.49501952706172,-2.39458882423658,2.16148039855411
128,19,-0.10022824258011,-0.0253780440589742,2.17544343641054,-1.41018551721402
129,19,0.486532852292504,-0.998224515504287,0.708064932417688,-2.405357429033
130,19,-0.517694379012739,0.196050687286212,1.02876113399052,2.0123881439016
131,19,0.395341515006119,0.389972628213102,-0.731234906687144,-0.667687114417954
132,19,-0.975885455694997,0.660724094202761,-0.414547399352016,-0.731025812572246
133,19,0.717694230792297,-0.667919314702778,0.724490392545181,-0.791697275678121
134,19,1.62307470757877,-1.79034563536453,0.18996195360279,-0.233419004576016
135,19,-2.33595791113257,-0.814047851800055,-0.400762297273228,-1.08503253364673
136,19,1.43291152148073,0.129007949448426,-0.414195263285908,-0.529331423444337
137,19,0.613698287471545,0.84101509899262,0.558511239318703,1.3491380991644
138,19,-0.414724102658432,-0.620648011750707,-0.484752557611367,0.0437412395882509
139,19,0.490445288373027,-1.08275503965086,-0.163277904070391,0.17267524180997
140,19,-1.13175580866089,-0.667694902817373,0.511068514559652,0.642578446425078
141,19,-1.36459435173299,-0.64579651090466,0.98863922163737,-0.902739682484588
142,19,0.864789151811733,0.567908718338138,0.903357808250157,1.21762396568395
143,19,-1.24462120834153,0.955100730104026,-0.0210101278488523,0.398206913999916
144,19,0.305503814203102,-2.26281356330303,-1.86555303901494,0.678599863120902
145,19,-1.19936212563492,-0.881536663961179,-0.174183765653604,1.13754008160939
146,19,-1.07030384866133,-0.158434866467299,0.207006521045513,-2.26406153022321
147,19,-0.431053998612876,-0.00964805503820272,2.16857206185396,-0.597340644480447
148,19,1.81713494614536,0.102969825559087,-1.31798134721868,-0.586574284215243
149,19,-1.60811869335236,0.222984952293174,-0.0153023050115699,1.06271560463646
150,19,-0.284932585739118,-0.474236121756908,-0.414406225512984,0.636718320208342
151,19,-0.0817427413757904,-1.0464713443872,-0.863564001804135,0.126426834818771
152,19,1.35849360333474,1.8343432816624,-0.0313852873007653,-0.556970832461502
153,19,-0.392184043379811,-1.08733848402329,-0.667978982978508,0.436019095900407
154,19,-1.49783264349177,1.41459635056433,-0.0402498482064753,-1.17060482183777
155,19,-0.172856835092148,-0.782021748829673,-1.05068208690353,-0.225356670310745
156,19,-0.0663562994378255,-0.454682102541421,0.0944194106108616,-0.291190926495959
157,19,-0.8822778033649,-0.869028748456903,1.68320368452705,0.262923884980332
158,19,-0.894258035509837,-0.40433815787043,1.95289678545902,0.472455269156155
159,19,-1.28034407626939,-1.08560403044254,0.341861509406547,-0.130552823322753
160,19,0.867629209489938,-0.234732986716391,0.226158423030575,-1.4881436609683
161,19,1.66837123884678,-0.102684426152022,-1.58735304775269,0.066447102434722
162,19,-0.636368296616196,1.47236399218167,0.140526711314411,-0.154143408180652
163,19,0.655009179290104,1.13025109726564,-2.11273039160226,0.258897542370846
164,19,0.566875302819277,-2.03955520964871,-1.7823798228956,0.494310941779781
165,19,-0.655992827693081,-0.407607780228148,-0.246768742553907,-0.514897807484248
166,19,1.08061799653633,-0.724911823088084,0.880550914964288,-0.0134328170936876
167,19,-0.671869866691353,0.334461684998143,-0.203084417169534,0.6047457654375
168,19,2.93462859780134,1.69027450018133,2.17462044476179,-1.63031714812119
169,19,-0.716179360012434,0.732455384230602,1.7776395862052,0.0544185051250613
170,19,0.819527773581998,-0.586650574146158,0.393366223948324,-0.254882610026443
171,19,0.608596447947659,0.554218915540143,0.00932033341532672,1.55129107801525
172,19,-0.825791288514028,-0.366782488814466,-1.07553784815642,1.46415347882524
173,19,-1.28123026201421,-0.417403331774487,-0.968447160971884,-0.257807169861886
174,19,0.0501508420465798,0.687680144176549,0.162335630585319,-0.191790660801612
175,19,-1.97812213870795,0.319121984100128,0.275293445018007,-0.530068228665472
176,19,0.15029682259896,1.59452470979176,1.29487033311793,0.168422742950683
177,19,1.56656027487786,0.668711972989403,-0.999164176236497,1.52645963300221
178,19,-0.0374965747145629,-0.267046595477853,-1.35802681603407,0.368614689701236
179,19,-2.34771104730733,-0.458041930311733,2.38751852651309,0.223825680308975
180,19,-0.612690665067605,-0.0179987320351087,0.824908107815373,-0.900246126853528
181,19,-1.58578993970097,-2.05570801587708,-0.286655808052748,0.900313297138221
182,19,-0.0136300756382372,-0.00108797437473026,0.0195800931269775,0.415688582760698
183,19,1.30753802883399,1.41572782712704,-0.332628261216817,0.882242919853541
184,19,1.19405618215987,1.00874261366205,1.11570045547459,-0.555008573610769
185,19,-1.59764809306619,-0.686287967776758,-0.704697574370113,-1.4174326245489
186,19,-0.706340402149123,0.437292689019127,-0.456785925695156,1.10576356204181
187,19,0.599302260797054,-0.699329972128512,0.887579915841295,1.33383199068843
188,19,-2.07783738178376,-0.315202218121637,-1.13568321898366,-1.08136344719769
189,19,0.518451398282474,0.214231373549925,-0.272638696699087,1.36388157735752
190,19,1.61622187633193,1.30774646138401,-0.407784432060227,-2.27944363546241
191,19,-0.577008658594813,-0.296282225373426,-0.372821416409981,-0.293622178585685
192,19,-0.425235375532157,-0.259194437390639,-0.746336649044918,-0.0453402378501429
193,19,-0.566111696699253,0.360945179565287,0.789054759938336,0.00169320525724621
194,19,0.29228038985611,-0.0387141053031267,-1.6573663285738,0.268504071068051
195,19,-0.275734554710041,-1.16455736091507,0.151272475601501,0.356234475582949
196,19,0.644098125974072,-2.25557436303837,0.135240419416332,0.670478308887151
197,19,-1.30265468813032,-0.671231245790313,0.914236833250229,0.606059935387637
198,19,1.85366818518898,-1.21843335207735,1.04021666630618,-1.28480209751135
199,19,-1.39817011420244,0.727462489520163,-0.62391918814605,0.263690042037926
200,19,-0.837700530158244,1.26868969100022,-0.00881147145554306,-0.157524761137091
201,19,-0.147816153219607,-1.62782127704914,0.946586864721279,1.21741600984977
202,19,0.852444576299572,-1.61986940632336,0.728843899110817,0.836060884651692
203,19,-0.860055668273144,-0.679731013327362,0.306989171356757,-1.74104392413734
204,19,0.515399063275203,2.20059617004459,0.53982175463399,-2.31033823667349
205,19,-1.51017756753546,-0.135101886705168,-0.341058677626455,1.01116326625733
206,19,0.0829838980995442,-1.82688215664366,-0.738870304059778,-0.656052086416584
207,19,-0.476041438182246,0.933312331096764,1.3797968662026,-1.51536515427589
208,19,0.585593666080442,0.334696124246606,-0.93386288233636,-0.356616321863455
209,19,-0.0587896715530182,0.385979190876874,2.10230792339665,-1.37503950049309
210,19,-1.3800089177445,-0.71589755436297,1.21986617879215,1.66487120134152
211,19,-1.09106506101958,-0.728621197934907,0.399001393308118,-1.80302452749729
212,19,-0.553208638862738,0.052929523086046,-0.424544836377608,-0.405675455456957
213,19,1.81830761686654,0.645762012067111,-0.272095521681924,-0.3469301631373
214,19,-0.332143804116226,-0.506395368350637,1.84783859402078,0.0232544858351784
215,19,-1.79114385849077,-2.38909262644751,1.40591671563735,-0.823075843456663
216,19,1.43351108158816,-0.125687977662937,-0.0906068423699309,1.80323032022139
217,19,-1.49111493337766,0.291552307549181,0.423067353911012,1.30819921707116
218,19,0.430349027592426,-1.4635536684165,-0.968526033455477,0.129622136304476
219,19,-1.02498614998655,0.0141401647891722,-0.321269903197215,-0.0820550296609279
220,19,-0.804171571274887,0.765543101131064,0.27743493370459,-1.2757107397369
221,19,2.09226164845732,-0.971476600381525,-0.689717657691144,0.388102485516068
222,19,0.205075109094945,0.940419313455674,-0.383746398343815,0.846972969150402
223,19,-1.74278623149005,0.397091592693586,2.30025886584464,0.12358935651726
224,19,0.838129274437043,0.60555212557091,0.578502040629759,0.433453272421791
225,19,0.0667480310115532,0.7793183055626,-0.432185830837527,-0.693859612969319
226,19,-0.389702011965349,-0.250210347910217,0.212412227534554,0.0627524892543495
227,19,-0.490384834468411,-0.963020360174851,-0.369926380783227,-0.193013019673256
228,19,-0.858486004232217,-0.302882608199278,-1.46486487090895,-2.3790303010659
229,19,0.100534140415734,-1.48931838978457,-0.440928945161755,1.5803384259935
230,19,-1.54398144745255,0.562792124239238,-0.11347369752763,-1.04349038713723
231,19,-1.02507223961278,1.02296340910503,0.0597665551516209,1.00355157000813
232,19,1.68822929155879,0.284999347501198,0.596744133420413,-0.526129448108624
233,19,0.443129396252598,0.483738549042424,0.454871115492285,0.314296870274984
234,19,-1.68647548095076,0.346984599628852,0.0902991874964118,0.795081792166303
235,19,0.502808656859335,-0.867918259767088,0.246536667909036,-0.656251953313208
236,19,-0.70703372104662,-0.0711794442187583,-0.437714534090053,1.61036186150582
237,19,-0.382993788518237,0.130915857434535,-0.761437221700575,-1.51727844111241
238,19,0.235792772546376,0.968660978537829,-0.214170447449569,-1.29675854690725
239,19,0.172230279241694,0.799195902098905,0.424160600563987,1.73765957294111
240,19,1.23435440135554,-0.556449109262099,0.796599084069215,-0.446369755984852
241,19,-0.383305127797722,1.00667703164723,-0.0244380061712064,0.80663561300764
242,19,-0.849434748575237,0.888569156179062,0.244933793386832,-1.79373434216021
243,19,1.76213292965076,-0.153625925809078,0.454271429860645,-0.539341190192354
244,19,-0.511164827639426,0.911051039249667,-1.33186492630399,-0.250802640331467
245,19,1.58365664044521,-1.39393342886666,1.34036567842564,-0.457217706023038
246,19,0.650983341996818,1.52177871223523,-1.62735489106211,-0.862879481865554
247,19,0.690041417733636,-0.716174496964792,0.729912257944917,0.435104399856298
248,19,-0.518083222256523,-1.88713010998852,-1.66704476717364,0.128558128418335
249,19,-1.06750302341123,-0.476028613196257,1.62216534114659,-0.838378986836465
250,19,1.44874688847773,-0.577431839527527,-0.0743835781058987,0.264462194160043
251,19,0.624844986892768,0.00968878590335998,-0.531281866084289,0.636149236828668
252,19,0.676551881271752,-2.07706025051619,-0.501827229789487,1.45389556451229
253,19,0.226823261096227,-1.27968279870913,1.25892437765936,2.45713780449078
254,19,-0.238870540724764,-0.303921056580814,-0.414016690275663,-0.426103093097653
255,19,1.30123357373012,0.548663893709893,0.531320353283782,0.192967519206733
256,19,-1.19293189719679,-0.755744791339105,0.76001659389742,1.98570736948661
257,19,-1.60802258115711,-0.553965687474128,0.543421850688661,0.798698012468189
258,19,1.71938856872323,0.669503794899366,-0.822943155091329,-0.620661653944897
259,19,0.359195765343711,0.162659044994308,-2.44494636554604,-0.412938590870903
260,19,-1.41622823864704,-3.11558835215603,-0.534484181990027,1.07660389051446
261,19,-1.02253492820613,1.57024243459428,-0.419107241241879,0.344859814156381
262,19,0.297451620199647,1.03352883694392,0.507767304769003,-0.269907095102318
263,19,1.73230534565743,-0.0840472845019423,-0.134872042407976,0.40706011544225
264,19,-0.0968298018377659,2.03100272203975,2.20196660873111,1.21783080041612
265,19,0.575590470760459,-1.4621344011554,1.89248217386389,0.137844877119003
266,19,1.16766066054301,1.11992996921125,-0.0615430835644503,1.17114288029555
267,19,-0.69390768838279,1.58349557319322,0.647687782470728,0.751603726639444
268,19,-0.0502789707802721,0.162883825547051,0.0368718026400122,1.0210878656771
269,19,-0.0873960832984162,-0.283237397694302,-0.443589008320102,-0.33783775171599
270,19,-0.416477912677562,2.13952858657297,-0.461348128879329,1.02802895223279
271,19,-1.70138489714365,0.255671830267661,0.434763871934262,-1.09781978340784
272,19,-0.139601190674116,0.397154506081292,-0.168682038946688,-0.28921431374863
273,19,-1.29814671664653,-0.98565212526965,0.226039657576797,1.32254745299937
274,19,0.300515204648458,0.627594448925696,-0.884626237356338,-0.556111999842425
275,19,-0.269169446330768,-1.33357568946011,-0.559798155648132,0.345848221173105
276,19,-0.089128654182793,-1.91243173441655,-0.408389152170843,0.889111945640126
277,19,0.176634727103655,-2.37758684326419,-0.992932019073186,-1.47016236172397
278,19,0.11109965692527,-0.0318900774264421,-1.51015977201003,0.806954811726757
279,19,-0.336424284017494,1.35845410817802,0.70022614019558,-3.11285016487297
280,19,0.508465727527505,0.570758051288309,-0.461644408334178,-0.0168890348597249
281,19,0.474410094340597,-0.0541001748179799,0.0559126547898994,1.45993231359478
282,19,0.392567803404563,0.53648078897946,-0.401102918542881,-0.183126245222105
283,19,-1.00108031853569,0.0622856653806104,1.00383994567996,-0.00580985578464548
284,19,-0.179264993363484,0.58791362331862,-0.414535464190062,-0.0695616005849511
285,19,-1.99457142526984,1.26015096698194,-1.27092237366867,-0.569752472005417
286,19,-0.256114162325834,-0.69358087306895,-0.532475457294983,1.08318538939132
287,19,-0.695822661342905,-0.133529877325032,0.470053931717266,-0.705344389578147
288,19,0.109625745727397,-0.157052344066227,-0.294558512913601,-0.196004466411802
289,19,-0.138341830057995,-0.328393676765857,1.37236030926294,0.015193280899493
290,19,-1.55620875125109,0.408517759939728,-0.150331910839308,-0.489943246408796
291,19,-1.1810855359319,0.249006955805775,1.40020382983404,1.28269805881528
292,19,1.98000231070556,-0.0226079029495888,1.13519202728821,1.18448501525884
293,19,0.497578921699898,-0.910287185211929,1.30614518415089,-0.474006104262851
294,19,0.49113784650345,-0.13260113197775,-0.568752212610932,0.855387079495896
295,19,0.110114576401022,0.217986560693454,1.07892364001637,0.467381992133756
296,19,0.66764493079893,-1.18324418561688,0.292229469589382,-0.731285461632752
297,19,0.286823372281944,-0.839584208405874,0.504230804807429,-1.21139006527485
298,19,1.50420566488836,-0.980787707498695,-0.392274211209251,0.267326423784863
299,19,-0.485637355734189,1.17767316374448,-0.483816289653977,-0.00420019961429491
300,19,1.55082338701218,-0.441204736089656,0.039004902869593,-0.133042035143667
301,19,-2.02186723444604,0.0493038335576993,-1.10275074472762,-0.489554314113629
302,19,0.5815606305085,-0.209191811690916,0.721454090905544,-1.06347527466849
303,19,0.213971462328326,2.03461754212616,-1.23279394284057,0.0518039481803494
304,19,-1.26640003263023,-1.1818965888892,-1.70916845251737,0.261061585671579
305,19,-0.920429857335007,1.41122594269926,1.20735155943032,0.972192121744583
306,19,-0.557736801766737,0.125419405749839,-0.360193628877521,0.143084928324093
307,19,-0.778296407671905,-0.280068199449303,-0.311239118570566,-1.30592803806433
308,19,0.209303448312514,0.0594570927103036,-0.148722101478615,-0.465680586169307
309,19,-0.170245777280854,0.45073910355227,-0.096545042014362,-0.519870667087278
310,19,0.425281404210498,1.16427711268662,0.784716671125467,-0.895873334539355
311,19,0.944450788940788,-0.22547350823976,-0.323310372263932,0.3719484990906
312,19,-0.721258570635799,-0.414390758890252,0.589689163522863,0.811919469528869
313,19,1.73586785783205,-0.0890994393694807,1.10578414955691,-1.61981082522129
314,19,1.39097006816621,1.51948995775899,0.248920579771495,0.00822869170106127
315,19,-6.78109447258395e-05,-1.61552003722741,-0.133527678192082,0.697532853001452
316,19,-0.894582660256876,-0.535963508250466,-0.113827709669374,0.195083303183575
317,19,0.549966515428038,-1.02748088174097,0.816536030348519,0.323526129428134
318,19,0.0622906637457561,-1.36037029386854,-0.488787156757925,-0.568975240886341
319,19,0.252688676921038,0.18421249892406,-0.644021268297247,2.39323080271733
320,19,2.07928156908497,0.432537985104253,-0.438738151883712,0.218678324991279
321,19,-0.100188339999338,0.681243968327884,0.229020285794764,0.544855718633464
322,19,1.15339916466063,1.73428185491957,0.974575055984472,1.63557618379389
323,19,1.00738851829061,-0.491738061484873,-0.900395522110289,-1.19815996164861
324,19,-1.1194523918747,-2.31820507713074,0.335807005131678,0.313503164959592
325,19,0.475730880035959,-1.47223303169736,0.174613343598626,0.73003147288418
326,19,-0.765804158942987,-0.463556603212681,-0.459843840816464,0.577377831865595
327,19,0.790357386928366,-0.838240634308158,0.706986743764375,0.122755080409751
328,19,-1.68439022054431,-0.325862979739887,-0.36344758048915,0.116144248785336
329,19,-0.881894569919315,2.14441843460094,0.899557761909121,1.59808046730456
330,19,1.03782248977689,-0.0975108117786585,-0.502279790632491,1.69057688171516
331,19,-1.03566181591692,1.38399044203281,1.43636760378218,1.32316279743717
332,19,1.13632480471365,0.112315182725867,-0.174814142587593,-1.39872454881301
333,19,-0.532548637436138,-0.662457697223935,-0.0733987463183649,-0.556755351040304
334,19,-0.59662811066412,-0.437984622182038,0.102512558630606,-0.141923852332985
335,19,1.30318182572854,1.6505943982715,0.549482735206648,0.711331742011436
336,19,-0.73394515304746,0.343302753903535,0.270682674340984,0.121875282454683
337,19,1.47015135335988,0.0795757622870973,-0.927501784715831,0.221235247259165
338,19,-0.364153038729706,-0.743082914251793,0.58894403819625,-0.491401555564699
339,19,0.664436948543957,-0.611181151610078,-1.52094474816366,0.446165084734066
340,19,-0.120311891852968,0.534851896111423,-0.00680411657371373,-0.598232944251824
341,19,1.3140915744563,1.20312699148683,-2.73017677768435,-0.629797580168774
342,19,1.59718201510679,0.553516049759017,1.97349497698635,-0.29960083531727
343,19,0.779417089702378,0.88938417520612,-0.837425891956995,0.206828045825577
344,19,0.728397506427923,0.715210381458465,0.023886957121309,0.172024447058975
345,19,-0.852873802048697,-0.095042382674249,0.0669834388835373,0.274380543832206
346,19,0.462845365924976,-0.102441473354814,-0.0967828879791519,0.292631999894101
347,19,-0.389501740467138,-1.90457591280755,-0.165209010758552,-0.454661442416275
348,19,0.361386992148968,-1.13277872833281,-0.33311535175227,-0.824817928731606
349,19,0.114432161967046,-0.919045858319107,-0.563401921472052,-1.65673530579009
350,19,-1.51639631882989,-0.744604314685543,-0.661124506692557,0.312456303742169
351,19,0.91240288791935,-1.21046643712989,-0.560813968789883,-0.180934377258387
352,19,0.780146566178751,0.1552369796843,0.719279718694042,-0.213493457333988
353,19,-0.711272469952384,1.6545405361815,0.405516148986214,-0.14519267656678
354,19,1.24630845274197,-0.705770709638344,-0.621623339132262,-0.777753501395403
355,19,0.0813189518576529,0.845814461922142,1.38170547477616,-1.48460900618385
356,19,0.150389746369634,-0.287543796794617,1.55190783709503,0.471250204210844
357,19,1.12018423357869,0.28511159359355,-0.504349686885588,0.330418725611378
358,19,-0.180264173896657,-1.1466236861387,1.88271903921211,0.672631050077662
359,19,1.6010320718783,-0.181889592608715,-0.258776392213338,-0.821232802042379
360,19,1.13252050056275,-0.372165870408786,-0.050178399828947,1.07931661086275
361,19,1.79571280365044,-0.353353211165523,0.725057748621106,1.21187078094487
362,19,-0.386826763062687,-0.570736632860657,-0.399453221229546,-1.1995955123394
363,19,-1.07358806190796,-0.32122413571435,1.06101454210029,1.94215493135675
364,19,-1.07827533520024,0.731406201665255,0.457872380185271,1.91250873732121
365,19,-1.4745592350261,2.02931699030726,1.54594505895657,0.201663649745354
366,19,0.547311188794084,1.13527113026565,0.252817528685313,0.70150432995598
367,19,0.651434678857298,-0.618369821863616,0.908087045798916,-3.13963600567658
368,19,0.270798893533211,0.502422734181299,-1.27540382302679,0.115421787484826
369,19,0.864191098470717,-0.294444891148848,0.712855408128058,-1.7647680272404
370,19,0.502032123583404,0.485223594833998,-0.836631173439012,0.615345647795091
371,19,-0.304514300148447,0.159824684029333,2.92894232862063,-1.26251081359179
372,19,-0.989273716204863,0.482814966897855,1.84815318872833,-1.2034568576491
373,19,0.92890574016781,-0.0939954929789599,0.4935320220528,-0.191036701687295
374,19,0.928393014428722,-0.863859540940601,1.98129647529991,-1.21863429542885
375,19,0.128384080531674,-0.521803902644984,0.876318762008827,1.11958340250165
376,19,-1.34809116872728,1.1711863479249,0.161859683296572,0.929168556047829
377,19,-0.841596293290558,-0.237525088917078,-0.0939394616853048,-0.121402455377351
378,19,1.00532547162156,0.00161755673929215,1.06964440073755,-0.153848604627591
379,19,-1.47886304199631,-1.23228991959631,-1.97365144100242,2.19656906030146
380,19,-0.527870563344954,-0.220352595487748,-0.822883207278805,1.3297721438738
381,19,0.63507785155521,1.49604251809473,0.473708260718464,-0.427744532298746
382,19,0.328238018669274,-1.28521485479676,-1.26589060895423,1.15524444817985
383,19,-0.412606923954552,0.727160249656425,0.0528217448241309,-1.3025794951306
384,19,-1.12362032065255,1.1963727827859,0.0677718516371363,0.238510204834431
385,19,1.66760985622471,1.0570215998048,-1.01967824060623,0.80986594662381
386,19,-0.328453455899658,-1.60942844092857,0.545439563938644,-0.382724475382969
387,19,1.00568861503178,0.353877698342661,0.30521823339254,-1.50449437912649
388,19,0.534949037459679,0.943314690716283,0.110141713532395,1.51921025721295
389,19,2.21129371328237,0.386702772209645,0.722315542064686,-0.901548130983118
390,19,-1.36034463652057,-1.60633952178695,1.33309937691381,-1.12640262021831
391,19,0.273701873580168,-2.0386654509696,-0.300897336906969,-0.407658053361162
392,19,-0.46057458831213,-0.427869774131134,0.413100195170209,-0.932805498296102
393,19,0.486418602886823,-0.235116901628827,-1.64761311069104,0.336241906612133
394,19,0.164567942626388,-1.03517558446456,-0.0549016907030021,-0.407903739967862
395,19,-0.336457122210772,0.584929001903684,0.11407871713856,-1.09148715117093
396,19,-0.614054425897947,0.600758933630795,0.759693043652624,0.996502082326666
397,19,-2.11989969631166,-0.0548034225760337,0.385494984209905,-1.37239218148339
398,19,0.503962268049608,1.82286269964953,-1.22612018901612,1.17603215097622
399,19,-0.637449102235953,-0.966488689722509,-0.587438715270229,-0.831569947484083
400,19,1.65239693133263,1.37692921108699,1.09750879196041,-0.0830119669084613
401,19,-0.0291250880256985,0.523827111373591,-0.264706741065743,-2.00937182766308
402,19,1.73995662036557,-0.157684921276194,-0.0340747040743778,-1.26963038882716
403,19,-0.540695067524392,1.86220760426809,-0.782863229468978,-1.08437709938271
404,19,-1.53680700968337,1.32781400038707,0.157277694594679,0.587503449245528
405,19,-2.11106489993701,1.10588914951526,1.4705481492216,-1.79909788150028
406,19,0.641760096552572,0.286872639371218,-0.316959328724991,0.272068910083063
407,19,0.690106026690284,-0.1429509520538,-0.0359360346606578,-1.72455101439394
408,19,-0.253741892940686,0.748071344601885,-1.41194470849331,-0.306024502028785
409,19,0.0203473573283903,1.33652462161795,0.140917182337888,0.287338319057662
410,19,0.226529278498189,0.573390635635521,0.336366041400753,0.116065059781466
411,19,-0.108370503466291,1.05159272106986,-0.97731392155807,-0.717579885139179
412,19,0.968565012420242,-0.636546062505197,1.03250873472262,-0.876272315292969
413,19,0.0752868400008317,-0.353400786325096,0.764414005821977,2.81926079382978
414,19,-0.533679055942346,0.591146603827807,0.966454366855513,-1.1149336295262
415,19,-1.17957324983462,1.14959827635499,0.439293156404998,0.561509828148396
416,19,-0.953279302370571,-1.0460172910513,1.45505624409273,-0.677518729712957
417,19,1.02055470628522,-0.76571352893074,-0.932679411591089,-0.174942549231635
418,19,0.108232795725078,-0.721621839148702,0.362962948965015,-0.849263385426944
419,19,-0.700710078608973,0.195019797943239,-0.856074684401747,0.403829389690583
420,19,-0.0993943063066074,1.61008807806742,0.549219965650223,0.794869288945346
421,19,0.581180108607598,-0.557339890874077,-0.553751756123991,-1.38870206714233
422,19,-0.876366006238032,-0.341643253715066,0.279724550512434,-0.281007717107928
423,19,-0.542362291947676,2.08711579051299,-0.469431402109422,1.52854862327639
424,19,-0.501423812143347,-0.819041924718828,0.00111290951548909,-0.545532811851518
425,19,-0.132614749828193,-1.05633594470584,-1.19776392872722,-0.536982050246841
426,19,0.891435423089403,-1.88007450864356,-0.487055366536347,-0.707274501772426
427,19,-0.388412214508924,-1.26428925282988,-1.73429201835288,0.67474128961358
428,19,0.553680183754824,-1.2245692634746,0.622762177647754,-0.604144153489112
429,19,-0.693210432033112,-1.67984053747588,-0.0212694313843179,-1.54996232883884
430,19,1.39918223395454,0.14347458492219,0.732971033582832,-0.83471980030888
431,19,-0.701545879309168,-0.247311315640182,0.456165185801357,0.111353558860927
432,19,1.13722999145133,-1.5323065119152,1.99977883065481,0.306497871402083
433,19,-0.621849420936529,0.469845124183957,-0.108743351816561,0.840803209409047
434,19,-1.60447041962499,0.0456062841805686,1.60285099630216,0.576285212086838
435,19,-0.183373013522472,-0.976326532854801,-1.66985516604454,-0.098105163819255
436,19,0.13960823239082,2.08488655423608,-1.3417674478603,0.147837363400674
437,19,-0.924662442471765,0.15939268104521,-0.218283136483628,-0.0683207320066369
438,19,1.0348359413309,1.05857458643996,-0.391682157012815,1.01695494128977
439,19,0.0171108251791197,0.0986606343612783,-0.646200754099882,0.0447351114334602
440,19,0.901513478478552,-0.432287338276127,-1.02548565186946,-1.1203450470881
441,19,0.561641275368816,0.831619994539558,-0.451227109368667,-0.636852717582259
442,19,-0.858852005848676,-0.711684935496642,-2.79092018901939,-1.16186777623788
443,19,0.777937760718471,0.168679229802907,-0.711328353238569,0.180234981649447
444,19,-0.0846877051536053,-1.5283230345625,-1.65454585993495,0.0173934667334634
445,19,0.147204082794588,-0.567913452288503,-1.08003497980171,-0.15078474872716
446,19,-1.5680230177954,-0.592197851063064,0.837066157525602,-1.94848576426533
447,19,-0.316638827267471,-0.595880546343436,0.433508169721873,-0.529086289111652
448,19,-0.25023361043616,-0.293214215529638,-0.827137763502808,-0.426765154138377
449,19,-1.02614712727119,-0.277300576619344,0.586937992348787,0.939611967185627
450,19,-1.42618317766714,-0.258621206703403,-0.605475723875881,-0.394234704239711
451,19,-0.30053343645287,-1.06652798257631,0.0564076529987334,0.326549219134624
452,19,-0.685837416980194,-0.0061506228669185,0.0160283676980804,-0.646425368378917
453,19,0.228056464722731,1.04082623064433,-0.241664817762188,0.64956649133099
454,19,-0.141618631004916,-0.215717935635105,0.210290961777126,0.644615837575582
455,19,-0.772815395401714,-0.671453938255931,0.0526741904785352,-0.134210835463653
456,19,-0.44696810386103,1.53786060836865,0.831562211257833,0.364547023365571
457,19,0.0213948845541069,0.104322022494041,-1.43158865365995,-1.5379344092028
458,19,0.699142058586603,0.194556516587916,0.00569397165983788,-0.564740809503702
459,19,-0.787488098162439,1.02414652768283,-2.22391431527632,-1.860202200814
460,19,0.233032352950402,-0.530944445915617,0.715829788118389,0.0236842646159051
461,19,-0.896699131550779,0.0583052955304776,-0.199760576840384,0.607830681254029
462,19,0.165634653406792,2.04283624930415,0.228071377162129,-0.920532183152653
463,19,1.24943084275194,-0.337387927742044,-0.534481771728511,1.81767321562595
464,19,1.49558522892525,-0.163481383389232,-0.123998008893676,0.00945955934518523
465,19,-1.72139219660128,0.251425327340472,-0.0516483231733619,0.878083832442751
466,19,0.786591927327373,-0.400846566884373,0.0878973668172636,-0.954099789187097
467,19,-0.392815340977514,0.065372851607014,0.386559774018849,0.649409484757195
468,19,-0.528145325632627,0.134907907701272,1.6427116438779,1.15139210523986
469,19,1.16648627143836,-1.00841421590816,-1.30515769788146,0.0792565786224127
470,19,1.20780380926447,0.4820932733554,0.0937744321846256,-0.935572815170618
471,19,-0.557880337037689,0.976869641951886,-0.797413526922119,0.212783105921237
472,19,0.545461502905961,-0.49482810437725,0.527976855622953,0.255667613538395
473,19,0.454427867954996,2.11406017007568,1.0254496181629,0.454786063533655
474,19,2.23952433838775,-0.111702060395595,-0.383500189390271,0.204404699177191
475,19,0.821755163251213,-0.648410894709135,-0.301322585728607,0.132694034797774
476,19,-0.603954785310605,-1.35792222813988,-0.090186010964435,-0.863790936916589
477,19,0.73418995674951,0.0468446489400404,-0.374952700011965,0.114061848095385
478,19,-0.0133886546708205,-0.825877349258996,-0.504989070931006,0.965520493962045
479,19,1.34961099478702,0.958615662744927,-0.779897854626636,-0.37688825660642
480,19,0.543715333563522,0.386239078501393,0.55583182501417,0.0418599375150634
481,19,-1.38074427323086,-0.301800288276819,0.119012775528377,0.561744711313782
482,19,1.50886907366635,1.51875832150508,-0.946724935840329,0.198965368043187
483,19,-1.73024400894552,2.71114184177367,-0.864804733398507,-0.458807063091747
484,19,-0.970857341852623,0.760794284431154,-0.14496775313393,-0.110403393184888
485,19,0.10687545510147,0.242455823668962,1.53992129475388,0.248277862741999
486,19,-1.96194232822162,-1.27866972029312,-0.948499132283532,0.444280480131958
487,19,0.593191879739373,1.19189304567419,0.410876356718136,0.511271475081095
488,19,0.563977207992456,-0.73492673908936,-2.94178456518711,2.1743255592916
489,19,0.636443071344215,-0.51296697628386,-1.11611749101382,-0.432998503311952
490,19,-0.698293957782159,-0.058786019836951,-0.510130698701523,-0.259806999496459
491,19,-1.7390249973161,0.199198832693252,0.288942641707009,-0.398116071544665
492,19,0.71514142022696,1.23011027167548,0.348695081348449,1.84919483573689
493,19,-1.32006930311561,1.32693831422707,0.105285488939789,1.01083458343447
494,19,-0.66261348214035,1.651178188611,-0.0417964354552188,2.67921566022487
495,19,-0.772461474369275,1.38921406415408,-0.35806672302064,0.265760313512709
496,19,1.76328431412241,-0.202280490633598,-0.263190142063315,2.20259384487615
497,19,0.417407976215365,1.00140380037527,-1.14883394185021,1.03325439064634
498,19,-0.287664672753082,0.526191312002218,1.70131547842135,0.291930364916277
499,19,0.412819584215841,-0.436865293305901,-0.473423674234003,0.146186197228453
500,19,-0.176734598348573,-0.817284788158177,0.174466142460212,-1.23614669740878
1,20,0.408923702303209,-0.675629891338956,-0.595747709339133,-1.85813301726795
2,20,0.0226062415151685,-0.72321322838902,-1.72127622548465,-1.33452820680579
3,20,0.220152767992264,-1.41953297816891,0.10966617780931,0.674804935194986
4,20,-0.377994612396048,-1.18373587339116,-0.705701731986508,1.09793825717467
5,20,-1.2449124186142,-0.719879068758394,1.1263471863997,0.626465679740939
6,20,1.14846627310181,-0.584007727528751,0.699952337726303,0.182139299831298
7,20,-1.79018018120138,-1.33254623772328,0.438406763124848,-0.895811827620726
8,20,-0.0129710689554477,-2.00043536722569,-1.01747332731637,1.23206256291586
9,20,1.45079380957145,0.8518525031303,1.30074531726848,0.022510900681751
10,20,0.039432689371047,0.39684748619702,-0.731194956620401,-2.38031534739872
11,20,1.6215220748755,1.23231176049696,-0.664297068116327,0.355072140755152
12,20,-0.772078783922461,-0.586545936467648,0.327842482209153,-1.04936175891099
13,20,1.10026833611847,1.0709292741358,-0.118507795799711,-0.558490579817715
14,20,0.27073220435985,-0.299003116376835,0.376564433354362,1.51418899883998
15,20,1.89279750583901,1.43421931495318,-1.069487759484,-1.05334391154682
16,20,-1.8986684070388,1.52651503440035,-1.64679253892157,1.32183556585692
17,20,-1.90160299876763,-1.96703678018698,0.134355069385219,1.87516289982704
18,20,0.389142491751085,-0.696386965524476,1.24301068124797,0.125386297128262
19,20,0.198844246672232,-0.17958160383273,0.0741408005981808,-1.3330015347905
20,20,0.543578175208927,0.250302283861686,-0.617938560719185,-1.2627910709889
21,20,-0.662589214355657,1.62397724481434,0.0475251250382813,-0.146982235804322
22,20,0.0983771491227863,0.638205495871408,-0.24998929200689,-1.07256529912645
23,20,-0.591845248190751,0.0823960462103897,0.143906356295335,1.10733274604089
24,20,1.12802415283981,0.0289316884722259,-0.240582669794908,0.735017262153827
25,20,-0.193773591756588,-0.692695012793943,0.552429133745696,0.588947925753588
26,20,0.872564501228029,-1.17450622192344,-0.570096707772839,-0.673887811931948
27,20,0.741000902502932,0.517959511766635,-0.419528850574621,-0.0134992598855077
28,20,0.304052701735736,-0.884684315936421,-0.908436428619924,-1.64362731408214
29,20,1.39702902433758,-2.73204205762052,0.515537547999272,1.41763627044937
30,20,0.192546136949886,1.24591114085851,-1.03258984962454,-0.995117040727672
31,20,0.327709640392683,0.706418083864724,-0.271840919032925,0.355354302573235
32,20,0.662535670788411,1.95522044585457,-0.165704801471201,-1.92922179648433
33,20,1.06410881970723,-0.876915113431188,0.293055266915672,0.239790178520274
34,20,1.40801887373701,0.621418913722808,-0.209268165260106,-0.469360898048659
35,20,0.608348345516581,-0.881788441682069,-0.400527873553356,0.319560381093547
36,20,-0.843732739725838,0.606868928700453,1.68621535313293,1.53069313590866
37,20,1.25395027376854,0.892612354108174,0.177524781399556,0.639491610940174
38,20,0.678273123235388,-0.593522600074167,0.66942713973311,0.00745448238507437
39,20,0.319704236377045,0.34482165318838,1.87797081316606,1.36161815463387
40,20,0.435533011077876,-0.112156359875716,-0.134658508880596,-1.87346953234523
41,20,0.76954795251583,-0.968198450848588,-0.729052249625979,2.11360601866919
42,20,-0.345638225842019,-0.309685488668968,1.2060954975982,0.490390818674182
43,20,1.55783385112601,0.634044988957325,-0.113606643285701,0.4766939560758
44,20,-1.07822723886965,-0.644483328554862,-0.19382476758024,-1.45765158038916
45,20,-1.08036925021939,-0.272485301597165,2.07926939932798,1.69437600693867
46,20,-0.191960985041258,0.32730856565848,1.24571840262281,-0.271487076123439
47,20,-0.766622458760772,0.413463915268429,0.0655176668160233,-0.0678085117219862
48,20,-0.176261605906204,1.43952102409828,-0.982518681641645,0.216531334120619
49,20,-0.956638945812995,-0.177301955865034,1.66747718817,0.582087903710226
50,20,-0.122217949199805,1.54892902903609,1.34958447496368,0.368669710934354
51,20,0.971166480234705,-1.14479129274303,-0.426069401139577,-0.25586415569549
52,20,0.871930845817828,1.03432523824204,-0.0639545093461725,-0.328065432131486
53,20,-0.37714152492363,-1.38587649635425,1.09328796198686,-0.510313274588627
54,20,1.03211247877529,0.917205622645853,1.06890795259811,-0.62478871640066
55,20,0.731120572814971,-1.51649521849797,2.19819877476517,1.81715773659912
56,20,-0.133976384957899,0.0558254619908216,0.212989455692659,0.0765801546176321
57,20,-0.178032077845992,-0.389624284111626,-0.270293105886087,-0.618862576145168
58,20,0.167926460029898,2.71247476540401,0.884571056962574,0.0742317399671996
59,20,0.577206071082616,0.367824575670097,1.77713760331252,1.06757757259855
60,20,0.388362763128777,2.34240680936094,0.107897938934452,-0.842658934843895
61,20,1.6022337821727,0.205809397628413,1.06943418470982,0.62650596829253
62,20,0.630627965883259,0.230410922689751,0.0460120521890565,0.645220295746474
63,20,-1.62467057388927,-1.80760575197329,-0.450500491357737,1.0267225719006
64,20,2.09409539872052,0.949740762032154,-0.52268443199073,-0.926230515312313
65,20,1.36746886275217,-0.166970020922337,-0.83322925556501,-0.600425993637164
66,20,1.58488104804034,-0.332482930273135,0.672659816770434,-0.760250354122283
67,20,-1.78961268260061,-0.419995403847069,0.295199585441706,1.6218272149091
68,20,1.78278532576841,0.213988664653808,1.23192076057828,0.494338244369265
69,20,-0.969622834421268,1.3359845743012,0.661154990681909,1.06479827598966
70,20,0.563224697124109,-0.229398499059956,-1.34654094547402,0.624146327237228
71,20,-0.362527674564285,0.978149908850379,-0.142889773171716,1.11522130718669
72,20,-0.80195950966668,-1.07116201937205,0.937399725259671,0.320231428343862
73,20,-0.660563401048615,0.638978946158499,0.722377305400034,0.0213593652376651
74,20,-0.391505378054804,0.0073318447833992,1.95372263861564,0.351901224308812
75,20,-0.598299882228948,-0.468905728202241,-1.59242217803467,2.57742402130475
76,20,1.99795823442604,1.62828873964952,-0.198755354860924,0.203026051621105
77,20,-1.11574488281742,0.479900994226078,-0.444755968024596,-0.00240647355932997
78,20,-0.598812795842314,0.949160212449753,-0.364310607958374,1.68346824303694
79,20,-0.733103522801259,0.921832217549049,-0.0312515540007761,-1.11920373454279
80,20,0.312326448834094,0.884222119057703,-1.50366686041369,0.46591944067334
81,20,-0.0110153476915235,1.16102755446343,-0.306385353628505,-0.415986626531369
82,20,-1.46491194998957,0.711940230032254,-0.4530609172844,0.93851529222885
83,20,-1.22548116315956,0.868325990048168,-0.704321214247605,-0.54343145088736
84,20,-0.373730061172043,-0.0632286609310321,-0.992871436457145,-1.97102035656909
85,20,0.135826945099007,-0.550303243866782,-0.861973136760737,-0.469861803307644
86,20,0.820612884119296,-0.25560373939295,0.468270580502919,0.800524901576505
87,20,0.981459476827581,0.20841140311288,0.308714542733543,-0.644064061601279
88,20,-0.113068113270088,1.01904466509217,-0.496205479687555,0.619077669477003
89,20,-0.246451167770798,1.04021686586808,1.11872547274829,0.267959244581864
90,20,-2.2221727447581,1.84322959237788,0.757803286286257,1.45163842137089
91,20,-0.260460144835235,-0.783979098397757,-1.93051793049827,-0.912663030525235
92,20,1.3206376850618,0.987748465961073,-0.313141650848681,-1.65490967171712
93,20,0.878704279278602,-0.260785815814669,1.30874399848347,-1.7630187883699
94,20,0.407213501452235,1.14610856457597,-0.665906559664549,1.91522771918156
95,20,-0.168230076166438,2.26202918230696,-1.00025034876841,-0.964488088557771
96,20,-1.14197483337732,-0.109089958950033,0.140144295634849,1.26281072407961
97,20,0.0284188257622658,0.646142453706186,-0.0217661011084078,-0.622328068221548
98,20,-0.843600615527135,-0.180112839874165,-1.16761542241161,-0.446458706192998
99,20,1.22061300523699,0.170311295177707,-1.88151212545432,-0.602484361372472
100,20,-0.8687976771116,-1.2258199438736,0.436445931050224,0.287641836708729
101,20,-2.2295556545604,-0.500067718114181,-0.983832620639899,-0.326066322490682
102,20,-0.277354454722862,0.153590619370851,-1.11111356275111,0.634524666847191
103,20,0.743409352452816,-1.66201086870962,0.141947106197661,-0.587413776355256
104,20,1.45245165011823,1.94525938824385,-0.189890063955114,2.4707866623269
105,20,0.16683937306733,-0.997206361277828,0.520404222737423,0.881851457664783
106,20,-0.695121959659077,0.778979063608907,-0.30577569587706,1.46266592017722
107,20,-0.100477714447364,-0.270275322168598,1.63506101886944,0.252660612761608
108,20,-2.33041395780751,0.875121353160044,-0.593903903034849,-0.185139816772779
109,20,1.78988888061961,1.53317344939806,0.400455898345849,0.191525416781981
110,20,-1.70891742495713,0.524344099041346,0.777071500139172,-0.897798438121419
111,20,0.0678877973923888,-1.39143955199152,0.801477071995834,1.20730461364502
112,20,-1.94512378877073,0.664051634031081,1.75050758936422,0.469241535776695
113,20,-1.17639349372824,0.884253925853443,-0.147383054811307,-1.3310431179639
114,20,0.334255903605296,-1.52998632197753,1.159194924712,0.815981479941738
115,20,1.18718885723835,0.198219339599946,3.37067593130058,0.521266696381123
116,20,-0.171062429484105,1.60943907726057,1.43373806309861,1.36257416982133
117,20,-0.598428580815656,0.725463502836842,0.392726915936313,0.28391746480041
118,20,-0.256269150934907,0.165133599002492,0.0870111365920508,1.53993681420959
119,20,0.443862984595268,0.510908820394491,1.836299452883,-0.410795402049714
120,20,1.06899052854591,0.442565818075889,-0.284316629050137,-0.734494997890269
121,20,1.38283512414583,1.47737765039063,-1.41828470740556,-1.65854982303039
122,20,-0.435299196114529,0.144624896599729,-0.604088304831479,0.677367375630001
123,20,-1.14954865101152,0.135256935310648,0.200963871812175,0.507950507403734
124,20,0.664811554746697,2.12491679695354,2.35186279306861,-0.979010339684263
125,20,1.19615934391579,0.530990518041532,-0.934729573824442,0.236958604544163
126,20,-1.09606482811305,0.0475685238597452,1.68519445156768,1.94418047559485
127,20,1.37170819003321,-1.29328538991399,0.511019878950288,-0.984741233116017
128,20,0.646657205159633,-0.621808291422983,0.536445998575487,-0.336087093842096
129,20,-0.0742135318649462,-1.86228962725242,0.0628268614034448,0.960995162400497
130,20,0.603634597640962,-0.856027090409606,-0.334165182433566,-0.732348803378903
131,20,-0.0494704041034774,0.0764350555588282,-0.772573031715572,-0.335018756451642
132,20,-0.265317243216157,0.475259469507478,-0.0693259237237417,0.0544269805965218
133,20,-1.24430326580628,-0.900215283701228,-0.646696235001917,-0.40378156685697
134,20,-0.334886183636185,0.0652328492753826,0.280539249100908,-1.7993757301249
135,20,-0.744550362012694,-0.115650833600075,-0.488743236372292,-0.0793242256681138
136,20,-0.0230454501194977,-0.195322627912195,-0.230274480909381,0.00574883704656271
137,20,-2.142060949641,2.03599111895149,-1.10910677788605,-0.354214116940053
138,20,0.0221913224555743,0.182724132039017,0.590746301430522,0.813676382902738
139,20,-1.50323428790281,-0.265214952598876,-0.691362606743236,0.0431434426057773
140,20,-0.175168273355318,0.913078063715214,0.802750713362263,0.38892784728015
141,20,-1.3833802181473,0.448916302801471,0.500898443740353,-0.551657749605272
142,20,0.986617404285451,2.34210014142003,0.133089941601457,-0.380456531867317
143,20,-0.762742745408238,-1.30844069191862,0.0361606320183714,-0.497292763854694
144,20,-0.985229549464543,-0.208519674902855,1.12804818776874,-0.664107624937007
145,20,-0.718943766664744,-0.364765735697857,0.572859089427785,1.1614683948815
146,20,-0.968730387473482,0.469617174666414,-0.848808655720886,0.30808644263947
147,20,-0.296934085827969,-0.969864866374057,0.899878271459355,-0.806031511182668
148,20,0.352204909739624,0.757748522337917,2.24054972012341,0.0419601820722105
149,20,-0.00749467980463565,0.915622415042686,-1.94153355830767,0.843664992934707
150,20,-0.462398037145805,-0.225713379266473,0.296171430085054,-1.9299619163821
151,20,1.91217595286924,1.55566026682445,-0.881518144811809,0.51828819669794
152,20,0.974473130405583,1.11612476050775,-0.66764461140658,-0.37840375250968
153,20,-0.18502106318217,-1.44752875130871,0.130058064246251,0.735973943081188
154,20,-1.68705627526331,-0.0110512466769683,-1.45792936325157,0.675238505802961
155,20,-1.26439461403414,-1.75089697947181,-0.741730066628642,0.803530548180191
156,20,-0.75139563024867,1.19330761327439,0.925826497149217,0.00998478922283597
157,20,1.53096963049916,0.495939595351,0.130429490537593,-1.32296290288298
158,20,0.604889812781667,0.263854773559844,1.14997859380703,0.689831416520748
159,20,-0.512882436296353,1.00754016325842,-0.119859569037473,-0.208027653978655
160,20,-1.14347643708077,1.04329763128248,-1.19158925968265,-0.559686356542663
161,20,-0.394259084535587,0.345294071872981,0.728808235278297,-0.690753996064134
162,20,-1.94218543272564,1.16443589859149,-1.2392846171425,-0.798461237938973
163,20,0.555670183279714,-0.141411969752781,-2.50925221175164,0.590771878553796
164,20,-0.852979394073374,0.467179474739225,1.27245689719736,1.36838901483909
165,20,-0.869425607176324,2.3522141607896,-1.2306281046981,0.765336173924964
166,20,-0.147334047255763,-0.753763387955682,-0.203237996327731,0.933960329987041
167,20,-0.242543352721229,0.887231704824499,-1.25291924353669,0.631154512794077
168,20,-0.186180181238237,0.704534197708289,0.857192854250011,-0.3546445643746
169,20,-1.96857752691907,-1.36845784036038,-0.73683377621419,0.786864597823555
170,20,0.715685813715318,0.117499877499825,-1.27044590432137,-0.753193492049684
171,20,0.126687152983366,-1.56496855880029,1.06369819534042,0.315872852646534
172,20,0.465067917229384,0.935566144979541,0.225014893149069,0.562527239304943
173,20,-0.591124837366887,1.96951967102784,0.362887636694559,-0.186521148585145
174,20,-0.693759850765549,0.85995174291898,-0.160956112834733,0.168507166293124
175,20,0.00689771017437883,-1.4975916459899,0.980486862611815,0.364206765217936
176,20,-0.0976071400496546,-1.81619669352848,-0.97629099251518,0.544420915367031
177,20,0.375317772152512,0.735275867166679,-0.00284895447997682,-0.613873716955588
178,20,0.708754919498967,-0.681661479391558,0.421034591121093,-1.38042238161408
179,20,-0.0544154604648465,0.416853159326586,-2.07815672763618,-0.990067916571649
180,20,-0.246282199541105,0.173086172922219,-2.73677751892537,1.63330055409312
181,20,1.64705682349725,-0.802676780580139,0.138615224029079,-0.892067201109376
182,20,0.518370805020967,0.168005990171478,0.465527855384126,-0.702179299305474
183,20,-0.148238471648607,0.0594821955980239,-0.101029489321575,1.20026682994194
184,20,-0.468978656071975,2.11263765562665,0.642724494191447,0.877553777590413
185,20,0.24883539067236,-0.665517128811652,-0.430266158383139,-0.584080748221104
186,20,-0.98012802136743,0.752623021486312,1.04644726844824,-1.10063176573026
187,20,-0.805619769132817,0.568042754868848,-0.0615324347311498,-1.07305684785501
188,20,0.0129996999213452,0.150901295425138,0.796299590364829,3.00294885220056
189,20,0.685335894640687,-0.881527708083847,0.607575420868202,0.816397937607365
190,20,0.2442921849696,0.555232667851908,-1.45055323275314,1.38859267863165
191,20,0.181659848088828,-1.45757152000677,-1.10794687807584,0.710981670557192
192,20,-0.885472345274634,-1.61907400370716,1.45988979072285,0.0213148058711567
193,20,-0.64413759775483,-0.690303126649836,0.690487622481202,-1.27786613927102
194,20,-0.611146778473739,-0.318201861830901,0.817321674349417,0.0290604667400298
195,20,0.460674090302807,1.51302195333304,0.0118281816574387,0.663226304720186
196,20,-0.174256838142793,-0.103224869203736,0.814218252806518,-0.860866880018542
197,20,0.101321634843703,1.71372109167459,-1.12303727325468,-1.26695826175664
198,20,-2.04843349869216,0.565810306466766,-1.00576181480661,-0.17175882519029
199,20,-0.405498733654723,0.320814121704098,0.899553860274567,-0.280821319002997
200,20,1.02619607507544,-0.473446938890575,0.0694067946245827,-0.637014492934413
201,20,-0.194708973412387,-0.125083622592168,-0.791093868733968,0.0194890599360975
202,20,-0.465262398091766,0.777408149478461,0.91808833859749,-1.22487079477872
203,20,-0.0637099549430766,0.868550707575107,-0.736292227655811,0.685498606942527
204,20,-1.75995505169793,-0.964060526137185,-1.44826466529237,-0.37763052961
205,20,0.67448477790906,1.59554436543241,-0.00644133977315318,0.546989897662533
206,20,0.28466461739926,0.299867134534306,0.611908412703534,2.11845963505882
207,20,-1.83106444571166,-0.561687880328253,-0.0357096254466305,1.35759614823279
208,20,0.435730834677121,0.957807256824092,1.0039124610284,0.587227975379718
209,20,-0.549483048188882,0.100136223489327,-0.194264580913688,-1.52415658391145
210,20,-1.52763373872473,0.0543849793927232,-0.323354335253818,-2.32914917335708
211,20,-0.0974649496958855,0.270382787588612,0.794182129151337,-0.981964523312878
212,20,-0.319560004653269,-0.853602501855816,0.747567464448017,0.0780111617228537
213,20,-1.16226158298539,-1.00607503895936,1.1713653730769,-0.0969368807446742
214,20,-1.05362528509284,-2.27394064501031,0.87219377756754,-1.4789027102517
215,20,0.787926284657471,1.16471363678609,0.838346912609256,1.14894614960961
216,20,-3.08034842005518,0.00400396834989235,1.7762465409629,0.70241540839599
217,20,0.200908572573221,-0.260948445956728,1.29945063798822,-2.08214431000567
218,20,-0.968129983979295,0.404748062741259,0.195354336541809,0.581293464770667
219,20,-0.441536929522839,0.769540250731961,-0.306104056025461,-0.00982135621457667
220,20,0.866896579770512,0.618309141650046,0.0508003024310596,-0.59987767397204
221,20,1.30813897286443,-1.06750425379408,-0.98569167630901,-1.52813848418133
222,20,0.0124029678813337,2.04740188974137,0.312836704171969,-0.251384026354252
223,20,0.232372540187382,-0.744550194490395,-0.944015696271644,-0.75110054458692
224,20,-0.19907312156531,-1.8074130886857,-1.33567134169411,-0.683592126633363
225,20,-0.407365632003703,-1.86172646818889,0.557642081037149,0.252325842374151
226,20,-1.73681448453528,0.798385630252983,-0.618819833002049,0.592310655404909
227,20,1.98944573355648,-1.35476740581222,2.31608255287562,-1.11887302190133
228,20,-0.528557041292451,-0.200507404382448,1.22727928419726,-0.082077996998363
229,20,0.809972850155239,1.76591875175291,0.480398250002029,-0.221678262383365
230,20,-2.19109654855125,-2.24472310894274,0.970965792802146,0.549617464714725
231,20,0.427504704233355,1.88747054023879,0.0114054756498855,1.0116446317268
232,20,0.900849633457903,-0.745605489461583,-1.14697901922153,-1.60304923644001
233,20,-0.507352049725196,0.597570160405869,-1.28700750094765,-0.942306178853141
234,20,0.865614600421398,2.09256741378405,-0.194923608331398,1.27484511498419
235,20,-0.971988484524626,1.31591249500039,-0.748521984592799,0.540515591782077
236,20,-0.157663116753821,1.52487025372827,0.963674391231023,-0.40657320714145
237,20,-1.32198752552224,0.856402298410441,0.0787180584022929,0.587576169917607
238,20,1.29956519807012,-0.27773594991222,-0.0788223710789108,0.797500073222296
239,20,1.06003731155778,-0.279443928587937,-0.567818116046932,-0.164502822837923
240,20,0.0272782852052022,-1.20537045838854,-1.4028360574227,0.742612660092501
241,20,-1.19687117185858,0.523418382281745,0.718135909421365,-0.740680566062881
242,20,-0.371651232746918,0.391315553869943,-0.451237588926807,0.0552849049896121
243,20,-0.730654116856382,-0.470561315533135,-1.59195953844278,-0.239792199295472
244,20,0.298504053432585,-1.04680098430393,0.277675868048466,2.18756668802194
245,20,1.76120295536983,1.07488045656447,-0.321609131661683,-0.923652526607253
246,20,-0.298177665420507,-0.466830610213442,0.203506821278223,0.539632007675372
247,20,0.497893751899184,2.05058247307248,-2.30663730368043,0.923425780113064
248,20,-1.08181877876883,0.53862742611835,-1.68568124018911,0.73950576044464
249,20,0.00770995331444054,-0.291257484965397,-0.750988113262542,-0.132436934461298
250,20,-1.21987778792309,-0.0911830409310462,-0.0326024425489901,-1.61125799196849
251,20,1.19471018210524,-0.66190898702761,2.77099512270446,-0.73873505145368
252,20,0.365127620835425,0.54503999695178,-1.136143799287,-0.198882121195021
253,20,-0.157925896142496,0.661753961258447,1.56047116137431,-0.464767793918795
254,20,0.404162850291428,0.0255023243825065,1.33955541232055,0.391743078209141
255,20,-1.07184920046429,-1.00569708115194,1.0182714478068,0.715995591889396
256,20,-0.259330105082207,0.890958505224755,1.259589601604,-0.981416602299904
257,20,-0.504839572860589,-0.443632227232936,-0.0175628388521977,0.215108138781862
258,20,1.12163725573412,-0.657117004179073,0.43583672242195,-0.256701573580384
259,20,-0.607954586991177,-1.72137212466579,-2.49519061825645,0.225676206469479
260,20,-0.119212987475822,-0.540402900126204,-0.707340161943744,-0.917259485648237
261,20,0.0450678215997438,-1.77496242097106,-1.17091196714523,-1.04012901947348
262,20,0.293901318435489,0.732615090706822,-0.587489558383356,-0.938663834746642
263,20,0.0797339000180382,-0.352102691756976,0.617509015297556,-1.33216108989944
264,20,0.0454411274776959,-1.25975330266169,-0.823040411056066,0.461846467705971
265,20,-1.41004000719407,-0.0961712742867837,0.966933233708101,-0.737028289659319
266,20,1.38331434800602,-0.401400952324287,-1.56359044197226,0.65820310811313
267,20,-1.27362145833369,1.23688597618954,1.26833205162461,-0.602094900118039
268,20,1.29150768771039,0.928866308180255,-0.307931095910686,0.288863002669566
269,20,0.908110645617727,0.238068150004976,-0.271462676475453,-1.20699284467934
270,20,0.276776930435191,-0.743878624739256,0.156390603186115,0.232001384171912
271,20,0.528251342022177,0.654884041065367,-2.24987001814795,0.0394773838558639
272,20,0.170677230154634,-0.748997204796991,0.0375347240518279,1.01845895056566
273,20,0.721835612993896,-2.53237908630575,-0.924553285330228,0.149648186382404
274,20,-1.94761026588895,-1.49442535346052,-1.07377691369167,1.05344038685276
275,20,0.375743601479652,0.0760096526060901,0.81038172628909,1.07139283666701
276,20,-1.04243833486465,1.75009154131764,1.27003001403238,-1.29809308171601
277,20,-0.720324743254836,0.0796230998740472,-0.25761124572773,-0.869961829195624
278,20,-0.991990672224907,1.05897303423436,-0.634020519625224,1.62344153727024
279,20,-0.819277471311739,1.54780402292029,1.42655601458872,2.14260398373656
280,20,-0.938080984128003,0.92852775955784,-0.822897588888196,-0.720677163035703
281,20,-0.455978724611659,-0.884966657181416,-0.792694745563103,1.16003563638579
282,20,1.38415501431354,0.0426130724569485,-0.656073032655457,-1.25589657783644
283,20,-0.468722090330068,-0.566667140384276,-0.422474008013394,0.744873009551882
284,20,0.0347901126526679,-0.0945095156704658,1.52754018487519,-0.774667133028796
285,20,-0.18935906821853,0.687242854333872,0.830300665987694,0.630337882216624
286,20,-0.770065727197781,-3.30112284097737,1.21344158308231,0.635506942716728
287,20,1.53302159513749,-1.55252268652879,-0.871891080629798,0.0809471941178569
288,20,-1.37123664511023,-1.50462502738955,-1.78200394727278,1.43598413661282
289,20,-0.783366799579649,-1.48410574325671,0.934415721605871,0.460097954945186
290,20,0.225029270539268,-0.178967751318475,-0.934971995538472,0.0503330189775638
291,20,-1.23381580650643,0.203535803323561,1.28638165500803,0.0531588817479352
292,20,0.0953719299199966,-0.841462883082482,1.06734325648176,0.937917516888276
293,20,-0.299163797776446,-1.02660214702379,1.31721467722788,0.830791774376657
294,20,0.676363446711535,1.97660548712056,0.257084742674215,-0.435593378051942
295,20,0.344906040798383,0.215435391392492,1.42717836781127,0.562839827538308
296,20,0.357197236299398,-0.40638743476522,0.359208460364284,-1.13534273248275
297,20,-0.195519965961145,1.38249540887932,-1.40302931869315,1.44557458583967
298,20,-1.16221281594464,-1.57432935347775,-0.558641645775288,0.609469559333574
299,20,0.362711867907573,0.3645436835502,1.55711354259338,0.454455698502125
300,20,-0.0672253061996564,0.650694709146568,0.208892175621194,0.431689316726854
301,20,-0.898850822053439,0.518464750626115,0.319573442823831,0.519952141275765
302,20,-0.503564385024214,-0.529382771697446,-2.20662881150941,-0.16253540608501
303,20,0.978903972487734,0.155418727118896,0.549436799645708,-0.342499616249117
304,20,0.328945179938464,0.459395575442425,1.41561452013507,0.330941090430937
305,20,1.39493493037378,-1.26096822490455,-0.525309860123264,0.701264455004517
306,20,-0.1791977093141,0.191262090716479,1.12702925329771,1.11711304847113
307,20,0.0532614967365222,-0.409147756480705,0.781595341373408,-0.328676775266557
308,20,-0.437461066004525,-0.880216885604327,-0.110221224153148,-1.6645697558383
309,20,0.545757490602059,0.659541359167523,-0.51937017445258,-0.697022829677956
310,20,-0.783831297800498,-2.50235758220761,0.141194277991841,-0.746299056988408
311,20,0.0629207084543061,-2.24719453929909,0.821313260373344,0.787759163172589
312,20,2.23592906522313,3.02563619289919,1.38550608907238,-0.4762068957621
313,20,1.13522917323023,0.558741691311839,0.480779912904448,0.919762845395929
314,20,1.62263808185514,-0.441165662108679,0.293379077836056,0.503860107175275
315,20,-0.0300540648895304,0.931873031366448,-0.413002557286532,0.401053436029726
316,20,-1.11170278477923,-0.769149508242916,-0.391490711292807,-0.561752725430061
317,20,0.320721186838119,0.0402242836058844,-1.02643617404756,0.272481168341892
318,20,1.14959272586207,0.0074522173086582,-0.75110146234345,-0.205134355178878
319,20,-0.282051699468189,-1.23139619970175,-0.697860401852672,-0.909915576753923
320,20,-0.780051507888444,0.289894751945207,0.176575822664701,0.285464567204655
321,20,0.425038411511508,-0.524718556834972,-0.137974883943637,0.355892796749508
322,20,0.456398273472202,1.4682782807638,1.47239154600317,-0.59594900405804
323,20,-0.324064893564604,0.418550468745443,0.728101383364194,0.914192301752839
324,20,-0.416157387844912,1.70486372915651,-0.252876404914904,-0.852795998176226
325,20,1.03610538640428,-1.47323870073372,0.0273181419766525,-1.2670285354094
326,20,0.775896646891107,1.36745009749667,-0.240879666401151,-1.34793843181178
327,20,0.209000509114952,0.989522096728315,-1.93821906378133,0.840231146401302
328,20,-0.982129380792928,-0.56695781099278,-0.36481768283932,-0.0859641819721063
329,20,-0.917101973813226,1.02366863733205,1.35657279205189,-0.428709292602539
330,20,-1.64159073714242,-0.450422282844963,-1.25033014672356,-1.73022605384086
331,20,2.24978402996189,-0.363043527959128,-1.96560032230598,-0.795335715800948
332,20,1.00819757392571,1.02182044320729,-0.294161315669336,0.525942317786116
333,20,2.26273599712036,0.0838941708984773,0.938452992579634,-0.780231110254572
334,20,-0.179144413437139,-1.82327562359433,-0.515187874879032,-0.146394824543222
335,20,-0.23514380488151,0.754477834527784,-1.43961533075181,-0.448720395009081
336,20,0.781182723053636,-1.10433006190683,2.93662283196173,0.781440191960467
337,20,1.63425687512876,-2.08568659294753,-0.310593220997845,0.30128132155524
338,20,1.83575009605766,0.336014174188633,-2.06808861440756,-1.10650552651678
339,20,-0.340184951834977,-0.062678716028429,0.786481807448244,-0.392592240404942
340,20,1.13456370660736,0.502374788977025,1.10954293032729,0.663666037210148
341,20,0.0983965670647544,-1.0133936107621,0.475758518033445,1.6102628854692
342,20,1.15489026025302,0.722766545347289,1.72641509959553,-0.725653173046224
343,20,2.16667488992294,-0.912210019200877,0.557773071439059,-0.458153808775858
344,20,-0.455680807240017,-1.67614951095794,1.09002501079359,1.22096325984069
345,20,-0.170598950508957,-0.752113893758005,0.29352282173425,1.35566524528924
346,20,-0.0304238020278832,-1.63892836849709,0.334928195209427,-0.899209375711863
347,20,0.191820437644081,0.539503912361721,1.0641876453288,-0.801761008925353
348,20,-0.730627100837282,-0.0956423281997233,0.122983400112335,-0.642762342962552
349,20,-1.54699791229883,1.62670901953983,-0.75481905971985,0.0722644972532518
350,20,-1.14073715122366,-0.935873641824783,-0.642188602455207,1.32652915135929
351,20,-0.825415860015916,0.0436490039760439,-0.143452325213696,0.862732325055118
352,20,0.547454860986385,0.542335940883204,-1.20548813523092,-2.26424555827951
353,20,0.317592302095863,0.722995090471277,-1.39066568249675,0.150105286189504
354,20,-0.241135539887732,0.920718104254684,-0.00279329834897446,0.46929542278175
355,20,0.706356711702605,0.38099565471161,0.813472973130428,-1.53780303806686
356,20,-0.653975441397916,-0.577720326578979,1.24470026588989,0.87542213776611
357,20,0.296751823968964,-0.0598189761686197,-0.381668496108745,1.01003856047499
358,20,0.815683916739117,0.164447951491242,0.354502549259979,0.366345565214044
359,20,0.99868704693849,0.154442824698223,-0.845004447485057,2.11074043634049
360,20,2.64328888350748,-0.435191406964984,0.469946608198119,0.899107105470498
361,20,-0.781614973309214,-0.590439673002494,1.57952902393181,0.912943417165812
362,20,0.0664775614666105,-1.35703340518288,2.18135848953864,-0.508074864941786
363,20,1.70889048162624,1.11870889588226,-0.359262931548227,-1.64526482099449
364,20,-0.321098349347788,2.82648411992809,-0.187446967780858,0.622911355915728
365,20,-0.516538911422658,0.0114623227355962,-0.559350783335038,0.95955615759761
366,20,1.10123770441319,0.177215386306016,-1.11902850182142,-0.858473358691419
367,20,1.10611309209865,0.52253650700607,1.48685221205241,-0.296317797157039
368,20,1.68623925566296,-0.660585304162036,-0.536778693039755,-0.0255613249103422
369,20,-1.06955388035682,0.206148646602058,0.36895054732231,1.28699870480838
370,20,-1.21682825682022,-0.206215753997217,0.170781666653309,0.852240178816594
371,20,1.50699596485101,-0.232539171958762,-0.320933168488448,-0.424232758349412
372,20,-1.04344532774731,-0.668719566726892,-1.8180060850648,-0.900757421092904
373,20,0.790497250859612,0.572973413736962,-0.0933217899471579,0.797821527694083
374,20,-1.14041969044624,-2.72888617949131,-0.176959803775026,-0.977344195353877
375,20,0.285649443311463,1.75462041968507,-0.601001961133133,0.588158916785838
376,20,-1.7086081240979,0.882729891026578,-0.0719009347517625,0.925516516285602
377,20,-0.108220335209265,-1.33482356092354,-0.393805437399925,-0.99691940062061
378,20,0.207756752179097,-0.37151488871041,1.72114100670611,-0.536517572766717
379,20,0.778986675287102,-0.863581681594173,0.628414279046622,0.0430800057253347
380,20,-0.0555902942818887,-2.25896513207522,0.845264949984353,0.197632623867175
381,20,-0.442892073575117,1.17125043498652,0.855315169181998,1.5517640948027
382,20,0.532248130847392,-0.681244859926918,-0.294771131536459,-1.17395654419204
383,20,-0.810129129370718,-1.29163343351399,0.246602665988579,0.800718270090826
384,20,-0.933796204357716,0.475282474899857,0.704888890197547,0.798312147410652
385,20,-0.202184318029618,-0.999426925229884,-0.644774470949782,-0.206342236972285
386,20,1.20655755550098,-0.889440253853965,-0.123983236160705,-0.435195636198877
387,20,1.31059213739109,0.771792753965515,-0.442233646664953,-0.489918313953815
388,20,-1.72270745605594,-1.570213566063,-0.352699886779157,-1.43905932402753
389,20,-1.57871581365956,-0.993383787781129,-0.55930823572813,0.941751022742241
390,20,1.3151505689798,1.52170467153051,-1.38520838047512,-0.16047401850045
391,20,0.579432683325818,1.93179077631527,0.31403919754899,0.574014969878592
392,20,-1.24337488207006,-0.391563358365573,-0.19361247686531,-1.03589649267784
393,20,0.326874257508283,-0.41430788946312,-0.873506537425453,0.12742224808565
394,20,0.0264565948957431,0.626939417251724,-0.630089414977385,0.479902835153321
395,20,0.017943007434793,0.573210119250675,-1.42330795475902,-0.42847016375588
396,20,0.669753331734483,-0.0682308360540078,-1.79052410642774,1.40961791848964
397,20,1.94397153236689,1.35732678875211,-0.262612282237537,2.02510963053649
398,20,0.335427020426954,-2.01843510211236,0.93544593852306,1.27977906185313
399,20,-0.665436088548574,-0.676310736277102,0.360621661528624,0.757495532210505
400,20,0.774612099314418,-0.31315444357651,-0.174587073127474,-0.577535256609401
401,20,-1.27405685341464,1.09300777970817,-0.371580433225793,0.171069231712229
402,20,-0.45482211694753,1.30629976029299,0.232649072287468,0.633265509155209
403,20,-0.340408144636854,1.00886427921128,-0.355525879989395,0.08561328421576
404,20,0.693752179022485,-0.715283845498383,-0.582910420156861,0.973205988164579
405,20,1.69886801257507,0.783045057189432,0.361254657161629,-0.489864461001273
406,20,0.113343118351456,-1.70149195366007,0.973070347954767,0.385904529694562
407,20,-1.62851788298338,-0.420887667528857,-0.142408435068922,-0.0733178819388033
408,20,-0.0716246672471818,-0.334843884897098,-0.0358911929692078,0.648675425306564
409,20,-1.0186020546531,-0.352926628721476,0.344383588906774,1.10032430740321
410,20,2.14738734437358,-1.45176382980004,1.50550818776848,-0.0463431025180923
411,20,0.0222794642097874,-0.0996701300427602,0.332142637218899,-0.296957747968324
412,20,-1.48367526001218,-0.633592260768939,0.82216582292019,-2.67433691908512
413,20,0.504065461044736,-0.0549640642645865,0.146422632683169,-1.31479669512843
414,20,-0.77572136073315,1.16973795489334,-0.11309971551271,-1.22619284988705
415,20,-0.812881021252856,-0.231898165599415,-1.02965020354764,-1.47225607261759
416,20,1.87728703520157,-2.00738036882839,-0.12118396626639,-0.555375397400496
417,20,0.661056097952988,-0.846666866845284,0.0197620555625287,0.359864711700517
418,20,0.356126154998432,-1.52554293890649,0.546643462243615,-0.995516895235488
419,20,-0.63586381155904,-1.14280406664363,-0.515989384601874,-1.65131517917168
420,20,2.07654489922626,-0.86769649170224,1.81619540858758,0.0870346969016254
421,20,0.798873036717099,-0.345292379186199,0.183365835933655,1.5962507708544
422,20,-0.219514721658712,-1.42160120194085,0.058686468799969,1.77060126489442
423,20,-0.984670943927077,3.17478708778868,-1.31598707284309,0.459381404764078
424,20,-0.294051088355419,1.3355915730857,0.342109834372491,-1.31186820340057
425,20,0.507688019944533,-0.941397892582198,0.815639690165351,0.372311903588082
426,20,-2.63021570422989,-0.0381944728141812,0.235510112892082,1.38331188587553
427,20,0.186119162716943,-1.19739185919453,-0.00444000314778662,-0.969154573771853
428,20,0.796896812793192,1.0645146119839,-0.479382914901946,0.829634464819423
429,20,0.625853348453125,0.83216830659703,0.946022588947675,-1.61010108151403
430,20,0.875368885112347,0.385029682442268,0.112987464386341,0.86476630163129
431,20,-0.159668047698907,1.1231887077585,-0.91628966202311,-0.988191662392814
432,20,0.921979687813652,0.399686993634171,-1.20625412488325,0.101957915380427
433,20,1.01113650109316,-0.580209416072837,1.22442532974885,-2.27633299849788
434,20,0.742157749954393,-0.353783911543228,1.03629018421212,1.08962379505646
435,20,0.0502763973617759,-0.521589590152126,0.342691510286841,0.31087568797907
436,20,-0.0496609256672517,0.778548109977229,0.827910099232062,0.513242893892777
437,20,0.422927470210565,1.21378742726714,-2.59556997904465,0.566558518098265
438,20,0.432239595125944,-0.469934301024654,0.361229020232487,-1.17533624533965
439,20,0.511639833181172,-0.129323141428236,-0.827798518362131,-0.598453900611828
440,20,0.755368849931761,0.71650949617656,-0.487771082903566,1.03624060368115
441,20,0.176377542824806,-0.724195797608022,-0.533996711031202,2.00631847739261
442,20,-0.271323340133372,0.0392194745935637,-0.630004485434818,1.17794680372134
443,20,-0.414697636646782,-0.878943129208093,-1.68759077487798,0.57637609600984
444,20,-1.0651647214022,1.58837261281326,0.516185192075258,-1.17864013839155
445,20,-0.832644676250928,-1.21821405530559,0.989586304850253,0.642128111390523
446,20,-0.601472622048737,-0.347865668947147,-0.167715740223241,-0.894938074607955
447,20,1.04535576026976,1.00195478880449,-0.0753852641619066,-1.52337605145498
448,20,-0.158588960718834,0.983732600179634,-1.29136887239516,0.158258048238955
449,20,1.00776510406795,-0.499726931571474,1.72235072144629,-0.485446029054711
450,20,0.134839821196609,0.171689474523155,-0.265159801339718,-1.24188155926175
451,20,0.57269142759575,-1.10676678060993,0.308094964101736,-0.249842811936543
452,20,-0.357104601427583,-0.310586503906393,-0.748988239834337,0.0411956225007057
453,20,0.687667002499588,-0.557567414924627,-0.104429748394781,-0.777423590154452
454,20,-1.96021334059927,0.336056593541006,-2.56227007171055,0.652405164246892
455,20,-0.0242256842998848,1.64173915420604,2.06445456194752,0.529616030301418
456,20,-0.375551782387312,1.28857008161372,1.96252219680837,1.05384995022843
457,20,2.20428387838807,-0.376182371548501,1.52898755796585,2.13095698330828
458,20,0.434412051667717,1.53504600766392,2.05510329270709,0.0867236140034001
459,20,-1.45187544970835,0.897992678209874,0.926674917049096,0.657002887688099
460,20,-0.170722907545791,-0.346132599481583,0.251547640502901,-0.681798819724902
461,20,-1.056120090953,-0.0730382559614594,0.955619893588193,0.921543987609464
462,20,1.27859646623609,-0.305192704158101,-0.489783896066833,1.72152431957106
463,20,-1.84687493754146,-0.732082685687612,0.554967280284594,-0.918298244929811
464,20,-1.25493057439238,1.3003443488786,-0.808955110631323,-0.481368621239005
465,20,0.205021905720643,1.50172225014392,0.92666514759492,1.65440359788668
466,20,-0.385611516601565,-0.466136432552864,-1.86123428091002,2.09804314154554
467,20,-0.264407009222469,2.24968530715534,-0.872839507956418,-2.03914341242213
468,20,1.42481530591213,0.101386200468154,0.243967612942505,-1.02157806765364
469,20,0.978238559014732,-1.13992370279932,-1.30015281182185,0.470431474338
470,20,-1.13258821695096,0.371165306418952,-0.493463116669797,-0.235843158962191
471,20,0.83842850159106,0.371885822902742,-0.531096083102148,0.977820384580615
472,20,0.498385527017741,0.36661206692598,-1.72289620809949,-1.44577453916677
473,20,-0.537294178819247,0.696663695752108,1.47944437877249,0.328082706774739
474,20,-0.53430857705563,-0.275120195860063,-0.79328373219175,0.980348403921657
475,20,-0.0844134303173067,1.18351979090736,-0.643313672628792,-1.65943585060107
476,20,-0.506205203913318,-0.60298575714512,-0.891796872866521,0.047202573864659
477,20,-1.59466174446988,-0.077410148332883,-0.0607250563428699,-0.156276499894156
478,20,-0.316054224418044,-1.6727177487638,0.674946481293943,0.184371413663296
479,20,-0.231829818947724,-0.0473866615073938,0.610092723602298,0.518708857749974
480,20,0.37983162415484,0.785709279653865,-0.0131884558010316,1.07507426410654
481,20,0.655870252567515,0.320167253013577,2.08443411135515,-0.199071521868646
482,20,-0.616488080495033,0.157246665909546,0.306886471971327,0.643968933430309
483,20,1.10582941798183,0.980076170365634,0.25524950791064,2.3249673964504
484,20,-0.198912304689012,-0.908032684564789,0.2431193307891,-0.152813540829524
485,20,-0.69065147506684,-1.14787604374458,-0.767858349116781,0.178197296421155
486,20,-0.228188256473869,-0.554643520852084,-0.147670924846441,0.048346841104666
487,20,-0.120007753907948,1.33694216983047,-1.84887729762084,-1.40197147400486
488,20,0.736762557168121,0.97384564999503,0.393594657417471,0.11521891015522
489,20,-0.134399449541636,0.826904005671262,-0.296334851533547,0.503829392540611
490,20,0.295152177311726,1.47165207104291,-0.572973322982714,1.62360630875634
491,20,0.266071001322282,-0.923950030442667,0.613712188643323,0.605808503946499
492,20,0.275035466061418,-1.43079290867114,-1.19448583206744,0.0057342408169441
493,20,0.868679926137512,-1.03762500826484,1.01434921038915,1.07668727696781
494,20,0.511722051273025,-0.250303137325336,0.126902571599647,0.870380968320276
495,20,0.00300322982897467,-1.49469884884075,-1.86361502270554,-0.730911574186191
496,20,2.07024469348021,0.203112492517337,0.95347323112594,-0.672043508314007
497,20,-1.17080804085868,-0.379220250190098,0.0269338043972924,-1.71528216007251
498,20,-0.580322861404424,0.0410629052231878,-1.22044916823824,0.513886129418885
499,20,-0.246375769891795,1.09988254124294,0.470957215629031,-0.60562262687232
500,20,-0.1694298046397,-0.139742781190244,-0.725830173108118,-1.30309159344605
1,21,1.63726356533327,-1.02777315069026,-1.1372169269599,-0.0218950435530459
2,21,-0.594226634730026,2.08447938100011,2.91369202095749,0.069015689458414
3,21,-0.173894391317782,2.29319131725648,-2.66146099229631,-1.19410361513827
4,21,1.7841994667438,1.77836289509401,-0.932155971669406,-0.063105133527555
5,21,0.496593285882922,-1.64140091208554,-1.26382215080012,-0.573672601362792
6,21,0.158109961653147,-0.532571271350957,-0.728017361459536,-1.36759692410612
7,21,1.8933631258774,0.354717159528349,0.339835742783644,-0.0997718819061169
8,21,0.765702444272832,-1.00661312517318,0.030537343181351,-0.745782156914108
9,21,1.83718984528027,0.185388140443133,-0.389783283458672,2.53153610065908
10,21,0.499218508905417,0.587036007826591,-1.31728307557325,2.19881214930583
11,21,-1.06698788775964,0.40407951974306,0.531481535797084,-1.63426458824541
12,21,-0.373407787469216,-1.56490013292841,-1.32545343368703,-1.17610408234333
13,21,0.073878434869252,-0.812043160530407,0.36854224050838,0.381204530208053
14,21,-0.747057375746219,0.191494176373397,0.0667751906467298,-0.207928088618255
15,21,-1.1682790830475,0.560172642913726,-0.294452282584186,1.87578470950341
16,21,-2.00431028566364,-0.663862557438347,-1.11778033559042,-0.648393583630958
17,21,-1.32296809225458,-0.656635975452901,-1.38739484139529,1.50148727436828
18,21,-0.779899664971013,1.28870522947745,-1.90615504381735,-0.89419128865979
19,21,1.01358744411697,0.699414701183851,-0.109640593704688,-0.922710052146885
20,21,-1.55501398309627,-2.6473361007031,0.59497439552474,-1.43218381968226
21,21,2.04457222213214,1.26707104807786,-0.524228759970241,0.629498217080207
22,21,-0.478565956774042,1.96161568694737,-1.20966705637452,-0.0173396314905757
23,21,-0.0248027788150389,0.385435696239147,-1.58504589716225,1.27524811029817
24,21,2.25912199027426,0.562216325842464,-2.05679159336674,-1.3242220269707
25,21,0.150875294060081,-1.34959045663792,2.31650845145086,-0.455667825572384
26,21,-1.31477813960929,-1.19848489500979,1.09718066706697,2.27306129454534
27,21,-2.14578164573587,-0.106322114095239,0.414009050642393,1.07899675861073
28,21,1.30752500010743,0.8422494335571,0.300058189293463,-0.690493845304306
29,21,-1.85610266546903,-1.02960851339297,-1.19511048314231,-1.26534684216328
30,21,0.329935183990075,1.24581824013596,-1.35796342170229,0.331572321520533
31,21,0.512588279773347,0.502688988712823,0.913887137871471,1.55100640273485
32,21,-0.875126821875805,-0.454117113552043,-2.26184936601968,0.898417755248614
33,21,-0.554324204684217,-1.21113326318929,-1.36536993581411,-0.490586674321649
34,21,-0.991769475305333,-0.0191936530792065,0.870405780001764,-1.32911335133246
35,21,-1.12310794690273,0.270371326834244,-0.0736277712851022,0.949610378469734
36,21,0.212914159679513,0.862795593207159,-0.576297582972662,0.852743912326936
37,21,0.703710395874049,0.717178840684673,-0.233843220723442,-0.0827357151392068
38,21,0.0138608175381342,0.213688976103477,0.836370701585111,1.7332977407065
39,21,-0.0444446288202416,1.16801171143498,-0.115279358784318,-0.841401464019575
40,21,-0.330513706037505,-0.643585377753055,1.47938562407697,-0.572314792073746
41,21,-1.62755551801328,-1.05992009800816,0.463908130874756,0.241727489343344
42,21,-0.609749843593541,-1.50656038294762,1.62086396836712,0.53164221534737
43,21,1.88313405912914,-0.404643956439634,-0.412228335577969,-0.36764390092057
44,21,-0.138716715340335,-0.823728414954834,0.196769686322645,0.344515187350396
45,21,0.979673591744294,-0.457191014495201,1.57930185581658,-0.527405145862874
46,21,1.30636150365245,0.127053808925687,-0.0225257685203118,0.0742470404140337
47,21,-1.24759346156587,-0.578836874575966,-2.83793350063839,-0.368925793695261
48,21,-0.633328755341363,1.21298429873863,1.48458115954334,0.415696645612665
49,21,0.998893056001946,-1.24655350053902,1.121370946059,-1.08437901976957
50,21,0.198634105877181,0.961586786817175,0.101631881041256,-0.564519847576627
51,21,0.230281366197993,1.27702776843729,1.79776851738108,-0.133441418764529
52,21,-0.23329850612026,0.128556670755238,1.61392206128749,0.853805392698775
53,21,0.0555627042619092,0.230640903101446,1.16986352619929,-1.39758066142749
54,21,-0.303871515411156,-2.0723984648561,0.408552111447079,1.39101148860205
55,21,0.39626762078278,-0.579482960227779,0.144419665673096,1.03499683532321
56,21,0.265738563351594,0.148717810750342,0.219291172855454,1.04439290733509
57,21,1.61839127911011,-0.408774091005046,-1.80492118873741,-1.26428665062672
58,21,-1.15642625931278,0.0361834359786499,0.936830679291622,-1.26723275638471
59,21,0.366773785926965,-0.808795218841569,0.91543236315235,-0.545732329240181
60,21,-1.89871498920074,-0.912356854400678,0.385116532175927,-1.01935399879546
61,21,0.415685273973419,-0.734706201927655,1.52881367899181,0.915760615602784
62,21,1.03858344833391,-0.154182201790797,-0.937240349495426,-1.22538550873033
63,21,1.04297812388528,-0.344121764861123,-1.1614399308261,-0.655731960924277
64,21,-0.589813364108594,-0.0822841810156059,-0.520002514935699,-2.30441044774759
65,21,1.82207117636064,0.214508100048951,1.24711607654813,0.512313947966476
66,21,1.50488712404204,0.495889695751798,-1.37526124847648,-1.04618233680011
67,21,-1.67609958151535,-0.54152403801031,2.07463438210304,-0.293964210722313
68,21,0.925507376654051,-0.0977899300339055,-0.166963623584654,-1.43568926722315
69,21,-1.2861773175021,1.66578940933364,-0.900936580490361,0.445299857749201
70,21,-1.10760002347277,0.585379660768568,-1.88031864334161,-0.500169300121555
71,21,0.825514903258996,0.10707962801574,-0.916102733771593,-1.03978903637745
72,21,-1.07037022601858,0.451952668616148,-0.46265780568221,1.47581463369924
73,21,-0.00333773235049155,0.486463328521261,0.19943491662632,-0.123081527196681
74,21,1.70787714395712,-0.129152213468391,0.519639471187203,0.833542797256875
75,21,-1.53323664304266,0.510259937213195,0.741492417119258,-0.613299322956174
76,21,0.00981487944885621,-0.152425622715704,0.813318329667928,1.23612355282471
77,21,0.81180757199115,0.643007968866174,1.3748580930622,2.67562583297605
78,21,0.228597216406727,-0.492518910957023,1.47546381204386,1.7229794582768
79,21,0.522986812588852,-1.02897204059485,0.00935083987038753,0.559747560081342
80,21,0.564334605315864,-0.470895689607123,-0.00513955966887199,0.17530526475108
81,21,0.167993379860191,1.4439546936504,-0.38951596502154,-0.717331638313377
82,21,-0.0223208222285119,0.349203342022906,0.353365666685492,-0.395591617343659
83,21,-2.06117006585463,2.74666626203519,0.150470137317585,0.373385816294937
84,21,0.580994767963147,-0.160505974078339,-0.15924220758589,-1.27017538771919
85,21,-1.08465462519771,1.14223081097386,0.792106261949716,0.565235172161835
86,21,1.20567580889602,0.863135266336042,0.760873333907425,0.130838458900278
87,21,0.612867489926094,1.1019838628336,0.419402941313338,1.06883289152302
88,21,0.780005078921107,-0.595998486635418,0.826104002997482,-0.282454365948719
89,21,1.83606814152799,1.73896298255463,1.60955411640053,1.69260758343648
90,21,-1.52143896378383,-0.33996562668948,2.91797951938033,0.106162404557666
91,21,3.46547729297336,0.952464421677062,-1.41917627308709,-1.82054865505227
92,21,-0.982737020684801,-1.52638439724212,-0.875764534973467,-0.626206718270706
93,21,-0.692708450910363,0.16072186465712,-0.0358377830712405,-0.15794305581006
94,21,0.187380489446831,0.711998356410995,-0.427923560014557,0.770487152203018
95,21,-1.79519667069785,-0.741135069988854,-0.84849992367537,0.336465388377037
96,21,1.21444611093547,0.146389964478312,-0.190536944227825,-1.34562960900742
97,21,-0.57838254410498,0.60262880416407,0.650628989817758,-1.82084418641595
98,21,0.692963381887469,0.159095501120184,0.656109226760471,0.136759036893201
99,21,-1.31945018031698,1.08958872026271,-0.217889191012032,-0.784860989038776
100,21,-1.22930940039631,0.437287822507561,-2.63020027349718,1.19428546430942
101,21,-0.959446582821554,-1.68263468997968,-0.0328820380900713,-0.769333488974285
102,21,0.284960782832353,0.623739972032883,0.518511361858769,0.00226294405862587
103,21,-0.287913025969044,-0.284227664284056,-1.74484756102231,-0.70837260173901
104,21,0.579102342791508,0.96981690094619,0.0643415326850819,-0.479133651648094
105,21,0.443377777765621,0.984618937772117,1.47250285941745,0.0641391203004006
106,21,0.0200595643498563,0.298410567777362,-0.417155503115909,-0.317129478616168
107,21,-0.864557201144626,-0.0333474531460951,-0.520008750526809,0.345228899950958
108,21,-0.0743339209034059,-0.74319127191509,-1.02625436487884,-0.320251150724629
109,21,0.101542723188897,0.840890548335817,-0.455687283282444,-0.964172009892637
110,21,1.31634321948074,1.9348672898142,-0.41931736609648,-0.0758374056936088
111,21,-0.114325597231146,-0.0715630509098143,-0.262880734771817,0.323867389155151
112,21,-0.749755897402466,0.0140961219419982,1.10787182694364,-0.754127740146155
113,21,0.0593629221469144,0.485268325849189,1.16210484903675,-1.05671228754269
114,21,0.682953146973671,0.853046738418804,-3.21522528414929,-0.361129986806273
115,21,1.43999224829914,0.645114696041503,0.659309017123538,-0.845910972939804
116,21,-1.00124413330423,-2.35409962740566,1.32620106900125,0.33215046866696
117,21,1.48339873949332,1.10458859421797,-0.00661993842538149,-1.85012405523484
118,21,-2.12780924175152,0.153429962084217,0.0302453799307738,0.476021496805591
119,21,0.302271559826547,0.562073624555486,0.650225960358193,-1.42820057227735
120,21,-0.776684578392939,0.537212302082014,1.25446615706513,0.379884229864042
121,21,0.104190500928641,0.214215882836886,-0.959682151644371,0.461309896868788
122,21,-1.83076518018904,0.553159779492951,0.627291855373324,1.18429441284277
123,21,-0.607530806161199,0.316972842071303,-1.7216320365268,2.73211152001563
124,21,0.686536821649793,-0.32398347821693,0.799885614574989,-0.647609706006704
125,21,-0.423384777137341,1.04467528231658,1.15858461776509,-0.0796721196558138
126,21,1.66476919190412,0.278922367941491,0.70443382889454,1.31245911570118
127,21,0.00335112078103889,0.541047588155659,-0.107884902349109,0.424193974072379
128,21,-0.283873912422121,-0.740533405725783,0.43340210259095,0.434830267958366
129,21,1.12287325966958,-0.39279320982495,0.700901661584774,0.594756799164927
130,21,0.568475666226478,-0.459790493288139,-0.722453511676415,-0.756428584729903
131,21,0.457557022087231,-0.477763280778455,0.336178201034567,0.0830754025548693
132,21,-1.0505848952496,-1.65225237681267,0.287663652059288,-0.944343736677414
133,21,-0.214061152565813,-1.98015351490762,1.19242545689659,-0.427627274737941
134,21,-0.736754667099729,0.853682583043438,1.81109810452674,0.880863837412884
135,21,-0.602797672340989,0.618691672453683,-1.85363377825112,0.168899884828111
136,21,0.623795073521999,-1.14453274794268,0.901808918961019,0.906984073144897
137,21,0.43897511553706,0.23448199982756,-0.831173095084503,-0.752211659665194
138,21,0.479201962202021,-1.06357615406396,1.21890284985283,-0.991895046683876
139,21,-0.492123168403999,1.23354569913417,-0.965837196119313,-0.2799380712322
140,21,-0.360465377933434,-2.56178662408813,-2.16852804255435,0.934255033159792
141,21,-1.35011345073325,1.56100031676163,-0.106084434406517,2.18085156912701
142,21,0.181381522471749,0.960958172931701,0.825104238364261,0.347105483711962
143,21,1.28132337339422,-0.215275325481082,0.959207132729299,-0.286251981491349
144,21,-1.9966357238358,0.745693281112303,-0.731566673102673,-0.836799613585815
145,21,0.307417236380241,0.387271638158596,-0.756163814140499,-2.96299509729341
146,21,-0.826199802863154,0.130865227887547,-0.422710631323259,-0.583624776392965
147,21,1.29761770093609,0.173031403794316,-2.55054151869039,-0.584938937449724
148,21,0.377221066779762,0.81112989359333,2.07978294110162,-0.55957019453859
149,21,0.0550076653310316,1.2427244397075,0.200375817245452,-0.167112023384991
150,21,1.25384434404012,0.929899559976118,-0.828279930288722,0.358727866271657
151,21,0.485488767100397,1.34507462752679,2.19808862493615,-0.391525465164255
152,21,-0.160182383885972,2.27931256287562,0.355166338695005,-0.86218747108471
153,21,0.938207483395882,1.30343863564766,-1.28479669554338,0.535334341280624
154,21,-1.26973201168163,-0.103914822658744,-0.810935080740456,0.989944537816902
155,21,1.21561099990547,-0.649638547352851,1.02559832367012,-0.0379404926740204
156,21,-0.263097676217667,0.792103188013089,-0.778175149110183,0.652809171056531
157,21,0.490481364716163,1.93554426636361,-0.484537120614894,0.695278217917197
158,21,0.448900912010745,-1.02847104017904,0.373929266018074,1.15197560712634
159,21,-1.65161878995253,0.514585932114785,0.436677322971862,0.0976426092362969
160,21,0.902868377281818,0.259390945108051,-0.249871852491683,1.8466918292821
161,21,-0.046991146438067,-0.126161102855152,-0.179645176511293,0.0150795747248935
162,21,0.0451261241110425,-0.173718047679225,0.639316221091931,-0.526243046259708
163,21,-1.10399245386961,1.5985511565096,0.390651179518826,0.120652095720897
164,21,-0.366887064287684,0.127129999233641,0.844302157012109,0.502133731740362
165,21,-0.931161544124995,-0.363188623658418,-2.08059370160001,-1.92398017900622
166,21,-1.26421584114074,1.04291591377582,0.264475342176623,0.802757652432435
167,21,-0.644246797193008,-0.221713794145762,0.415527244622357,1.26513881062778
168,21,0.979055192304081,-0.431424972216821,1.12304121586823,-0.646996645469839
169,21,0.00556813623455965,0.344488333092646,-1.1164504961575,-0.391114033445253
170,21,-0.197390740103843,0.62287907107088,0.28655586750974,-1.79600029161055
171,21,1.00199830801287,-0.482084676357592,1.01763259124838,0.766378475952162
172,21,0.0931031968255331,0.0844826429384325,-0.559278199287626,-0.91763950268455
173,21,1.59396131816853,0.66786654314611,-0.627911146533595,0.390121595508641
174,21,-0.153978725242303,-0.0766861440471111,0.246547866369486,-0.222586914613794
175,21,0.297639479051409,-0.431711334632461,0.63610301283002,-1.98900442646196
176,21,-0.159218640699319,0.628298291048538,1.05652712414254,0.129566780357287
177,21,2.07983838805457,0.301190487872833,-0.474213740117277,1.17605200715564
178,21,1.7594446462199,0.0871250205307834,-0.653731790822121,0.396140327577365
179,21,-0.696313683775187,-1.53405380652461,-1.12374927489423,-0.797025139835634
180,21,1.81738302278839,-0.140914167535538,0.0171367779743805,1.42432134456766
181,21,-1.1827475091087,1.94567400934317,0.371489525314082,0.57338266946197
182,21,-0.367130467453579,-0.149304253782992,-1.19455880615882,0.917171549639644
183,21,-0.162485579130261,0.364481831764786,0.988982184814612,0.168521942673891
184,21,0.319619908009164,1.70677766901943,0.439410478533817,-0.40108752160399
185,21,-0.0764444849342462,0.194933082687791,0.27063810519714,0.850402780031199
186,21,1.44158901276433,0.18674068294874,1.38815871412102,0.446119761625148
187,21,-0.27325705381761,-0.490422403697639,0.232009492281063,-0.346364757765564
188,21,-0.923022813259004,-0.338383735047006,-0.22602850371637,0.412097860684426
189,21,2.18209650055046,-0.546596998462167,1.73958263748903,0.990463880610497
190,21,-2.1320095581406,-0.178140688744318,0.680760542016167,-0.207194724825218
191,21,0.706437375160113,-0.666952608806434,0.622643491988678,-0.33489810085734
192,21,1.02026886197799,1.88536206825648,-1.0150072416132,-0.967601172723146
193,21,-0.706580899760147,-1.23050868601803,-0.415918448305708,0.705736394805018
194,21,1.3224125039805,-1.06795810335615,0.29412391383209,-1.22804079962108
195,21,-0.920313489632046,-0.211665032750098,0.748577375741211,1.29461599677554
196,21,0.282746964296061,0.225451283661136,-0.219024498791908,-0.0748624220954724
197,21,0.470052785754552,-0.173983267922792,-0.104828932332826,-0.395840025304685
198,21,-0.950852017480792,0.501997075657997,-0.50539648292366,-0.570823391364422
199,21,-2.10568850705689,-0.377654201695782,-2.25090475847035,-1.86486722655169
200,21,-3.03912251775171,0.670013337724833,1.01369378458981,-1.38973173174124
201,21,0.3138626695933,-0.377815891549997,-1.89159876474284,-0.0461905920733253
202,21,1.37943353925939,0.396383759569573,0.349812397576205,-1.16055743558556
203,21,0.569956719087287,1.13026805842502,0.0374648938540785,1.1331575967218
204,21,-1.37109960669846,0.111895096846495,-0.721988472130186,0.15273853934117
205,21,-0.0992537179899213,0.435023350230599,1.23046817589117,0.169595138054175
206,21,-1.23985289350453,-0.539028551198012,-0.0186764706921078,-0.470958618543395
207,21,-0.905893247570488,-0.392381768789582,-0.21977246689572,-0.45801749717211
208,21,-1.9045494535943,0.693292735384362,-1.49698220272172,0.386096030748623
209,21,1.40011639029247,0.455246273363435,-0.862145750648831,-0.468160189656242
210,21,0.670679818195513,1.46191617183234,-2.44105316734421,0.204317997406979
211,21,0.0130291509441705,1.27951564014444,-0.627421796283244,-0.6300428865458
212,21,-1.50496718967797,-0.263322369469861,-1.66496187532916,-0.396382912809416
213,21,0.749712804604338,0.29495931528752,-0.345485218157851,-0.429504689683339
214,21,-0.279172855474625,-2.24962089779295,0.635484956031927,0.397580098091686
215,21,0.199912428774858,-0.75828776206243,0.363992213467883,0.508398340075951
216,21,1.11570176908804,0.446886623708842,-2.06729324072849,0.395152753355305
217,21,-0.190701477778938,-0.135326100390102,0.589840680328765,-0.512194612292343
218,21,-1.50499311950212,0.336759060793689,1.02478267602541,-0.690567306571876
219,21,-1.00186165954416,0.40781936159068,-0.440855702320817,-1.18233801709479
220,21,-1.34697722209523,-1.74020879929184,1.30472528766914,-1.43468545871748
221,21,-0.623051106746986,-0.630419225661656,-1.50487923235929,1.60710024760265
222,21,-0.166713375920548,0.163589314489709,-0.227904646918055,1.5143039317146
223,21,1.14568469694965,2.39859907435397,-0.307505784451739,0.979093662301012
224,21,0.0354411960830212,0.461516063403647,0.194051698154302,0.516092933262825
225,21,0.189033314288264,1.98126296869602,-0.111710684189843,0.862348541189232
226,21,0.830869090493784,-0.359489403137178,0.743667770023691,0.421022191920953
227,21,-1.67665946808676,0.364958323815691,0.137091025893664,-0.54929456716896
228,21,-0.395208590003719,1.13039955722149,-0.198688507297011,1.54534992256292
229,21,-1.36524679539127,-0.408551569452647,-0.505707406445973,-1.17911053264139
230,21,2.04769323505598,0.796528689360798,0.219637820882276,0.19425248258232
231,21,0.776078858282173,-0.466876204994917,-0.176031053850723,0.800654723945999
232,21,1.31227754190441,-1.58817043320613,1.84358870757884,0.171338350212887
233,21,0.769524666849865,0.319293758791502,0.0238674322244703,1.1150971985567
234,21,-0.97551902948977,0.956030774616986,0.127146747472016,0.816204838838059
235,21,0.679147584686145,0.706961430825541,1.35569339938876,-0.293587252981668
236,21,-2.12638660272103,-0.633605962749898,-0.440603755369283,-0.483868798361355
237,21,-0.0626970321132952,-1.35498845552402,-0.299080244822921,0.614616574960294
238,21,-0.0342915581770534,1.95590661554793,-0.204761252836201,2.26722204413191
239,21,-0.290496586109411,0.82465181028955,0.839731648781645,-0.807589590339477
240,21,-2.06048245706175,0.796627896053327,-0.292316536912514,2.31308035789996
241,21,-0.979704352411666,0.759448240157895,-2.0875162496741,0.217117436850022
242,21,-0.172998107408336,1.11678966015771,-1.92086610689306,0.387981946718418
243,21,-0.0544358975506285,0.0416799247537335,-0.783946179423967,0.919399864308029
244,21,-0.131355018138618,0.436822827317603,-0.667718384754481,-0.14074070786841
245,21,-1.23140055730222,0.0326985317919799,-1.23691850074023,-0.040270948126852
246,21,0.127717417571119,-0.0991591922080533,0.857562461876002,0.0363162903786194
247,21,0.520480266767946,1.43474145525389,-1.76672406601671,1.1193722185464
248,21,-1.84280411913534,-1.21454318047677,-0.147465331864345,0.0499764789636894
249,21,0.597188524618515,0.0457374501610483,1.68857116523447,0.981241801952375
250,21,-0.22062116437582,-0.188857823150813,-0.786550177788625,2.9302096544655
251,21,0.152786064544157,0.208750375247737,-0.549623585988574,0.381997645457489
252,21,1.12528547184013,-1.41624699532897,-0.975983898948074,0.863075391219399
253,21,0.482731876229983,0.35246390970032,1.78812191974606,-0.249621295533452
254,21,0.313395633968901,1.03003886895479,0.443967058397458,-0.435286410597257
255,21,-0.716385054704969,0.635753751504963,-0.3556786757107,-0.65004414122034
256,21,1.76764041586396,-0.673064740609434,-1.15340537174496,0.619636847617221
257,21,-0.363709323563593,1.29863454064705,0.133100322536782,-1.37452660902798
258,21,1.51624911125536,0.184264055083875,-0.0537155225923244,0.136551782815112
259,21,-0.830370976847228,0.3430250113399,-0.158433565007018,1.24940693097558
260,21,-1.03275392015487,-0.683903671204656,-0.45072142193848,0.312143638148364
261,21,-1.09999104215742,-0.319613144249222,-1.34260988552629,-0.974414757674973
262,21,-1.43146264590246,-0.260922890498539,0.551783806728583,1.05096708207108
263,21,-1.17774660650317,0.2449113954568,1.83157882076272,0.244062721987103
264,21,0.492659675320695,-1.29700112228297,0.507689599154787,-0.11351031085458
265,21,-0.0750657819024902,1.86335415816861,-0.293561811020315,-0.756627025684596
266,21,0.406350868461288,0.0294636190627395,0.621116706110339,0.39376095946928
267,21,0.900987233995485,0.254059643141875,-0.321472169497316,-0.372128285525982
268,21,1.17450174311139,-0.369644434251208,0.711535114601479,1.41578274179359
269,21,-0.993706448676625,-0.369285614338804,1.33120071998783,-1.67382435375873
270,21,-0.00201775885315884,-1.86476544912665,-1.86935681048865,-1.40293006242621
271,21,0.989599220038365,-0.261508891177001,-0.663209424183263,-1.11892690644001
272,21,-0.484119816543506,1.33847071693768,0.33494593335899,0.540224244484619
273,21,-0.846593395658034,0.738731237014274,0.732807127732803,0.507583181478935
274,21,1.34972403268904,1.47214327592948,-1.81913595243586,0.890980174476752
275,21,0.145679505484063,1.60998633602909,1.06665885023939,1.31493858638514
276,21,-1.73521922066974,0.402989571315131,-1.50991047487122,1.54979809320265
277,21,-0.824519674854417,0.970910386551384,-1.27089069080874,-0.0427703928623592
278,21,0.0409835022127538,-0.981725380177568,0.619194186631661,0.233602692118511
279,21,-0.0345300538722996,-0.132601215700571,0.350593383672866,0.518877088505692
280,21,0.776192016905432,0.865204449126134,1.24360748471746,2.29797701611573
281,21,0.515913563352813,1.22778962097462,0.339837694857357,0.436591245034678
282,21,-0.146884131978028,0.668875640723378,-0.535621774039471,-1.19685690816798
283,21,-0.815091126444422,-0.37030565318631,0.122746431175464,1.06616748227818
284,21,0.725589869980431,1.27467168992094,0.482774531062569,-1.29537119870551
285,21,0.414664674485549,-0.254594864785357,0.467375835683531,0.108191069985528
286,21,-0.118172153663016,-0.450281290704297,1.41757972251482,0.542540767511503
287,21,0.510053536165331,0.895051915783835,-0.820491963866774,-0.0329476863952641
288,21,0.843541967820096,-1.07151621027375,0.452920537069576,-0.0731851796950912
289,21,-1.98134068353505,1.27557311888611,-0.772139908799184,-0.175055649242884
290,21,0.421458519190854,2.2866957610766,0.31777904635961,-1.80918936248525
291,21,-0.852320851363166,0.087440061234207,-1.98308958106973,0.940243107632838
292,21,-1.880036901382,-1.6686161464987,-1.69797806004589,0.146579822267745
293,21,1.08435071503867,0.053893709250622,-0.726535616929631,-0.595882308435342
294,21,0.370976765539815,-1.10190167046186,1.32411434209236,-0.443606578757752
295,21,0.497454429364488,0.147136802506439,-0.541315250937468,2.051089036395
296,21,-0.130249489876547,0.19986479038676,0.442360814538192,1.25222166183826
297,21,0.734036562551444,-0.880629340062511,0.634619875013357,0.549548065856113
298,21,0.146333542388762,1.31436585081656,0.235553403444338,1.67764792769708
299,21,0.25675549108618,1.39919253276394,-0.348289026963021,-0.604320858085542
300,21,1.44351010234221,0.656598941154071,-0.566595799928816,0.345604144635397
301,21,-0.79137697967998,-0.70617535614043,-0.133886907053283,0.902472843881594
302,21,0.284535187107797,-0.269067474665447,0.465612507701905,1.26225820787591
303,21,1.0587433050036,0.198063465027063,0.228521741366716,-0.21179509811288
304,21,1.17802115708684,-0.88983592863136,0.165236987431706,-0.0641603662203412
305,21,2.07631634953671,-1.09153987473706,-1.34519570570349,-1.20383385760199
306,21,-2.61154364770064,0.382130961423209,0.0269547902233318,-1.79927875051652
307,21,-1.27408117576351,-0.0105796772703551,0.999130236390481,0.0498601972928832
308,21,-0.0204142950194396,-2.08178903120272,-1.10533402318672,0.22983480418573
309,21,0.126600692044443,0.695757384476843,-0.860539509867788,-1.33142454593425
310,21,-0.895902196829301,-1.32457703942104,-1.92106173694944,0.100899225103057
311,21,-0.397904197106309,-0.0679961271897609,1.04841319739949,2.007565978162
312,21,0.675980931401829,-2.56447455445021,-0.00630137762071948,-0.167397472459535
313,21,-0.288052887962851,0.515110967515254,0.548576459980373,1.94000657795871
314,21,-0.052610429775918,-1.87264480756212,0.321143127299465,0.502485416410661
315,21,-0.15721634134506,-0.861858522433486,1.52565331292849,0.443231430401757
316,21,-0.198425846661276,-0.420469292755147,0.327549517289747,-1.98612748401333
317,21,0.459784642038714,-0.852501006427546,-0.130384918052751,0.463484250755828
318,21,0.728362356755466,0.0568072371780437,-1.64585365584856,-0.314229460035804
319,21,0.410264946065606,0.754170563126266,1.58514230128548,-1.0684327171123
320,21,0.621993104912372,-1.10371385384556,-0.393786235485287,-0.748407609587931
321,21,1.69750438856613,-0.973034225248744,-1.89611043052667,-0.133977492805996
322,21,0.420032928198173,-1.21872523188389,-0.0729874937430215,-1.14487458606561
323,21,0.259630750521834,-1.98017562065933,2.11830510202773,0.608997259315557
324,21,1.49661047540126,0.365427572254992,1.24363995173319,0.214499064843136
325,21,-2.31742484442675,0.607977933151903,-0.841853112535495,-0.784885261056512
326,21,0.484526045890884,0.313649584380566,0.411417485963162,0.273188002029528
327,21,-1.28887052731278,0.0440951738142902,-0.850141005431352,0.185089450066927
328,21,0.721822849157473,-0.341831594820541,-0.348539123162735,-0.955418778065772
329,21,-2.3716298919525,-0.146718865284904,1.31407481462766,-0.850669346364193
330,21,-0.635589353688616,-0.950164725347563,-1.56970704376011,-1.62980150529249
331,21,-0.747140103166995,0.146623412196641,0.269066598690203,-0.493738724303302
332,21,-2.02211551237115,-0.0527584764997561,-0.0242432577445575,1.5885570490087
333,21,0.618037338271545,0.79329238034624,-1.39807624312539,1.06783516499565
334,21,1.64231003932238,0.373573730704605,-0.105311062323245,-0.728335589392492
335,21,0.979032148581911,1.33824720926414,0.636510832173956,0.261981743898919
336,21,-0.976312021406081,-1.71641268435751,0.129145628070475,0.752682886248415
337,21,-1.15249846427175,0.178694721440054,-0.325127077096184,0.607132782908004
338,21,0.832289136146549,-0.012216532471937,-0.336328671201035,0.896628129994953
339,21,0.062139302882474,-0.136750653216141,0.541707718238728,-1.15763381110022
340,21,0.566717485758496,-1.00405760075163,-0.712528895863696,-1.07111180155446
341,21,0.810177740344822,1.25505837452903,3.22544221135862,-0.118712981692819
342,21,1.33848718017469,0.202564730976226,0.507360527991188,-0.733409951706768
343,21,0.338678676740211,-1.05830714297176,1.0259785799773,-1.76844077307179
344,21,-0.629418164484291,1.83713619590986,0.492371526202332,-0.447532684552685
345,21,-0.734323630607283,-0.733408731043861,-0.0547525872521659,2.42436076125332
346,21,0.965980372077312,0.319396700769613,2.26575305211257,-0.443592756299685
347,21,0.716821084819127,1.38859847495546,-0.169748132899809,-0.195776954534198
348,21,-0.290377112891307,1.94011908372481,0.509597658981442,0.61692133274221
349,21,0.0334125776985944,-2.120058181268,0.0330943962535026,-0.366467327795366
350,21,0.978036060135148,-0.9495356026693,-0.64944285015926,0.0293056610509723
351,21,0.70860860823951,0.574189019279636,-1.60211143066494,-0.618168701008546
352,21,-0.491662654543575,1.03140539875544,-1.48923200880482,-0.939149402670762
353,21,1.56139973226803,1.07292635969122,0.625905963162957,3.30005015148704
354,21,-0.439557970774389,0.81221806889077,-0.0355577309022376,0.223131068188055
355,21,-0.047760723613663,-2.52421283817242,1.07260538377437,1.57755338641612
356,21,-1.91499404071125,0.264626325743314,0.694714676469559,-0.626296265758714
357,21,1.20923050749023,-0.555420277441313,-0.0675071263995612,-1.07087091717181
358,21,1.62405702888163,-1.442889504705,-1.35633445287999,-0.0532735514603577
359,21,-1.61747880194029,-0.433517457374,-0.677722016161376,-0.949843408031645
360,21,0.99381291994732,0.182055921155109,-0.696251435867829,0.0879285946283303
361,21,0.901885424776013,0.370997719800435,0.655193703000377,-0.128563253505023
362,21,0.134115224984418,0.659097047601183,0.917871174373081,0.908965857912239
363,21,0.345262073546786,-0.715696677448576,-0.6095768353277,-0.841615241406904
364,21,0.656614501243469,-1.60131129021895,1.57871117086091,0.030095042523914
365,21,0.0722473258186372,-0.0572567604123367,-0.282813982324641,-0.415468993603941
366,21,0.379640893099374,-0.00147023282984429,-0.432033481575582,-0.505062210414382
367,21,0.90001429554262,1.09925727956276,-1.98199773865224,-0.560090115211412
368,21,0.531423032114479,0.103066037173421,0.498875133222382,-1.32323838259817
369,21,0.82249260021604,0.67645080237372,0.954983372415609,1.09114458963943
370,21,1.80331558062493,-1.35545826331798,-0.320527630254659,-0.676338137594043
371,21,-0.742663992992784,-0.861048448176953,-0.757115124014456,-1.10989607683114
372,21,0.289786019518818,-0.454329620801767,-0.261067217550796,-0.366445704647781
373,21,0.0715212273241286,0.348315077842077,0.740577643813775,0.187881293911327
374,21,-0.183682446754494,-0.513184367590202,-1.16938414964921,0.64254117105702
375,21,0.537400532135023,1.31431312310722,0.174119082559774,-0.358488795468094
376,21,-0.990071099151922,2.79625228286027,-0.812646159327677,0.152807856036051
377,21,-0.307484526323667,-1.30442555813997,0.36645297975776,0.33217467658671
378,21,-1.08416548027694,0.628682492951168,-0.349287506021165,-0.848576362753401
379,21,1.08481637091577,0.569708902704953,0.160507071289396,-0.464964813284013
380,21,-0.617238840899676,-0.704932121589328,1.20615690302632,0.456717416668452
381,21,-0.93712157954616,-0.831794122119074,1.15744521595776,-0.0798501108047665
382,21,1.3104665782294,3.19329284696429,-0.0201095988453622,0.0630969226194173
383,21,1.80813542325462,0.478051326219863,-0.124669601410502,-0.108273039364164
384,21,-1.32017235870786,-0.823594419466173,-0.636292759351951,0.79174653599334
385,21,-0.543554144872517,0.121097636270176,-0.228101662292283,-0.723455241844797
386,21,0.0173338119158904,0.358624045025769,0.86592406288682,-0.699898034764799
387,21,0.154004746698794,1.5165168299332,-1.20477966618162,-1.41715845952326
388,21,-0.845822760561727,0.0709254192093146,-1.96366763092594,-0.0721109930089491
389,21,-1.36238192779072,0.69516817144817,-0.817998932778519,-0.666708847856486
390,21,0.750650083462921,1.85436506838098,0.731852811133216,0.260130411216398
391,21,-1.24800842815388,-0.343209464169469,0.440077395745376,0.170560105360445
392,21,0.242367571769544,-0.210062010770315,-0.650285248084985,-1.03491605581958
393,21,0.523145755514559,0.18054527221279,1.32342815237445,-0.0832696207444408
394,21,-1.18520815819991,1.15017074754988,0.254660996945772,0.951346320335683
395,21,-0.380948989013845,-0.483882701646445,-0.934934479398063,1.32060924411433
396,21,-0.261725407976895,1.57416313121178,-0.00653698949109523,1.18143421756833
397,21,0.489396383862396,-0.202604833440979,-0.639757059905026,-0.181887501296334
398,21,-0.166792352274227,0.129272494232092,0.82664458436515,-0.643086942741148
399,21,-1.53146895982167,-0.282819606132022,0.963797082716274,-0.225545506156381
400,21,0.828799917551626,-1.50951527979027,1.49136565336069,1.85831500012376
401,21,0.287468127779288,1.65049789502412,-0.671624977937064,1.10969469517832
402,21,-1.77917969806797,1.25746125957495,-0.487916204154301,0.512452829863844
403,21,0.61120607602575,0.85753494573499,0.703069957025717,-1.01241779091619
404,21,-0.216198536261466,-1.905588529294,1.52987065733169,-0.469311457980096
405,21,-0.480052647684952,-1.68939481916241,-0.979228077715122,0.618281828702778
406,21,0.148623022694655,-0.582010449086598,0.373492283977541,-1.50066568989187
407,21,-0.440603892565498,-0.035431507568293,1.65421279075328,0.42928648888746
408,21,-0.883920801524859,0.37687375891489,-1.54416413644372,0.375427335149734
409,21,1.84008646953603,2.17934688253437,-0.890629181966599,-1.17828822207474
410,21,0.32080594864345,1.65812178731068,0.276402590928432,-0.643351264750674
411,21,-0.113440497005639,1.85220509818423,0.84763811209723,-0.372741680304442
412,21,0.925308589648868,-1.59409026931866,0.620741521569597,1.75047166936539
413,21,-0.60026654168949,0.639459847968663,-0.199482632295978,0.334694563368721
414,21,-0.263300628215236,1.25415643491156,1.57286173646344,-0.619581064070338
415,21,-0.353826555181865,-0.917955435418759,1.25386773245896,-0.165754329621984
416,21,1.23778128068355,-0.35573695820509,-0.255277675781205,0.421711627131773
417,21,-0.159297326886547,-1.20256562441143,0.864902428135247,-1.52563829690408
418,21,-0.318768589882276,-0.638089785747467,0.0253869766094406,1.57161862904002
419,21,1.7507810193578,-1.784547204311,-0.826754300941848,-2.36525788886394
420,21,-1.52106990966729,1.0916568548542,0.354365775714217,-1.30806574743642
421,21,0.439199736855042,0.797852555771184,0.545232032758674,-0.335002169165754
422,21,0.68152303075267,0.163575798081027,-0.732663077359407,-0.0049717036902547
423,21,-0.851839974292987,0.699769803027127,0.170515849768044,-0.476619781978396
424,21,2.03349940268147,0.104552117643601,-0.637561414280809,-0.818769860353881
425,21,0.909885679372459,0.339280857691188,0.502756261680799,1.42484593599759
426,21,1.77437344911634,-0.829878476705227,1.02590186894341,-0.309981161688478
427,21,-0.188251633206955,-0.0212893521754066,0.729036344886161,1.07288308635729
428,21,-0.120091090575657,0.923021529789705,0.538731176459004,0.321861856012262
429,21,-0.0406655674635721,0.691012110001555,1.66195018607836,0.622505740537914
430,21,-0.326192646031939,0.194420315703741,-0.299849442933526,-0.846146865039209
431,21,-0.268508506374589,0.542530920172644,1.13406321599496,-0.185805162034514
432,21,0.0731838476082747,-1.19343579512692,1.10149692651226,-1.46521933210644
433,21,-0.261912931164753,0.659452067349279,0.646664180973004,0.0555200639630398
434,21,0.338178686634562,0.496947283269581,-0.187203571694747,2.49180268637814
435,21,-1.02682781793821,-0.215549493676335,-1.22527862917904,-1.40555737550074
436,21,-0.556402914333136,1.7198879117545,-0.112613570569885,0.405911038661691
437,21,-1.43282971388142,-1.78004339105385,-0.0559042704852365,-0.132066184419779
438,21,-0.785665000936585,0.906053057561172,-0.78281935412494,-2.46647901207527
439,21,0.742370031727128,0.201920868638282,1.66563102660375,-0.0620904376166765
440,21,-0.0624971931710601,-0.809223964481502,-0.665241444536666,2.66487756607151
441,21,-1.0504812598484,-0.157113177000464,-1.53253887805945,0.899035383637419
442,21,-0.725862383498607,0.10973722369411,0.566256950423033,-0.0277051096805107
443,21,-2.29349844774299,0.11687635064193,-1.47039677065505,0.69901996913422
444,21,0.235263274928737,-0.269389239325635,0.267353269803662,1.61960126898305
445,21,0.994445689860864,1.0626155695922,1.53591003033332,1.55099746370578
446,21,-1.49697857709379,0.0249625110215266,1.22826520554587,-0.369466627510045
447,21,1.37176929255922,-0.208237630154285,0.878587319564395,-0.832560460800496
448,21,-0.212697583558164,-0.676563213271945,0.112059991592662,-0.127403402645852
449,21,0.280607678237974,0.101059123959163,0.682268772815977,0.227715344912346
450,21,-0.343908452386742,-0.329774707165722,-2.03678987652127,-0.744860921688529
451,21,1.12198773651536,0.292050795714913,-0.168222527189122,1.06814013216853
452,21,0.5419362570786,-0.0706515300060309,-0.686947768272692,-1.78392195303817
453,21,0.19807457645413,-0.147453345025242,-0.354801853167456,1.86539323604086
454,21,2.04462893671653,-0.827321219121863,-0.482865503287729,-0.218205740555095
455,21,-0.903154219459109,-0.815283897654195,1.40260995284242,-0.169041349204531
456,21,1.07546818199267,-1.33491708102748,0.90040101170533,1.01760360122496
457,21,-0.879882441687389,1.77869800181431,-0.382425565939157,0.199751467560077
458,21,0.0335223808152659,0.936880575403144,0.0404667299522214,-1.24593149063763
459,21,-0.420794372520012,-0.656488903374643,-1.13254661623031,1.10849406871572
460,21,0.922295514818711,-0.75952204371566,-0.123057330986079,-0.0147335427464882
461,21,1.02380661852172,-1.58952423370764,-0.408727158141473,1.04349856216916
462,21,0.36054155593505,0.625520542181445,0.980015430669521,0.00925013864186455
463,21,0.889315122127693,-0.473035784232906,-0.894678431567534,-0.488749491020434
464,21,-1.05107965844985,0.238302302544798,-2.36280025454418,-0.654042201277839
465,21,1.06452770091529,0.959387121016887,-0.714316351850161,-1.06156658251392
466,21,0.964189259029899,-0.83776080130536,-0.00178570314896657,0.951106037006579
467,21,-0.728067608718822,1.29105469642523,0.214298741671482,-0.562649596189193
468,21,1.01799220321317,-0.491706126774381,0.392967695872674,0.825427429016982
469,21,1.06175067120136,0.496287533951087,-0.904651056637659,0.622334349048001
470,21,0.279776157209814,-0.425158331878678,0.493208808252564,0.761750587625264
471,21,0.11262703626088,1.01621721023381,0.113539221698903,-0.419446672409303
472,21,-2.15873311217636,0.224796372021298,-1.64350206894615,3.1125006154981
473,21,0.0309734707319763,0.276900442028601,-0.835746078432459,1.19445501754513
474,21,-0.513844042452837,-0.355668330622101,-1.08133781967782,-1.34051977574616
475,21,0.363713552587207,-1.62329965827772,0.882012969747219,0.777182748590979
476,21,0.529046417335395,-0.300299786608106,0.374031299622338,-1.65933875403864
477,21,0.108837448174077,-1.36162645104996,-0.462096326605067,1.42125235813413
478,21,-0.946108512508108,-0.369015866459286,1.44698033102863,0.545462851915742
479,21,0.135128233395141,-1.86624501769916,-1.29483783338696,0.1697461175886
480,21,0.847389069931511,-1.83346799229221,-0.037142887851417,-0.330325786168507
481,21,0.414030522513113,1.67645230534445,-1.09247505753103,-1.12506215305155
482,21,0.267845092146841,-0.13550409651748,0.171219108655626,0.403609742656612
483,21,1.69567449133819,0.267610739610642,0.0635789749429421,0.0590111282529262
484,21,1.78067855037697,-0.733145558956011,1.34648408434348,0.802362530788273
485,21,-0.74943347058783,0.429465801809463,-0.220067895614693,0.196477562375667
486,21,-0.811906814574292,0.118002609403567,-0.620395235658267,0.445943315593877
487,21,2.13338219084499,0.894015763805958,-1.5104461126686,0.243923231996732
488,21,1.53805351346072,-0.0463159686546829,-0.500647628170332,1.4510670069839
489,21,-0.793476993510607,0.405879959356373,-0.0259789105401128,-0.11713668731696
490,21,0.480301261111429,-2.43399954411522,1.66947144305009,-0.828446224886746
491,21,0.252183922078158,0.1757882537153,0.661020661890417,1.00744573832447
492,21,0.841339915029017,0.878893413674451,-0.147091039090033,0.976807651159376
493,21,0.142652276672038,-1.10895601274536,1.11538939793304,1.00131812487996
494,21,0.852367535944464,-0.160238260401421,-1.07308555683342,1.23041719499576
495,21,-0.599881426506129,1.42106417560884,0.36912621048864,0.694868761289614
496,21,0.371404390469538,1.08793404286506,1.55576527683254,-0.627679141613727
497,21,1.47570359551166,1.31683584089549,2.18432702592002,0.150164994360171
498,21,-1.05873077343888,-0.728385923801203,0.389077723366346,1.68554620214187
499,21,0.696828350956367,-2.1357985740344,1.41003516601586,0.967220251399102
500,21,1.37467273462338,1.01460769615486,1.05143131812359,0.610881912433452
1,22,0.482623362710749,0.566344427588762,1.37585374262689,-0.211187531106094
2,22,-0.743781011817755,-0.39782483895902,0.0553010282782956,0.0178478307301398
3,22,-0.141553993534042,0.244581394284091,-0.522213526135668,0.478056051524961
4,22,-0.508790911893234,-1.45284591999401,0.410008776312587,-0.188786222613633
5,22,-0.0849880048292123,0.722927926647393,-0.622931457728256,0.254400240187881
6,22,0.717948808060271,1.36707370729671,-0.680581982776568,-0.672999903014744
7,22,0.0520037544014199,0.181941571348705,-0.236313669657021,-1.25712463492224
8,22,0.811134309798403,0.743690444145528,1.35688433545511,1.23444943583682
9,22,1.24799967754255,0.948982011458178,-0.0774670974795528,-0.132508648906321
10,22,-1.49745508754032,-1.58203220784908,0.22165378531814,-0.0563998955277009
11,22,-1.57299167751658,0.263069974491836,2.33059784104741,1.68774328985397
12,22,1.0373203752137,1.00703838506022,0.0575318466180098,0.855660572912347
13,22,-0.519942932724183,1.216211437429,0.537934164511173,-0.155288140787721
14,22,0.647447957569916,0.510371774013052,0.61573374080923,-1.24627244722922
15,22,0.320465756581889,-1.88478632398451,0.764860462095402,-2.43580392732012
16,22,0.868706004258379,0.472082594914195,-0.617761499974424,-1.7582110924331
17,22,1.6264134446313,-0.463482743412675,1.16139121358313,0.775560762541591
18,22,-2.05972704813111,1.00270911275163,-0.44776811483391,1.47482006578761
19,22,-1.12392463644023,-0.634994044787242,-0.248537737625648,1.67615725802513
20,22,-1.13336856529612,1.41783255682349,0.0849106377848667,0.633723707866602
21,22,-1.28595061237482,-0.547037294508628,-2.07750032218149,-0.798698564658827
22,22,-1.57562174757739,-0.0497162611835922,-0.67941551732685,-0.14065212920011
23,22,-0.748374949152782,-1.74214543943527,0.970025358555781,-0.835077882628598
24,22,-0.14129106174088,1.6600857324207,1.91073650697469,0.560427847024715
25,22,-1.91397043440491,0.68265544457436,-0.473952016834341,0.452108410023781
26,22,-0.271728969400448,0.605437026893308,-0.69578574525438,1.77684132894253
27,22,-1.3661768825472,-1.00275238813001,-0.485457579528195,0.857158861972721
28,22,0.955609341033144,-0.157557821103709,-0.0664857843152921,-0.766848563675915
29,22,1.95367063118584,0.890554187061837,1.11876467320381,-0.227019648989216
30,22,1.82035602277396,0.727233559492786,0.305128613784784,-1.50209059168243
31,22,-1.14660157520066,-0.158587154969226,0.0834095261397765,0.194250797256755
32,22,-0.831442427169688,-0.337724109137121,-0.15782970741811,-0.723858513239067
33,22,-0.0511593784934892,1.8342939015381,1.49609518356865,-0.241383699617047
34,22,1.62596803984723,-0.623903476580515,1.55140203817042,0.324344737781317
35,22,0.276905977521193,0.530617868274247,0.986187777493722,-0.811188349190204
36,22,-0.818109299057917,1.08602016795403,0.109542391168037,0.348883347375812
37,22,-0.349853998471171,-1.86769764704651,0.673638582473014,1.1442763810949
38,22,-2.41027530274742,0.209782525770666,0.21338260175682,1.7254290273779
39,22,-0.393137533434667,0.269308403960947,0.0598348154482531,-0.95540186503304
40,22,-2.27975356337622,-0.341994920181526,-0.493701388345439,-0.179874906380726
41,22,-1.71876091620908,-0.217094882466122,0.443479801721312,-0.158891945822112
42,22,-0.245577088541261,0.10850828751046,2.17524600705619,1.03881856365151
43,22,-0.250124670946752,-0.577220771571135,-1.14777341917898,-2.09035317326434
44,22,0.438228718180752,0.138593998928558,0.939017403946453,0.207067220065245
45,22,-0.508946755198536,-0.301475527998501,1.45618088741086,-0.668480597327481
46,22,0.605204193531741,0.915629480115515,0.34199381876982,-0.541617456194963
47,22,1.47222046346606,-1.13395686329142,0.278865741711617,0.872791338966419
48,22,0.00189755827893176,0.162780610008871,-0.457187535049221,-0.198377612780389
49,22,0.451061574083177,0.951407522897531,0.728883895290867,0.544626918315567
50,22,-0.63001287411094,-0.841628541398789,0.949558480364807,-0.837129296611248
51,22,-0.226712330297024,1.10994368830374,-0.247095623017843,-0.679891576652181
52,22,0.15062553278624,0.143295944858492,-0.732532139417689,1.98247025745892
53,22,0.0618306591755334,1.37853128048909,-1.43413562538966,0.826031013756373
54,22,-0.147354963541075,1.33477110668896,0.42615683871746,0.37664012326491
55,22,1.60705292298177,1.49515505799772,1.96627134381325,-1.33545832797681
56,22,-1.21237309853624,-1.6492488518106,-1.1975948460767,-1.94346141639842
57,22,-0.46047716623443,1.30641116571818,-1.26876250239631,-1.94505894728339
58,22,0.160150225126278,1.26642036988856,0.435405531109672,1.89291553304574
59,22,0.303675477789591,0.54770645201269,0.350624654992665,0.506578787306875
60,22,-0.632409491054623,1.54805089156944,0.701725593866659,0.83309931672177
61,22,1.36698803592873,-0.0150264962184091,0.553124583689652,0.833796757207338
62,22,0.361680864211105,1.59934002718005,-0.46062293128405,-0.446319205412017
63,22,0.49067579856269,-0.730852532810165,-1.31860103043293,0.591459688172794
64,22,1.87320122930187,1.32395823022909,-0.394380640598172,-0.113540533433894
65,22,0.150717468371874,1.37021607771675,-0.0731485280155223,0.837715709824239
66,22,-1.59623811731844,0.718680293948385,0.713058697374615,1.18891286867089
67,22,-0.45345245813453,0.189610156232171,0.274147914067092,0.547533365090326
68,22,0.533661449022775,0.414290492245616,-0.152078778225237,-2.41761648025255
69,22,0.146970277127183,1.46561967046999,-1.42835764329923,-0.56202913799918
70,22,0.651977847115555,1.9155369531612,1.47759438438014,0.10380412537971
71,22,-0.100290684081629,0.108669869504553,0.391029259944892,1.49896837249557
72,22,0.773570977487439,0.0623726941268324,1.30440473069455,-1.44857554110879
73,22,1.77858910680875,0.141787798888518,-3.17090509574776,-0.941276299478612
74,22,-0.201882414983955,0.035998906281968,-0.843903961689374,1.06406780496972
75,22,1.4139229001689,-0.0296028576336267,0.232868648847727,1.19935183778975
76,22,-1.66332736197612,-0.668649443429165,-0.0181071358069445,0.842503056098874
77,22,1.17974508881579,0.134029831544064,0.528114326556574,-0.755544917237908
78,22,0.150910900208711,-0.687007182688394,0.690958611189464,-0.110523051054814
79,22,-1.14788751011177,1.82951794541163,-0.755512793739627,-1.29035328742827
80,22,-0.259328546999901,-0.485980249803056,0.188273981923718,0.259478066798963
81,22,0.984855838166743,0.408663884214306,-0.350417324104775,-0.785182368407366
82,22,1.36898976439359,-0.755003939373813,-3.06721854858128,1.5336734697531
83,22,0.166480014164201,2.2966645063668,-1.16077744364979,0.202434915078954
84,22,0.833465801306759,-1.62370158333638,0.221398885140551,-0.145829131698435
85,22,-0.468775606887977,-1.61179395002154,-0.669227259020048,-2.07270116270975
86,22,-1.9556821509344,0.0928882444461934,-1.09983731706783,0.292722915454208
87,22,0.211919471680378,-1.72931082604631,0.695804189783107,1.42691067238144
88,22,1.2764600802805,0.172968476640665,-1.03570383850686,-0.917824207353719
89,22,1.32980467391793,0.017140565451652,0.235940526062928,0.768819894373031
90,22,0.272040335295585,0.174210989559911,0.701994497475465,1.20068762918925
91,22,-0.101586783518574,0.242927268805792,0.0119788588635648,0.335504994416647
92,22,1.63128433963929,-0.960369671840004,0.0801200540604501,0.52182293395582
93,22,0.522800667071416,1.86433310713669,-0.633765698537514,-0.134479718868585
94,22,-0.682959437844016,0.023950438637099,0.856802296985909,0.261270869510213
95,22,-1.53847433869759,0.436679115594647,-0.332007586830973,-1.24387494492738
96,22,-0.232855323241,-0.07160791590935,0.0129213050971459,-0.171244178466573
97,22,-0.834688905834865,0.383145768614859,-1.99074578357819,0.422072132597027
98,22,-1.64189578192358,-0.213532398147334,0.372332706546374,-0.732933664929228
99,22,-0.384832863977474,0.329326639352165,0.0439181969413674,-1.04559459723809
100,22,1.08774108093595,0.721726451037935,1.11109865663382,0.559264634079424
101,22,-1.32493490774899,-1.12004759626423,0.187916663036142,-0.704618529876529
102,22,-0.0987398876758739,0.952900405798001,0.506956409929411,0.765007897685181
103,22,-0.359963547573529,-0.814657683369502,0.242443321758209,0.218023814957256
104,22,0.106213175125915,0.704927729013779,-1.73971216880053,-1.09599763874861
105,22,-0.0535997490836164,0.817738089844234,-0.264123576732254,1.366121194505
106,22,-0.51224342290494,0.688508182027677,0.0719737031798277,-0.459089080528456
107,22,0.557728886106597,0.698369790144275,-2.07451694078451,-0.665451657008145
108,22,0.737478755884167,-1.06910087061135,-0.29037398936254,-0.857238334509979
109,22,-0.203306764963809,0.0764238458049432,-0.339156169612167,1.18067089445989
110,22,-2.61136333494728,0.201235411390145,1.40769804394371,-1.61738393435397
111,22,0.0999987646915305,0.0737947492769125,-0.662713127623422,-1.09523727325182
112,22,0.689913026494767,-1.62009658804914,0.858411146590538,-0.487648311121073
113,22,-1.88314503258971,-0.784612163002739,1.71700505869963,-1.3457996852322
114,22,-0.0612081536424641,-2.28592565975585,0.483709928835857,-0.323297332714957
115,22,1.85148159877469,-1.12578395431051,-0.313526316024383,-0.0207240729806683
116,22,1.37500152401808,1.21830075519221,-0.628849358984,0.469137136665866
117,22,-0.437057337193892,-0.821698072464597,-0.850157025500721,-0.387383959567221
118,22,0.531700720847902,-0.51127721879214,1.08862980310862,-2.3345780122759
119,22,0.542031560962343,1.24696563859097,-0.403662334915203,-0.414829587411496
120,22,-1.10284235587281,-0.645618622425886,-0.607672149342462,-0.194817773263268
121,22,1.40758661142779,-1.04639898952753,-0.835193894253233,1.10442380378635
122,22,2.35262037376288,0.255242512472399,-2.10248568363281,1.06821888365588
123,22,0.782592681683407,-0.690542116234879,1.05408017044801,-1.48208911451631
124,22,0.225597101877795,0.419879834290906,1.54311042455113,0.00182500037090822
125,22,-0.0549349230183933,0.141211714122355,0.353433510329584,0.680311832789564
126,22,-0.687355131553923,-0.872509346194269,0.147812559350945,-0.61026031903844
127,22,0.127224908034017,1.98981679527155,-0.00557711065071468,-0.147979624603276
128,22,-0.683326984690605,0.0696838740793083,0.455126853735038,-1.01060228763566
129,22,0.294733510265173,0.451551130935834,-2.07301369453449,-0.622924761763422
130,22,-0.841386552919461,-0.0127759024073281,-0.153991368321964,-0.851205192845846
131,22,-0.183705864284329,-0.991120169309967,0.575478185743211,0.706710342995185
132,22,-1.24550449811863,0.0170973660699546,0.376855749226761,2.76663346021065
133,22,-0.118007894555684,-0.929103315025984,0.724938986580549,0.364452246683994
134,22,1.41941821976114,-0.0319871630752444,0.844057955554258,-1.16130767172012
135,22,0.901243929407796,-1.07551743250917,0.387671408430695,-0.445654912238118
136,22,2.53346776325495,2.21311152983189,0.101454752226514,-0.636399392794973
137,22,0.488594206548975,-0.696280975547334,0.873882930553843,0.18072560081937
138,22,-1.54948512262895,-0.630852773787822,-0.826062100258678,1.55473151815897
139,22,-1.75583906379315,-1.15750008625363,0.043149575774887,-1.15296717785142
140,22,0.0711146244296109,-1.92799068815523,-2.58496234581859,0.51448301494404
141,22,-1.16621823767549,-1.04164822220076,-0.75898012156121,-0.0933331236706924
142,22,-0.634826224749563,-0.514967543658781,-0.535718115922191,0.277372573073708
143,22,-0.646945008895983,-0.87695507196887,-1.58366159400461,0.390535528540394
144,22,-1.02759170102602,0.311143082536857,-1.58444036427196,-0.825639469413157
145,22,-0.210997455995255,1.44744904827085,1.65542931298504,-0.815650272493742
146,22,0.452126947167857,-1.49808117444392,1.6295025201135,1.61367516754806
147,22,-0.362547827309209,-0.714150955999053,0.480800687856309,0.806937811987876
148,22,-0.614109047559572,1.7943005664372,-2.02425415742612,1.64173321093964
149,22,-0.0704548547812289,-0.190941634165656,1.10321656387168,-1.70996799845152
150,22,0.212050058261676,0.851588199777808,1.04634449912867,-0.105701695741832
151,22,1.87818275041895,-1.16592949221589,0.847770990544883,0.277450819846912
152,22,0.693737474444429,-1.35297344065319,0.485495906215419,-0.0897128651461549
153,22,2.00613398894594,1.14618402092086,-0.398431140103859,0.924733709309071
154,22,0.448610804540108,0.714847826840221,0.957558710461616,0.798421913862806
155,22,1.47761746259179,-2.03000557118585,-1.00357339622794,-0.220681271943807
156,22,0.0950607154826708,0.923810882331498,-1.0467146239043,0.590676722330411
157,22,-0.757102193894719,-0.804456298173907,1.04322603452864,0.185101228639597
158,22,0.0769133558592554,-0.185885007756114,-0.251773871589812,-0.764155192919625
159,22,0.487477794136016,-0.822051644442725,0.394412584878514,-0.740697352388761
160,22,0.347684664082274,1.79540522224042,0.0572718391602592,0.730436602201065
161,22,1.0426887489472,2.20854736307023,0.900720797649791,-3.39060779073729
162,22,0.354976283668578,-0.195025929572103,-0.380500610948573,0.148567948977381
163,22,2.43698444675992,0.339815233308082,0.701978074325487,0.055215640872495
164,22,-0.604354629342952,0.281897487340321,-0.0492619179594576,0.0310410083433239
165,22,-2.78560422106194,-1.23112408237499,1.35743383519031,-1.85728946442287
166,22,-2.97877601920715,1.87993884950603,0.0206927959999064,-1.4564412095537
167,22,0.376700292147555,-2.1430929048902,-0.051731207615221,-0.0674702836899973
168,22,0.850446702645338,-1.94932458823057,0.125371915733919,0.677064669088411
169,22,-0.23368460018203,-1.14851611587519,-0.644083288547565,-0.103474136669878
170,22,1.719054763269,-1.01615044718216,0.945846691234282,-1.38207515714294
171,22,0.708938246603304,0.723473593682351,0.225694830491735,-0.341880838602412
172,22,-2.58176035227256,-1.22120011427157,-0.364186467529727,0.812340147824479
173,22,-1.00897467351622,1.67278407057559,-1.20748218524216,1.44145982552617
174,22,0.0591258117726302,0.796143227065533,0.672430652133622,-0.726640121162527
175,22,-1.93100833405599,0.0652124697915921,0.149754233047707,-0.295431241434015
176,22,0.552568337308025,0.759733683695317,-1.04801979639861,0.382867908046199
177,22,0.213481559494014,0.339961573090618,0.0456356058036918,0.394446020514231
178,22,-1.84016003934982,1.8873008111885,-0.552645836616289,-0.911189506657927
179,22,-0.992284156426072,-0.220323282493632,-0.0409715026434659,-0.131886198824008
180,22,-0.651228711430912,0.663986429191541,0.519121895418365,-0.600237152175071
181,22,-0.842846146193035,-0.282114045746578,-0.767336853069081,-1.18625798493899
182,22,0.411187965312428,0.785788932639974,0.641500514085235,-0.999877752031111
183,22,0.0742975781861998,0.931454189971092,1.21641477028099,-0.20427517150758
184,22,1.97963165298277,1.06136038247631,0.759231822462652,1.1633579897298
185,22,-0.906221277766596,-1.89064962978728,0.186791626871698,0.0601176550606808
186,22,-0.333054693260632,2.67944335898172,0.600239074391232,-0.81456330418109
187,22,-0.978787574592431,-0.00130718135804924,1.87968786385573,0.258483802256177
188,22,0.19278061200137,0.682535218399855,0.125592916082576,-0.926518769919597
189,22,2.76257627617948,0.174486371242257,0.926002056111786,-0.0479477694722589
190,22,-0.0466335046604549,0.263208020913382,-0.127836114430586,0.382104845157459
191,22,-0.418911761993163,-2.45231696395332,0.0502922091067737,0.636290560632504
192,22,2.27356218772356,-1.48309104439855,-0.676454891790425,0.761162558488507
193,22,-0.722462098142063,0.798095100981405,1.09425274575337,0.845756835513625
194,22,-0.567738109966403,-0.228000120560728,-2.09311020258288,1.82385934595646
195,22,1.2833339049338,-0.25283573670146,-0.574084391500435,-1.04920785659707
196,22,0.723992991444624,0.0253283786954024,0.805643671543875,0.546692947694642
197,22,0.366055521690336,-2.05333839329786,0.367662566214625,-0.0126884577277854
198,22,-0.745506761638127,-0.168582867616183,0.125793414806698,-0.0776236651216575
199,22,-0.391356699629691,-1.35828997360381,0.563677127848126,0.00646630724530839
200,22,2.2796519265825,-0.282717331772428,0.52269894266678,-0.267668317603015
201,22,-2.01243079188874,1.26050852350409,-0.160417634839877,-0.376505227787594
202,22,0.964199749274618,-0.232692964575157,0.189418716600968,0.917137877343678
203,22,-0.830375578149338,-0.00155153071331115,-0.581904100046749,-0.010422719401694
204,22,-0.811332754194981,0.942866173366061,1.05987564200158,-0.672570947657742
205,22,-0.194955927561045,-0.374925626182507,-1.85998251333523,-0.42272977024646
206,22,0.61276416040042,0.312579813794214,-0.89774067338292,-2.44210820276009
207,22,-2.33818405351494,-0.220882772992363,-0.504720538005822,0.480415620143311
208,22,0.733548032327222,-0.600798926674195,1.02558867020442,-0.52280317778133
209,22,-2.37186905843789,-0.146333152498938,1.90572551350413,-1.5528192636599
210,22,0.448650195404028,-0.146246795298821,-0.920782457227299,1.11530785716305
211,22,-1.47939020229958,1.20782947824629,0.37362593025989,1.13493142214448
212,22,-2.08402035482649,1.23248447046557,0.700610330562706,0.651080855224543
213,22,-1.15200820225133,0.31500569453075,-0.601957408543654,-0.0842396691107927
214,22,0.450110055365893,-1.41242676836221,1.06381276005375,-1.15485657809867
215,22,-0.45039985593959,0.635267654975368,-0.328116759385277,-0.546289795263261
216,22,-1.16772465211351,0.485971514661368,-2.20963535510083,-1.21232092156888
217,22,0.0355133256757987,0.565322013760075,-0.447815383461239,0.00170260274823015
218,22,0.492069157968403,-0.546596833385086,0.86379848441337,0.483114705783035
219,22,-0.162664060871052,-0.769504163865385,-0.464522467407413,-0.0333072956748941
220,22,0.095666405743649,1.05342934798577,-0.825582508034533,-0.10677812579937
221,22,0.156937300368211,-1.12134195005402,0.489558429321452,0.504584028960597
222,22,0.0035257395018994,1.12887495208085,0.149535742131345,-0.949700291885974
223,22,1.40894921698614,-0.293482412299522,0.611146435805315,0.166566563994955
224,22,0.778392468892562,0.906492012308091,1.14713426101656,0.692039512937742
225,22,2.13175006702014,1.68983564069227,-1.46805002915184,-0.128964438153912
226,22,-0.301121517352709,0.348081546081189,0.982659007871753,0.529625122673674
227,22,-1.56497719072238,2.25157646387697,-0.17850054511977,-0.902398933605954
228,22,-0.646062587593114,0.178719069586471,-0.710292088326769,-0.849003290063148
229,22,-0.988386725992386,-2.14733121979014,-0.511179979131463,-1.47542337047554
230,22,1.35326955771639,-0.364796114702346,0.202479847981013,-0.13132234642107
231,22,0.399486047251095,-0.626009092884323,-0.183251010668833,0.318439054284084
232,22,0.476980663792844,-0.153479078142996,0.47880115181047,0.514548526384354
233,22,-0.187641277282812,1.26497217508358,0.421295141036154,0.489288778282562
234,22,0.0623125162119521,1.27334281370686,-0.662992241854032,0.0920292453657147
235,22,-1.96284081754543,-1.0564867037333,-0.476002794264545,-1.40066806070214
236,22,0.933403804738059,0.365115691266618,-1.80090983648976,-0.778438681518453
237,22,0.525168512507924,-0.246167414555614,-0.379346070913196,0.325186265599616
238,22,1.00811783005638,-0.652426957971155,0.0167551463874872,0.116755286138826
239,22,0.0990730401410643,0.363734931398447,-0.0297141888422855,-0.943855973235189
240,22,-1.18645811255932,-1.44581642938645,-0.22046967213157,-1.54414198315781
241,22,-0.158341087894987,-0.248572028178442,-0.648838650165698,-0.0374402463023976
242,22,1.02997412822809,-1.37838046518206,0.00150559289414246,0.110025492024591
243,22,0.0277590362049455,-0.311055721645365,-1.11513847396042,0.766316962102856
244,22,0.176884218922,0.716729909114715,-0.088053302897563,0.763234989668183
245,22,-0.652411189772471,0.0326954544206656,-0.659740563698194,0.0661686427005222
246,22,-1.71307720781627,-1.88883824648249,0.672949810843929,-0.844543529297744
247,22,0.319163199808608,0.608480013293896,-1.45941913706424,-0.434679230297184
248,22,1.00341183495497,1.65624186643986,-1.50559107752069,-0.269783072617258
249,22,-1.345231403798,0.328886765857274,0.603443231186568,-0.213227011630537
250,22,0.546967693592352,-0.970940131807846,0.707318816410562,0.328565822336987
251,22,1.59735715212796,-0.383891460321812,0.293175497500725,-1.05422918227325
252,22,0.27391956685146,-1.04948080659884,0.2028971419722,0.67957034109685
253,22,-1.00843584999189,0.410248515600587,1.59290012953457,-0.657045456637467
254,22,0.891986598040413,-0.270818460960924,0.302095626930047,-0.433227107657092
255,22,0.609617177795534,-0.11518814107922,-1.52513265470688,-0.954310224384974
256,22,-0.167316484032281,-0.281823804652036,0.294239736071062,-0.0837769638004793
257,22,0.267096559853722,-0.430888905611649,-0.818288566017693,-1.99242712109951
258,22,1.07564062371628,-1.19818189000151,0.500781146390231,-0.433608220839919
259,22,1.138926194,-1.61552419773438,0.953001383686852,-0.101068453267009
260,22,-0.742245193150492,0.75986392715051,0.163637077408158,0.222282224180806
261,22,-1.88359329211432,-0.997083367534993,-1.11793769134404,-1.13972435261786
262,22,1.29119272283801,0.64618475169093,-0.832532572688345,-0.333507672650582
263,22,0.772102496302292,1.182237016208,-1.18368944655079,0.0431449565820336
264,22,0.494588764221165,0.207983852203143,-1.66297753375918,-3.24309203395583
265,22,0.586234453228537,0.584921228415677,1.24309525092932,0.203759350861796
266,22,-0.725967665818802,-0.0642183931775094,-0.901002288845759,-1.84676655289049
267,22,-0.605346593332422,1.07945693286932,0.394790847963074,-0.461775541801346
268,22,0.281380721854309,0.154427309362127,0.404150179399117,-0.380178711805139
269,22,-1.49569986131127,0.338981961358977,1.39134553033623,-0.101326981392654
270,22,1.40351779702718,-2.97579481513811,-0.525092021613746,0.93592670061347
271,22,-1.75496505288451,-0.547983212186329,-0.819622138258178,0.179643979477913
272,22,-0.851449353488304,0.0742568217410656,-0.112169435992231,-0.362978831161824
273,22,2.17214848531532,0.938430587071167,0.317972664487048,-0.816171496292477
274,22,0.419877776980663,0.688523980818822,-0.402855982669227,1.09966640052506
275,22,1.96907806643131,0.675768661815691,-0.627871824293584,0.446881780215206
276,22,0.999728556668371,0.0958624997166962,-0.268158021137023,0.621169649882019
277,22,-1.53429128699867,-0.59008757269315,1.19307486569485,1.08122919216373
278,22,-1.34164653906848,0.242124816780268,0.00521893493881722,0.83189518515086
279,22,-0.988983523437173,1.7251760817122,0.170551915935269,-0.873859712653141
280,22,-0.730328053897384,1.62157502645244,0.688448247941981,1.0647903187814
281,22,0.379201304116085,-0.131684490280815,0.0718714818847407,0.664880646957574
282,22,0.539645232766317,0.376547719906234,-0.297035621476315,0.987988570599997
283,22,1.35250339298206,-0.475145121528205,-0.422622186826425,-0.577142253562692
284,22,-0.758466375742207,0.622965406377274,0.824508728597359,0.907567185377528
285,22,-0.34601497164896,-1.30088504992737,0.548362303819413,0.381768829467769
286,22,-0.398677535245826,0.602468200963868,-0.124686165690322,-0.52490899799306
287,22,-1.41455717102081,0.789108282108014,0.632546570716849,-0.445027298686923
288,22,-0.46257375056132,0.902075787027981,-0.0789614527179482,-1.70311392046196
289,22,-1.76823634909055,0.644107391775029,-0.961765443584998,0.674812435124748
290,22,0.294086522129213,-0.33803445385602,0.221383194976405,-1.77024656417184
291,22,1.48445011896867,1.51118577520867,-0.231436335220713,0.573525633533183
292,22,-0.528054052366388,-0.313472889739303,-0.148381269001633,0.14046139485245
293,22,0.147309163578467,-1.52369676722982,-1.05436842725261,-1.42611359171636
294,22,0.598173193639088,0.843234807175597,-0.728508533205498,0.481987608587138
295,22,1.74077669277795,-0.0289994278526161,-0.162851880073754,0.546832773658476
296,22,1.14801016136248,-1.11369044418721,-1.63158631453635,0.421504032680711
297,22,-0.624058860343331,-1.30492457524996,0.35224612403704,0.647452430981297
298,22,0.0491761184021442,-0.654014851265773,-0.337239634912503,-1.31539413031801
299,22,1.18120726259783,0.0124291120195203,0.50721942078674,0.348133956550338
300,22,1.24625216619726,0.327571548177678,1.49185782956187,-1.97061868775465
301,22,0.257004067356416,-0.121457769376375,-0.301628996682276,1.7051168185537
302,22,0.650456096458226,-0.811315137350561,-1.63901405670354,-0.592397466823511
303,22,1.5730891299305,0.321260638062885,-0.44561984782394,-0.950616372051879
304,22,-1.92583149585076,1.26480976426034,-1.55298343226755,1.31147972273438
305,22,0.563765921961411,0.518868661289448,0.652039759689686,-1.83524954029106
306,22,0.21187009213194,-0.427807690698131,-0.234711396710033,-1.54236132374541
307,22,-2.83247489295221,-0.0218474736212606,-0.363132647123911,1.38173073692407
308,22,-0.102644414682291,0.163584700038387,0.0810329883604292,0.880565642277396
309,22,-0.198344768990024,1.05669875269589,0.591227532628203,-0.0315777313135514
310,22,-1.075737044087,0.463857251301926,0.908027513880921,-0.505651218555604
311,22,0.912747387192583,-0.558039174382641,-0.2840877863235,2.84191395083914
312,22,1.09672519778929,-1.39377095916832,-0.265159839887585,-0.313284186397216
313,22,0.130702736761778,2.15524430436065,1.43873960857476,0.313696438246182
314,22,0.954336606658229,0.349854485119263,0.0382311393302306,0.399915895293481
315,22,0.109853587840534,1.2792646916873,-0.439451974557462,-0.221011529880444
316,22,0.821536741021837,2.20429638464464,-0.914296058876943,0.0938718398809598
317,22,-1.22897028056013,-0.190986663809438,-0.671980250779659,0.448203279760117
318,22,0.819200439869039,1.08023207973386,-0.642893093914822,-0.706500142942047
319,22,0.385858517950766,-1.47694351165287,-1.25412392782553,0.335884183940296
320,22,0.0243986377476842,-0.529414127908506,0.270000361532395,-1.15755283988458
321,22,-0.0497196836722547,-0.789679408099007,0.554015226463034,0.560327515770362
322,22,-0.648188623709511,0.466756253756365,-0.683744413155348,-1.07434649602935
323,22,-1.81468736043477,1.53765531810904,0.694569904563273,-0.505853453543539
324,22,-0.344294155899832,-0.55706395339163,-1.2605747060757,-1.15657469964201
325,22,-0.356644803966745,0.0606961668528201,0.874697865367884,-0.409572657804867
326,22,-0.213492266210412,-0.0527150589530755,-2.23645178001652,2.46763662421277
327,22,1.23316043190876,-0.292976122725672,2.43519114003895,0.503134130709179
328,22,-0.0357030532807703,1.11977203191212,-0.588864233612943,1.48347764597261
329,22,-1.88218365953361,0.16378298392269,-0.545722014419791,0.0139270451070842
330,22,-0.333165630810196,-0.943846832698355,-0.382897059570652,-0.860950666198473
331,22,-0.164086989354432,-1.43856319678771,1.83687105311607,-1.34057995363671
332,22,1.44747875010199,0.0933890209671401,0.505752336326325,-0.745437069273189
333,22,2.09504710079535,-0.443780418960925,-0.620200944674684,1.90664370513945
334,22,-0.0688269577852765,1.2055265927676,0.662853159449647,0.833064478394828
335,22,-0.0763486884733938,2.3505867394348,-1.8983842864556,0.274194697201699
336,22,-0.755053433384838,0.267525051261011,-0.0280714101079992,-1.16215602811174
337,22,0.542960665715512,1.0575823568266,-0.958234795474162,-0.581648273439401
338,22,1.23263220394029,0.448287485174346,-0.881405548956501,-0.310672658399463
339,22,1.13432657738924,-0.581280716319276,1.2362721653839,-0.306495860475828
340,22,-1.51125106541523,-0.148017213290857,0.532646912852209,-0.0265746355014702
341,22,-2.01819259807032,0.637929817709313,0.629539366359097,-1.18936116447519
342,22,-1.12931866817665,-0.268723164481289,0.308765354937703,-1.17189229145794
343,22,0.519393409406412,-0.698562914326906,-1.72563029999803,0.474643392007402
344,22,0.635440307991278,-1.33245004568448,0.387346469123325,0.545356004010899
345,22,-0.332841549218736,1.01397525066414,-0.354006180627585,0.989238354458695
346,22,-1.14917681949723,0.959539292672496,0.857827786104476,0.290806417721104
347,22,-0.832253690761526,2.01444688543915,0.797342984608633,0.119242558241278
348,22,0.390417379454505,1.50831039295398,-0.304627568214248,0.299975387269857
349,22,-1.33423042088151,1.76025760653511,-0.433866196848785,0.952168740254757
350,22,-1.04661180886313,1.75546492592009,0.0375224359391841,1.5483844060031
351,22,0.147514349895218,0.813842549987828,-1.19588023381907,-1.37380619380644
352,22,-0.727136983547039,0.480153028640427,-0.0766193798495502,-1.34292217554821
353,22,-0.340190750495854,-1.33546803590138,0.810052658715074,0.358774164363631
354,22,0.763575112939496,0.871569003331049,0.719937369275107,-0.422363974395187
355,22,0.249455797118176,-1.13933562604186,-0.0889756073918736,-0.490906467581331
356,22,2.52366007278451,0.964050966409361,-1.31315967701614,-1.0004846193729
357,22,1.63361213166276,1.29869646995549,0.00797932506341824,0.113966007541309
358,22,-0.646970840847883,0.106704783496152,0.47020313670168,-0.0405956639352005
359,22,-0.156161653204662,-0.395391759546461,0.410686890757462,-0.220596002371617
360,22,-0.775065975879415,1.92262512851619,-0.0255583173720855,0.848342915039728
361,22,0.139629146774129,-0.934553870229991,-0.290477863486185,0.692248602736331
362,22,1.96137991870778,1.68563022046901,0.486113510435702,-0.76672950324149
363,22,-1.11551345804125,-0.586540428630487,-0.0671587593822335,0.548446878998688
364,22,1.49220611650042,1.23368286696904,0.0393647204393563,0.241086349579543
365,22,-0.474631743029749,-0.701935544216847,0.416118117967272,-0.482155273701063
366,22,-0.0455407287987214,-0.957044159147239,0.681692991026087,0.593596493087682
367,22,-0.859263105333976,-0.205735075708049,0.880806046135098,-0.508630882121178
368,22,0.605961062634997,0.713060866735906,-0.966548759371785,-0.377690325024301
369,22,-0.54779000966002,0.438122137965285,1.23147877887271,-1.4626327275885
370,22,0.476539045324991,-0.223893229714979,0.611236009216741,-0.0841078746142076
371,22,0.444815158862777,0.373939969897372,0.648872142048602,0.0682404810805426
372,22,2.9097654528417,-1.60207783551084,-0.956726599865122,0.399299601636821
373,22,0.690662513825734,0.371606321797566,0.220844059560152,1.49784774994372
374,22,-0.98516722086125,0.994413949794465,1.04549590479864,-1.4296568527393
375,22,0.614204091043813,0.864810598683027,-0.397562336724527,-0.473828636504175
376,22,-2.08302090135252,-0.821955068320033,-0.367510388327827,0.603682746509492
377,22,1.39519128626853,2.62652227496082,-1.08290058264527,-0.409449590606453
378,22,0.0790759128561873,0.533791321715167,0.632033999467789,0.806510953906668
379,22,-0.219030368337008,-0.601729406105266,0.377363066471209,0.549612081566113
380,22,1.13392245601267,0.10883018676113,-0.235125991320323,-0.508212809763355
381,22,0.256447086542607,-1.23719682135927,-1.2254804527154,1.99720064791544
382,22,0.417961519428944,1.71082276865478,-0.713513022179499,1.57594521853453
383,22,1.38030329178828,1.4373558413478,1.43060867813473,-0.269688120917007
384,22,-0.417229347664391,1.71948492106722,0.988856278783685,0.00850408311038959
385,22,-0.874909811740961,-0.63544557910191,-0.784732671117887,-0.880520998235172
386,22,-1.52758785823636,0.388948979373099,0.552666037916511,1.07704278297215
387,22,-0.194510253257279,0.92386054597545,-1.11500387549775,0.565273894463378
388,22,0.471281145362805,-0.52671873335936,-0.281634155986949,1.00195046277329
389,22,2.49446464796144,0.397404380788032,-0.153544516693433,-1.33008858110271
390,22,-0.945062759223135,1.98559952616001,-0.552632172280933,-0.529790722406688
391,22,-0.566686792718501,0.965372946578318,-0.183751527590088,-1.94732962623097
392,22,0.949682191171349,1.34646179647128,0.998453498773119,-0.176265512459946
393,22,0.943818617043429,-0.360870532037081,-1.20094169235692,-0.205751198955948
394,22,0.818670179334187,-2.22978235244918,0.0222432243385025,0.307375945930022
395,22,0.0133112633934342,-0.929477352623065,-0.831434384638236,0.909768295040854
396,22,-0.167204102839646,-0.928800804031261,-0.641285781411842,0.603472555764105
397,22,-1.65460602645043,-0.882676016966954,0.372899385676966,0.287158671733004
398,22,0.00862519028294578,0.116585632762084,0.385891687514349,-0.777856114815018
399,22,-0.00881886559417728,1.12229080666072,-0.5452200272615,-2.09064615686749
400,22,0.307864057940695,0.186324103222695,0.440900409823448,-0.247323327776546
401,22,-0.0987401111518938,1.42912229348131,-0.757957189155335,-0.0110233917424398
402,22,1.34933933525722,-0.984900574463028,-0.472682035607637,1.08250017349946
403,22,1.82611542165243,-0.503917383100953,0.609232641584588,-0.225416957398755
404,22,1.14364713120211,-0.423094048550443,-0.0886700934035014,0.175872605003171
405,22,-0.462636919094224,1.407077700435,-0.18943561869321,1.61629125471322
406,22,1.10291378706567,-0.374432791805444,0.963053878957094,0.589390318782533
407,22,0.740806618454576,0.118617856411791,0.215009557741799,1.8075247440189
408,22,-0.453130096227754,-1.10857418124659,-0.479382790289152,-0.942606668750258
409,22,0.776979595771059,0.857797747274867,-0.868498410281426,-1.18354075189284
410,22,1.76391686112949,-1.84028306699767,-0.238056948725683,0.677763995833789
411,22,0.142591968793105,0.244762647210567,-0.283915625266844,0.430592136682252
412,22,1.41709979357928,0.399376890938743,0.27972925209016,0.971564488886737
413,22,0.0364067249064085,0.0739249102328755,0.480965285243231,0.0808425020986473
414,22,0.125508420060809,-0.717007921697663,1.08005533452119,-0.452789187573843
415,22,-0.149182076084754,-1.06572206748162,-1.46659510707317,0.199640580021819
416,22,-0.969706948206656,0.194524991606965,-0.444252782553581,-0.257012207782297
417,22,-1.61873831196353,-0.673199595042878,-0.149300959265509,0.506560164686866
418,22,-1.48616152052733,-0.494124591157484,-2.11293540706511,-0.478187896481
419,22,-0.526401144308725,1.22017790123303,0.540032557516565,-0.213639287456182
420,22,0.822267429901667,1.16620204340393,0.201606478430959,-0.58394662848378
421,22,0.255776771793003,2.60720903492761,1.84276486579683,-1.04601055471666
422,22,0.571764701055992,-0.660432645878582,1.4777693794864,-1.49010081803431
423,22,-0.10886627792705,0.688781867801039,1.37949959890533,1.96576231974164
424,22,-0.145968346593176,-0.266385762239026,-1.56327200628014,-0.0514316789939174
425,22,0.0493956532525191,-2.03831268259058,1.3109627071267,-0.310253601926869
426,22,-0.488060684582698,1.62285172352058,1.05148296754837,-0.686152356720664
427,22,0.88885481140511,1.06690988898595,0.0569157149678886,-0.303965474987994
428,22,-0.109182959862156,-1.03619788768943,-2.00945597311537,-2.59855064534831
429,22,1.53869384968306,0.52432185972668,-1.32236156144189,0.73486994892494
430,22,-0.185067056928788,-1.24458471681339,0.155871005335605,0.595602291967446
431,22,2.67056357378372,-0.491513792492993,-1.42590502659679,-0.0752376007330746
432,22,-2.26290629863229,-2.00471430148973,-1.17198263757725,0.086186589160238
433,22,-1.55986843641037,0.365103077530492,-0.505045348080101,-0.323276004401143
434,22,-0.126609842743624,0.805039594612079,0.301975152465341,0.0231688573912472
435,22,1.42812372555967,-0.920937884064737,-0.824405075564858,-0.645971993273747
436,22,-0.0911345189627804,-0.42088178570944,-0.106972817778539,-1.47272839493166
437,22,0.73185889544149,-1.97106167952013,-0.0730014545621436,1.0654345534815
438,22,0.427681669858872,0.946197748050456,-1.00980793383206,-0.0702179056830586
439,22,0.0437702257806947,-0.00673031257487371,-0.447407517862839,-0.588844382056262
440,22,1.66175992593348,-1.08821822810979,-0.132927184506017,1.66381959142304
441,22,0.371215030358603,1.19582008320521,0.530998401185162,-0.450128234648623
442,22,-0.0584580471763862,-0.153733803203647,1.18903898384727,0.00202428656157011
443,22,-0.913835156068745,0.233217774660451,1.30606635853235,-0.842983857146412
444,22,-0.659887296821397,1.79555074787414,-1.71600381295283,0.00480851582632808
445,22,-1.32094387774074,0.674897097412819,-0.642582102686059,1.44890638409512
446,22,-1.74729401039837,0.653556641984495,1.36867228710595,1.31828014426128
447,22,0.94151223166313,2.49281206086221,0.593563031782555,-0.26670435724337
448,22,0.789587445928188,0.13053153378706,-0.745969174750723,0.255235602422165
449,22,-0.929895358803543,-0.988182914114435,0.675541567683442,0.60754801437739
450,22,0.0655919362547512,-2.06631154815285,-0.107029699024165,0.71571152002663
451,22,1.29154986143482,-0.708198094332925,0.134442502561413,0.119390709801381
452,22,1.84761915019778,-0.352797962902108,-1.01596475618539,1.8508555512339
453,22,-2.1007354114768,-0.541167138247125,-0.918786562919871,0.447302832208741
454,22,1.18754797630506,1.37393875540828,0.697946142829464,-0.576246494835621
455,22,0.126742628464729,-0.475534558009192,-0.0704460109693084,1.39887405169943
456,22,-0.677537919695262,0.673230372749106,0.238161235497372,-0.339901674668002
457,22,-1.17352081817646,-0.868472025426115,-1.62175021215144,-0.801606938436456
458,22,-0.387200802558305,0.526138747766979,-2.06352717774752,-1.18430595959538
459,22,0.706304315505212,-1.37151465569173,0.414952044337427,0.260063214866875
460,22,0.594471902564287,-0.831993004818741,1.77312955781888,-0.00706050087591143
461,22,0.173323353723732,-1.28894373136421,0.435733169478707,-2.21340205607363
462,22,2.39827368578242,-1.4272572215631,0.983623215258664,1.44707119824541
463,22,-1.50517919262285,-0.854639766377878,0.639048870813482,-0.68283027236996
464,22,1.68145552501306,-2.01234004085803,0.378937606092673,0.305838003032839
465,22,-2.24053122821799,0.199868671339737,-0.521015761361968,0.770145144876657
466,22,-1.20833598818543,1.01736896620112,0.501661213762605,0.0699266437441454
467,22,0.582694236213018,1.25447430968952,-0.0678793051757434,-0.907276046650286
468,22,-0.612620225896901,0.979970403403823,0.0699038749345833,-0.28739061693692
469,22,-1.81695864110038,0.0121381383178842,-0.249981461235263,-1.63454043191461
470,22,-0.590831497598679,2.09310155877308,-1.92489970077141,0.381244650289054
471,22,-1.14037508748039,-0.402242199964633,-0.363757932802355,-0.084011804176673
472,22,-0.972088950621538,-0.632520731815396,-0.43999641982138,-0.340926225892499
473,22,-0.488895021470652,0.50240375123845,-0.285988806011117,0.2371646865287
474,22,-0.511262756801147,-2.97145969028126,-0.942757905664815,0.623536731446761
475,22,-3.02487186510217,0.343867956250273,1.84506166401566,0.48111418908275
476,22,-1.8255787682986,0.639697665322904,-0.820300188935043,-0.59900207854204
477,22,0.036681885382442,-0.177701157453977,2.28923094792241,-0.472910567651793
478,22,0.201532197878019,0.251973220157441,-1.25338527173965,-0.993846480431654
479,22,-1.49557787378038,0.747513239796061,1.64003936257709,1.17062277035172
480,22,2.24254863044092,0.79050869131112,1.32481648079543,-0.798922868921425
481,22,0.498602207448662,-0.0128203742495483,-0.993008313749238,1.63890664290884
482,22,0.202336926332767,0.455607394836232,-1.15883458957808,-0.484189159865601
483,22,0.914785545153226,-1.73817173743698,0.138046205158877,-0.408933126517577
484,22,1.2435665370755,-1.22481876638998,0.554279617783372,0.146563465154434
485,22,-0.78673713567418,-0.0675881127470422,1.50854576255719,-2.07508280303436
486,22,0.982537358472291,2.37955165340409,-0.566253526070863,-0.602413010700503
487,22,0.0789833494285859,-1.03364082249356,-0.0154844055328168,0.962388902635718
488,22,-0.698177922141895,1.34042433464516,-1.06989756900622,1.22084963632741
489,22,-1.20029385971786,1.83121862101018,0.402362977293229,0.115312965439484
490,22,-0.104142851748473,0.959072456056951,2.33714820093347,1.07212927128509
491,22,-2.5961847324243,-2.05585370487172,-0.0165739906626157,0.661874354362128
492,22,-0.444567120346798,-0.39170669020252,0.272541822356783,0.151750984795934
493,22,-2.27513654324272,0.676403716519552,1.32097848609855,1.64414831847075
494,22,-0.25910734542824,-0.242551473135483,0.166836929878203,-0.115303879660767
495,22,0.134906469430237,-0.576925568514663,-1.67170984525938,2.15006135779047
496,22,-1.30327326848348,1.02222573065631,0.742804360251077,-0.228808825019373
497,22,0.567073585483151,0.635559856151263,-1.10115220173927,0.124453209020501
498,22,2.24526153955353,-0.77246970911086,0.269667337834697,1.07627943135072
499,22,-0.250573317190164,1.309873329859,-1.17280898909746,0.313318328302665
500,22,0.18399875155311,-0.802271888052759,1.32091727043395,-1.48548942964042
1,23,-0.287623086040368,-1.19349199243214,0.59874148480146,-0.840679229188642
2,23,0.436968854620355,-0.314588827413128,-1.85320790616315,0.51617658133041
3,23,-1.51566761937491,-1.12641150281396,1.30749735168362,1.14862329006634
4,23,-0.687656826220571,1.22437100129618,1.09672191404745,0.252932488962399
5,23,0.0341190395675217,-2.16688036332249,-0.388423295702044,0.632959509750307
6,23,1.06176704608439,1.70093230153284,-0.917007307506472,-0.374483728194208
7,23,-0.509316328581142,-0.599048916417512,-0.760055284523675,-0.0316740101736199
8,23,0.967403717212104,-0.77244485964196,0.200107329367986,-0.204328276576355
9,23,0.814937364416072,0.493459974021665,-1.9140387682411,-2.00979708531476
10,23,-0.245477683338938,0.155487930268898,0.906436694885338,0.0895607911133841
11,23,0.0756070785919621,-0.97464700492445,-0.335952776511865,-1.61369296690261
12,23,-0.654196565014212,0.125138179136301,-0.519389703795627,-0.0545462041914646
13,23,0.638882879808419,-0.883453408700655,0.610546057569554,1.04740808242572
14,23,-0.942008075044136,1.05723519572683,-0.63147085189057,-0.410034001299841
15,23,0.539216230407016,-0.300956265915224,-0.347092242072869,-0.980967315817397
16,23,0.151208850330245,-1.44887426775014,-0.508851614042168,0.140119163564451
17,23,-1.03007379478559,0.197558900357445,-2.54464819484203,-0.970255359095334
18,23,-0.387430203633068,0.499319782470356,1.24509377182949,-0.230630862271338
19,23,-1.05849232123939,1.13727037677849,-0.574416077002995,-0.401458588727256
20,23,1.18081647837911,1.23874409330721,0.0910198345004296,0.113713195736458
21,23,0.64664658342082,1.74437273743375,-0.245146050454349,-1.20376519539826
22,23,1.67171328979246,-0.325663238015046,0.322672125522858,-0.0525945044535138
23,23,-1.56074510145117,-0.266466575539502,2.31225974054552,-0.171423225032438
24,23,-0.724715488640476,-0.769522983630746,1.07139851487606,-0.516493278440696
25,23,1.53863333556313,-0.258726370905136,0.066618175438746,-0.778878072888369
26,23,-0.338339398475747,-0.229728627522694,0.415389384956954,0.940014245349026
27,23,0.264217452635304,-0.54745886976639,-0.763768725813837,0.882380763696281
28,23,0.96233655906647,0.269483060322058,-0.334946382774222,-0.079284964561647
29,23,-0.667008479912564,-0.539139769145934,-2.5511381289918,1.18793191576089
30,23,-0.226518433988773,-1.58602924135725,0.845813070697084,-0.813282562247158
31,23,-2.75993149622212,-1.14829936913128,-0.124190374748095,1.22546149596955
32,23,0.944572887795714,0.810949619191398,-1.19536083144152,0.940780681386527
33,23,-0.0772564332507483,-0.0407417155198954,-0.333019112668504,-0.0702562423253661
34,23,-0.602218313027298,-0.312051345709029,-0.175204796570344,-0.83193046307059
35,23,0.469001774670795,-1.01809256956216,-1.07864245717229,-0.113826547649119
36,23,-0.114537633607671,0.0808559964432084,0.0892506222566234,0.263092528672212
37,23,1.57134940700133,-1.03331928936987,1.54018729767838,0.76861023509369
38,23,-0.0354363781848917,-1.78285929638205,-0.902214284289591,0.643398429849623
39,23,0.229561824475784,0.80791389327794,-0.208532737811134,-0.66446688436442
40,23,0.499849316558376,1.16610465899355,-1.87133636539426,1.15691172715285
41,23,-0.192948076402364,-0.903897294831556,0.0829961406033274,-0.165810869208165
42,23,1.42819294684845,-0.887807151013104,0.00227780090888748,-0.879786561158614
43,23,0.716600401833404,-0.0841793898251833,0.695287302340642,1.46878779454997
44,23,2.54470084953342,-0.228640398486979,0.667969030110116,-1.82870717082865
45,23,0.123953848477546,0.442589246839551,0.397288600185558,0.221177437448354
46,23,-0.151853499696291,-1.15599982182654,1.13085043147226,1.17000175334214
47,23,0.616796518839781,0.927907777850065,1.14733225321734,-0.867996052184766
48,23,-0.620175873677608,-0.250406688178669,-1.75070922683783,-1.55885352559266
49,23,1.0629766895105,0.407629777185515,-0.00653310855457467,0.402275667564587
50,23,-0.724878792125555,-1.15318848754461,0.488029167787618,0.362918823298716
51,23,-1.50545619188611,-2.28697870248014,0.0199233786926223,-1.95771421141537
52,23,0.293467745009927,0.585317222882635,-0.812566606561872,1.00976505477262
53,23,-0.984512068899486,-0.128456804593486,-1.88789661060846,-0.428376481514166
54,23,0.206531167049212,0.426543313295397,-0.92623433573818,-0.0683103045349616
55,23,-0.777711260702831,0.0319870836823184,-0.403155248890698,-1.79770930277378
56,23,-0.119086185309853,1.48084685556883,0.421925699178928,2.3107493005987
57,23,-0.479557853597229,0.858783960894977,0.383343940594404,-0.907854643963029
58,23,-0.142518973210013,0.622890450022426,-0.537706060397114,0.467919725408029
59,23,0.932120001561126,-0.797386355903745,0.370006907945347,1.26124501761108
60,23,1.45871260025265,-0.33669624683556,0.02822143438882,-1.34704543402782
61,23,-1.00957301401913,0.979105363656165,-0.854184682085003,0.869273630025837
62,23,-0.43424909835332,1.12376900195982,0.47919072923244,1.43060570248997
63,23,0.571054628160784,-1.68905295934103,0.406340403711532,-1.55611222996363
64,23,1.17040962741429,-0.325836433023981,-0.503856930361498,1.82323096249869
65,23,-0.0834430577877082,1.34009680766573,-0.10358643252419,0.0232545875205787
66,23,1.30348998865169,0.926854372341453,0.0653630671844658,-1.9434542377406
67,23,-2.63165887884625,-0.445077138160345,-0.136184302789401,-1.13063675848861
68,23,-0.165645708896676,0.46631769782967,0.468084379531098,1.38931048355578
69,23,-1.2969850344966,-0.412767920043732,-0.181004057905445,-1.2698194391109
70,23,-1.16365819430472,-0.0233441638556652,0.194601378174167,0.574286390905335
71,23,-2.34609455244833,2.67253739375678,0.2909921869124,-0.264140652580635
72,23,0.47720037765617,0.686967452546099,-0.787336556050681,0.415616118400389
73,23,0.198682889707452,0.507521633243409,0.310645491873191,-0.677766970471725
74,23,-1.23198858275268,0.652449181419511,1.13237619512013,-0.104757692705504
75,23,-0.0574125144015162,-0.224720948104935,-0.573915591994935,-0.396433473018495
76,23,-0.118602013656545,1.55110108350702,-0.0817635050005122,0.717218083874258
77,23,0.0848833585856519,-0.56655745848186,-0.878849291204815,2.14820256147133
78,23,-0.37774029256832,-0.0369779528560925,0.256019767603389,-1.56344778689415
79,23,-1.57453305052104,-0.679487395279181,-1.26948962102009,1.05819056042909
80,23,-0.111417902562691,-1.52368839061847,-0.283390153016063,0.751757853916437
81,23,0.373570210027227,0.915853991319596,-0.273457069511736,0.885555588409767
82,23,0.651285504615351,-0.251345101218701,1.16891328130502,0.461599427249701
83,23,-0.910411709833446,0.511382077282328,-0.17682842072047,1.456735298186
84,23,0.165025676733645,-0.557763399029663,0.819064537609783,0.990074600042067
85,23,1.07155673289719,0.538352408666383,-0.149008944515612,1.82454069178682
86,23,-1.37990225635349,-0.384841371134833,1.88103502651376,0.882572994611629
87,23,-0.865780058912912,0.692934776821752,-0.717382148475956,-0.683503302635074
88,23,1.26831983577334,-0.864170043852244,-0.418130133688966,-1.68902447458066
89,23,1.41423636965141,-0.140966350640366,0.980438216421998,-0.863014951565825
90,23,-1.71313012982939,-0.186217022792059,-0.999697964125768,-0.137993246056573
91,23,-0.0561585348891906,0.462181162060123,-1.24518618988721,1.61385850338688
92,23,0.787580949271659,0.116361968818894,2.54881926791978,-1.31071300774812
93,23,0.889236425589886,-0.194636404022171,1.00226790153887,0.105253896116192
94,23,0.0935310273563535,-0.825527208957855,-0.832960176323722,1.56738212932034
95,23,-0.618741506706641,0.511792982117612,-0.920813048922572,-0.322071405192739
96,23,0.685958074841519,-0.0454652631752946,0.00171563191744189,0.612865791229211
97,23,-0.341658635318428,-1.80624176706807,0.930914232361641,0.743794851906842
98,23,-0.0376161136552851,0.688141949594955,0.574465765259557,-0.222960704624508
99,23,0.231250828610359,-1.63526144563713,-0.585406744781445,-1.11373189220576
100,23,-0.501404040665823,0.644252147894955,-1.66380693316925,-0.577371934835804
101,23,1.31586429533653,0.937866975826316,1.28938807722529,0.355984630771797
102,23,-0.612555777156846,0.47625841124866,0.610925258967679,0.991334709238015
103,23,0.00538169628664999,1.03927827105394,-0.369413561653447,0.70310783177705
104,23,-1.53457238479539,0.428854726157126,0.178564701087618,0.147399305084306
105,23,-0.411368212949251,1.18666420941069,0.784469899435862,1.90927159733336
106,23,1.38691213611106,-0.25938289062313,-0.379027312412268,-0.432489999586056
107,23,2.23157539408246,-1.09828411097451,0.733352856412529,-0.164081348957289
108,23,-0.988569128854841,0.458103538831055,0.456020724135604,-0.209320839180858
109,23,0.68619897288219,-0.888789886711421,0.794254531201645,-0.236666462302661
110,23,-0.621222051427194,0.499935528425507,0.745657061110722,0.0343250921642826
111,23,0.425727352618681,1.1466626102914,0.323600670887038,-1.04462075218668
112,23,-0.42712998050103,0.539252212728015,0.192533055754074,-0.518436781550973
113,23,1.43011808484941,0.155005730192268,-0.887012252563938,-0.882470100494454
114,23,0.961299213078088,0.880184614770004,-0.41034700276983,1.33194934740839
115,23,1.39962947112503,1.44472673479804,-0.0347732631017181,-0.38020480317398
116,23,0.740175594714923,-1.54493916400023,-0.0370057993198796,-0.440282369734453
117,23,0.79267275995413,-0.619172066921979,-0.156839016289911,0.121899934878093
118,23,-0.199851864451912,0.928179499234321,-1.86360274125793,-2.30699458683549
119,23,0.191297826310668,-0.881400832955841,0.656221747192574,-0.685570068233925
120,23,-2.07436585624458,0.757353537467352,-0.63930659211411,0.897892169568714
121,23,-0.242093464783097,1.25891872593973,1.12242013567817,-0.854764960366607
122,23,-0.36126260753739,-0.952450724819085,-1.50801587494413,0.110138448574884
123,23,1.00873202898269,-0.00193884843150152,-1.89402890682366,-0.610520736020125
124,23,0.59017374004552,0.837803269821285,-0.858144237388971,-1.46851366500389
125,23,0.395264877822946,1.38918674684972,-1.53127746049528,-0.695276267184052
126,23,0.52635924011682,0.142392258395926,1.32057433943138,-0.719482727602595
127,23,0.760286102682839,-1.37191558841581,0.219051630297201,1.25912281957734
128,23,0.30242534866158,0.0921565693234947,-1.29427872284582,0.642265136055157
129,23,-0.0793985274164802,-0.909764611315483,-1.16494095636156,-1.09827922231128
130,23,0.228175105465275,-0.191595279189729,-0.0811140179380347,-0.244070204260506
131,23,-1.57773601631373,0.640357697306114,1.31350395740204,-0.379083529333259
132,23,-0.0326362860405053,-0.207279054555511,1.22237581899491,0.7338821477702
133,23,0.38625014265483,-1.141609025464,-0.184790151705703,-0.873780206157091
134,23,0.209839940759128,1.84525990869942,-1.29964987787396,-0.549348877916571
135,23,-0.992743446268362,-0.784612679026025,2.72184286823124,-0.798153818240746
136,23,0.811789476807168,0.912679857110685,0.859291560747168,-0.129853660841575
137,23,0.326086551251725,0.745364228556976,-1.25864028327532,-0.289954175834886
138,23,1.04922047878136,-1.57365421060557,-1.19440913361297,-1.20403786626596
139,23,0.633531577259356,0.425783200611834,-1.55175126041931,-1.37706188847345
140,23,-1.27362375958779,0.033267188628692,-1.42412071948944,0.845591380560418
141,23,-0.481039636708642,-2.3345931874564,-0.652312636563629,-0.0462273826373056
142,23,1.0490472906289,-0.097968886281419,0.212492120245989,-0.579002521731414
143,23,0.210161004508136,0.90403494800369,-0.174405751982163,1.73299291871728
144,23,0.331423579068569,-0.189003596271172,-0.16374287432389,0.259884760605496
145,23,-2.58868788138511,-2.51579678834421,0.206707276855708,-0.0940710829201487
146,23,-2.08964796889477,-1.36575918163754,-1.72025472365348,-1.80947026011977
147,23,1.07268029024722,0.639149446731817,0.887569919444466,0.0102531094140085
148,23,-2.36561441055068,-0.102416447836043,-1.15515603288395,0.457201950177068
149,23,0.644010455200882,-0.281851139759837,-0.694965526083048,0.77128405704756
150,23,0.263574718202259,0.545993385417116,-0.4520519940926,0.492237598033133
151,23,0.539327371048931,1.00873526535656,0.299737495498276,-0.0924037970991818
152,23,-1.3172117760824,-1.26978789476408,0.314799746483818,0.921008313640469
153,23,-0.298085968699771,-0.987609560040266,-0.671106398423349,1.26967808279445
154,23,-0.569687878701489,0.0702706694893777,-0.358039561848184,-0.573807214797667
155,23,0.196166318392043,-0.911017744355925,-0.742399551532899,0.554860760604545
156,23,-0.0449524162594893,-0.611264506631698,1.01787473920238,-0.0561805573552783
157,23,-1.1544883841679,-0.0599177460410542,0.119496757486249,-0.193962098296324
158,23,0.198078818114723,-1.18699595107492,-0.171863186100994,1.26892904060427
159,23,-0.167958998117574,0.0199704025269609,1.91137124349728,-2.85044394286087
160,23,-0.102604809562278,0.150132959297593,1.35634993306854,-0.345684205778659
161,23,2.10961780876452,0.16464128691774,0.019392880150362,-0.105253395909683
162,23,0.279023697373342,-0.431229403477062,-0.896008929991612,1.02760760724246
163,23,0.727021745354415,-1.11768054736807,-0.172832334886227,-0.714887451441688
164,23,-0.0922475983101598,0.0749877221264446,1.54388124593911,0.745539666492547
165,23,-0.64488600397689,1.57370771288204,1.14920607391899,0.39227853290992
166,23,0.168717625713409,-0.527981267157399,0.418782063128037,-0.848860421998873
167,23,-0.0180017300087654,-0.524184954765288,-0.169134047880691,-0.453705671065287
168,23,-0.424353514978089,0.553549554093118,-0.991345577782848,-0.451738482018304
169,23,-0.21518036187536,-1.675472892589,-0.797653161881345,1.54194200073643
170,23,-1.58931343061544,0.852401254149816,-1.23470862369241,-0.220411647218869
171,23,-0.0130950635259194,0.412190592473798,-0.841135844603245,-0.978509107418782
172,23,-1.23357477141749,1.75141115759237,0.106897591384145,1.4510251523093
173,23,1.15014173288597,-0.958823819155456,-1.41750991998568,-1.49000678145284
174,23,-1.1880129161948,1.02076141601209,0.0400588604916199,0.391793612861226
175,23,0.891111904299451,-1.34601033734521,1.00570743005386,-2.22815926900963
176,23,-0.884688261750063,-0.0122167554543489,-0.628331290360462,-0.623248431665923
177,23,0.0393550723593446,0.391996982920372,-0.228714610907905,-2.11808336310867
178,23,0.662176429286151,-0.70142061793547,-0.977081140571634,-0.400309296007943
179,23,-1.14843617890851,0.896489205956586,-0.172418351686809,-1.34654781546832
180,23,0.8518337273388,0.692591670401446,-0.30434534320698,-1.14520500009774
181,23,-0.469031582569277,-1.70237250250531,0.281801493121907,-1.09522561588971
182,23,1.3001939394507,0.533453106022846,-1.0660989018565,0.572022726347016
183,23,-0.44687367928718,0.274789992850116,-0.989958544984261,0.101193862772912
184,23,-1.19741929879411,1.85982284788628,1.01580138107247,1.27794993828252
185,23,-0.171439989696459,0.239119427019325,-0.312168075416105,1.26731431663812
186,23,0.110445045731592,-1.71574314279887,0.216148722833924,-0.515219486157452
187,23,1.83396602094827,1.25852025326755,1.62225140017267,0.339864126957045
188,23,1.04340778374732,0.884856580687193,0.121430943549645,0.159616594229438
189,23,-0.710257600466456,-2.10511829321183,-0.525684954356267,-0.589724682368159
190,23,-0.772084552862141,-0.47870023358596,1.14521597164354,-0.880475181356929
191,23,-0.936757582142128,-0.286755541110797,-0.594288175943893,0.680484515287617
192,23,-0.0574354087830125,0.979650697825689,1.11242910447364,0.564960922408935
193,23,1.05071253616991,1.04791955679055,0.962217552817074,-0.720465814653183
194,23,-0.970241181931818,2.13647773891062,-0.128055603903707,0.332837072558744
195,23,0.436863284014364,1.30743625176521,-1.15448480088706,0.401218430980547
196,23,0.605956519165851,-0.0033264049508405,-0.562594500808927,1.05019673308137
197,23,1.72879332493865,-0.200161425252916,3.07192122292816,0.937607089250529
198,23,0.495665914329759,-0.00622912475470664,1.03085794863922,-0.139176815206955
199,23,0.371096762421066,0.44945324155861,0.83337428269574,0.614079635612315
200,23,-2.07678566141313,1.06505034306592,-0.616240408710753,0.900163968694991
201,23,-2.38903739642097,-0.287042723352247,0.78698217656331,-0.12224603633623
202,23,0.849066949926026,-1.98494715414315,-1.09807792178858,0.595393319836608
203,23,0.27065374604157,1.16224730804565,-0.583521356807774,0.296448062769915
204,23,-1.0329716691444,0.736873612480983,-0.668843545198232,-1.94265195180518
205,23,0.0076379862916551,-0.129138408673171,2.31970132819685,0.671462512406751
206,23,1.07846879350643,1.89232371880099,-1.51568218635076,0.0951585677161335
207,23,-0.964115056774778,0.963513900819568,-1.4560164315761,1.28698040731713
208,23,-0.678046469292552,1.28397005813708,2.13320255680958,0.132483791536703
209,23,0.734361409462805,0.141892026483961,-1.09915975946635,0.161086283997602
210,23,-1.11910082443734,0.398224019951456,-2.18541850693377,-2.36977889581928
211,23,-0.888816325495299,0.167552480979709,0.47621280898854,-1.93558908904862
212,23,0.419247167817737,0.842451535480608,-0.575673846102769,1.12245977847267
213,23,-1.35667654795504,-0.172043428596277,0.270996856715304,-0.579634002354802
214,23,-0.974879707067352,0.379389944121979,0.280269003127422,0.333587475823793
215,23,-0.0696630497501672,0.656240644733936,-0.435443167723255,0.22618442696423
216,23,0.727371872864423,-1.54533527371661,-0.720877179022577,-0.0442129816450791
217,23,-0.86793069214057,0.777365975335806,-0.825362357699953,-0.576578275579867
218,23,-1.36107491743657,-0.947094152633434,0.0572214601172168,-0.31298696315912
219,23,-0.0337348293339914,-0.623308668650181,0.342488464499875,-0.127747446843326
220,23,0.869601710232507,-0.510464131020335,-0.0697996959813111,1.49655238458092
221,23,-1.4153145474042,-1.61169274195871,0.0688251720205411,0.844710914461105
222,23,1.83628448792773,-2.19502424701764,0.0588283523524044,-0.71114680255517
223,23,-0.525970414732592,0.243422680778672,-1.65305896242704,0.441506803208025
224,23,1.33312801419288,0.0112844342881269,0.284861812730685,0.949336500478246
225,23,0.751192110926756,-1.13678666675579,2.04352812539386,-0.864565304290349
226,23,0.144903306848161,1.20911244350539,1.50203885780643,-0.436938602743143
227,23,-0.701043293868352,-0.372933265075488,1.29244120843596,2.740501277658
228,23,1.52006719526489,-0.0314509218485463,-0.594554825332534,1.05896366805878
229,23,-0.295464477658004,0.150643117724723,-0.449375787234388,1.3429902724738
230,23,-1.18781579376362,0.984274403312491,-0.555357525636553,0.45069270243612
231,23,-0.151249757636026,1.04864590279427,1.35446603513337,-1.07930814699515
232,23,-0.20119356208844,0.586607381861268,-0.718043571691138,0.487582992822781
233,23,1.47961796879745,0.647248939326189,1.13674959551038,-1.46396327116688
234,23,-1.02867880221712,1.80494309586763,-0.334695491388453,-0.328075149084352
235,23,-1.33718339830062,-1.36933197187384,-0.394369473272864,-0.712704143633057
236,23,-0.177717550175371,0.644437061320766,-3.89198644686847,-0.201553104483752
237,23,-0.6410609598941,0.490649460538798,-0.779529259729285,0.381105331000102
238,23,0.0853833497367772,0.468389817152219,-1.13664217450333,-1.63893421828016
239,23,-0.0585597735793411,0.845206591262297,1.4509591281795,1.76315020143393
240,23,0.398832351489046,-2.03385719529579,-0.337905270669091,-0.405450872301047
241,23,0.146836105470413,0.277678591968436,1.0241194683334,1.17247111504405
242,23,0.310187697222564,-0.801045570770168,0.846643091740479,0.175536081122498
243,23,0.0382875812978424,0.360984339207365,0.820088450523285,-1.24673896849175
244,23,-0.00797427550654486,-0.0835533892303244,-0.516235844049926,-1.0489594573995
245,23,-0.658779029392498,1.14161425420896,-1.80224192886702,0.156565726620826
246,23,-1.321712794102,0.419440640849455,-3.3055144885128,-0.994266021672292
247,23,0.574688414865193,-1.78896223734702,0.173513454040104,0.518642531745816
248,23,1.04544400940464,0.202740620077205,2.1248741385745,1.59093224617895
249,23,0.0525389941813969,2.25099880964947,1.99464709918622,-0.229387470875079
250,23,0.813589369719599,-2.01188855071589,-0.483372364837617,-0.99357123174901
251,23,0.452444139151587,-0.210833820546247,0.676605399248827,-0.812619119740502
252,23,-1.54669255764436,-0.811588935355489,0.0663462111163248,-0.774674724771697
253,23,0.476510801439191,-1.94020281870176,0.302037694986177,-0.462047895785263
254,23,-0.135703111212046,0.0125543656481744,0.834691453912841,-0.627645360102334
255,23,-0.687134567154156,-2.4545159933975,-0.538291828323052,0.0597312049620796
256,23,-1.0345798208087,-0.42809187983444,-0.568683845332051,-0.264512134563047
257,23,-0.859942911545909,0.305731539360976,1.4948831875363,0.399667591272512
258,23,-0.998969104918434,-0.625393140782758,-2.00443368108825,0.403402316928004
259,23,-0.349731368061728,-0.561601370258347,-0.913155247352997,0.53724887144639
260,23,-1.19871960276979,-0.230463056108674,-0.156716476514901,0.474349793716589
261,23,2.87250660528229,-0.408703439439836,1.69494442978378,0.284650615156953
262,23,-2.04154439816305,-0.426989331361466,0.351343540348392,-0.526880462508437
263,23,-0.68795658162355,-1.45821598080169,-0.504570063568422,2.19534292064739
264,23,-1.13330036158881,0.369648477559373,1.75126524564535,-1.43879698018881
265,23,1.05472191618013,0.756548655660346,-0.877784298511227,-1.07651422495265
266,23,-0.40529685437619,-1.93789772250799,-0.236484049553555,-1.81921334616245
267,23,-0.798199667797699,0.287153655900603,0.529011081121815,-0.245951927239238
268,23,1.0835710349954,-0.383540410182041,0.513635524712042,1.38389054322234
269,23,0.870926776138216,-2.48996076404413,0.828128869994191,-0.346526335295086
270,23,-0.377561581706921,0.975084116946988,0.778513198920986,1.03793527709275
271,23,0.420468058833752,0.245343976170452,0.307058746265594,0.775277085107143
272,23,0.835644257049298,-0.031923342291917,-1.32073635628286,-0.303978604967164
273,23,-0.278779216176629,0.210896899412127,-0.0661553080889729,0.127791342354288
274,23,-1.74418505223816,0.451432490737888,-0.424399248230095,-0.648861357097481
275,23,1.31115511900663,-2.15967136871237,-0.714261298600072,-1.30543543841081
276,23,-1.50582830388127,0.997156306476388,-2.21395851121406,-0.103338402629131
277,23,-0.0769289971822689,0.0966227055739092,-0.9047255403083,0.470535902047619
278,23,-1.2502747340506,0.122953593013044,0.413078778892392,-0.54464475017637
279,23,0.267743566479555,0.250091177617075,0.647185763673269,0.751008209423321
280,23,-0.172830326738787,1.99688489781069,-0.929743526877334,-0.471817234686227
281,23,1.55702186675157,0.581996090433399,1.24710003731445,-0.00651378865286975
282,23,-0.985069161371713,0.527454833246005,1.08899998975039,1.70562865285462
283,23,0.328290051021841,2.09040313735581,-0.580078028062895,0.500078762411503
284,23,1.52737766208896,-0.688557080366729,-0.174223791417645,2.31237460596652
285,23,1.59670657752943,1.54037498179495,1.3684574631285,-0.080761014869542
286,23,1.1046003137284,0.131626892447676,-0.815393374087977,1.40167343857486
287,23,1.04474189590894,2.81935377379987,0.0423327684925962,0.262037602964114
288,23,0.907120385467596,-0.00204036619099822,0.498240960120201,-1.12708945858028
289,23,1.88858769306017,2.08716749411551,-1.3364207598858,1.27001275181052
290,23,0.489999995796788,0.0156353898298442,0.234973753769695,-1.4394535481314
291,23,-0.578048677901672,-1.08037469617019,0.0860784681161741,-0.16484221494655
292,23,0.725104699826414,-1.66238085895034,0.867492930868867,1.61179918857905
293,23,-2.02143976484426,-1.80624006440016,-2.05864479941362,-2.10329311355463
294,23,-1.9375986452927,1.45105725560232,-0.200856270290109,-0.718702713443054
295,23,-0.0365191404821068,-0.937585617575064,0.559374404835725,-0.00460878241827033
296,23,-0.228655582239047,-0.34781063963904,-2.43869837797031,0.654473946722069
297,23,-0.321962561870872,-0.0702874728956641,2.03130294060542,1.19965786391288
298,23,0.287822465307274,1.42464664444527,-1.48205513493066,-0.448887797262848
299,23,-1.10943421947271,1.75251315761583,-0.511768338376966,0.560752458514125
300,23,0.720520937299421,-0.0514427352722106,-0.188474138330233,-0.0484335602318517
301,23,0.776283278941348,0.509157769834005,-0.372637652303204,-0.45267846957618
302,23,-0.883277464707873,-0.715944511874056,0.0885803053680338,-0.272372929654387
303,23,0.528141481392724,0.817130380257124,-1.96324923011844,0.852773904185085
304,23,-0.0943236385059977,0.0720456510018175,0.594412313741533,-0.0198010033601612
305,23,0.830940816857768,-1.71734752059421,0.97729270998536,0.275435032810429
306,23,-1.26683791481734,0.881149739626582,1.12145130954316,-1.74487400824649
307,23,0.17830837510517,-0.185337793027107,-0.25873816212813,0.733138527737624
308,23,-1.5788571039807,0.381857365124731,0.994782497198119,-0.624890985444155
309,23,1.04036377851201,0.266020099316391,1.41028701288931,0.437879336714444
310,23,-0.243257832893502,0.235695038970265,-0.470284667888253,0.0378191295883744
311,23,0.784019719407599,0.76709438466692,0.302236771752705,-0.352052232109238
312,23,-0.85822442150609,-2.00311186906202,0.74475421333233,-0.912146020954645
313,23,-0.30702244420183,-0.387134206626149,-0.698734998893182,0.777723406711685
314,23,0.678778809408268,-1.27512853918083,-1.18616100126846,-0.857875125066665
315,23,1.12554136771552,-1.26629648214248,1.30013771426857,0.942794013602108
316,23,-0.738752895170842,1.3407389516478,1.47246212545201,-1.02186995313406
317,23,0.541146482113732,0.142475984090434,1.90883547619588,-0.146148269851152
318,23,-0.612559074275858,1.42528795513619,0.293273502624466,0.782501798605642
319,23,0.173830698137152,0.952675025098674,-0.125095712432687,0.750055529345691
320,23,0.236625191965545,0.377359520297611,-0.921857746672611,0.991255390300955
321,23,-0.962287343129065,-0.585798590238753,0.24637956000939,-0.574320331214962
322,23,0.605436099768716,-0.22150901761259,-1.69988060040448,-0.98124919360069
323,23,1.14656233953504,0.189145024595752,1.61414771302188,0.64375897823244
324,23,-2.77054897067897,0.673528949168224,0.799557547503773,-0.0236546934226837
325,23,0.572786902438012,-0.458550764623551,-0.23759003902642,-1.37568372798453
326,23,0.534721219504795,-0.612076072322775,-0.348070271577645,-0.754104452862569
327,23,-0.96754970726518,-0.995805561728373,1.07155637104154,1.15887126882357
328,23,-0.534634835411232,-1.25966893185488,-0.0702383838626994,0.711215329556497
329,23,1.34208864974056,1.77536218216408,-0.0884722234086426,0.656570947908116
330,23,-0.173978109336858,-1.338561081309,-1.17475398581693,0.257791864448529
331,23,1.32285126556849,2.26020955216369,2.4882470900945,0.0832518227407274
332,23,-0.555157320660735,0.842603276989637,1.09391202160145,-0.627856831033807
333,23,1.48128493058241,-0.574398524721441,0.507508820351692,0.521030225336965
334,23,0.0606143318943991,-1.49167522324922,-0.809902607038324,-0.0853470833955122
335,23,0.381296951654462,-0.306371641261371,0.129440876178226,1.21254456097909
336,23,0.568527854123693,1.81554212342902,2.88115308679336,0.269985966362172
337,23,0.401720569425067,-0.311728481019638,-0.0987345312398789,0.684372120553526
338,23,1.52449461149087,0.57103939988623,-0.0622917491708362,0.181108454308671
339,23,0.473161333525013,0.178273468899243,-1.27617475137268,-1.08315048708148
340,23,-0.226102817987129,-0.86854900734265,-0.554711784432097,-0.76308187856663
341,23,-0.576266581965845,1.19325707338107,1.97276227764834,0.12525230654736
342,23,0.326932516151544,-0.216983972923242,1.08186205117809,0.538735145004589
343,23,0.175808840115163,-0.703976227520958,0.548633004559185,1.09235063542427
344,23,0.824483762355156,-2.38852260819545,-0.353569067903931,1.6567221002338
345,23,1.27045009897348,0.246947881823356,0.0582761535651241,-0.219987132291425
346,23,-0.259216240082727,0.562705346107141,0.542534472271061,-1.48072917021968
347,23,-1.67579063151366,0.590222438221144,0.337299423606068,-1.06757246154168
348,23,-1.08080008800719,0.756901388454863,-0.242279101975168,-0.534609604107693
349,23,0.381582020955657,0.450178397616043,0.402846678328657,-0.334953603085113
350,23,-1.52041719043615,0.757032360846511,1.7794577149523,0.107641696798598
351,23,2.45390671362169,1.52268366108254,2.0641130475389,-0.735402732367601
352,23,-0.182296087087344,0.422359781924351,0.445107522238823,-0.902283206536275
353,23,1.14690687805685,0.816291863522726,-0.960363968935517,-0.473488782230075
354,23,-1.24550451812119,-0.801324795020348,-1.39337834955778,-1.30170816609205
355,23,-1.95144703191036,-0.113839151359249,-0.335717913487588,-1.58302969573218
356,23,-0.541301231241579,-0.0315528465438871,-1.17180970062437,0.126336465017095
357,23,-0.935054203231318,-0.279860854216272,-0.897524518528939,0.592517322891055
358,23,0.523029693195058,-0.530196027078354,-0.677708280421858,1.10141245057012
359,23,0.944608278322476,0.563251449945465,0.988621492637876,-1.13153714423063
360,23,-1.12872221977333,0.23631645491562,-0.905701482180725,-0.198323016673493
361,23,0.835702516473994,-0.131308285508599,0.37175160089383,0.821572863864762
362,23,0.412595217441819,1.71664283205209,0.163804358561726,0.67656378152585
363,23,-0.243785653335827,-1.97965406527583,1.56275934116228,0.32692522548176
364,23,-1.80578128344165,0.247514923251072,0.311083097700991,0.209160613886911
365,23,2.18897316420191,1.16612604982392,0.455696773465628,1.37282247645287
366,23,-0.481266010462565,-0.995684419178985,1.27449461476512,-1.2552654049494
367,23,0.463671064143888,-0.126210443352077,0.0142620090020749,0.578324729655029
368,23,0.878853920853618,-0.809169509550503,0.408127827835443,-1.12695201466742
369,23,-1.27834378677022,0.320281164049568,0.551427670195521,0.38780092512222
370,23,-1.09842002708896,-1.84659325831803,-0.623508696781349,1.5909331655686
371,23,-0.774125311542022,0.669828093745836,0.0479169097944794,2.19574990149232
372,23,0.413107557021851,0.0166236454207402,0.766614830031019,0.0182116836411025
373,23,-1.03582294492491,-1.66473886576217,0.874689340851817,0.627193953940204
374,23,-0.0623700643196466,0.343278038150459,0.310391067065248,-1.66565200610825
375,23,1.49430568268819,0.572631237477064,0.625914153807116,0.0175246239066731
376,23,-0.989002718527024,-0.00754930888317506,1.30591544190493,0.112943001910552
377,23,-0.215986201270333,0.754029180289791,0.829545618036021,-1.9410400930088
378,23,0.140248393375973,-1.95658737194074,0.532938046128905,1.18435400561907
379,23,-1.75034026698438,1.39736242620623,-1.89334983681425,0.239949736982578
380,23,0.233663267365085,1.23154412272757,0.151433468223207,0.69401732384251
381,23,-2.14848392962515,-0.374991203430882,-0.032894563108239,1.14034448139
382,23,-0.787232850717945,1.45773150952924,-0.984020782957994,0.248791524852969
383,23,-0.535075635833583,-1.57962328371208,-1.36803236273646,-0.67002019860247
384,23,-0.547499364259155,-0.900574824549553,-0.593166108155844,0.972995151322686
385,23,-1.0551411622597,-1.68377797192591,-1.0861310954797,0.19816664054252
386,23,1.71015670360645,0.27425628497943,1.29000197344977,-1.75724235058518
387,23,-0.738651351351638,0.818605131561362,-0.399738793043918,1.17644039686246
388,23,-1.16023114344711,1.04247362756091,0.416428956396419,1.01793593714831
389,23,0.557662993635712,0.45897777874681,0.353627200061549,-0.62858595529779
390,23,-2.25224925488844,-0.356457347426649,-2.0194768246411,1.2721492641282
391,23,-0.437196530044208,-1.13621952067145,2.30675424790022,-0.339634055271024
392,23,-0.630102813912917,1.99209438609534,-0.411995191553563,0.516039766038975
393,23,-0.561376116569809,-1.78664745204473,-0.275449829518149,-0.828305339568049
394,23,-0.327319614675415,0.60663537039851,-1.44387551946821,0.801712299056755
395,23,1.44533600793056,0.397133206487796,0.164123814616835,-1.25122497637376
396,23,0.618671578355181,-0.501071040860051,-1.69139992308703,0.578245872029369
397,23,0.936585625165542,-0.318380879397615,0.135091658922256,-0.331191378045955
398,23,0.724544623064407,3.00360376649789,-0.0338194668610932,0.549752326941784
399,23,-0.0653087978161319,-0.525211948769404,1.00878554822924,-0.888961282531639
400,23,0.450467051518146,0.556329041042094,-1.20090616416642,0.415361873420004
401,23,-0.528679420844425,-1.46300378142597,-0.280605014747681,-0.625874697931523
402,23,1.35782545399329,-0.375916606686825,1.51530608520893,-0.406855879661427
403,23,0.73846323465362,-0.945753282891221,0.615763692443167,1.22365601808746
404,23,0.11442332720639,-1.28026403834256,0.735837547600779,-0.5337396447827
405,23,0.313614785053814,-2.76667918798838,-1.18786335620255,-0.20028011260108
406,23,-0.467638811732297,1.47242876748549,0.994398972922951,0.221190816940072
407,23,-1.17477915910131,0.322867425916157,-0.0638528290838034,0.498597361719655
408,23,-0.970615692738601,-0.787600159909062,-1.11898596339813,-1.07930598908429
409,23,-0.415623672322029,0.604098544670282,0.419602509168519,0.584215043661409
410,23,-0.396442795971381,-0.207181614512702,-0.65654808338564,1.3161902817219
411,23,0.55344317175378,-1.48258331216907,-0.671782819404126,0.257758325097903
412,23,-0.759140249153511,0.36621174099621,1.18902533742931,1.1289407778498
413,23,0.24915370710667,1.40803879587602,0.293747707098181,0.473054738248331
414,23,-0.0618367054160724,0.283787540054517,-0.153409077305894,0.372996717977541
415,23,-0.992980734432775,0.126530184406083,-1.26151077396844,0.0510841294303252
416,23,-0.33896594961513,0.612653729797576,0.389335435519834,0.526247021287351
417,23,0.51062949872969,0.715268446385435,0.0155457195540419,0.287648394233307
418,23,-0.203347293847911,-0.693397412962823,-1.24892115477436,-0.23956593530808
419,23,-1.46327564690233,0.439273302896423,1.17256616720847,-1.03917413179126
420,23,0.936139152908653,0.5514186147777,0.278410789789493,0.803889034377776
421,23,0.0432994150974215,0.24185431387466,0.125780564103623,-0.594655287771499
422,23,-0.489490471969789,-0.351535942316307,0.334528802351568,1.16938623048949
423,23,-1.05096168431811,-0.65764922468891,0.732501920515852,-1.01255057551243
424,23,0.456762924575193,-0.163192050935299,-2.53278426112456,-1.10264348925113
425,23,-0.936149959326252,1.14883159967452,-0.844491294979396,-1.21132672607675
426,23,-0.366250102662058,-1.19440118344105,1.06859270790082,0.548603521290301
427,23,-1.20054938430053,0.420265595025422,1.54015661122898,0.211481536909137
428,23,0.491334682219566,1.37543189829351,0.00764417043940667,3.25340259847998
429,23,0.134935501628318,-0.563857434330924,0.819948004031435,-2.26945838744542
430,23,0.991522464634988,0.18608510917809,0.17669107408606,0.088705370796469
431,23,-0.419542171166343,0.34532718082323,-0.441336425234939,-0.875715906926936
432,23,-0.557251791348255,0.395321221546528,1.83077641937081,0.806163056224495
433,23,-0.267249169868105,-1.52602694880583,1.03290915818863,0.132175626669771
434,23,-0.723884840233939,0.852124922720977,1.5467077526224,0.0870399090380403
435,23,-0.00147939974524077,-0.0715197725054334,0.143241775920861,0.0374221099218396
436,23,0.337293839016589,-0.575776536706832,0.309806868068193,-0.889259421992238
437,23,0.217272891876172,1.87494768081879,1.76641004602709,0.370152320926462
438,23,1.81418252764377,-0.194099406202725,0.233671680335016,-0.232067590712576
439,23,0.889797090405847,-0.365060594077776,2.10114670457765,-0.771087157285236
440,23,-0.382475851886023,1.20741945362576,-0.800889345232784,0.389320753784903
441,23,-0.762073802106141,0.107239441284249,0.688138243596536,-0.127496817868626
442,23,-0.372144752163864,0.237184818844293,0.819508785850559,0.352254446049814
443,23,1.08460219994678,-0.239786549433481,-0.0846584228389971,0.658551505091009
444,23,0.964265764685149,-0.0508307999024242,0.0482807983718863,-0.17924523743033
445,23,0.841179280732577,0.585394591267419,-0.333082454107081,-1.92316424757468
446,23,0.888714429118074,-0.648060392750615,-0.448616696235272,-0.395322671022284
447,23,-0.0835070443054313,1.03102823284443,0.632529762736463,-1.36388552405276
448,23,0.778627615290002,0.21357842308719,-2.51967660498281,-1.74320039193987
449,23,0.375801899329358,1.08804362726499,-0.00305285150439116,0.112338937350316
450,23,-0.262375393725727,0.822013532642179,-0.653463482725678,-1.62110427562628
451,23,-0.935452940241729,0.305489989292503,-0.47024733897468,-0.991639674484136
452,23,-0.645710620086406,-0.611499887410219,0.545903345573551,1.72698544332705
453,23,-0.14856361003975,0.254842481173677,-0.294995855485271,-0.917921609319156
454,23,-0.7461702445764,0.864270891235497,-0.531601596402589,-0.755261999077392
455,23,-0.92631152229448,-1.37569773763239,-0.175693173788318,0.36856375049427
456,23,0.722893397509395,0.944877875981932,-0.133040227860505,1.32917869398788
457,23,-0.401757705138088,1.06269665409371,-0.163167084561047,1.17423820851172
458,23,0.329314451939205,-0.766118154438852,-0.723738936566057,0.205928389821064
459,23,-0.545846818358915,-0.312692593129148,0.00157221150150911,0.697672048698379
460,23,-0.634287137589905,-0.523130544608702,-1.34661728334264,-0.0583667459862535
461,23,-1.79933660449567,-0.195444767052485,-0.0661032440168456,-1.46442583394144
462,23,-1.33090783674359,0.644075259873642,0.0275571119334905,-0.560603061114257
463,23,1.20527650740391,-0.341096156642138,-0.305141272046835,0.241728470904318
464,23,0.134199896889591,0.0574380689297855,-0.791449949277173,-0.331117177911869
465,23,-1.69456245285324,0.502998154480881,1.4111460648747,-0.361908248099384
466,23,0.685520871057114,-0.23820032161676,-0.904392467373624,0.495072972632686
467,23,-0.24108137196437,0.429466451016168,-0.164030375764898,-0.325616427668471
468,23,-0.782599133351927,-0.519412243496125,-0.645550440427118,-0.943365223128016
469,23,-2.35238687608798,-0.723312832768671,-1.31745509966246,-0.074390121575086
470,23,-0.895353231919335,-0.143537303310333,-0.587416757994696,0.429655096504437
471,23,0.338457160582299,-0.802927992703025,-2.0416448226843,1.63866834614097
472,23,-1.71880508796464,-0.102564304459967,0.290478856885116,-1.87822050530692
473,23,-0.502777572762518,-0.0705537908906471,0.71590138143801,-0.535531356972073
474,23,0.0961723374225315,-1.03963051814874,-2.64110850845349,0.759984806041659
475,23,-0.436977785255282,0.916826158194113,0.670396427132839,-0.538388188445847
476,23,0.0215004520188691,1.54566998456368,-0.356600755911635,-2.00207145798518
477,23,-1.39547287332331,-1.35848877353978,0.454663042677092,1.04753237066987
478,23,0.659793086904051,0.515560285261525,0.330177313413094,0.240933576993704
479,23,-0.102340709902796,0.755476249362144,-0.0335712741427037,-0.339860452293786
480,23,-0.699805639889502,-0.283992076628107,1.5263501791254,-1.09575761405044
481,23,0.0563531696794041,0.40972972830442,-1.28701783979322,-0.615264370550252
482,23,-0.288031045631534,0.560744181115739,0.573139550245912,-1.17526623968597
483,23,-0.717564152146169,1.1794511205058,0.150815563425538,-1.47685492448162
484,23,-0.270926924303091,-0.0129894156625257,-0.131500436778547,0.995877803827626
485,23,-1.06832323257545,-0.53746862004371,-0.00704468976952012,0.212019434626838
486,23,0.617729385922976,1.84212654375845,-1.29129087167071,-0.290345710626491
487,23,0.160250929352915,-0.428632568759064,0.451201820231105,0.750909157958755
488,23,0.41645362813766,0.151615136869974,-0.462523072970631,-0.525878916450033
489,23,-0.058549726360852,0.52878849671995,0.980842563477948,-1.05460380796732
490,23,-1.08825867698747,-2.18482496579168,-0.966328396259575,0.632591690396954
491,23,0.21153678601428,-1.67748067841452,-0.63410858387872,0.199114467562914
492,23,1.61419738940869,0.664612597142671,-0.390246586946313,0.457994859474158
493,23,2.13930114737326,-0.797554005964372,0.991573308255228,-1.17638858221924
494,23,-1.53227766926359,-1.38104237420711,-0.265996386008959,0.353671385656722
495,23,0.214321534118118,-0.694270397627235,-0.0829819459288054,-1.03332911226869
496,23,0.125889765215797,-0.174116710717937,-1.21794912603865,-1.42357571528627
497,23,-0.725507618257083,0.577435059144706,-0.245310658907547,0.291531979223172
498,23,2.62688646683929,1.65498618942731,1.22837257484417,-0.549510047320594
499,23,-0.854439498745457,0.388590015231082,0.447378474009892,0.117026336613318
500,23,1.66424464748255,0.182838420282318,-1.03343390109731,0.0524112530376561
1,24,-1.13928226837187,0.865944377337394,-0.12207287788844,-0.331147309266428
2,24,-1.09424522567805,0.325856562111314,-1.9186257824927,0.479843243930654
3,24,0.67275917241765,-0.824264381509583,-1.84721893986296,0.155325606813253
4,24,-0.532974300815123,-0.364328373143028,-0.706682962572914,-1.80884837654627
5,24,0.768973806708265,-0.749269885671017,-0.739376113778015,0.381364951566607
6,24,-1.13536371361759,1.43427036027578,-1.26730117415078,0.726905560650293
7,24,0.134286218190034,-0.67962338359262,-0.567784682843452,0.949058611313073
8,24,0.69616160746004,0.905652011594573,-0.200206863434373,1.42574223908388
9,24,-0.417045710498798,0.729840867803491,-0.699657295185608,0.58979319458819
10,24,-1.10296235878652,0.536513491003231,1.03280695740251,0.589887334958097
11,24,-0.11965924438141,-0.478672813356781,-0.288718843045756,-1.47276081797217
12,24,-0.135460557102314,1.29298269509849,0.184028114200046,-0.113941091006971
13,24,-0.000390323410602608,0.27761872571021,-0.794923023980798,-0.90704862508451
14,24,-0.630353043787509,0.0256156737794683,-0.619728439664537,0.303211377610442
15,24,-0.869366783984693,-0.802396950610566,0.396915783950867,-1.64341717319917
16,24,-0.300041159553319,2.52151590937187,-0.689242887369211,0.630665139463092
17,24,0.34398855781887,-0.32868839319559,0.166608057236867,-1.66054354458682
18,24,-2.14812298090625,0.565078063991705,-0.0749206204276918,-1.04945965805413
19,24,0.989278474246085,0.773986176106002,-0.28202627964577,-0.816852450008008
20,24,-0.154727518434972,1.70977783708204,0.252344139002424,0.66927790328298
21,24,0.71768999815462,0.59505111963099,-0.515035352676956,0.995752874311647
22,24,1.39006484016888,0.106155823877608,1.21779948718498,-0.579034739236657
23,24,0.823617916812532,0.240999886286582,0.755004492167834,1.76638609903728
24,24,0.0794549365684576,-0.156074623918632,-1.65897680781824,1.68596930703551
25,24,2.13096157673789,0.736013438701173,0.336666310752157,-0.428803074752387
26,24,-0.052729572385515,-1.21454738093586,0.694606757769562,-1.35696312742538
27,24,-0.980325695335159,-0.728351276891434,-0.832483607957349,-1.43962951927111
28,24,1.16950680868552,-0.469273340971774,0.784026540581084,0.830930908265445
29,24,1.81053262906065,-1.01498627458054,-1.31451465318932,-1.56965491335101
30,24,0.0588954886529212,-1.05176797886615,-0.574499901749821,-0.430734009993514
31,24,0.439159559753651,0.872074398878378,0.252278984145828,-0.722812930373723
32,24,1.05414870292288,-1.83847011408133,0.243355943790795,1.99914594426918
33,24,-0.510053856126797,0.607769437680272,-1.17133089927307,0.702709190054153
34,24,0.6675488702691,1.20846853270226,0.68443451756867,-0.925157001632667
35,24,-0.44053037842534,-0.134671504248817,0.062538088824983,0.275458939081887
36,24,0.138165963092939,-0.505435216396489,0.691101065083916,0.60470124048704
37,24,-1.66173214767754,0.405797202768057,0.546287447862813,1.68032936670806
38,24,-1.28096173301965,0.585456389891769,-0.212767817251627,-0.427735391846264
39,24,-0.10550347218292,0.100290420851009,0.554482331309126,0.889284407992234
40,24,0.640743593243789,0.485172459129106,-0.9960706624977,1.01634889091529
41,24,1.01848427670836,0.68518307156794,-0.68822728086375,0.544961645019922
42,24,-0.295715584862313,0.140890680419079,0.447156803964992,1.53424222016811
43,24,-0.326372272420833,0.146540035402636,-0.524192684658366,-0.381539843767763
44,24,1.02366879684047,-1.14020440996677,-0.2172517197728,-0.110815353472621
45,24,-1.18608027026669,0.394005089879363,-0.0379919001358219,-0.679166529130744
46,24,-0.482011878590068,-1.14067412440971,-0.509318875659023,-0.415087151680697
47,24,-0.780904366134172,0.414551793619368,-0.897401363738797,0.705729394994859
48,24,0.127471112169967,-0.731309270245106,-1.46458475501954,0.762423521568692
49,24,-2.46928559685925,-0.0808254569587992,1.93241005914338,1.68689119357265
50,24,-0.449378953066081,0.686326354586062,-0.817487159314885,0.288160529630222
51,24,0.421709389876443,-0.424729148569399,1.49100112270823,1.96108015818317
52,24,-0.537739735233273,-1.73146964400771,-1.10072625091774,0.308508460066582
53,24,-2.44045832465614,-0.481300594835946,-0.283354723591178,-0.693869270991426
54,24,-0.296756021853657,-1.73243914244858,0.623130509539348,-0.42024440517906
55,24,-0.3378500547792,-0.0987910623728293,-0.126316010850439,-1.58213196961285
56,24,0.56176251743366,0.43073279442676,-0.766343215138602,0.492698043679168
57,24,-0.597168702603844,0.231488607141814,2.61203713910324,-0.322028781612248
58,24,-0.0512231332064755,-0.300921769383429,-0.816848063181945,-0.506087180479713
59,24,-1.02708923378679,1.22018437041271,-1.45052329805629,-0.0680052336391858
60,24,1.46006558551077,-0.778464610934427,0.416550312969214,-0.583448990477198
61,24,-0.510948654693965,0.56253380444672,0.171877002096185,2.50346868287814
62,24,1.57647058866484,-0.389221047351959,1.44223803698913,2.08280476503954
63,24,-2.36751728655453,-0.641849050050338,-0.0226935578763098,0.297050141295883
64,24,-0.284021784417698,-0.549766658860752,0.423963021525611,-1.9101446803526
65,24,1.4897735580607,-0.927052759371743,0.745869243232391,-0.224804499545858
66,24,1.24035322708469,1.57774814673046,-0.299711444326322,-0.414250945688675
67,24,1.13574684985402,0.291011179034004,-1.11052042666877,0.317424334071422
68,24,-1.86927367102214,-0.580847198476059,0.529133520889343,-0.0889757077435945
69,24,0.69167848577538,-0.0590208381972036,-0.257764301555756,0.636005133224864
70,24,-0.461629879635206,-1.09453942487349,-0.567859498447134,0.103306856920176
71,24,1.31030708908557,0.415179195808199,-0.29544299877524,1.87572211260274
72,24,-1.62254261081212,1.86233617363516,-0.0411727612440308,0.767487486971301
73,24,-0.908590256605862,1.08291689358263,-0.919625768765603,-0.398897329688938
74,24,0.864998229515644,-0.434476281667247,1.70275752416967,-0.415960308466412
75,24,-1.31973609157474,1.52155116697503,-2.3528318525422,-0.0674287908201813
76,24,-2.4124372926294,-1.47306387068054,-0.747259231845962,-2.95219917911073
77,24,-0.478231113618726,-1.60020112454119,0.508360456492909,0.513834126910584
78,24,0.568178460951228,0.526259254740134,-0.69824044275967,-0.142403361583496
79,24,-0.907097482618311,0.329210976050515,-2.03451110577505,-0.947660382384838
80,24,0.994198059607879,0.599939181244595,1.3630560200382,0.665981000045976
81,24,-0.599864561520044,-0.776632653238542,0.185005651428112,-0.702479041015291
82,24,-0.698305056737547,0.397259372496092,-1.06890134855082,0.277940703912419
83,24,0.640763508157842,0.998540329169122,1.09914503244002,-1.42199660447958
84,24,-0.0551034843153095,0.181153487386967,-1.08560108675282,0.114200397975004
85,24,-0.360159513019358,0.836264652016521,0.295476763906925,0.0922975922178338
86,24,1.50859700413754,-1.20737492700303,0.881795247841491,-1.17104377101179
87,24,-0.787119326226389,0.0926582515343009,0.737031616504213,0.202815370408639
88,24,0.892872445109308,1.29551366035328,-1.21895252694148,-0.118791852616528
89,24,-0.602373557873825,0.711642173375827,0.641763535641027,-0.966233299644742
90,24,-1.33149217416479,-0.145847269391321,0.540341893078854,1.78487441599805
91,24,-0.270977623222664,-0.0549210899810358,2.63647654534001,-0.0737762497899044
92,24,-0.67772602423049,1.9481059902023,-1.90708406492926,-0.0682755532967558
93,24,0.0161179637462117,0.682871339691651,-0.264219590764567,0.112692943775412
94,24,1.60827656941787,0.924802079495049,0.76437162435837,-2.32195482587279
95,24,-0.773562648155267,-0.687384554959669,1.04195559754965,-0.705488633760777
96,24,0.113753435098533,-1.10732150806034,0.411428116035886,0.334347623524928
97,24,1.28320939063702,-0.189077876673967,1.65302348878032,0.143191323811341
98,24,1.11562661740984,0.923715766635762,1.31198300681269,1.88165381780736
99,24,-0.0120733768315662,0.251797017569652,-2.14336432480075,0.662727579514286
100,24,0.16252885940203,-0.559127335590311,0.455440911170089,1.64341291351015
101,24,0.209319640738934,0.0792242446869864,0.398482976431171,-0.278507133255423
102,24,0.0171772678986233,-0.561498601088301,-1.1180161388246,1.01831524898407
103,24,-0.0173966303693755,0.682306387259654,-0.262349856707507,-0.163561712859544
104,24,-1.11116953444586,-0.37834419943006,-0.896993518126264,0.5440214402945
105,24,-0.654935284983856,-2.3647925104737,-0.300696301347897,0.309222472795992
106,24,0.347227999234313,-0.740704178702256,-0.179160540687629,-0.501221374046761
107,24,1.7443729639535,0.983647758032407,-0.918909537469105,-1.8489233247777
108,24,1.29497964563485,0.460244206231214,0.524250822738154,1.78700608428213
109,24,0.088121006240486,1.17809978380668,-0.00493484803345703,-0.100628380588865
110,24,0.603389578758312,0.454788536931564,0.793378399647983,-0.110413590985942
111,24,-0.45726688036785,-0.610240098856938,-0.960036962996624,-0.314312624564026
112,24,-1.07715388404561,0.335788456024047,-1.36986657678252,0.206684690931042
113,24,-2.93355445199048,2.27392860725445,-0.432236470060931,-0.740904709179363
114,24,-0.544129470963492,0.77262080335966,1.35387119896179,0.700939601125343
115,24,0.563585238769775,0.526860722657582,2.31258260587535,-0.166271981591444
116,24,0.381690784032734,-1.51880738518822,-1.41230319366114,-0.834254530984719
117,24,-0.144811893224433,-0.399292749161856,0.444867379253688,0.297682955601208
118,24,-0.710024474773987,1.32072184571552,-1.55683268916371,-0.114158793849273
119,24,-1.36613007209489,0.732602748361679,-1.21111838642481,0.197104467995703
120,24,-1.24585781729223,0.491488321491177,-1.23625238301064,-1.54732675305728
121,24,0.939850382854989,0.125592753454546,0.912884111377218,0.946117475543512
122,24,-1.59747528824699,1.3332269726701,0.0430584269166522,-0.286154882877393
123,24,-1.75505873820564,0.683870191308069,1.17163201555203,-0.434167262660024
124,24,0.122430889981483,-0.205931312284639,0.540780610327518,0.205863108912942
125,24,0.644444924046938,-0.90022959134403,2.42166926175826,0.478680790819103
126,24,-2.43643789164808,0.173320970142164,0.161859944454099,0.311244121425467
127,24,0.313967765455524,0.481904316149229,0.244920551974254,-1.06580570725884
128,24,-0.543176628828951,-0.57566139849143,0.0824997359796837,-0.189071515390891
129,24,0.180860680110169,1.10688248418848,1.27659578665174,0.98910798488726
130,24,-0.11069120499453,-0.939151017163122,-1.11073316372767,-2.24947529667455
131,24,-0.221583957923541,-1.27604515221892,0.407389258636686,-0.188245492970907
132,24,0.975689591673666,1.71950857292385,-0.313359040685338,0.582627261591611
133,24,-0.26392074462156,0.0197073774272503,0.310373509469468,-0.648379003270047
134,24,1.40743562494743,-1.0420965187753,0.828105310636209,0.746061607063554
135,24,-0.839075691639828,-1.15826478533794,1.63316226342364,0.958103350995276
136,24,2.45526014284382,-0.937640749143626,-2.48055993106772,0.0869694162605551
137,24,1.19474796942823,0.431386357962059,-0.116979821502225,1.56677438166883
138,24,-0.685253644449987,1.88256315181288,-1.8090109503238,0.115959297650094
139,24,0.760467368919762,0.210321405359502,-1.23669294873369,-1.9124855099886
140,24,0.241635805401165,-1.56540111753726,-0.677739225108539,-1.01452509302961
141,24,-1.09449394226267,0.126527243512682,0.206916775971471,-0.0397825375574511
142,24,0.0764241620623354,2.42695826390296,-1.26624715016895,1.09848172961561
143,24,-0.300112796614886,-1.0245966816958,-1.81672998606839,0.958278656528528
144,24,-0.442370880064108,-0.75598217729407,-2.36928344344973,-0.745922992394848
145,24,0.190404504246616,-0.845920566853966,0.544364833111519,0.0836374867633853
146,24,1.23222414166194,-0.720864250479422,-0.858887474139466,-0.540590644554694
147,24,0.777039514833884,0.763770483821679,0.265993401993243,1.4320780015847
148,24,0.446972208580393,-0.322089819834826,0.350879710021076,0.179112841499642
149,24,-1.90063763293999,-0.91045350642381,2.30743815541193,-1.43577814361637
150,24,0.0113973789296642,-1.69295122339293,-1.53792523969279,-0.756074744644536
151,24,-1.14929162838262,-0.170823221720303,-1.27240767493199,1.18774064535963
152,24,-0.82509820946417,0.637099661984719,0.538545441129037,1.30700463606583
153,24,-0.638886540121972,-0.214847348067255,-0.652395180201923,1.57545334866594
154,24,-0.37433298338515,0.1968419520511,1.36893031994299,-1.0423311443954
155,24,0.185852036160425,-1.45161321237592,0.929961964848741,0.411317632622693
156,24,-1.63059587529977,0.155300074376121,0.338046804349207,1.51705129889249
157,24,-1.13428745552768,0.222098011518551,0.645062499229759,-0.34456504476628
158,24,-0.741642236370065,1.00847853239981,-1.07091721598277,0.0280528723274673
159,24,0.330608359559287,0.711833302868998,-0.302951434888479,0.91904954205719
160,24,1.37013357448153,0.137942885583744,0.485859540811663,-0.738930774427218
161,24,-1.20724756601439,-0.732094357581528,0.353306963291814,-1.00842992235343
162,24,0.200985709008683,-0.331734172245242,0.121596822969997,-0.404986457408372
163,24,0.737186613006784,-0.223704813528651,-0.60253286074709,1.74345580970586
164,24,-0.942566869426882,0.946035221803059,1.21692180467577,-0.729675077437618
165,24,0.0076884539075005,-0.0225826329608367,1.28796388285141,-0.827045524058204
166,24,-2.41084004282148,-1.30208891861288,-0.371080637853654,0.557952233303068
167,24,-0.541891932752907,-1.90057282687853,-0.201951289270525,0.984815858780557
168,24,-1.01534103989008,1.35540172118671,0.0856326971299955,1.49516799679513
169,24,-2.10906927987422,-0.569852605637836,1.21457507497985,-1.00248975619354
170,24,-0.957284541135058,-0.351970474732256,0.625068077635645,0.571862208000024
171,24,-1.5285188044457,0.101389411792203,1.10569618022506,0.279318350313078
172,24,-0.23287716639101,-2.54072667018612,1.02106089096166,-0.390617366535375
173,24,0.395623643592609,1.17059971833376,0.680055527836501,0.949028806503288
174,24,-0.665707736918291,-0.115845894723342,1.60059687597404,1.80353300756372
175,24,-0.688151061180971,-0.27057657252729,0.220847876364556,0.940709702143554
176,24,-1.32280351920456,-0.497992412544173,0.279923058320957,-0.432743904338788
177,24,0.911377253307871,-2.31135310051775,-2.27619991525323,-2.05398573307118
178,24,0.689199729062148,1.08765527441145,0.915154845825072,-1.33883053380115
179,24,0.518641289260745,-0.970365449648269,0.148334528282035,-0.903930648007447
180,24,0.120048728861997,0.794304876967135,1.13439542500412,1.46619003869385
181,24,-1.48432423464865,-0.667734916595294,0.177959510342416,0.357155404128461
182,24,-0.130094997485152,-0.270853166705552,-1.21560900511351,0.490150822502507
183,24,-2.38538893027769,0.894987510763474,-2.6636092688784,2.51250157685827
184,24,0.960982408592096,-0.12644040980733,0.352580730309418,0.142709332483464
185,24,0.747321385197759,0.135440621186962,0.0640128270830418,0.469679446706314
186,24,0.227486798278858,1.87190313645756,-0.733417996310396,0.0166999777168477
187,24,-0.607742432641123,-1.74263176922537,0.342462896560129,1.44053675101487
188,24,1.28023153521585,-2.02294083484507,1.16786780681622,-1.1572333675709
189,24,-1.37817817775264,0.018060606583232,1.35762817902567,0.390852132719999
190,24,1.58016108876588,1.07257384960199,-0.0224574290376074,0.028825456173884
191,24,-0.898199554554992,-1.86804286964998,-0.831781661443504,-1.23560878787061
192,24,-0.237351357405452,-0.198900383451635,0.0690552671321645,-0.649477616057044
193,24,0.0841853573849855,-0.825632034624603,0.369473777993966,1.11484660378526
194,24,0.72850489246416,0.0128440585778057,-0.466303328842536,0.76908766674265
195,24,-1.56188074843266,-0.321228127484642,1.0398601100921,-0.160535716949847
196,24,0.567900366058009,1.02743391334136,-1.01418339082869,0.0245334372971098
197,24,0.718960027810047,-0.640090118874815,0.996239962404352,-0.445604755800994
198,24,0.469625858309819,0.432081909238403,-1.9697797124649,0.98479803289328
199,24,0.530452156949088,-0.638188054747619,-0.0294582090726546,0.956381862343505
200,24,1.1604339233685,-0.937024403207313,0.564938202539954,-0.542308747735659
201,24,-0.29325399115115,0.0979513400458638,0.0842156473485016,-0.224678577184456
202,24,0.804730407632595,-0.921540068797992,-1.33637253394747,1.31377198511999
203,24,0.82838750187517,0.917715166568609,-0.723943491622536,0.329504698608986
204,24,0.373366346602789,-0.0139503023534337,-0.47913187429288,-0.50212150294435
205,24,0.421896352322414,-1.18835487792719,-1.41290663136317,-0.55982630912105
206,24,-0.932279779151068,-0.262523646783133,-0.917875323605399,0.465559728084242
207,24,0.956625230607984,1.11026284806908,-1.16650934181823,-0.633625183186802
208,24,-0.866606883488767,0.254900861419602,-0.397927344944031,-0.235393552209854
209,24,0.190632352976976,0.619845403639467,-0.593666420763416,-0.467849616584347
210,24,-0.018912218461331,0.364528273697918,-0.944647011273782,-0.641244926518047
211,24,0.321863213384347,-0.54782975152512,-1.26930954121725,0.49484074263809
212,24,-0.425070206908998,0.909955824214691,-1.06024352553297,-0.52255443475602
213,24,-0.534450874813,-0.147013115332769,0.729905059005753,-1.28366815138673
214,24,0.010962560474118,-0.756587756752576,-0.916584871359482,0.369049101763623
215,24,-0.980641550916278,-0.201831259570782,-0.658009497941244,-1.2134888452847
216,24,-0.780336198477059,0.0233173045542366,1.90599311189824,-0.267985816815451
217,24,0.456697386185001,0.404551917371161,0.372780350890964,1.98470354070065
218,24,-0.90658385825548,1.25541890947596,0.295290952415785,-0.386304178940395
219,24,-0.741869332140426,-0.0287743602484623,0.00578274978973705,0.267987617523812
220,24,-1.03870121476071,0.857984590653621,-1.68053782615959,0.00467732335650079
221,24,-1.12291885990608,-0.926221346052131,0.42508967229786,0.544031373427499
222,24,-1.05243946711359,-0.160948163595375,-1.22586908286134,0.154631258097618
223,24,-0.306931394456907,-0.0261469295012524,1.88265912660288,-0.457193331438073
224,24,-0.376221156655014,-0.161878916964596,-0.0419664041303181,0.57710139269495
225,24,0.482326880547187,-0.357967502497638,-0.142570361072167,-0.947127318020659
226,24,0.797645938806791,-0.5415702614346,1.36304647929239,1.85348175111294
227,24,-1.46641207030778,-0.481527297418221,-1.29496572782435,1.24811543751771
228,24,-0.675838398090252,0.398646038051311,-0.307357724732646,0.773133095189697
229,24,-0.897697697250497,-1.1304939576054,0.157033900453691,0.627266315728542
230,24,1.17147399151713,-0.30959398893673,-0.205564008695007,-1.91083921180805
231,24,0.0796078641788674,-0.615804319791604,-0.277204787306711,-1.63270557533148
232,24,0.18981821441384,1.21113685834275,-0.500314642449167,0.105624713622524
233,24,0.565172241199861,1.16672105971734,0.569413329939439,-1.13689237425103
234,24,-0.752015550198206,0.992247589305679,1.66954860774866,0.890100471039857
235,24,0.709136805917548,-0.0695304422032369,0.466262598819795,2.10918708813087
236,24,0.518316559792992,-0.747754914552439,1.11109691034178,0.360599764559006
237,24,-1.48121530796535,0.454035155494146,0.429064609989236,-0.921054140233617
238,24,-0.571287945557874,0.0289348769678838,-0.907142049342981,-1.62084272159143
239,24,0.168377593534523,1.30745153782234,-0.333193411075532,0.36853157540991
240,24,1.34342626218431,0.296708259829818,-1.68326955050462,0.27556290514801
241,24,1.57414995642969,-0.632339349715555,-0.514323129124168,-1.24041792911848
242,24,1.2977013813456,0.285438500614828,-0.404414655573086,1.07423233030064
243,24,-0.488133146031483,0.937102233183284,2.29057587996194,0.632617679483899
244,24,0.639398740148791,0.970538188834614,1.04292442753737,-0.149521941392885
245,24,-1.20743654708402,-0.559774027540761,-0.760788713526941,1.03850202086193
246,24,-0.0227861951496337,-0.12581611008583,-0.83621804587798,1.5069564089722
247,24,-0.266690626399914,0.387232403756833,1.26291594679338,-1.74608261032516
248,24,0.396181579193223,-0.426492431687418,-0.46854923026305,-0.181238320163687
249,24,-0.272892417679079,-1.60310061144113,1.18375009779718,-0.981921565414996
250,24,0.0531530196225631,1.33627159366977,-0.412087026851311,0.917236203399819
251,24,1.34126270260676,0.798351382653362,0.333859609955178,0.301842333848338
252,24,-0.0334731292430393,1.6097526048299,0.121720613083249,-0.749744896143388
253,24,1.61549415239109,-0.468547302491367,0.119050255808606,-0.604770481093242
254,24,-0.426151039303872,0.791638007649909,-0.486002472210214,0.572751586876078
255,24,0.0925582127404757,-0.481067153063347,-1.14826587320722,0.130214884908206
256,24,0.215764080452472,-0.120958470196774,0.278439208296274,1.13549781738724
257,24,-0.926260679013363,0.77371271949635,1.44294295218377,2.03580499644532
258,24,-1.80062250463726,-1.1440576382544,0.722279916252116,0.515712529530577
259,24,-0.446709626428083,2.93610294382826,-0.745872822316573,1.40776001192633
260,24,0.443983900545167,0.212141116378721,-0.730638166657387,1.35190653102689
261,24,0.304573677407879,0.835892031098741,-0.197472935151677,-2.99824454525587
262,24,0.57562085043277,1.70512932366492,0.924084034767042,-0.878639325109042
263,24,-0.315490949813812,-1.33756942775391,0.396896151739311,-0.267206183367612
264,24,1.71253836895666,-0.210997914909793,0.26858077117272,-0.0269953496450818
265,24,1.59957272673612,1.58056917079922,0.239874245793804,-0.952214539024318
266,24,0.306322063092594,0.368563552155585,0.792351388358927,0.832346527885414
267,24,1.22125166573803,-1.58818744533686,-1.64981766617326,-0.295590937140311
268,24,0.92521621026033,0.109625905263792,-0.37575593859308,-0.243841093268444
269,24,-0.836503554644766,1.40686719890459,0.650041073105717,0.596051337527777
270,24,1.63570648964433,3.27374196673982,-0.525039117456184,-0.294050376106602
271,24,-1.45458357082422,1.98796267399995,-0.116494417823047,0.995995428249403
272,24,2.54345297490281,0.941334442316942,0.265100689230189,-0.0916257994221069
273,24,-0.240283481304904,0.113177498277421,-1.49683127732474,-0.208273995292155
274,24,0.746719428143019,-1.76537732705929,-0.400670400383392,1.37292899587726
275,24,0.202634963951817,-1.29530990273068,1.4513751691847,0.12842804126324
276,24,0.332884712975629,1.2350255706086,0.279164294701786,-0.210532706211561
277,24,-0.0156650770585816,-1.15890881364098,0.370486074613679,-0.499427384194373
278,24,0.643671897374427,-0.0648292180990498,1.98301237698159,1.13945690093589
279,24,0.961664765563789,-0.579637990996072,-1.16227719988594,-0.679138721632248
280,24,0.417804217157794,-0.444354674705123,0.437607524279166,-0.928123395591598
281,24,-0.0246957618813957,0.272784185727582,0.929823898267633,-0.592312815184792
282,24,0.0567412917635542,0.660374165021897,-0.969471335008436,0.546893595228615
283,24,-0.352590217066254,0.738835320343849,-1.70792778445266,0.0434864744553548
284,24,0.288848965054285,-0.141054660438036,0.660445172907211,0.98451888948467
285,24,1.60046357391112,-1.18856192059352,1.26792973073918,-0.17649619934576
286,24,-0.66427003571436,-1.14872706895578,0.795239428620944,-1.34628694432524
287,24,0.545166295507697,0.260332931366647,-1.46321349246465,-2.06999913571096
288,24,0.819141012280234,-0.832512538785261,0.0781749965269685,0.0397319757218476
289,24,0.13939255777845,1.86792965005007,-0.42025428493472,0.412908487949211
290,24,3.00482389477965,1.57701585387155,1.45886806027936,-0.41214483202577
291,24,-1.27652753212629,-1.60593194948522,-1.65797892843849,-0.897059276412349
292,24,1.40969969679972,0.36126644439382,0.0191495161473396,-0.303757238675458
293,24,-1.76114026336849,-0.114357701680757,1.06036601092684,1.32011708547788
294,24,-0.1920978853185,-2.07079952501829,-0.70634822460604,0.276063975984341
295,24,1.75743686803606,0.539541517620863,0.864503236052234,-0.217072678009079
296,24,-0.634516104636583,0.102363141547988,-0.281906597585092,-0.572429933476655
297,24,0.203086552904145,-0.221045363611371,-0.598818535043068,-0.382728624744217
298,24,0.637513610629537,-0.631661717517544,-1.44826429057736,-1.46447369049632
299,24,0.914886869151664,-0.310544846993614,0.492668712686589,-0.107958424951364
300,24,0.66434617519384,0.933706451460627,-1.65272383702918,0.465094736419036
301,24,-1.04834610367208,0.45667665108883,0.68310325357777,1.01914745669753
302,24,1.06527899852716,-1.64237714434092,-0.538697247353188,1.45164229076011
303,24,-0.207538693102027,-0.80823145720811,1.03535280403459,-0.321060002954449
304,24,1.64949948991832,0.202072128128714,0.463932728300233,-0.381033507982218
305,24,1.0936547401501,0.254576532548246,-0.653330474483422,0.628047870887779
306,24,-0.790117384702807,-0.373583456662653,0.244159776681917,-0.0627654152672371
307,24,1.04062900196706,0.470903823438912,0.990014207386313,-0.0324081668206074
308,24,-1.95758752818336,2.39687603649367,-1.12805904535342,0.346839377092159
309,24,-0.180124584504315,1.11269429370791,0.783503470040135,-0.90459623710984
310,24,1.64502657742333,-0.108311551795689,0.00728472523233418,1.39671222303258
311,24,-1.25775613124785,-2.10169093120038,0.207243922628731,1.43131689501848
312,24,0.133083089356358,2.06652389954483,0.22868155090902,-0.708068060608528
313,24,-2.54673818930776,-0.863034587856084,-0.146460172044438,-0.12603667271306
314,24,0.821086886805832,1.76059048387304,0.453520934130849,1.20621360089535
315,24,1.12234975035847,1.34338976850783,-1.34824703171145,-0.00725171953754825
316,24,-2.09192582941836,0.370145490569953,-0.572733545773517,1.89368679683369
317,24,-0.446686201416912,-1.14201036942364,0.922359680032334,-0.616838124072039
318,24,0.934652660805304,0.958443859656244,1.18116809833194,-0.444226800182874
319,24,-0.714634421828977,-0.228849180192012,0.15843407534913,-0.714542637890651
320,24,-0.168280540188119,0.0325382977301061,1.034144769535,0.690673329260274
321,24,1.6435775096034,-0.060968901297097,0.168135458586684,0.0737422641146416
322,24,1.64603037251543,-0.779788380448784,0.738573620179645,-1.16981311334085
323,24,0.690284517315549,0.367509242672317,-1.33867298989752,-1.22329169543251
324,24,1.51469274122846,-1.14008458744981,-0.730070832216155,0.803278733573749
325,24,0.677087688108775,-1.46676519750259,0.222478113369983,-0.291719617908474
326,24,0.112978695876024,-0.126876362677422,0.711360600969667,1.13250167667572
327,24,-0.237080259672022,0.00305531739156175,-0.932115855751276,0.432581199606149
328,24,-0.380561816772361,-0.159757183218739,-0.025474802811628,-0.0288293759976307
329,24,-1.12218663756925,0.886881401453729,0.226626585863773,0.8821792647475
330,24,-0.686650140070572,-0.0295077346753568,1.09217359671715,-1.1543967318146
331,24,2.17700571851992,-0.55094583150787,-0.595506113598596,2.11225309789897
332,24,-0.0758364024150493,-1.61919052991295,-0.517165684086554,1.44794621397257
333,24,-1.84585272942961,0.350854134523895,0.616442615531663,0.758121250506665
334,24,-0.698344894298713,-0.251314998175135,-0.430288746151274,-1.05816589103232
335,24,1.91314867420705,1.2482705392952,-0.491611419548645,0.583200463205052
336,24,-0.600355395443476,-1.14921490240575,0.343785889847952,-0.234064151038834
337,24,-0.113323202039344,-0.359286747768172,-1.12712429303259,-1.0728809034994
338,24,0.145325282862087,1.05338406977323,0.658274695102667,0.205013793594834
339,24,0.558246403064454,-0.583372475672609,-1.85644623025134,0.2610569809767
340,24,-0.236869310515877,0.768024902872732,0.569590736281338,1.73951723644929
341,24,-0.24260886441491,1.86846118015111,0.641235832000048,1.21099755660033
342,24,-0.653234962806267,0.669190606206871,-0.638733949384808,0.0179576299675044
343,24,-0.951470053299632,0.270697019455676,-1.23526365082432,-0.992090803252423
344,24,0.0457728365913414,0.535544767305819,-1.106028568209,-0.000566742057399324
345,24,-0.770561893672044,-0.540658394836815,0.341376949701568,0.573620247714503
346,24,-0.183583754869257,-0.491545991902546,-0.409224838059486,-0.841374862376984
347,24,-1.08222105046522,-0.76939431163538,0.810993726723923,-0.828768454340481
348,24,-0.753938892962713,0.0126154884674342,-0.778460417700129,0.125866982640777
349,24,1.59846837354514,-0.537987260495027,0.951835402506679,-0.428824803095555
350,24,1.60133065773205,-0.167831621430659,-0.227374763194521,-0.0657160726229943
351,24,0.610303759807108,-0.354401203980805,0.421629781771969,-0.768300014660249
352,24,1.15859440563382,-1.12162769809841,-0.611354098689739,-0.215496487744668
353,24,-0.395959720989004,1.05870116961711,0.0732994916086619,-3.04939825928042
354,24,0.788016422219835,-0.027564954751427,0.0649910542241531,0.788584862406456
355,24,1.11774999575201,-0.0246572957042661,1.28987450647545,0.310657480494212
356,24,0.0627255828706298,-0.978691843779734,-0.95450050440097,0.749915079433883
357,24,1.05126455709934,-0.581302938094132,0.202174249088029,1.23356529070302
358,24,0.912057743060749,-2.80120157814905,-0.285085803874173,-0.485997765795582
359,24,0.624581416614252,0.823629610600375,-2.46454948186232,-0.300453044762348
360,24,1.60001241360023,0.778800767547455,1.04137703479834,-0.314952191310863
361,24,0.740645179878985,-0.311909356437729,0.451055361090677,-0.700061082172087
362,24,0.336452218176537,0.724717695704859,-1.84851532379929,0.233881721686774
363,24,-1.49689481275401,0.797506798678878,1.06597084134666,0.0590808936288007
364,24,0.0704054614897839,0.566250308503396,-0.449276012623125,-0.975865805821218
365,24,-0.892057111731499,0.196478493403719,-0.464116115116288,-1.21534780432944
366,24,0.321807995856291,0.210033980630513,0.623406566199222,-2.04210775045471
367,24,-0.801501351220625,0.207444852863699,-0.642273757930986,-0.661583229294732
368,24,-0.552257718215374,0.241182355590281,-0.0279397378101433,0.0517997465953482
369,24,0.728148441385054,0.378988876421558,0.47838239898367,0.66041146247072
370,24,-0.36000670327376,-1.26628687711574,0.301591899477471,-0.72037197100314
371,24,-0.606260854649801,0.822759581805293,-0.170596130695718,0.667431035326251
372,24,-1.07831612523608,-1.21339791415562,1.50674953991817,2.09392360530464
373,24,-2.07829134570687,-1.28095753555899,0.295952484117864,0.0834582463379112
374,24,-0.506983534431287,-0.224161646698509,-0.619670133373934,1.64848446509111
375,24,-1.04838335285225,2.39449662598134,0.534352694464727,-0.516744253179022
376,24,1.53581756623083,-0.0908869095331381,-1.43487639936448,-1.30795207515235
377,24,-0.644127855196963,-0.324024335524918,0.452355259373337,-0.971205523359932
378,24,-0.0572529921098021,1.53065735237266,-0.388771350972948,-1.65720450468937
379,24,-1.99989627493215,1.14672880950446,-1.07539288369056,-0.800282857068869
380,24,1.65878031937696,0.161558801516119,-0.561475154573447,-0.578910950302998
381,24,0.399832528329333,0.524289616778873,-0.0539725386691946,0.216983236762002
382,24,-0.456168853863403,-0.133367919540932,-1.09313685951568,0.93091725626227
383,24,0.545855601026297,1.45495667951559,1.88635931863203,-0.644069141263953
384,24,0.121167714496024,-1.45663422859014,0.0508843477356281,-0.453219577298272
385,24,-1.01244317975393,0.00143465529065695,0.70971616232624,0.175412059340863
386,24,-0.317821215139864,-0.153972473202922,-0.546655749717654,0.0935273238747672
387,24,-0.0249718284238774,2.23166374450505,-0.493921591199449,-0.204932925983561
388,24,-0.0975327813694665,0.98535479037139,-0.382874346780202,1.83274758959136
389,24,1.19534409914423,0.00647369388042252,1.06600257558382,-0.526256921546796
390,24,0.0532044254437155,0.779526269285028,-0.489124175320844,0.532246130660061
391,24,-0.222846399192767,0.280444182884699,0.889439243836099,-0.249927711149828
392,24,0.899986674484851,-0.872146465669372,-1.64244904965553,0.303954345460766
393,24,-0.775488531953294,1.09438066504255,1.9528966028137,-1.30187148763503
394,24,-0.0102893433691638,0.357177385894761,1.31084004509016,-0.49598607974781
395,24,0.313160108517943,-1.34584192142912,-0.566793760586666,-1.11791575678061
396,24,0.526665180675245,-1.37288145572486,-1.8525860348754,0.87724622404338
397,24,-1.21764994931751,-1.30119079148367,-0.077064287804754,0.0882934699303939
398,24,1.45279590896225,-0.518053261114177,0.0167799118846728,0.14138310069394
399,24,0.19663338052246,-0.236299268271312,-1.22721933228502,-0.220784051389976
400,24,2.44353874443016,0.112603402501273,0.236402181819168,-1.6045001462276
401,24,-0.815097920800573,0.551416679269669,2.36738960263054,1.1091932218517
402,24,0.253834402478817,1.22630182991401,1.17516191455847,1.64632498664177
403,24,0.721314215870789,0.138407414896684,-1.03530262660977,-1.0084744228606
404,24,-0.26880012658206,-0.983045584550738,1.37358913797883,-0.804028645694436
405,24,-0.505743656166126,0.673275655668582,0.584852682491256,-0.202190656040515
406,24,-0.20930132445502,0.242494802244061,-2.06870280090122,0.942028970398855
407,24,0.595340775211236,0.365077868036785,0.30185920066772,0.531817253549757
408,24,0.543177780531853,0.470966616811478,0.483077612094957,-0.80418531920655
409,24,1.93420887757628,-0.239553345098417,0.13688442102453,-1.42371022128279
410,24,0.44900176009276,-0.756215128149933,-1.65461902625408,-0.515415424786093
411,24,0.161089266629329,-1.13995162753907,-0.16947496361383,0.137305330550305
412,24,-0.457826783253254,0.435540804082712,-0.120949824083936,-1.49025121760631
413,24,-0.933143098838063,1.21111727513429,0.543177040568532,2.75853993386478
414,24,0.372021886218923,-0.408594951226503,0.312941303401651,0.240229779246272
415,24,1.41783441470084,-1.66808219925152,-0.922300962849337,-0.428737124441451
416,24,-1.54366701224624,-1.33028184521087,-0.185504309559711,0.668014865316541
417,24,-0.643787524044577,-0.45524399568538,1.37328787369463,-0.160015284329133
418,24,-2.44917157454967,0.0778248543428069,0.317841778024325,-0.43724424141874
419,24,1.27578310140242,-0.550702332868226,1.26560111988603,-0.829022365810111
420,24,1.48687406553802,0.101266284671982,0.165625448454179,0.374295875802043
421,24,1.4565785125997,-1.74817017906857,0.375156581301167,2.49404199714597
422,24,0.439435125266135,-0.235331245625968,-0.257768149798135,0.0854406229868136
423,24,-1.62880683064733,-0.458549857190374,1.24594536206598,0.110984736735206
424,24,0.878441350304925,-0.381210577075443,-0.257074361701574,1.24542575684122
425,24,0.119795695229206,1.1561935166376,-0.157337457432265,-0.0353111769202967
426,24,0.0736247723070478,-0.961321285848434,-0.477396013134595,-0.121710270358124
427,24,1.84586321458929,-0.786536628624189,1.73879272748532,1.02744024183904
428,24,1.42163439548156,-0.1822653219174,-1.3947130671877,-0.177709399721918
429,24,1.36840954528733,0.281858713056852,0.524263502384732,-2.32541393291448
430,24,-0.20885114995451,0.39843091272526,1.43094242151178,-0.195898023872949
431,24,-1.49552812790022,1.11162654029399,0.0259348750630484,0.14673325414575
432,24,-0.742366864060467,-0.569013279749805,0.57968583509523,0.118847808467172
433,24,-0.818954256210233,1.9553551879363,0.763064722954039,-0.199535670406426
434,24,1.52865935214102,0.893073321396579,0.694465882008633,-1.65995689165936
435,24,0.749482412286769,1.89416143916607,-0.708542466699292,0.466302607864848
436,24,0.169718212271518,-0.216447948080154,-0.174262895412919,1.04003334696487
437,24,1.03249059838897,0.369565048991026,1.05006926019008,-0.594668430862265
438,24,0.069349792805412,-0.255948177060777,0.283420440026558,-0.622959835213566
439,24,0.887341836609086,0.131478031556197,-0.841818121978356,-0.970026513752957
440,24,-0.303866875139418,1.55450762754415,0.384615835761628,-0.469535338589881
441,24,-0.452534068799806,1.0214741094764,-1.63778256833942,-1.67395586749231
442,24,-0.627550744012994,-1.14610321800872,-0.773714766621945,-0.134153071942937
443,24,0.622337409116004,0.241320982293223,1.16159184118876,0.541723503377574
444,24,0.254215693261966,-0.628384631309596,-0.68614681738156,-0.909991615714857
445,24,-1.01569078910264,0.731188067751523,0.79942439289596,-0.251768588865936
446,24,-0.759926332012874,0.0202010372801461,-1.11049707244052,1.59748084500383
447,24,-1.4796257458456,-1.38887648436686,-1.14878824626218,-0.369295292450489
448,24,0.101188741160771,-0.915119793484273,-1.00055861122132,-0.192839880938154
449,24,-1.15544871344219,-0.967362684935046,-0.161160607554417,0.632382361506579
450,24,-0.0156107045759341,0.256594556777093,0.337289899275363,-1.51122587079972
451,24,2.93355840247651,0.54188555321646,0.560056315104253,-0.292092971865028
452,24,0.451623083818962,0.29352162341815,-1.60228600385206,0.0861068277101752
453,24,-0.353600568631561,0.604160951864681,0.950887112506075,-0.407884912087438
454,24,-0.851059014265694,-0.930780437423415,-0.463463580040474,-1.03788436102077
455,24,1.58788237510724,0.449001155302548,1.16425083259207,-0.320322525165347
456,24,-0.720443877961857,-0.894482666661575,-1.29712078011815,1.09321785573997
457,24,0.164669983456362,-0.394412004156636,0.168874118700285,0.593684949979799
458,24,0.538481706846393,0.272103814674226,1.41325964110797,0.194275039869098
459,24,-0.100784563744004,-1.46841467967914,2.19885539223689,-1.11353356891807
460,24,-0.419801430874284,0.583372302848555,-0.0846827956011775,1.16430647026712
461,24,-0.978984249779339,-1.88515214509741,-0.239338397979787,0.878582566022058
462,24,1.57075322271935,0.279467567344544,0.247105568479638,0.621619434979229
463,24,-0.704995062062261,-0.0193843387353262,1.47756810516047,1.53680044262322
464,24,1.14661515512544,0.249064006749092,-0.838545104283773,0.381171041721986
465,24,1.28406967174942,1.61100581873119,-0.78529407687305,-0.730798912646327
466,24,0.629179084920308,0.718140065682939,0.546994969661436,-0.843546508160662
467,24,0.468027666080434,-1.60251396550793,-0.43135894975496,0.186143912865011
468,24,1.30440160525581,-0.0422767778235404,-0.198368317041514,-0.247838064153172
469,24,1.36593872656454,0.317026259729344,-0.0756880473470139,2.06672219639412
470,24,-0.285157243959316,-1.92010654784377,0.344764695805164,-0.957063220421955
471,24,-0.783233320708192,-0.993893198270175,0.884298365658075,-1.07950795099687
472,24,0.391240617848584,-1.40034529707389,-0.0822051307750448,0.681158795490365
473,24,1.64166828300972,-2.69670757113992,0.609659891874642,0.423621313178129
474,24,1.85846116733194,0.170163706174541,-0.330920376014469,-0.338817748438566
475,24,-0.963574428027107,-0.108724881340095,-0.765399136756087,0.822559765600985
476,24,-0.665460534898632,-0.669623585261928,-0.99826270626583,-0.439396176629932
477,24,0.158653822989551,0.023656502148987,2.16953691336613,0.661628849909072
478,24,1.09879087083907,0.637872648970972,-0.261207897631397,-0.270956136550216
479,24,0.0904432853732788,1.58968057251917,-0.635222117057831,-0.537379853742193
480,24,0.119042345728863,-1.68819314760411,-0.0189074389738332,-0.612811063047929
481,24,0.658082271592196,-1.19324280731893,-0.360806941425073,-0.244899094981021
482,24,-0.723091486533998,-1.69771801665292,0.552889974278062,0.727901666715841
483,24,-2.51886237089156,-0.0857645572238284,0.530018847259079,1.3449565705886
484,24,1.84379616306105,0.226983251190741,-0.212449687007093,-0.200470388178092
485,24,1.12593790846926,0.672631399161617,-1.89397988747508,2.49009116333127
486,24,-0.0990249300887861,1.1212661368174,-1.37295370819293,-0.317963350885885
487,24,-0.0850723401208958,-1.45438786523912,-0.553053634485518,-0.714376362158525
488,24,-1.45069875210784,-1.52134608242595,-0.741680164678912,-1.15853260467098
489,24,-0.313973501304813,-0.814517502869267,0.739999846375366,-0.078980606980307
490,24,-1.57867695873866,-1.2004474328591,1.91399369989246,-2.30027087121853
491,24,3.08181889138494,0.436056968045409,0.165424322150182,0.771087608229248
492,24,1.6556652463051,-0.781488387306446,0.588605212887749,0.510073795245454
493,24,0.581348621072861,-0.826965016079135,0.21111954497574,0.143442018039357
494,24,0.376154315887335,0.343916409648072,-0.342738912587591,-0.0446525447952043
495,24,-2.11292752681241,0.0302618500095469,-1.82127074522878,-0.490153469995931
496,24,0.497557709522851,0.0736748865347568,0.869086373788023,0.96024236753034
497,24,0.552200636098396,-1.07161179791651,-0.915149830781864,0.809578587057521
498,24,-0.812379879300364,-1.56717310165748,1.0633016110547,-0.072629479320371
499,24,1.1042821093165,1.07148086191479,0.00257763252306071,-0.13107824839559
500,24,0.448846087319712,0.453896989108846,-0.564237694458459,0.812484166281657
1,25,0.271693579279525,0.365090178587499,-0.232768497755167,-0.091710106298152
2,25,-1.75624972151326,0.645945162126159,-0.266075423197985,1.43087535692182
3,25,-0.601734548249906,1.21456531359166,0.591448031448908,-0.589770233641185
4,25,2.35751417731799,0.979030058322745,0.0222340932027659,0.938549054193258
5,25,1.63062275223249,0.16163237375819,0.458141342950544,0.803789507982377
6,25,-0.238815507781219,-0.628115092319007,-1.18851472119673,1.76984858629892
7,25,-1.61956716685679,-6.83229378450995e-05,1.1593379390238,0.63178257493191
8,25,-1.22104908310492,1.5109571510582,-1.37380437919355,0.62360471428852
9,25,-0.542779897967955,0.856111347778684,-1.03422653262391,-0.778871274640589
10,25,-0.688373779169375,2.03655342755206,-0.419313916055733,0.766863559069231
11,25,-0.497102079015584,-0.864973671147294,0.797154748455858,-1.58377619335245
12,25,-2.1633308383114,0.565391315242581,-0.142663457244859,0.77339409189324
13,25,-1.00992014413287,-0.336122988695119,0.207837793841365,-0.332629028485438
14,25,1.52897184575202,0.340713288846764,0.372294494321071,-0.960613567735925
15,25,0.511878513593142,0.77915157322827,-0.573138229657201,-0.573346352590823
16,25,0.142380760497492,1.78029403741651,-2.11993775677043,-1.19284686777403
17,25,-0.917626301549642,-0.61579930621252,-0.0952762215256023,-0.952323321608344
18,25,0.257590602192546,-1.04157924602485,-0.904073525102121,0.662002544522306
19,25,-1.33274788471391,-0.711296961290293,0.307299543817355,-0.196095834680655
20,25,-0.270650302545909,2.04840051879568,-0.765828622950039,0.13348683535656
21,25,-0.363656002177889,0.153885508312331,0.743839980941119,-0.725546512833765
22,25,-0.7769138722063,-2.57008943482417,0.0618511840737909,-1.27828527288432
23,25,0.265582622576534,-0.0679089301425185,-0.983086286726545,-0.486408907618221
24,25,-0.232980162911307,-1.22034428656368,-0.524527015118409,-0.0878261677006227
25,25,1.47748774835327,0.654185123641365,-0.628021654070447,-0.324360958794474
26,25,0.475827180052531,1.00947114782548,0.283932980046588,0.309476612648925
27,25,0.0692584045907901,-0.348730161558237,0.928243546360141,-0.822950966620901
28,25,-1.30578537243622,-0.696490345430411,-0.359892192127602,-0.900721344071523
29,25,0.457436886123493,1.46396828146105,0.867512283223781,-0.177333608835812
30,25,1.51769413985873,-0.499281600393877,1.27607192627156,-1.25186342593235
31,25,-0.313087397755344,0.804366307299582,-2.24223785755148,-0.569520249517349
32,25,-0.97981354445205,-0.375245162774271,-1.4306417944894,0.672356509695313
33,25,-0.991685276147821,0.194268460418039,-0.856359287358056,-0.215616753689809
34,25,0.342671999044232,0.564879300794359,0.188583941768245,0.819651446972759
35,25,-0.312274115399975,-0.959257042344028,-0.516721642629046,-0.675877558183865
36,25,0.0591708234785923,-0.170649584638516,1.00344057173239,1.35575851929113
37,25,-1.01755736331922,-0.934829605255456,0.218695741341471,-0.880636096103767
38,25,-2.3739152610056,0.477560377982893,0.72471367516226,-1.44238004791442
39,25,-1.42520550333105,0.917167648175625,-0.260522546801859,-0.771777653700388
40,25,0.577220785011346,-2.06160231241794,-1.77788846277629,0.351464867976832
41,25,-1.17422899228589,0.258467171347685,1.14338284461225,-0.452996684265867
42,25,0.648633043793316,0.866416096527711,0.0890706758897286,0.112674650315676
43,25,0.334285398938343,0.860070133785232,0.468664118691786,0.513124687794018
44,25,-1.00710180209148,-0.601715428426483,-0.563989783296706,0.680802918003798
45,25,1.30247640595786,-1.12385122891318,0.835562149207401,0.79745610623188
46,25,-0.254256059566169,-0.819521587117488,-0.862517543275402,-0.873670678305909
47,25,2.07096967993332,0.0688262297860044,-0.273498156024763,-0.755036045181389
48,25,-0.362324353109286,1.96194890733606,1.46875447576652,-1.69285725062475
49,25,-0.142995264419153,-0.70185744533324,-2.44378660447849,-0.278205730418187
50,25,-0.881600959830653,-2.29867145851723,-1.15441969456359,-0.219647520296136
51,25,0.10775227985198,2.06705000544166,-1.04085286951942,-0.066676729454876
52,25,-0.810789011413842,-1.34537905611067,0.729632912795497,-0.948107098342224
53,25,-0.842971022116522,-1.60022795517542,-0.588261292202681,0.729140783396652
54,25,0.199250488915577,0.205351308656717,-0.242912120646476,0.694600044908415
55,25,0.659237432428327,-0.545322096911405,-0.852953054735795,-0.813700514778521
56,25,0.463241359872068,-0.53686983066524,-1.89223780186518,-0.475705337303529
57,25,-0.787524622910909,-0.266207187646504,-0.432117922615144,0.224271851161699
58,25,2.56190493231005,-0.905320181900678,-0.340338469140044,0.355414381785124
59,25,-1.49524902299805,-1.07280242700822,-0.66651697113275,1.34177002681735
60,25,-0.645925912439496,1.13097438731275,-0.565270662805948,-0.116345315912653
61,25,-2.42758834271135,-0.0674070533204862,1.2138967579856,1.65681578475327
62,25,-1.36527668708187,-0.94621265415237,0.265353291111347,3.15152356408966
63,25,1.15019310359118,0.652209402385018,0.319535894001209,0.263285460189316
64,25,1.64420219394411,-1.05549897361935,0.378459081854145,0.745142901594077
65,25,-0.241113334112258,0.648269143455612,-1.67092160286819,-0.547339701077264
66,25,1.15372167568773,2.1234452806595,1.66584070505189,0.701975564502582
67,25,-0.47408489925058,-1.53293907465288,-0.699849556608468,-0.820315563682854
68,25,0.650847908747476,1.166972151647,0.230878347126192,2.32038857816196
69,25,-0.421038691611244,1.11244230871375,0.283144885435671,3.02654170791583
70,25,-0.0835126737070982,-0.760854028040992,1.20381431288744,0.607875401925535
71,25,1.73616341271153,2.04829276414369,-0.11006069997401,-0.189984442837588
72,25,-0.627626691979771,1.10317655044662,-0.374682352272233,0.31713390338205
73,25,1.09828371069699,-0.372233429882233,-1.88645627193288,0.820233105219553
74,25,1.25756326942784,-1.4422539859608,-2.23367008385713,1.02323611314822
75,25,-0.347498438104789,1.43051145029066,0.874414186853378,-0.371376846624388
76,25,-0.389986225106168,-0.684293733928732,0.281361995058137,0.128904469491747
77,25,-0.661325296933103,-0.631524451227439,0.108607962499289,0.795933895654919
78,25,2.36838431409354,-2.37936170655445,-0.252691464413515,-0.267711851702509
79,25,1.10151697036987,0.852377164165959,-0.0751805919025065,-1.33201233152381
80,25,-0.583267065054799,1.02497675538287,-0.287864956807403,0.344286853500382
81,25,-0.245091441305136,-0.34063926662939,0.76586455108732,0.0229465580585737
82,25,0.180039021833766,-0.633605340715799,1.67326684986071,-0.326731424417176
83,25,0.511408163478975,-1.83032352616037,-0.0223562285215615,0.898408506488562
84,25,0.394410786222629,1.28501590642428,-0.147916150602752,0.295264060288657
85,25,-1.10899149881056,1.20622424700405,0.495803353104568,-0.947022359823899
86,25,0.182085526044978,1.84747009431438,0.0378916032144101,-0.409984112843603
87,25,-0.495318670063051,-1.54135983152234,0.309121945332012,-2.08842902586964
88,25,-2.32879055163568,2.27258750389962,0.185244169247801,0.0319602696589991
89,25,0.308940582017637,0.0422928763288225,0.462516128124181,0.534589302995378
90,25,0.995972337829117,2.52241762453014,-0.936911860965105,-0.363140049044643
91,25,0.362429308521631,-0.431405863455088,0.367507592634083,-0.731520139966363
92,25,-0.562797956567185,0.872394378982789,2.05807149044326,0.86567611198238
93,25,-0.415776712491991,0.172951365355208,1.91581489146592,-1.08006233701715
94,25,-1.34733275821568,0.843413279987779,-0.934234068870184,-0.482259752878666
95,25,-0.0492243590982255,-1.06168432662778,-0.977707082234098,-1.7642229962739
96,25,1.18970275021527,-0.601303155099159,-0.374356862214861,-0.427420968780308
97,25,0.465535868560124,-0.894709816927063,-0.698186113043436,-0.840449930288445
98,25,-0.145711493623739,1.73098161941287,-1.53004445784909,1.18625859750317
99,25,0.528969556531251,-0.227436295885938,-0.100112181201558,-0.416535672643508
100,25,0.864621665101471,-0.202872403054616,0.212104869178381,-1.14193238699224
101,25,-1.48136282511872,0.609520758267479,0.162261877345052,0.980312859061765
102,25,1.11477136093023,-0.463661962162774,1.0704143508506,-0.443512569823167
103,25,-1.87772272905588,-0.494931526427734,0.565113754286948,-0.300475483793099
104,25,0.326273187899915,-1.24791653535314,1.23479734209553,-1.98766908321389
105,25,0.661510101246003,0.176530805779955,-0.631599213129582,0.94689753593372
106,25,-0.553722200561534,0.19758737420857,1.72209389270116,-0.960197531492035
107,25,-1.67133975265704,0.76302992415346,0.155821006323077,-0.783145040066987
108,25,0.394027382809761,0.450697714403454,0.201869396046809,0.0191942092914274
109,25,-1.27906275207443,0.0374197313873581,-0.00438716896959639,-0.829852908670931
110,25,-1.17126258866107,0.98439791315351,-0.268163297152954,1.20640283314627
111,25,1.67427693813224,-2.0353392838023,1.58665974863205,0.262246385663168
112,25,0.175262672978034,1.62675936303536,0.0448303922582065,-1.32018244263046
113,25,1.20230237769526,-2.16733239211767,-0.652308636409418,-1.75599291459304
114,25,-2.57960013514976,1.20016594116667,0.841464005423071,-0.768833770795783
115,25,-0.629608480906457,0.151961622980848,-1.20475883258182,-0.464882596944621
116,25,-2.75785712955164,-0.397997931956154,1.02218481511642,0.341398881596638
117,25,-0.23607379524097,0.318050779827393,-0.225719604025783,0.124027760744087
118,25,-0.724490830220986,-0.311921099909524,0.395604452982675,0.663426970971475
119,25,-0.95265290048784,0.956137391909005,0.335452589090501,-0.712204319834819
120,25,-0.473709240049585,-0.178231617706806,0.142817286008229,0.376438151903192
121,25,1.18883382722511,0.720021623300739,-1.11715503591773,-1.08337589580741
122,25,1.0273879053589,0.963111989050579,-0.778762766853107,1.16196373356113
123,25,0.646169155811127,-0.0787092883713041,0.229804457958558,0.500273484847363
124,25,0.450862621467779,-2.03093374415515,2.31613901179031,-1.87988088125743
125,25,0.61265825016932,0.468204150412837,0.798187433249971,-1.03040218637684
126,25,-1.69625968340528,0.817334289028348,-0.357059151792613,0.192952563262221
127,25,0.134205199693262,-0.218920075195813,0.552847830448865,-2.0150763398346
128,25,0.24109964254369,0.70116506976322,-0.182031417761098,0.581578705255336
129,25,0.331951010171079,-0.710511538238995,-0.226083104898659,1.04766143358761
130,25,0.801511087020614,1.65933438285818,0.26047591403305,-0.345821474267448
131,25,1.4417142968228,0.9952301245378,-0.922848869794488,0.876680622570054
132,25,-0.0137710088379926,-0.0743271298851984,0.289321843141631,1.62644256150311
133,25,0.254426297119229,0.0889085899219524,-0.488681026983129,0.602448153431955
134,25,0.577724491959108,-1.03523583455206,0.785321106539969,-0.61588431196365
135,25,-0.427152675613298,1.12448901371514,-1.28730658581311,0.685125911099368
136,25,0.452279112331188,-1.77000309643815,-1.50207871565578,0.862598278650753
137,25,0.211266176430367,0.614826392751692,-0.00819274913033859,0.545187744590071
138,25,0.144074059028002,-0.883570560728321,0.435480200655713,-1.17021293344914
139,25,0.857778907395469,0.113147224646761,-1.12108541670427,0.41430316098945
140,25,-0.159007438797765,-1.5580294254468,-2.4240494359436,-0.944207256600223
141,25,-0.0540419247130565,0.123009882534303,0.977334028175856,0.849195808736336
142,25,0.0858235509314923,-1.1769030961912,-1.25527061717781,-0.267703522493568
143,25,-0.502551275624774,-0.726571985853905,0.711572788847277,0.531350630203884
144,25,-0.645331245510052,-1.82323057507643,-0.514885380536707,-0.550871197674033
145,25,0.661701667210604,0.958276035358439,-0.561014613477553,0.527495857533074
146,25,-0.0263062255485981,1.85181296310952,-0.394634279688386,-0.49433919193667
147,25,0.432773420581412,0.261624464659638,0.787185032667531,-1.4840289455293
148,25,0.144550129766055,-1.25011663030379,1.45360570446751,-1.3918044529771
149,25,1.24497322385747,0.607494743801432,0.372683034623961,-0.0517196540414638
150,25,0.0496375920185411,0.613256057377898,0.813816833675642,0.303625483375269
151,25,1.43720025431056,-0.710986801103945,-1.061963732819,3.11934846231071
152,25,-0.298194291942192,1.01904293546205,-1.3616123554399,-0.264061610598342
153,25,0.966676085818009,-0.13814284493938,1.34759821091769,0.580956988947104
154,25,-0.873785352549348,-0.0190422707163769,0.355780992847782,0.887999390137859
155,25,0.827069001819875,-0.181088577666337,0.368057316601251,-1.31112743597752
156,25,-1.42698568882916,-0.331803418173586,0.526030460475293,3.10218942082007
157,25,1.1932759819378,0.615852283667066,-0.809453683039427,1.96177877095201
158,25,0.735772900555041,1.41979679298728,1.13525024721888,-0.665779775836563
159,25,-0.530868978560634,-0.298178733153162,-0.0361649393848155,0.809961582459798
160,25,1.64982224510501,-0.152328808858214,0.221164216761706,0.560511862655098
161,25,-1.49851198304157,-0.624924128025204,3.72313450049526,-1.67905102434803
162,25,-0.0544890149436523,-0.604142709562363,-0.0865831115773778,2.1264913280327
163,25,-0.713030361320108,0.0595769006052395,-0.672255779810223,-0.4433443925173
164,25,0.572012401089909,1.16493686005243,0.204909759929624,-0.372839094073309
165,25,-0.217414700588386,-0.332046861271592,1.64945737875519,-2.23540998016482
166,25,0.161288223623509,0.311275208711521,1.39086094785854,0.293355367703222
167,25,0.248323805093718,-0.0179769782270884,-0.363172691368696,-0.670581401179191
168,25,0.776468535440888,-1.26711408002554,-1.55410148410063,-0.301616509182979
169,25,-0.261862447850487,-1.82279723241044,-1.87578230391621,1.0094274134608
170,25,-0.0213561337495347,0.91548230209362,-0.0728228963359874,0.783173634122018
171,25,0.491190485140029,0.712761448832669,0.90536279443786,0.185153497655685
172,25,0.346361348192907,1.09848941319342,0.564063635158689,-0.215404813235611
173,25,0.97951966526935,0.575727683522094,-2.02741262810993,-1.01540811554308
174,25,-1.56196722106693,0.23207365956792,1.33556012394322,0.436249323476925
175,25,-1.11539597702531,0.0332433101494643,-1.05875789592399,-0.728925020688197
176,25,1.92847625723433,-1.08897754625727,-0.403691657530275,-0.952613061891601
177,25,-0.288530897220068,-0.669019108285331,1.6214723331533,-0.265507261297601
178,25,-0.263415737831753,-0.554713728707274,0.295194489725946,-0.302445894242658
179,25,0.11957075339488,0.264374300395816,0.18335928532098,0.0418020104196852
180,25,-0.27936251028809,0.573091064169219,0.688225204571327,0.86208498008767
181,25,-1.07815611522848,-0.626878643009036,0.094499770749963,1.41490825780085
182,25,1.05521956713417,-0.0500319093930601,-1.96468593932992,-2.21001528077218
183,25,0.702195280902042,-3.30457751710252,1.13056654752805,0.825631141212448
184,25,0.91946948956272,-0.35092971284384,0.460009412537392,-0.0526969554692967
185,25,-0.535047209592994,0.922902423462716,-1.79702363724506,-2.43992350516687
186,25,0.00701427722470565,-0.113618114442289,-1.51807472068888,-0.659924909167238
187,25,0.726782593621171,0.378602682229189,-1.14285327455856,-1.31733991859757
188,25,0.236468128995755,0.162278137174735,-0.42050524163731,-0.0455105723986055
189,25,0.118460309836436,0.750934685767793,-0.728637522062006,0.255616905051728
190,25,0.946122983904495,-0.371459695719346,-0.429848353361268,0.891986828750724
191,25,-2.07635660531229,-0.859319728746296,-0.179334894518096,-0.993627352022097
192,25,-0.48824760951083,-0.0693271712988344,2.00459571185152,-1.13339930047866
193,25,-0.327277420695056,0.807565473817771,0.289781152340448,0.721673061241454
194,25,-0.987018980320132,-1.32774142444585,0.80524815253091,0.86642448039359
195,25,-1.01575373449692,0.515301135253783,-0.0648050416447273,0.40649945822541
196,25,1.38635177609477,0.394641574496664,-0.258500268288342,0.56402611019126
197,25,-0.532118743841702,-1.03826266719655,0.684580289369407,-0.0381083254551685
198,25,-1.17103056526034,-0.515027433808291,-0.183021643373632,-1.40869698442861
199,25,-0.896105617865531,-0.299033754605193,0.394408709370147,-0.884842464382981
200,25,-0.204290776260629,1.04459152730099,-0.227796387931782,-0.919004220861113
201,25,0.210381349771643,0.29597236132232,-0.171278865554896,0.107313863857413
202,25,-0.582957107650192,0.472637609301927,0.39712380460754,-1.04011850485304
203,25,-0.729021001627854,1.33598933573063,2.17239583274189,-0.339973732054704
204,25,0.148446388163292,0.325972052167826,-0.452212819833861,0.862842597827444
205,25,-0.709783999888303,0.829011985800574,-1.69221337456861,-0.959138017767511
206,25,-2.18478121311799,-0.7152472598474,1.11639799573152,0.692575455570278
207,25,-2.38709684643923,-0.763500789100986,-0.367743140495325,0.158506901828904
208,25,-0.262868303741582,-1.00534660008121,1.48564118120133,-1.49268085594272
209,25,-1.20320552883152,-0.536283633366171,-1.85991766080776,0.328051882093985
210,25,-0.145436887909146,2.12667304935229,1.52640800006037,1.04146812397061
211,25,1.33475646399536,1.67236800367962,-2.00266960406981,1.81805679804478
212,25,1.27041549613911,-0.0495596751692798,0.495872468630015,1.09521785213661
213,25,-0.941309551779327,-1.00559376307024,-0.0604760570290308,0.73120672655174
214,25,0.478881408667419,0.70187672779725,1.02135583744153,-0.20475998128074
215,25,-0.467151353940551,1.34553174829774,-0.531982713949412,-1.32524636787751
216,25,0.0497099902310954,-1.24842969133148,-0.651128804742553,0.408220057553659
217,25,-0.176063739999773,0.963934146518835,-0.50511742811009,1.50495511644742
218,25,0.842859638837131,-2.51028202203372,-1.13190493382621,1.62528460623667
219,25,-0.235896088361993,0.0515007815583706,0.199327793384374,-0.104322553847134
220,25,-0.790194401274486,1.27418518409404,-0.242861316364987,-0.661727672200669
221,25,1.15559154296761,0.149221995450026,-0.0274651433128396,-1.31823387333535
222,25,-1.54515777083316,0.977625078631766,-0.448473391411335,-0.561960644986971
223,25,-0.509959129819549,-1.37206311836683,-0.461497658700051,1.41049956430411
224,25,-0.507409627199644,0.0787995977976579,-1.39908247253734,-0.124010086936354
225,25,-0.127737382123439,0.627509382879384,0.0517418585921456,-1.12887620980661
226,25,0.264772209340273,0.280441616741707,-1.32436011010758,0.143701981877674
227,25,0.827105267495974,1.94779582139343,0.428372455353031,-0.315918539331968
228,25,-0.615717350944368,-1.03071250915327,0.603957747969459,0.373397069189777
229,25,0.88009752315783,0.460865500444864,0.0191789545617524,0.221364937947862
230,25,-0.825892087877946,-0.425928242478903,0.518397375383716,-0.0328711208434416
231,25,0.133759458725711,1.20269893372643,0.425466105918737,0.734568135704557
232,25,-2.37731637979536,1.52018874282843,1.9461063559329,2.43400261287971
233,25,-0.969037435862441,-1.34135197638296,0.582581506006178,0.0231294467776458
234,25,1.82381301490911,9.28064603026059e-05,1.0854767599401,-0.161923318107946
235,25,-0.982448180113489,0.906329797558924,-0.568868065752721,-0.548373879342078
236,25,1.06234866369548,0.235573778200711,-0.333069227725266,-1.105341564008
237,25,-0.813976002091813,-0.658128081819711,-2.13187058126683,-0.16853286907941
238,25,0.0375946961816681,0.453466758318397,-1.2276245867575,-1.44646999426732
239,25,2.03460378823369,0.609351167937474,0.89538240750122,-0.0680476913015917
240,25,0.174051441655173,-0.0129400717412666,0.503188081125984,1.02088844056954
241,25,1.47740217198289,-0.277002310672993,1.43723348213203,0.569761683921947
242,25,1.06297595766686,-1.46605015736252,-0.6308149318979,-0.7849596327131
243,25,0.591975428090634,1.25246237640949,0.401760487012787,-2.65510257334891
244,25,-0.490087800745013,-1.18380582230873,0.721635427980129,-1.64473713622446
245,25,-1.28920638935181,0.688607006872631,-0.627233359561,-0.45886633178476
246,25,-0.695429593694059,1.17350750238599,1.01524550547176,0.998235901094849
247,25,1.18551234853717,0.0997384147346063,-0.364222751855104,-0.114786161566269
248,25,0.690605218385944,-0.234003942690519,-1.29191261029591,-0.736036380631214
249,25,-0.230560162582828,-0.611261069122285,0.498326231801593,-1.46162728535774
250,25,-0.299484214545211,0.176901047875522,0.352080081252315,0.38397003812818
251,25,1.55424474051882,0.253065056028081,-0.735685331214473,1.70656874978994
252,25,-0.471601296377313,1.002810948951,2.17929902404813,-1.19995640533012
253,25,-2.00968043011711,0.603751494145415,-1.08234909113409,-1.63476807723988
254,25,0.186421474638747,-0.0348264894988374,-1.84724748158906,-0.360061535392068
255,25,-1.57493942894312,0.781947967934036,0.721431757441758,1.20882663391744
256,25,0.922943894144407,0.247424531913548,-1.08914916784948,-3.03171753376372
257,25,-0.368650764310616,-0.485793861867691,-1.08787597601402,1.43807993122332
258,25,-2.300228759903,0.0777889701444093,-0.454482318971405,-0.958354470946405
259,25,1.50891475256826,0.310471592507262,1.23582286898614,-0.897076980355742
260,25,-0.406069050466236,-0.395670477806622,-0.913835325134085,1.86758036070841
261,25,0.0150557542090234,0.402371761570365,-1.64375037363533,-0.49856600298676
262,25,-1.30630471187501,0.851424611224443,-0.407479898557287,1.90615759269886
263,25,-0.412294629894777,0.616169523507543,-0.609140330870573,1.29219167226037
264,25,0.782186575310273,-2.21286637680658,1.1749546136628,-0.582756648480343
265,25,0.389522875776945,1.11570790044738,-0.955021210428615,-1.18646477204888
266,25,1.59370049194859,-0.131646226055229,-1.10465514157492,-0.924369885253895
267,25,-2.35994060998128,2.00896318273414,1.14095588482747,-0.586709587048287
268,25,-3.15684520872034,0.61591411138807,0.568042140599192,0.723701936311294
269,25,-0.478914052017566,-0.315940344047548,1.48150117197036,0.939436253585743
270,25,-2.19037062166915,0.667825594661043,-1.11337511192311,-0.782476593420992
271,25,-0.492983779764687,-0.171770445048663,0.446785782711965,-1.5253267428734
272,25,0.895545715687782,-0.359601651204986,-0.335200714022257,0.0137697427188003
273,25,0.683795549403081,2.33206845194109,0.732049522432813,-1.32205568426437
274,25,0.0326080302081377,1.50816533335611,1.87567095035132,-0.750255909024278
275,25,-0.896530987806721,-0.763694415203778,-0.440170178031087,-0.403840075157075
276,25,1.35158205053821,1.80510425862827,-2.00005927719999,0.632033067958269
277,25,-0.898946752808014,-0.114813260157105,1.52194868377688,-0.131662758239711
278,25,0.676474830670363,0.400638990909387,-1.52472950155472,-0.25271847740047
279,25,-2.2868145298114,1.47514479525724,-0.673054586791677,-0.772150045428586
280,25,1.26848949144323,1.1595345105631,-0.672861491971394,0.363692220491008
281,25,-1.52117328522604,1.17116241675653,0.635358272857785,1.98213294672938
282,25,1.02350940093351,1.06447742186135,0.13532568144755,-0.732479282265462
283,25,-1.12815124870922,-0.00741674982398213,-0.493013681948429,-0.255633827397189
284,25,-0.455439987715691,0.547087088014903,-1.39755272581429,0.574868716958248
285,25,-0.701939875836978,0.303379914552436,1.839056486138,0.666472508744255
286,25,-0.53768962728413,0.880075749965291,0.74081549492457,0.20266269546059
287,25,0.31193003281532,-0.0691144655593082,1.88678724535713,-1.17845727977318
288,25,0.930662333268697,-0.547203557301985,0.178725670313619,-1.20346930649299
289,25,-0.780773040708154,-1.47740987341754,-1.2740990281041,-0.785886541859109
290,25,0.158692278299429,0.375804090131677,-0.117305131373622,2.09451504917889
291,25,2.11128036406929,1.78904059929964,-0.0833340437360342,1.57095732219809
292,25,0.0788169592041368,-0.829689237347684,-0.417792520542534,0.600702375636436
293,25,0.646276201864152,0.626446275458146,1.21766234514079,-2.21996531017659
294,25,-1.84838287440931,-1.01796653183293,-0.395944084781489,-1.22428267161529
295,25,0.110229075071282,-0.737171540636445,-0.999112533876429,-1.26988192413396
296,25,-2.03287298883508,1.42905912880255,0.477952243373115,-0.231617885772353
297,25,1.87705554777873,0.27478511896793,-0.119787635033957,-1.07176342931074
298,25,1.0150853420858,2.02904423318153,1.42054533258126,0.116418874173369
299,25,0.0850104193888724,-0.52227036525699,0.795877904022045,0.893500693580927
300,25,0.712693446572927,-0.133643356563944,1.38925980209328,0.475573779639343
301,25,1.18949610437538,1.97222125762958,1.7069147079742,-1.28915970358688
302,25,1.76564577121646,-0.469711615684647,0.726517062775126,0.4220813128136
303,25,0.626705924693936,2.05137333206961,-2.17351584362078,0.188708828021723
304,25,-0.713302212318372,0.604783805423294,0.945643767988972,1.5199767119121
305,25,-0.46337374756372,-0.441835334805687,0.229449291052924,-1.00692488010484
306,25,0.59658889879947,1.95298330074925,0.709184583474512,-0.530092670257982
307,25,-1.00826808063984,-0.0101096292813228,1.34220206069497,-0.99965298998992
308,25,-0.00447132498737616,-1.88250736804076,0.201963769588098,-1.16561273875124
309,25,-0.0689933056194073,0.240745613324672,-0.552788979183639,1.09881017862684
310,25,-1.54780028549225,-0.944995022162243,0.174444144227588,-0.120677359421264
311,25,-0.985184816343763,-1.1423319968433,1.02395056837216,-0.626990822292097
312,25,-0.513246518662001,-0.659225449038313,-0.227879060350806,-1.25030033078248
313,25,-0.273558602253032,1.18074377400142,-0.849444221646003,-0.432651818481866
314,25,-0.495994581120649,-0.396435547256129,-0.499371512160437,1.65142371210703
315,25,1.38898830031583,-1.02392819438711,0.184766011059723,-1.78534086098195
316,25,0.934666903343183,0.865199582155467,1.16639525580258,0.629242221970649
317,25,0.745629980223021,0.860913628199562,-0.430737905425677,2.01164003738171
318,25,0.261404118277732,-0.606392805241901,-0.310027286971803,-0.511986430400937
319,25,1.13557913352829,-1.25221490683711,-1.59373663231393,0.595539042551547
320,25,0.340065309278387,0.0562458986825499,-0.719522693020274,1.07625882077525
321,25,-0.84630794713388,0.337135244346952,-0.320567856525633,-0.841089897134944
322,25,0.635352030031723,-0.85981054900913,-0.0603367086651659,1.39339855550588
323,25,1.21902951993474,0.00393069529215043,0.874015544605533,0.483209148234587
324,25,0.385502319859679,-0.0877206552049302,-1.45078115843408,-2.19940038280522
325,25,2.24535743674915,-1.17229882050902,0.0628283472479055,0.477597133532717
326,25,0.869487370281127,-1.23363966187112,-0.0847954003350561,0.0353236405493012
327,25,1.95781864560319,0.342167975085887,0.340881910975384,1.05024522199234
328,25,-0.824611557882688,1.62813335552339,0.509135391113999,-1.0556176239106
329,25,-0.52751353377982,1.40596048485137,-0.138833426388068,0.264246174663628
330,25,-0.818906695136537,1.05512513584791,-0.0591097375099892,0.273822675946418
331,25,-0.625913317927993,-0.632463717912464,0.427636254244627,-0.420353102369876
332,25,0.0830213623100611,-1.29213854396084,-1.09907433941887,-0.221329551065349
333,25,0.948642824108911,0.0375953641214652,-0.660096415193132,0.447842275784269
334,25,1.13161450856932,1.05627807815988,0.213872505230681,0.196180428889323
335,25,-0.145026083978472,-1.26960338490147,-0.762056393373079,0.686283353890361
336,25,1.54370419770637,-0.81818570620597,2.22477741518632,-0.765470621825934
337,25,-0.526225598988062,-1.81452251964449,0.528626152091251,0.403458272823203
338,25,-0.155547990158074,-0.729471747231544,-0.322128037775472,-0.679168813627583
339,25,-0.115832298966509,-0.378410591114993,0.631470784484767,0.98306651963852
340,25,-0.0646922214060746,0.388110745636107,-0.0505935871348128,-1.03278469971704
341,25,0.279527034564291,-0.598213605736507,0.209354593926578,0.119816511648857
342,25,0.613842897947029,-1.62687975104667,0.0702028200349213,-0.62451160865103
343,25,-0.153204557742599,-0.586480084205895,1.68180883686297,-0.866340267615151
344,25,-0.758193314665677,0.581301190953061,0.111413445725401,-2.04018644097161
345,25,-1.02777578666112,-0.119060633272768,1.49730079457763,0.1198745556978
346,25,-0.1670014986019,0.294231004180623,0.0546731677108295,0.153044767106559
347,25,0.0875033481122268,-0.534903307092373,-0.615630894636811,-0.925468581703292
348,25,0.0818922168293151,-1.18194682079443,-0.0217116239100274,0.83271324581026
349,25,-0.7223120603513,0.540722124049173,-0.356397522265575,0.34213953967397
350,25,0.449278899492945,-0.851644568382189,0.687401167213707,0.0609585242422319
351,25,2.17721191860053,-0.0544994543639521,-1.40611015221133,-0.201912684578159
352,25,-0.256310231686739,-0.840755417366484,-0.400894452340327,0.350685139181054
353,25,1.18071899898022,-2.7165320794817e-05,-0.998662955547645,0.0292475073476606
354,25,0.119361918208088,1.0707149629459,0.69183403951569,0.0598997126512177
355,25,1.14894305787771,1.95603613212374,-0.431763427947669,0.356337820795747
356,25,0.565594736504632,-0.175880778611042,-0.354558856235804,0.917023356162731
357,25,1.05928646391628,-2.06677956087035,0.488768835667588,-0.18215852564737
358,25,1.3896796361674,1.01983031338498,-0.12573648442723,0.775104694426468
359,25,-0.266607509578673,0.194630495738181,-0.48098295659558,-0.112331165799897
360,25,-1.62823911898552,0.374272023067481,2.34260963880996,1.3223617742138
361,25,-0.116218716615889,0.429097815173824,-0.990473755556507,-0.137565890115539
362,25,0.0233944224103189,0.125483685419301,0.438110883250869,-0.0775622970310736
363,25,1.14450260986511,0.337190049854804,0.920771011046438,-1.41534584845647
364,25,-0.295549662715595,-0.551787792763086,-1.67444632638365,-0.19492042137474
365,25,-2.04000439168545,1.17393950544038,-0.983866373551358,0.66164586605698
366,25,0.241927637016895,-0.230828713731429,1.45044546371429,-0.0651566044198926
367,25,-1.00534546057045,0.392383924527218,-0.156665807142002,-0.255782004380147
368,25,-1.41660482545727,1.59974853014091,1.11662078871897,2.80729146263216
369,25,0.202278879355753,0.794899361404593,0.613896288347128,-0.594862249764081
370,25,1.02159256874761,-0.381978915066073,1.60302203983439,-0.108280695031127
371,25,0.289785928511962,-0.328126480463075,0.909068195521405,-0.660957599427488
372,25,-0.144057997924361,-0.169165840782684,0.500777965148744,1.27833678293263
373,25,-1.38770837157843,-1.64975541521913,-0.424394608583967,0.121459185247572
374,25,-0.379671603914671,-0.801634107027487,-1.02197637572944,-0.419180251988778
375,25,-1.28005590731063,0.800789652780844,0.659830020578168,1.02793732532349
376,25,1.23806184876072,-0.152660755664796,-0.114621441937626,0.634602144473595
377,25,0.808304378665719,1.66426556252354,0.629521341370021,1.10389269194907
378,25,0.283843698890244,0.213463360297124,1.53760420634329,0.795551348276372
379,25,2.53443646654935,2.94293232639688,1.40952239364502,0.117853091150568
380,25,-0.728750381569242,-0.968234069166944,-1.60791023804089,-1.1527440598187
381,25,-0.509695136568819,1.01190824211771,0.973391052135695,1.34524408489928
382,25,-0.983255233408698,-1.84139328722705,0.0402202226161822,-2.43869589003701
383,25,0.323429205166206,1.96975349644431,0.674301858950018,1.18001501244079
384,25,0.341585772875772,-0.479245121868101,-1.18622093517356,0.385886519612743
385,25,0.806661674020662,-1.27243820572256,0.696244321354687,2.07943617532584
386,25,-3.15853259253767,-1.43525078581222,1.23574474861015,-0.676205357753091
387,25,0.808017141632421,1.53096616583323,-1.37796490324,-0.730177877253457
388,25,0.0957454371696151,-0.681380913488664,-0.107914654808206,0.220868952789372
389,25,-1.6065383279987,-0.097529601094249,-1.6821466830746,-1.47926442637059
390,25,-1.03605910415658,0.0500669029388808,0.636263168391484,-1.86588714241197
391,25,0.563297982513603,-0.723280578663585,0.126011779400652,-0.334290450264979
392,25,-0.834438186253877,-0.2228584073992,0.487161816570703,-0.872293607061254
393,25,0.215435062585342,-0.491971061105162,0.015223942241147,0.395672389957959
394,25,-0.0673890617111319,-0.597391695171791,1.32794522015191,1.63163039379277
395,25,-1.89046255676515,-0.600233852493931,-1.61260847412299,0.793596222239081
396,25,0.460123193434794,-0.109772140592039,-0.930053992876102,0.535378064260534
397,25,1.5479049708511,-0.318718570200862,-0.541089099207088,0.536689339017561
398,25,0.0729603823231381,1.57875423737568,1.20492285394761,0.870930987394345
399,25,-1.10514874546725,-0.198638087079157,0.634227158895227,-1.0620078238795
400,25,-1.25732053239423,-0.249048102783226,-0.787898707218741,-3.76299616548654
401,25,1.56406173791193,-0.418910326977878,-1.43532543618309,1.08876276074349
402,25,-1.01768465618237,0.282237753817482,-0.213134950169349,0.209965776319109
403,25,-1.40273362864519,0.846810471821008,-0.475962255392921,-0.679953836001565
404,25,1.75389013038033,-0.748015127956247,-1.22639480457114,1.29444159269077
405,25,0.016324692711624,0.0302174020797359,-0.601252943677492,0.713764257167985
406,25,0.0744297841502832,-0.302961131446164,0.209209226135026,-0.622505522485368
407,25,0.117774353924302,-1.45886837222471,-0.0234171950728362,0.901007301215223
408,25,-0.837267018940555,2.08203451896089,0.301643073924121,-0.584537504331265
409,25,-1.64785929324041,-0.334351364203996,1.59642500780001,-1.53111402666595
410,25,-0.293761775194319,-0.00468735915594061,1.24601308410917,-0.59871465469935
411,25,0.395339528683534,-0.0966641353278823,0.340753179853181,-0.255696932933792
412,25,-0.56198132635357,0.290876052770913,-0.476957779067899,-0.472589310102962
413,25,0.501880914310077,2.31719565358016,-1.51848397892341,-1.04616839611574
414,25,0.970042478648407,1.12621226180957,0.693649202881812,-0.779118817636418
415,25,1.14437260349335,2.82593307427582,1.73995380332394,-0.42092091165474
416,25,0.40868855575139,-0.395160087052185,0.406783618551696,0.274157273885955
417,25,1.37554529981779,-0.72123034128781,-1.68926388178261,-0.475667568116203
418,25,0.840897201405801,0.191424255401042,0.766420513339679,-1.52216642588428
419,25,-1.03829659613696,0.205233797986259,0.890187248246793,0.833341945884412
420,25,0.864450084531991,0.815526959259498,-1.65439312610485,2.43423608267851
421,25,0.236474099879894,-0.141316197519341,-1.81482359391097,-1.35397035632487
422,25,-0.376426508649214,-0.534450841125549,-0.690552294309861,-0.536238210088197
423,25,-0.0102048536112132,-0.770326138461867,-2.24366586863197,0.915105478885586
424,25,0.579546008916623,0.595499163778692,-0.52901074208209,-1.73505679830035
425,25,-0.22194722978874,1.21844253048568,1.21859836798811,0.804670295294321
426,25,-0.456995156925073,-0.659646953742695,-1.05986403891605,0.943293571404027
427,25,2.14907504531447,1.65375255825947,0.29416198476614,-0.377264398198256
428,25,-1.01853881207023,1.36029975543076,-0.408837774972742,-0.341902769722947
429,25,-0.511957884776049,-0.0521030232209054,-0.223876667104359,0.77825174592912
430,25,0.0288336497530435,-0.0612955550987608,-0.155044212300652,-1.63782361607504
431,25,-0.436343300177966,0.845347605056508,0.552183821738421,0.0050131208354239
432,25,0.951435959685267,-0.148858173189531,0.00272472351817313,-0.293149034091891
433,25,1.70713926804698,1.99016115874581,1.03144568682139,0.879581247801033
434,25,-0.826535504114362,-0.485887804980092,-0.560002691579449,0.505415951154031
435,25,-0.133922647425312,1.29557535276222,1.87236470579325,0.715599862740529
436,25,-1.81390929764277,-1.04979509701563,2.03258142044321,-1.02905172488774
437,25,-0.5122056363472,-0.0375411595210725,0.108972965420642,-0.235113029017832
438,25,-0.484618693264023,-2.07719929000065,0.334284020586908,-0.329984994386893
439,25,-0.367013556183992,0.567371048055178,0.694937000283164,2.2621125551623
440,25,-0.775221096191466,-0.429696757547755,-0.248505230886031,0.296301940725193
441,25,-1.147305661957,-0.669056628983965,-1.60490945751596,-0.837005182942207
442,25,-0.179802684368278,1.06352923850391,-1.8285373341128,0.486715557885419
443,25,-0.11227578628259,-0.361598567089436,-0.404762660150072,-0.495115598269424
444,25,-0.723914208100905,-0.408556513472193,0.669040183267317,-1.10870471165236
445,25,-1.59378854475443,0.778817134210499,-1.87853331637037,0.178987230530678
446,25,0.0798625202670512,-0.0351427461219164,0.548525573188659,0.769045130588951
447,25,-1.43067730502066,0.334395889517518,1.07495987709951,1.81295901213895
448,25,0.270802775033598,-0.194444010275135,-1.33428891746853,0.57204641790191
449,25,-0.413372649488845,0.488610425256653,0.422891879098631,-0.416474375884979
450,25,0.237721857899912,-0.43401172635707,0.773121863540151,1.63124526125429
451,25,-0.907631323966948,-0.67816594713698,-0.158957405859584,1.1867556157955
452,25,0.0963498224320167,-0.420654407521768,-0.366944505709112,-0.239707968564206
453,25,-0.142825643894748,-0.931891576888128,-1.35123392700912,1.08274271721799
454,25,1.23537524685651,-0.839693370008224,0.536408032658798,-0.163320530460704
455,25,-0.833721500681948,-1.67094904488086,1.18663585796861,-0.179620289655661
456,25,0.192844454998981,-1.83382868469594,1.37538852313693,-0.409882731367704
457,25,-1.07052718765617,1.29403184191942,0.334397029255056,0.844375654447962
458,25,-0.4492809343825,0.180408233199994,-0.0303534028105557,0.359834194834628
459,25,0.138802208712375,-0.870072435748043,-0.970446578842283,-2.82973947995407
460,25,-0.406362686112678,-2.13668118076076,-0.0925587359958999,-1.38490543639932
461,25,-0.0888841368337356,1.46538107171817,0.727389041880617,-1.60494739764647
462,25,-0.0522364150315266,0.217316098728772,0.214186632161638,0.700568601832689
463,25,-0.588670232419219,-1.02114126788031,-0.354731823994719,0.257736548666668
464,25,-0.157845696259889,-0.41815197345738,0.25938777451858,0.991777011822309
465,25,-0.322011987046758,0.435323877117533,0.343838218956977,-1.34553915740905
466,25,-0.705862779406136,-1.2783343310638,0.943928795757149,0.794559801278134
467,25,-1.25209921572326,-0.00180859660458647,-1.15431557691051,0.832168442916709
468,25,-0.312160877593375,-0.462992263833121,-0.289480244228864,-0.389301839321843
469,25,0.892606484964934,1.69868644995867,-0.0203255897545007,-1.4480841189939
470,25,0.975015854788195,2.11323799942056,1.81401007922203,0.349483269017809
471,25,1.33851145178062,0.0934809744763439,-0.0414227801440115,-1.12096659946662
472,25,-0.322581717666509,0.717229135720836,-1.23063534313811,1.50312632531468
473,25,1.57668427461282,-0.318192678267634,-0.869221911266551,-0.502521396596105
474,25,-2.11280156994618,1.85996542397011,-0.856971982382669,0.21649019403658
475,25,-0.275183131649765,0.771135871292503,-1.44895040087841,0.492903999435835
476,25,-0.0923818402006424,-0.070370640564983,-0.0560340282130785,0.547912081145716
477,25,0.0534990374786547,0.158880386936261,-1.72077551535707,-1.11248899251211
478,25,-0.214369796176802,-1.18559431692927,-0.54769888042626,-0.785283117462244
479,25,-0.899137526089921,-1.44268494822447,0.63980959376014,0.898124906173354
480,25,0.178050048076493,1.53944148888407,-0.472785755363802,-0.788824103386592
481,25,1.49394046618771,0.14315175639163,0.303978395207851,1.04377765351246
482,25,-0.978795170138728,-0.751808395772602,-0.455735390435276,-0.300193415776196
483,25,0.294627142536303,-1.18413719067742,2.32547312073479,0.806856470775518
484,25,-1.54187967589898,-0.949784692788537,0.332677386629331,0.226549471773703
485,25,1.04502739799812,1.75778365917492,0.496087115109246,0.530843192740969
486,25,0.749233058013091,-0.452800940760706,0.234790988711566,1.518373017425
487,25,-1.21540390033603,-0.6447348232404,-0.0682454353432266,-1.22463522390221
488,25,-1.50770083518027,0.353440275321311,1.11061272839236,-0.407434753211636
489,25,-0.0868335568374438,-1.11468480652737,0.919733814211907,0.0464500351111578
490,25,0.325935917472358,2.12172582073636,-0.926002360887457,1.03687307848907
491,25,-0.370095551910952,-0.756655952486271,-0.634189527054072,0.433793309994159
492,25,0.390726420770663,-0.444881567820826,0.282080553510629,0.96241802853332
493,25,-0.368495576034024,0.967387978896108,-1.12042310283957,-0.0876194409739876
494,25,1.12761160645538,2.24046975560649,-0.195979261460185,-1.54760432666635
495,25,-0.522437648456536,0.776897547093295,-1.47134696159535,-1.72594932532815
496,25,-1.62478804849422,1.86772975164868,0.81245371062279,3.65902224079761
497,25,0.321373226799455,-0.0824364209259189,0.559918114609754,-1.59636115601726
498,25,0.555965065217095,-0.279780968818687,-0.347461524869588,-1.70882241369948
499,25,0.215939121311826,0.51393423185635,0.540149854063864,0.559473567925075
500,25,0.185882128171361,1.44431394183176,-0.801375442555107,-0.933631747146313
1,26,-0.121180418030881,-0.305720158607128,-1.01986469262903,-1.08627534198923
2,26,0.251922274669334,-0.835696268273549,-0.794489281355563,0.0421968947328908
3,26,0.434308893247478,-0.863369987817571,0.28949131356055,1.1695692250964
4,26,-1.20339590126542,-1.19882496392719,1.17381769857724,0.254076425687043
5,26,0.432528515373485,1.36209515889873,-0.162057946418181,-0.901331834003798
6,26,0.100382944990652,-0.309618688859649,0.671165763829434,1.6107035694103
7,26,-0.599194940800989,-0.256567598822034,-0.518465106442401,-0.427637710688963
8,26,2.44415562415177,-1.40836402250956,1.01070874395241,0.450848980106032
9,26,1.11654776586079,-0.194434129593434,1.87057009957792,1.27475003925086
10,26,1.69032065012715,-1.74958745412346,-0.125948659127175,1.57346201659188
11,26,-1.13912036227945,-0.110417378286582,0.318064651028287,0.18443058956737
12,26,-0.338504962060619,0.306074266330753,0.129231508325576,-0.784290834318852
13,26,0.731004092967956,2.09543895217008,1.44389665715045,-0.503537794371595
14,26,1.64051148568734,0.45306390950519,0.611541527230622,-1.40414353310222
15,26,-1.06741741940947,-0.539511700843581,0.0627602005634142,-1.09846284003751
16,26,-2.59897606017945,-0.120527525550996,0.905439945557923,-0.939355381515609
17,26,0.98173280392689,-0.99015726271539,1.64669029612063,-0.763690379023381
18,26,1.2016594984189,-1.45976211803748,0.0732518335206113,0.362240844158955
19,26,0.83547401235234,-0.40595150284087,0.120130179361021,0.693424315790759
20,26,-1.18914673053799,0.686534815824084,-1.13683034630738,-0.257343117970108
21,26,0.460789637823474,0.699407012987956,-0.81160766675852,-0.798276434187899
22,26,-1.41678505323038,-0.48175952782463,0.311254606880494,-1.44057420559942
23,26,1.86430840833654,0.977666953765928,2.8274514634401,-0.724054745741393
24,26,-0.544795544196905,1.2287371128788,-0.277842720491698,0.483459213911109
25,26,0.0767325705829987,-0.440333027684897,0.107294568862704,-0.285728924318837
26,26,0.448224128626266,0.367321333198738,0.0336759446876729,0.364784756823268
27,26,1.91364740771933,-0.882005873056782,-1.21752095857272,0.970461180137148
28,26,-0.165007200499535,-0.467731878396148,0.650422891341367,-0.563486357801856
29,26,-0.312024669827068,0.635310924016676,-1.08794869274867,0.645462069711969
30,26,1.50276612149608,0.530276748496333,1.02593823359188,1.40480317224622
31,26,-0.579933194274317,-0.717670655299385,0.832903709681061,-1.04698408946663
32,26,0.500404993560656,-0.873015001935898,-0.214311250526675,0.670912558622423
33,26,2.83794428080118,0.695493403487657,0.403310469478415,1.59949067340399
34,26,-1.75081248657647,1.00698579451751,-0.669549431744578,0.867483687094238
35,26,-0.756446025352271,-0.785481447403285,-0.275016774218644,0.268408241436471
36,26,0.975214304288744,-0.726075099701866,1.48316396979907,1.06452620053165
37,26,-0.272753131489212,-0.285129968747389,-0.815298416082118,-0.769375705190919
38,26,0.0868717742104176,-1.41653846573211,0.354296611361891,0.954536782799213
39,26,-0.170441239372662,1.66865605040149,-0.171574745089719,-0.0480684788640657
40,26,-1.39725195266911,-0.46553022778857,-0.0193193629182438,-2.03716729468865
41,26,-1.59238735842409,-0.303468728743009,-0.0374395154501473,-1.61340339535084
42,26,-0.96297080954923,-0.437885723344025,1.07120660369675,0.560175466449855
43,26,-1.3745917379643,-1.30211694819986,0.28548109331053,0.106557265971876
44,26,0.524943821094569,-0.248588200037916,1.67286441587492,0.516261997997309
45,26,0.682704484244003,-0.688256323050088,-1.20419286639465,0.406772855441792
46,26,-0.589043273244134,1.53337706826108,0.132908099602466,0.115576512803611
47,26,-0.223080251491475,-0.143698336358151,0.216074403641452,-0.245791595304651
48,26,0.429300487179447,-1.01871597150546,0.220708712152652,1.15804809604699
49,26,-0.90671924830859,0.449550299554153,-1.35922708916824,-0.144216637704975
50,26,-1.05358097824136,0.938735211264016,0.150343178708799,-0.259550608594532
51,26,-0.439882030640475,0.187786728278049,-0.924190294611337,-1.18751110146126
52,26,0.0960075499215373,0.861682918245664,-0.296047510430027,1.27028331710352
53,26,-0.325438749074532,-0.815574820500913,-1.27663338105112,-0.887891382790128
54,26,1.92904786026691,0.405729648331854,0.482806225375891,-0.714297292781247
55,26,-0.83988326363004,1.15858398706282,-0.884907530086401,1.18517235790692
56,26,0.11724458239416,-0.174855873893727,0.333570842409583,-0.163513868214722
57,26,-1.20190308642604,-1.67104306855858,-1.97618734576168,-0.200213276295025
58,26,-0.153428437162448,0.424671605404772,0.902368216741738,0.22669567068654
59,26,-0.33813955538862,0.715722152154167,-2.15755226666533,0.683761618662008
60,26,0.0120713873949103,0.831742526553298,-0.589147531803732,-1.44226963993148
61,26,0.905391560142783,-1.53363605148196,-0.125982378124504,-0.547857220353462
62,26,-0.0339398946853074,-1.3860505378404,0.231815467017984,-0.305343817165217
63,26,1.50433141940117,-0.5884289298646,-1.64789499178105,-1.06142634740833
64,26,0.100994114992117,-0.327239917427406,-2.12075849387785,-2.51351902073549
65,26,0.269937540466666,-1.20647096018474,-1.93588516011577,1.00351621363285
66,26,0.665057269289026,0.298324081833971,-0.212750176485077,0.797338459969513
67,26,-1.44558961134758,-0.898741313832329,-0.0170769432467073,-1.44748760357176
68,26,-0.376178988533649,0.446764787307354,-1.30507851339274,-0.00198484396835255
69,26,-0.858807488712346,0.79152770282607,0.0143430500241562,-0.460302273383523
70,26,0.461183201109901,-0.116578508677029,0.0475296692396856,-0.242357001308367
71,26,2.16676135583949,-0.500417212702531,1.08247105761556,-0.170896130949808
72,26,-1.48063530400401,1.06361942183597,0.0617522408545672,-0.439828950038566
73,26,0.849202262823315,0.127430445669792,0.00859355988551923,0.980563171774338
74,26,2.04100127355615,-0.834076927719086,-0.702396749390749,0.469361492356561
75,26,0.350836998225199,0.484247178619544,-0.439718424812939,0.434465287262371
76,26,0.405120877607987,0.388915700775579,-0.169994789802515,-0.580404035555375
77,26,0.980402718439625,-1.44477164396781,-0.605287401057487,-1.4109931248273
78,26,0.113172422633772,-1.22212845070082,-0.201105732742168,0.92907223784198
79,26,-1.02769268961796,0.845215276898115,0.391542412455867,-0.940471619271416
80,26,0.822073424851861,-1.11894303840446,-0.31308875070043,-0.120884039736015
81,26,-0.860031421250139,0.269666671843477,-0.560271267846817,-0.378395734518977
82,26,0.221269774536882,-0.00321741193137824,-1.16713732665222,0.820769342595166
83,26,1.19387977217859,-0.800890345239221,-0.10251171687443,1.35220665359882
84,26,-0.353177570927735,0.815120688138243,0.319533323843517,-0.173472305242612
85,26,1.48763326756623,0.770069325865021,0.0887755033136525,-0.652014027169961
86,26,-0.533932791148617,-0.948203267326323,1.18508996510694,-1.12940528132589
87,26,1.34126094810107,0.479302331351492,0.659151096889926,-0.18107556243982
88,26,-0.453777231400672,-0.364219510894675,-1.33892290868541,0.608072851089487
89,26,-0.415652195859833,-1.95384089101663,-0.530423739351775,-1.39193386907347
90,26,0.419816358103314,2.05224924684457,-0.998213034502378,-0.84467441955203
91,26,-0.478616019467758,0.00767188465715311,0.48576094666842,0.983243579713174
92,26,-1.27162657958952,-0.0521576829896131,1.63976038449553,0.440286087537428
93,26,0.0522900628518191,1.31444383754449,0.141578890067461,-1.71552539249613
94,26,0.804814097829698,0.646623633875128,0.41350368023989,0.691106086636176
95,26,-0.454913382537164,-0.579754537045886,-0.000689958692810354,2.01414050234862
96,26,-0.288088608989097,0.213158122829457,-1.31412903075242,0.222876338937404
97,26,0.171592230939128,-1.6808025421552,-0.996175744982018,1.78295072959865
98,26,0.646904247146766,-2.12196598108349,0.298969188417121,-0.0423599387520528
99,26,0.476551132377762,-0.715838912367716,-0.988672028311042,-0.373385499878139
100,26,-0.326456440312089,0.910558200697707,-0.136439261904744,-1.45307840230975
101,26,-0.0669501305794286,0.0223718812306855,1.48542706852092,0.161830882810867
102,26,0.991155395444577,1.89485656783697,-0.398196821658027,-1.03671554427794
103,26,-1.96926326880124,0.965585138077411,-0.4829024917342,0.316996179230177
104,26,-1.08786907520057,0.181781530133963,-0.806671991487737,-0.433055673893632
105,26,0.587853153356406,-0.364551964267354,-1.98717658809608,-0.989623596149157
106,26,-0.184549294779759,-1.16654290285192,1.1046895534532,-0.704012961089422
107,26,1.21952002252973,-2.09431776617581,0.463784142634873,0.668805308648385
108,26,-0.652932312952258,1.74767630412911,0.196586235783789,-1.22756546628782
109,26,0.365842115465237,0.783616484501949,0.370432518983997,1.26079769830775
110,26,0.0679511612983017,-0.588775080547529,-0.392105021161201,1.06458913244726
111,26,0.329667275196788,0.253725846180045,-0.496181851505289,0.355694835893603
112,26,0.0843016241550872,-0.704125216356277,0.863306436644855,-0.452282528790743
113,26,-0.302048365425352,-0.236791684054207,-0.308832161741047,0.0565765489549096
114,26,0.656625694088213,-0.572231982234476,0.00515178148953039,0.225371621971901
115,26,-1.79162726578718,-0.430893704155021,-0.133172657341104,1.30317800287192
116,26,-2.15428820127773,0.343102690906879,0.972464761310068,0.083175678248851
117,26,-1.08222952775255,-1.22302914759805,0.894623390971165,0.990808611465653
118,26,-0.809638082494637,0.539578112489728,-1.7123761456449,0.874125317957391
119,26,0.243417245887326,-0.853837852001827,-1.71201319583498,-1.05563309301759
120,26,-2.26347232960021,-0.290472997984934,0.767576086834789,-0.663073260958464
121,26,-1.13441902178408,0.608019637419774,0.703617076048908,-0.234929951803493
122,26,0.886386031253262,1.90899345429477,-0.306118422414868,-0.535077475606979
123,26,-2.04165843996382,0.160845829764355,-1.41300810677821,-0.199642053203453
124,26,0.779548005474369,1.90201104194593,0.285764321779748,1.03729182520626
125,26,0.8102353437313,-0.236165620868871,0.253747834293252,-0.222048045393436
126,26,1.02952438284046,2.92082928354609,-0.712541162987394,-0.0987656783808485
127,26,-0.265184637075719,-1.06761529209009,-0.101498214727236,1.03463351292059
128,26,-1.16844940595929,0.976734246901208,0.87431163634462,-1.82889471058117
129,26,-2.01480108923579,-0.0650645845656954,-1.86496700654928,1.24804502074638
130,26,-0.372640620389766,1.20963939785274,2.47541896178582,0.60489963432348
131,26,-1.81441350918142,0.143625655348224,0.551486514029673,-0.0653038662176248
132,26,0.976238361883383,-1.44188994456978,0.10298193085641,0.852216099848989
133,26,0.118660845108179,-0.338947289122683,-1.41505978667247,0.0518077378905258
134,26,2.10729948672121,0.277849976513172,-0.233772345766833,2.04500617132822
135,26,2.74657265891769,0.876421834946127,0.148957416367833,-0.257374212525416
136,26,-1.3480919011617,1.2710313420517,0.12930727222814,0.346508409608994
137,26,-0.463359458878822,-1.28777422482677,-2.31877525105331,0.92081788674419
138,26,-0.830459705077636,1.35354330724538,0.365639826528396,-0.807844663940133
139,26,0.352545733997057,-0.399931931596982,-0.658349952533373,0.256475703658926
140,26,-0.199271234515305,0.411583520093965,-0.186068608070632,0.696379934393711
141,26,-1.54621251220231,0.535999951052768,0.50223036285224,-1.56998800260184
142,26,0.675446585648499,0.976622636108186,-1.49484492032375,-0.206105840400286
143,26,0.136356065447479,0.683908780711461,0.901871460391249,-0.409046140216483
144,26,-0.378766437003893,1.54843054925114,0.171615017761945,-2.17782232531828
145,26,-0.364889130823977,0.855898959446747,0.70192650762479,-0.790657679299078
146,26,-0.301579651864384,-0.921156552811622,-0.25722666146278,-0.176040156512989
147,26,1.15007974195827,1.76679588187545,0.103448057677051,-0.121527546709139
148,26,-1.59082570736569,1.25648285086977,-0.0169553550463941,-0.188030446479294
149,26,-0.68030342047815,0.348204234580825,-0.0601572241279469,1.05485733968371
150,26,0.0589946874936227,0.368331711978768,0.412814681739338,0.424005455574522
151,26,0.931383876574249,-1.10767622477713,0.480889536434968,-0.0557728796126889
152,26,0.0613128648553485,-0.257387400036062,1.72045046234661,-1.86987337545161
153,26,-1.32501604948008,0.969917876569504,-0.722131199598446,-0.488219130650689
154,26,0.428940905479519,0.665254147270272,0.797963770941991,1.34981086198081
155,26,0.20496649054024,-0.309736816601352,0.643746043689538,1.76944459872951
156,26,0.399747203063892,0.0387455202434211,-1.25869805723443,0.509584313380318
157,26,0.85815163952711,0.855375012232543,-0.561209155181789,0.279618967963693
158,26,-2.21319509869794,0.667478358390291,-1.1501910648256,0.501187709736484
159,26,1.59809713411546,0.474547560088985,-1.45895861432621,0.891618763826292
160,26,0.975677582493993,0.0992681291709641,-1.0999855660852,-1.36073701447773
161,26,-1.15775217308625,0.754578678476152,-0.969366547647843,1.83722481392763
162,26,-1.43524536225982,-1.06841558499568,-0.147124458694831,-1.86221167982857
163,26,-1.46625339749946,-0.803548423203971,-1.10601941975463,-1.66213629591653
164,26,-0.912047135011268,-1.01647912732003,0.0629430515843064,-0.356825510788742
165,26,-1.11604294967831,0.696982129536199,2.11638961567254,-0.582077834661679
166,26,0.104588803043281,0.764873144195952,-0.64005861494675,0.862836565030887
167,26,0.584038086676415,-0.0470552704259879,2.6141546267249,0.581809770581506
168,26,0.711225041815065,-1.12196168317586,0.0822108387033064,0.870124484179175
169,26,-0.891946951591769,0.626391295135088,-0.317167584243563,-0.533098673253703
170,26,1.06464547416062,0.631523751626735,1.04353241780943,1.08615073583222
171,26,-1.93080128377725,-0.642625949204958,-1.00015674864954,-0.00945141140188827
172,26,-1.08705337056903,-0.859387072914088,0.641719976796351,2.026632987826
173,26,-1.34151638464031,0.721053972700126,0.640150771493821,0.197654553925566
174,26,1.00846566163012,-0.367618009954644,0.216727686777879,-1.318402375406
175,26,-1.96329746040906,-0.107924825705039,0.994053802560544,1.8154240996759
176,26,0.59778305047098,0.212156082177566,-0.46559067543484,-1.19225325678335
177,26,0.13433448779122,-0.36466032798409,0.294894216536105,0.88841180272396
178,26,-0.327298102331173,-0.202115792002484,0.370384220946125,1.29100556382391
179,26,-1.75353391459276,1.04282419162038,-0.239483446856029,1.09912125145523
180,26,-1.81688518163329,0.689743405634085,2.26780825737183,-0.655152287067783
181,26,1.5228756942847,-0.930130774191701,0.575360687401648,-0.481402280584434
182,26,2.04867450573712,0.723670655988027,-0.00192500634645651,-0.301531227318391
183,26,-0.594111210765413,-0.740189917744847,-0.895110350957026,-0.523182856966543
184,26,0.533720392320027,1.2872714469594,0.338797902801944,-0.658127639164558
185,26,0.340122728621468,2.08405483837082,0.388611701904729,0.24337077429374
186,26,-0.10438678823808,-1.03498112305499,0.832988694962755,0.700562948601049
187,26,1.90393949922038,0.450785670932642,-0.977091175825572,0.777546589065587
188,26,0.402518415938603,-0.516212788460436,1.18575506119154,1.27685113556484
189,26,0.71375410782392,2.59330996298957,0.922180675507127,-1.12022261033265
190,26,-0.0123175154171556,-0.881881092405371,-0.472206532556393,-0.655551865825664
191,26,-1.11139792301217,-1.11404637736267,0.970505037660044,0.583113562961184
192,26,2.04442585617317,0.46105733259353,-1.94984358350618,-1.13987928699339
193,26,-1.14832694487521,-0.391138367616395,1.4201905806174,1.87819409686382
194,26,0.44672016308134,-0.851919542627967,0.753703582915548,-0.0293123589568876
195,26,-1.40308966115411,0.896159935756044,0.503616717117526,0.801448519533007
196,26,-1.79865056829175,-0.0261658538903053,0.870939406174763,1.18282903475617
197,26,0.193391480128844,-1.26740327148504,2.05576998249981,-0.010549944317805
198,26,0.233519799845827,0.729303234618265,-0.556124424976578,-1.21320432819427
199,26,-0.237966118164281,0.345533336019772,-1.5970422500696,-0.184197689221575
200,26,-0.0114249601715201,-0.903767067103855,1.58700009890908,-0.620520924216298
201,26,2.23799602742039,0.49361841250182,0.0613267779658238,1.07911699151657
202,26,1.42176494989526,0.230554023053061,0.532496891913699,-1.70570582000061
203,26,-1.55413002480269,1.3841343003253,-0.786057339042627,-0.0645691006526629
204,26,-2.03989408088902,0.00422923542268988,-1.15267126583166,-0.693053064559044
205,26,0.311361971351067,0.312446926472442,-0.871041693871636,1.15234283393152
206,26,-1.38413677158853,0.330077450667472,0.65152439139197,0.484406770862904
207,26,2.03910759367106,-1.04806224612287,0.953022126784724,1.02644022250873
208,26,0.807052060222603,-0.402344318315069,-0.610226234007119,0.0272776809403406
209,26,0.0357902710150338,-0.412681850546134,-0.443138454046916,0.764964212119876
210,26,0.371551781242753,-0.167039369277506,0.450553614064504,-0.589430799607806
211,26,-1.10210388044199,-0.122226883365779,-0.790518462457497,-0.524450444304793
212,26,-0.688440554050239,-1.45126047303798,1.25338989867296,0.753408252504338
213,26,-1.15312210668303,-0.644480848108746,1.09587890176149,1.07019961081568
214,26,-2.07601106208502,-0.292167967639762,-1.14746792223558,-1.83824240802973
215,26,-0.457720765188045,1.41237239803677,-0.562912696525224,0.922164730426554
216,26,1.06871344522447,0.728008641396712,0.101355478746761,0.537678377073343
217,26,-0.453651466454194,-1.00549523410866,0.225568809139706,0.871638768505391
218,26,-0.418142985445943,0.258054588672566,0.746039089246802,-2.35283565802282
219,26,-1.31371955779297,-0.117275588605062,0.2880021629562,0.799094805347227
220,26,1.31708307227888,-0.333220618164147,-0.398306821978032,-1.4197417257777
221,26,0.747040607018594,-0.0125092666422235,0.157077985038625,-1.0185847406914
222,26,-0.648696170288019,0.984232950242894,-0.73962949979338,0.188250855058107
223,26,-1.53230926723827,1.00511337454284,1.10193240342896,-0.0784106602369971
224,26,-1.60561038669334,-0.786202173674599,-1.27143163176025,0.277858618361332
225,26,1.04332049348878,-0.478940668175671,-0.338372253854542,0.165253625430421
226,26,-0.83046261902415,0.316035399716713,-0.235176482021181,0.247493091554502
227,26,0.535739016504187,0.148349419450191,0.53306518331909,-0.354040435901328
228,26,-0.435778592571274,-0.281258259446044,0.0940810941109757,-0.318538202085972
229,26,-0.297987735294649,-1.08361755292446,0.812414199307473,0.599653711220777
230,26,0.554698998119156,-0.101361051048849,-1.15657227327074,1.50043227715565
231,26,-1.73995509638323,-0.537716222576438,-0.908486209763268,-1.51215672051149
232,26,0.810938555614633,0.470506637925536,0.63774307505032,0.983941404047289
233,26,1.47194709941209,-0.33295003398093,-1.58655018576949,-0.387548312147186
234,26,0.973477353979538,0.2829838715124,-0.334863058083255,-0.524450941593306
235,26,0.145250808464483,1.01556861379648,0.218015670212263,0.0521289817889532
236,26,-0.716994763383476,-0.989049268457858,-1.71152229894048,1.19902820518832
237,26,0.0477122305505151,-2.16508338552199,-0.356703462211288,1.68729181482857
238,26,0.464776864452205,-0.926933963031685,1.74099143589838,-0.577454585005017
239,26,-0.0710565309132845,-2.36008819758391,0.328955105836459,0.303357553581534
240,26,0.0378462495263061,0.142732121110221,-0.133080044672902,0.141720614079828
241,26,-2.27602112832394,0.345660594565029,-1.5802544661081,0.168402722841314
242,26,-0.146115796678213,-1.6423659258693,0.805003921517396,-0.313338852116325
243,26,-1.27144625388309,1.87610122268627,0.451540524004886,-0.402106046314973
244,26,0.842093061725375,0.622450358728467,0.213499237448703,0.0898690442077877
245,26,-1.19843532317983,-0.816908777264793,0.801092668996994,1.23875562859245
246,26,-0.0545541640364831,0.648918884310639,-0.941209307447036,0.601527981382376
247,26,0.385222643375686,-1.16708708375913,1.39776862238009,0.642098948057842
248,26,-0.880700845360576,-1.56986747126433,0.924194028342431,-0.0700381310386806
249,26,-1.00610864420372,-0.999967897115582,0.682029087615706,4.03619988121515e-05
250,26,-0.808721689973606,-1.56323407208748,1.91119692161589,1.3170147406373
251,26,0.500066536669087,-0.703663030734239,0.401106033227567,0.931575387168955
252,26,-1.48341364717559,0.447783179391524,-1.24882135874357,-0.749821727645715
253,26,0.813457718370019,0.37173535182044,0.0634470038092835,0.547116157810132
254,26,-2.33771473907517,1.1071302326227,0.191570990141948,0.13712695654969
255,26,-1.47096497387187,-0.65179585381201,1.56512052124507,0.460336415438114
256,26,0.396978517989686,-0.164273955531371,-0.731282375463872,-1.7266474164156
257,26,1.50728969643041,0.377275151398745,0.842594811614919,1.04160170067905
258,26,1.04456297934057,0.936395425666991,0.0192203577643598,1.29826700549073
259,26,-0.949854027553137,0.473967487653806,0.56450162293965,1.12398227953527
260,26,-1.89451078416546,1.37232604264348,0.814093679652449,-0.781323895871213
261,26,-0.488094800782981,-0.690433676792832,1.30910911883602,-1.08007445568791
262,26,-0.0475573681650173,-2.52247002746672,-1.38603281922028,0.700358931284654
263,26,-1.24049877805338,-0.348012220797045,-0.524093289704049,0.122337912825915
264,26,-0.535098097147272,-0.121456988727283,-0.142775614917811,-0.0747028400611174
265,26,1.13600727092532,-2.04860925682863,-0.899809465137903,-0.198313240708734
266,26,0.8789117692862,-0.972825007587789,-0.249328511520366,-1.59154536835337
267,26,-0.616889397787289,0.564556633052998,0.705026261926512,0.586690060852513
268,26,-2.55983897972936,0.260555018723148,-0.428239999650759,1.12851449262631
269,26,-0.375204744821067,-0.0733640256337079,1.80749859790709,-2.14191400769937
270,26,-0.269008405482632,1.03855590798316,-1.67055856866809,0.840443096593535
271,26,-0.397707400896535,1.47414969125167,1.38987271867185,1.26609351635764
272,26,-1.02706280829367,-0.589221661105783,-0.613098586114828,-0.593423103021165
273,26,1.05495710075799,1.74331697682697,0.898043272075605,1.43926784780007
274,26,2.15015314931738,2.17775824243064,-0.865872628303562,-0.49519568029477
275,26,0.666494076119482,0.148716168139004,1.42837098431755,-0.91950957181816
276,26,0.414799917521373,-0.907477497906475,0.744738942382344,1.42420661237321
277,26,0.277860398410629,-0.61405072093556,0.874358180216434,0.406902187322764
278,26,-0.599809349165226,0.7699872762403,0.722864416994628,0.49984232056178
279,26,0.274342914909961,-0.0213210305281483,0.356715398701829,0.352295596202012
280,26,-0.506675929275464,0.829709276883439,1.08203012614609,0.422418295246733
281,26,1.35556132863341,-1.22158999115891,1.21230254264862,-0.550393321137779
282,26,-0.762631349853103,-0.846971983471836,1.23378141018488,0.821699810310716
283,26,1.37952303503899,1.22638408132971,0.645804025910659,0.0522353119671635
284,26,-1.68307946149281,-0.440803139189703,0.0166441600861188,1.49486950952589
285,26,0.153728791446426,0.950826476898467,-0.913794329381799,-0.41904629244721
286,26,0.880780834818747,-0.3105629806838,1.42550626500772,0.612501779541772
287,26,-0.100032857512137,0.82904660589474,-0.470456942838185,1.02656162295574
288,26,0.54502914001293,-0.280940466168336,1.86980121205502,0.165328301082051
289,26,-0.0936287996694742,-0.110435349014135,-0.0296432743894009,-0.539611827870168
290,26,-0.316367907883678,-0.264921268711422,1.41362895527051,0.876016901367056
291,26,0.8238032482113,-0.557449996496153,0.0011802646715476,-0.10071843851095
292,26,0.756185239266133,0.131473648215948,-0.454206175295006,0.340285687079156
293,26,1.60036789400108,0.0888401168200729,1.15538826638655,0.265738470056085
294,26,0.0894545294459519,-1.1281454988991,0.626359320467793,0.707867486203862
295,26,0.29437114755784,0.668627597328574,-0.949026412079923,-0.240782075353571
296,26,1.51459485772437,0.613645036870202,-0.862556465542052,0.613866668171615
297,26,0.777408336238641,0.681468504976885,-1.54786970242606,0.633535115396618
298,26,0.24164671096408,-0.468890864696431,-1.08771131317412,1.93396950503551
299,26,0.71913740485961,-0.133813328587414,0.514386769023793,-0.0520400155944112
300,26,1.67399780515915,-0.814644295476939,-0.00578124808658889,-0.557359158625034
301,26,-0.864192007364186,0.803451260592715,-0.975831384498949,-2.16989110381456
302,26,-0.523243541936426,-0.968195755553207,0.622213474973461,1.46721179114434
303,26,1.34629920969593,0.453181692467169,-0.0515438818950809,1.52482598709713
304,26,-0.372798414835599,-0.818458140663463,0.9188947145672,0.273014034963273
305,26,0.0351179634546705,1.09828388140373,-1.11967740903962,0.845266551894472
306,26,-1.88969302942415,-1.26618359421968,1.46424970018528,0.222937866860909
307,26,1.06120892724846,-0.344523506563259,-0.265402895886063,-0.836407691940472
308,26,0.895073109212058,-0.419177302569931,-0.380624352639412,-0.048414927878625
309,26,-0.974851137793043,-0.389043170413817,-0.145843993919642,-0.258885754947791
310,26,1.08702582408198,-0.692811305680874,-0.21780646017998,-2.66398968413313
311,26,-1.36311602561462,1.12927370370215,0.259121095672772,0.283259961441698
312,26,-0.0149730983919048,0.344941706444836,0.645089390696234,-0.301028420658178
313,26,1.59714929561268,0.321871365689849,-1.60253109685916,-1.18568256706728
314,26,-0.323950364088218,0.182681794311567,-0.76135916948532,0.382140368308296
315,26,1.78883132465489,-2.05376245327109,-0.693090142366585,-0.433044488286403
316,26,0.405393364361871,0.606024301626679,0.564262700833961,-1.92244371016166
317,26,-0.972036319218869,0.194795144099636,0.825002394898675,-0.803381398439416
318,26,-1.48989516765033,-0.507985616289727,-0.0800540129429419,0.240367261769501
319,26,-0.7310367108313,-0.512953742033915,-0.534830470515015,-1.34419831371801
320,26,-1.48521656528196,-0.427094090439081,0.958075177510527,0.281394591947465
321,26,-0.849578079449658,-1.46122318681547,0.375074656873859,1.83994687785698
322,26,-0.639135449913956,0.858220727193193,-0.431134987335791,0.194284782068518
323,26,-0.651606584878508,0.235644837285139,0.943316569514327,-2.81200081958851
324,26,-1.23386932115809,0.354572521214117,-0.343951275844799,1.59910033251887
325,26,1.46177585396768,1.21237054594614,0.910730847014743,0.33975401333118
326,26,0.549140431169194,0.0505014820664788,-0.662491319728319,0.763490638697875
327,26,-2.35337135855161,-1.96024667925511,0.444179461071578,-0.790255714902405
328,26,-1.7690736321156,1.98306527255437,0.288484060704969,0.572609489834961
329,26,0.540056469621937,0.766786164797585,-0.189407486645377,-1.82376717053916
330,26,-1.17800303208599,-0.521057452019635,-0.676504099376277,1.86655764796098
331,26,-0.849799077532729,-0.441981157560347,0.253412277181638,-0.109634944168634
332,26,1.61741679182949,-0.328108696101526,0.705563644511983,1.34061721609166
333,26,-0.519971968011323,0.730943871556943,-1.28454845534996,-0.606202317165284
334,26,-1.08667791341729,-1.01268960578137,-0.484529388880965,-0.420561274290434
335,26,0.303736135672247,-0.100521119555359,0.423204600521431,-0.241894952576082
336,26,-1.3418256025358,-1.87381653993199,1.83795492560058,-1.23961627664601
337,26,0.215699522855987,0.138314971636801,0.144473122677474,-1.51331929117978
338,26,-0.428111467440615,0.533779130480835,0.497342420410616,0.000676160924233072
339,26,1.33454330158011,-0.293631338089896,0.364257300914267,0.589219646743564
340,26,-0.181003184607495,1.53189678306671,0.789798819802673,0.521874614297501
341,26,1.09607382928582,-0.0409735498363995,-0.210822365957865,0.00523863094097837
342,26,-0.514523831296698,0.686775323689716,0.118186584154174,1.3649614607118
343,26,-0.438333012780462,0.466602306819465,0.40046659621347,-0.440384570209652
344,26,-0.341123922496752,1.57294007945364,1.46718058815448,-1.02416001025412
345,26,-1.92551673959914,0.499865434635619,0.867033240543847,-0.177471475991669
346,26,2.17440501049717,-0.719581860829038,1.11979195196572,0.923500827261672
347,26,0.525370273360045,1.5191245422463,2.0364300521739,-1.87142304116632
348,26,0.374902969461674,0.383359268730732,0.910247253210111,-0.999575115094605
349,26,-0.102622154556797,1.55741719220158,-0.443884485188946,0.239189311773043
350,26,0.956833497410858,0.514260115486268,1.00506238289137,0.0623118680394811
351,26,-1.42021692378481,0.469423332611084,0.546323199490391,-0.62151941395505
352,26,-0.752934214845292,-0.375628728430715,-1.07330067168369,-0.675713882375665
353,26,-1.36254365625826,-1.17167397273213,-0.448328970215341,0.085787830666555
354,26,0.201474836058788,0.0765210179089714,0.995570052909161,-0.53098623521159
355,26,-0.797219201407762,-1.54940795875071,-0.145132970323276,0.00292781757865371
356,26,0.0677656769500542,0.515385280283487,-0.874245190007199,1.25821793418902
357,26,0.0183791959269298,0.530682864264529,1.43555438153534,-0.623647279507316
358,26,1.53952608582444,-0.354037944946211,1.87258731094798,2.28139700924409
359,26,0.622673094048991,0.293050010986738,0.720156368613998,0.713993652169454
360,26,0.871130741092707,1.4678192010758,-3.35678909862764,0.138001749345211
361,26,-0.405430749511892,-0.712383618995706,0.0792479875694346,-0.719392443087781
362,26,0.50229636001207,-0.347679117918986,0.873369935457565,0.243641103592741
363,26,-0.820954772441299,-1.38523997687303,1.16060226406648,1.21427549082244
364,26,-0.634688501970209,-1.50386437270287,0.308204732770605,1.2909687615633
365,26,-0.941759539597295,1.14969162068822,2.94480483124057,-0.975113685763707
366,26,1.04625205789612,0.869370833361771,0.837158072968493,-1.00124923475449
367,26,0.626669903230765,0.971607104127692,0.750828184100862,-0.314340596641299
368,26,-1.24573687444832,0.729122854315336,-0.86995644384803,-1.37908920789708
369,26,0.648497516107898,-0.0165759166721928,0.640766729716812,1.28446786765342
370,26,0.518187879023927,-0.4902450824241,0.0541728939255887,0.161403125955808
371,26,-0.771670958334832,0.632034404020916,0.31098201662916,-0.630649281942225
372,26,0.603491258290402,-0.174777215457503,0.601739685602142,0.489040195340595
373,26,-0.179429691603597,1.20461465861665,-0.355639245802192,-0.759701972958455
374,26,1.28922716044372,-1.33418893894427,-0.185017631921745,0.86492417917382
375,26,0.00445316476244204,0.479996672345037,0.705916549355115,-1.36441920399035
376,26,2.13549395080041,-1.23586270668724,0.0438881382856711,0.142225922971065
377,26,1.25167270640124,-0.599564916245655,-0.624373641839758,-0.889964729662516
378,26,1.53093316736647,-1.58083945513015,-0.409012855911539,0.902233381448596
379,26,-1.54337734566436,-0.898468952873743,-0.0295841329139316,-0.329958462144758
380,26,0.582654939096798,-0.506663619462962,-1.13074479030314,-0.954383693836518
381,26,-0.155394938504823,-0.124855002358457,-0.458289280941431,1.58719509673022
382,26,1.49717234131089,0.0177895863983636,-0.212724999956789,0.0508788458804831
383,26,-1.46242275615751,-1.02702581215268,-0.255746012574599,-1.28874517330041
384,26,-0.576241282919993,0.701341924052411,-0.649025589158175,-0.881493845034506
385,26,-0.973454129204822,-0.48648333937222,-0.381254278849856,-0.24596905662489
386,26,0.833892632089138,2.25187662844829,0.935661603088841,-1.30636956358041
387,26,-0.232022161721902,-1.65824019279276,0.512397367147299,0.708195077970345
388,26,0.231547240977262,-1.19844531201709,-0.412744307182477,-1.17445697167994
389,26,-1.04051023043087,-0.261535381869472,0.168182530288222,1.27958517913538
390,26,0.243374613364299,-0.282444177621124,-0.277283959066823,2.20250509759967
391,26,-0.695570195183216,3.22358501003592,0.081244198900043,0.0952785132586372
392,26,1.41885335052595,1.49007604313245,-1.21322557559564,-0.584102974200855
393,26,0.985560526640466,0.281112326124474,-1.02203124884381,0.710369654028124
394,26,0.28960690517162,1.1481339107211,-0.150067177616707,0.30533486687518
395,26,0.400530324766975,1.72360987890557,0.648609652971099,-1.53860410352265
396,26,-1.47784069336808,-2.8691841598031,0.287630748392641,1.15934665210059
397,26,0.124363715517086,-1.85499561475671,-1.3036171815129,0.350638109701198
398,26,-0.0918054854323847,-1.24155396486936,-0.81421311738452,-1.09789702662341
399,26,1.95199945521149,0.191963051923283,-1.1935190920729,0.326922039654882
400,26,-0.665711358763793,-0.427393221566741,0.351431715174858,0.759168468149274
401,26,-0.775105518948882,1.00077624451026,0.963429357056356,-0.194946096449706
402,26,0.531349002350376,1.27597256776559,-0.318977510525226,-1.16827463397517
403,26,0.762945966131791,-1.75957430974029,-1.52732386325235,0.99548904374036
404,26,-0.0797234597023925,0.744992928184099,-0.133380572313913,1.89800111179156
405,26,-0.93301461431608,-0.742416271339061,0.579143805665306,-2.56862976286901
406,26,-0.787600672704889,-0.798384123860101,-0.775340836783766,0.329980804664889
407,26,-1.86630895353711,1.0812836264155,-0.316539387344643,1.75826897804897
408,26,-0.0991960912317428,0.648216248491484,-1.53719934595689,0.739862874238073
409,26,-0.672379137900015,-0.110190799471281,-1.09566007786282,2.0813981905759
410,26,1.26992560957056,0.884821947759894,-1.7884209564961,0.417354377500395
411,26,-0.107315978588622,0.860110831508129,1.57494236461828,2.37553327996472
412,26,0.976474051930644,-1.63284371190514,1.56513959931508,1.2993274252927
413,26,0.0438707880231683,1.5137896001505,0.111130162890926,0.593096610886844
414,26,0.577548669768802,-1.71832642151402,1.48647657426675,-0.625019450952262
415,26,0.444202254594844,-0.75384086496429,-0.313983508478102,1.07909661529589
416,26,-0.238970103333148,-0.0542915381443359,0.0499927356391,0.547570472687023
417,26,-1.16056544633049,0.831670575293305,-0.570889380873051,-0.668256060535437
418,26,-0.322439491014938,-0.116462033467274,-1.03117743555675,-0.863043776501587
419,26,-0.361293046491837,1.26668195308135,0.1693727520449,-0.617385073654668
420,26,-0.389230341187469,0.10565617554127,-0.0862492694737501,1.7802586600518
421,26,-1.36094673182749,-1.18476412690348,-0.685267701330363,1.65930547446966
422,26,0.462478484971046,0.204436512231208,-0.650392950262639,0.943845177675826
423,26,-1.31265461535693,0.396701169555576,-1.53836017097768,-0.109413527153273
424,26,0.510427818666785,0.653419842105075,0.687055519556776,1.75891636846637
425,26,1.0415535868218,-1.94435823182543,-0.21154589817729,0.0149974137127379
426,26,0.499489636867529,-0.429967995138422,0.788023463131384,-1.67968197289999
427,26,-1.70468613351405,0.725742333467539,-0.0719342357472804,0.208960205603393
428,26,0.750175502000901,0.851593579616973,0.313185027653909,-2.21178848718075
429,26,-1.48660978762568,0.210052140732609,-1.33148933047095,0.743484718364103
430,26,-0.411308569564401,0.683202976964979,2.25440709589893,0.706320948759612
431,26,-0.688099502522576,1.19940762907112,-1.68535714008996,0.539730866808504
432,26,0.144787831107402,-0.825660441539372,0.929414587430307,-0.418254635146908
433,26,0.771933056971183,-0.428856979862983,-0.627413668457868,0.367863615033098
434,26,-0.410759343479158,-1.23868988716777,-0.912898885456982,-2.82330393244174
435,26,1.33636396012141,-1.13909244932624,0.696268554550816,0.310353055433242
436,26,0.391165012814706,-1.47726017377712,0.705112365848539,0.242238123345503
437,26,1.18664006108963,0.0462914718195798,0.141431686453452,-1.21488654995276
438,26,-0.865445128209732,0.0131412730717168,-0.908243797864507,-1.04592499474906
439,26,0.773558932707043,0.122341685586462,1.91198272390711,-0.442394229952027
440,26,-0.652421365261973,-1.24795825975866,-2.11807081153181,0.171923601821483
441,26,1.45561462795844,1.11320429914521,-0.232802722147291,1.04044605214158
442,26,-0.460313825312419,0.108194067237599,0.78843393953492,0.0315494492922165
443,26,1.73246179997585,-1.09874556528538,-0.133972169525514,-0.0481474529113303
444,26,0.0687652099911255,-1.34026348615126,-1.77739783160636,-0.569072160876023
445,26,-0.0389437049684981,-0.415877137003248,0.134261076545144,-1.44266495128913
446,26,0.514078299004818,0.377684019715416,0.713274031010673,-0.650245988120544
447,26,-0.437936741741783,1.49607584075908,0.379882132246652,0.0727892110314495
448,26,-0.142991128702937,0.377671965841654,-0.536757880435552,-0.398685354994696
449,26,1.46089402151582,1.15804909469117,-0.279011991877029,-1.16454809316285
450,26,0.607155295250035,-0.768752790874948,1.68768031704146,-0.404973266260486
451,26,-0.418591894353847,-0.00354056730708246,-0.998702461272619,0.130025086269422
452,26,-0.388480420825422,-0.39281890741341,-0.299849829657987,1.78549645476432
453,26,-0.0581774942215018,0.28753354836521,1.41804605756374,0.0981272843004322
454,26,1.19632694295733,0.753560071922871,0.0817623078521685,-1.22513284018576
455,26,-0.314010852063678,-0.295516835612246,-0.577684476662012,-0.610190182516931
456,26,0.0384866880994848,1.1924288790983,-1.9482014415032,1.16340356231226
457,26,1.35558187490455,-1.6281135352386,1.23696971530442,0.442605423157863
458,26,0.589718859041104,0.157663238066326,1.94432350476015,-0.234432017264649
459,26,1.04832145956241,0.97973350855498,0.347757035969462,1.21412574347829
460,26,-0.347395598050711,-1.19228267882611,-0.799261242922963,1.37515247811597
461,26,-0.400035469777747,1.03449973066893,-1.19579307324886,1.67294021388604
462,26,-0.739025513619802,-0.2683691824208,0.444589742970207,-0.399271375584353
463,26,1.95511741746336,2.01158560568983,0.0816468993749151,0.319281355366335
464,26,0.652290839518928,0.264555222880493,1.35033118100031,0.27100377037647
465,26,0.441754629365203,-0.0787184585073083,-0.666417896856709,0.200687528292301
466,26,1.5615434186697,-1.0673448538158,1.22726677530301,-1.78100376562585
467,26,-0.136242612195058,-0.707716127445936,-1.10744492344748,0.139134488608407
468,26,-0.641480089050248,-0.751991957640813,0.60281094004533,0.414435733255418
469,26,1.66572069382484,0.102715035993879,0.543125774293121,1.00662553226869
470,26,0.84814197518163,0.391858830596694,-0.74720223662005,-1.27898989110305
471,26,-0.955143549766639,0.771944267658025,1.03288636414786,0.813503391314432
472,26,1.51048777553196,-1.40740421213301,0.974753297204332,-1.10254082920946
473,26,2.53949355991526,2.11620519418183,0.0370353296090161,0.636944527395323
474,26,-0.930723589016139,-0.557738163731237,-0.417879848132309,-0.392383771521811
475,26,0.03472506731315,-0.186253891926078,1.53982298032529,0.00815607615339626
476,26,0.238780312272777,0.216719167531272,-1.25393931805371,-1.24418031473331
477,26,0.833041407998537,-0.109873332378408,-0.321855497885637,1.27175743089935
478,26,-0.518055703602914,0.627183008412745,0.112620309010338,0.479604676294022
479,26,0.95816129747041,0.542673518703765,0.516735466447502,-0.617872189160809
480,26,-0.544534970357008,1.94009279993002,-0.545376994153487,-1.81748694696839
481,26,0.23513119284751,-0.350892545511668,-0.0114242044094044,1.21475130028101
482,26,-2.19191603415517,0.151162879339587,-0.0696257988853005,0.447767482536951
483,26,-1.97868408817262,-0.895144342960472,0.272681977257567,0.0842655737460585
484,26,0.842521576915876,0.921526251888391,-2.67750360550447,-0.795692444360296
485,26,-1.79809439745921,0.938862151072301,0.154781691786119,-1.00760810524348
486,26,1.79029041103973,-1.78626928103557,-0.44158265416899,0.157184573675071
487,26,0.0625938491324562,-2.05917156879378,-0.399193550539768,-1.0128135352121
488,26,0.594754338540209,-0.735104447169738,-1.64905259728455,-0.828632164044246
489,26,0.473968949356674,-0.0978290463595487,1.45797635358632,1.01771100420204
490,26,-1.63621318361381,1.33523500439998,0.128247161717258,-0.160958938407335
491,26,-0.51003034110924,-1.14571087360593,0.159534320160787,1.92537081671397
492,26,0.349847881557389,-1.18475481243971,0.852828047351224,-0.175869801672565
493,26,-1.25247208970715,-0.553423263640747,0.101780863558834,0.116026329371391
494,26,0.586097659755909,-0.753059178391204,-0.457620434234316,-0.65946088623388
495,26,-1.20420659742754,-0.736069263170978,2.54523838248796,0.346541803417612
496,26,-0.73204867572566,0.298255695715471,-1.69546661024351,-0.381864643704994
497,26,-0.32321802686321,-0.0782085678358867,-1.66676574490421,0.178914000523421
498,26,0.641804884958663,-0.27065946416592,-0.655837719892968,0.71150325734997
499,26,1.50677507037228,0.310177103048624,-1.22486377261352,-0.162954105342192
500,26,-0.221026626660193,-1.37466380815975,0.162802684566023,-1.13217675153484
1,27,-1.29629166581117,-0.879739364826001,1.87476924461216,0.430309869473946
2,27,0.768121856987256,-0.436960633960928,1.86870950887383,0.538440649033863
3,27,0.469438542519722,-0.329753237305995,-1.60472691729174,0.567601576646026
4,27,0.156313855230293,1.05706825101866,0.812503274414518,1.77082315068675
5,27,1.24378620169529,-0.136064679049855,0.0463835905324166,1.08341539289117
6,27,2.13992902016395,-0.47662800492414,0.4277747386675,-0.420610744622037
7,27,-0.0928171244912709,-0.755665073220722,1.84570587920606,-0.946830191896006
8,27,0.0391943226157873,0.88429087690583,-1.82359383158327,-1.28723319920224
9,27,-1.123033714043,0.344016966819851,-0.799003598871395,-0.101011022318526
10,27,0.893843394813507,-0.165066298342971,-1.88713000558413,0.868761114389941
11,27,-0.184887872245137,-0.661014188569872,-0.240417198861599,-1.58513161032956
12,27,-0.741587377571289,0.140214763113356,-0.805373312872849,0.032390195096034
13,27,0.000181592782576987,-0.620942981797273,1.42342373035625,-0.522749224146798
14,27,0.127916066236227,-0.875920953189622,-0.91316704702435,-1.2109284124623
15,27,-0.00434596676386219,-0.759453482921175,-0.00139073444162303,0.291884995773243
16,27,0.490147090744765,-0.701791738670523,-0.0840506117419258,0.37158583235605
17,27,0.537835620313541,0.483145346553016,1.10964244925947,-0.289448809176066
18,27,-1.4957927784917,1.40221416044583,-1.48823101244477,-1.3632143105313
19,27,-0.155460282513108,-0.132240154972903,-0.33771705650786,1.16576538904738
20,27,1.57297751044447,-0.344202933528499,-0.213937536719622,-1.46004236110477
21,27,-0.272103455120035,-1.52006227599168,-1.6862885125638,-0.150849776020116
22,27,-0.74087726581483,-0.546377635395244,-1.01234844980512,-0.128069713838964
23,27,-1.72677587540483,0.196811044162257,0.833743255958041,-0.424337369303494
24,27,-1.9068782881445,-0.317608369614055,1.42773829262608,0.278784013021666
25,27,-1.41539997615755,0.782481431741526,-0.574360470997291,0.702981278588875
26,27,1.50022215248944,0.501175536368679,-0.953252396981389,1.08037109696244
27,27,0.0638595402163097,0.100586380028252,-0.594261567809133,-2.07931414542173
28,27,2.16962348391006,-0.638266161914298,1.02450630742384,-1.8726931257473
29,27,-0.533013146272109,0.171829440906222,0.692856816230747,1.48443185967167
30,27,-1.18924715986064,-0.998139596651445,1.75349361047303,0.909922244433509
31,27,-0.487363699983185,0.549973842554218,-0.522500210063557,1.16688236003167
32,27,-2.77261954396252,-0.336703884597121,1.06884452277174,-1.84217966962486
33,27,-0.800016724362292,2.0197100752962,-0.177484120627136,-0.380887129912046
34,27,-2.08241595810897,-2.2713274135259,0.768775158331287,-0.380397654916052
35,27,0.746146015113771,1.40119968148706,1.56247956865778,0.810100238860836
36,27,-0.335175909972379,-1.07804520404296,0.955410074853088,-2.02118646605969
37,27,1.41144478652921,-0.0206203976748451,-0.711486431499219,-1.06422298399141
38,27,0.247727996568467,-0.149572581541783,1.55996528362342,-0.894037511803625
39,27,1.50316056959261,-1.05288522505225,1.96516439015567,-0.967561905373378
40,27,-0.132761710936978,0.258365988840188,-0.14838159648146,-0.408015245848712
41,27,1.00482537891478,0.905566601630494,1.90908380016671,-0.425037573957234
42,27,0.20343399695073,0.144944681238781,-0.588922542854201,0.942707106259248
43,27,0.409096410351956,-0.66384251138209,-0.507753477429914,1.0639875368127
44,27,0.498514190582346,-0.958042676759361,-0.43118645661525,-0.330971537166862
45,27,-1.26060153160104,1.22133265991691,0.536919077181141,0.203941122984933
46,27,0.171918768014278,1.08259537612672,-1.13839650450061,0.695040501683951
47,27,3.7662194941069,-1.48969699530327,-0.858827522313791,-0.126317636320617
48,27,0.82734267436001,2.00970687286598,-0.862085024130217,1.50113840721428
49,27,1.57673452999946,1.14087920357998,0.741481121778824,-0.730426003098767
50,27,-1.81427007167114,-1.60315282838954,0.828668738039032,-0.612367618892719
51,27,-0.223908153650117,1.14997632050407,0.281853347117537,1.41559505255179
52,27,-0.213429103220647,-1.43576673641921,0.33939091745638,-0.239147416623572
53,27,1.14702231827767,0.274416508659985,-1.00268763689533,0.0259568005963835
54,27,0.812613076348246,-0.582922882274187,1.44688695739053,-1.46370113008074
55,27,1.11283942929221,-1.47120707504202,-0.772825175525947,-2.15421978032782
56,27,1.26763858601114,0.586702999634274,0.520087481583751,-0.227287047280284
57,27,1.31365438181034,-0.609546922614791,-0.770252342036495,-0.252606043638068
58,27,-0.339375693227766,2.05800202064088,0.955728364300306,0.429259789008185
59,27,0.595264647253633,2.98512268075918,1.07396583568508,-0.458658733019907
60,27,0.687443758322735,-0.569840697184862,-0.153298498906313,1.06707931124938
61,27,0.853658874900925,1.63093465998378,-0.920097505092051,2.21978290636139
62,27,-0.882486712236792,0.836071742869952,1.5066253126489,1.90047914533941
63,27,-0.294154287271921,0.539625269405123,1.13174169098657,-2.5863742404033
64,27,-0.340793831400139,-1.07453767064367,1.06661016200885,-0.450740266604875
65,27,0.784149238580471,-0.107773457253943,-0.684231882005112,0.588826444136455
66,27,1.06331026410653,-1.99502078082945,-0.22984593755591,-1.7868758129071
67,27,0.940881128832181,-0.4331768828066,-0.386465430264077,-0.572521962822333
68,27,-0.435697567216313,-1.19415878495763,1.16381384933934,1.54252743487716
69,27,0.111682819511092,0.231328871493326,-0.726371809738469,1.79812013653706
70,27,0.780575208450087,0.103153544473381,-1.64966452966489,-1.37942035936776
71,27,-0.397210179231199,-0.636621153583613,-0.860498909251672,0.655277556672643
72,27,-1.24683834480865,-2.22554830366523,0.677371414288402,0.958489065283953
73,27,-0.685434601854003,0.616435524504208,-0.898881615208891,1.46892039956714
74,27,0.357068692200705,-0.904115993796951,-0.524186461013218,0.0445314650165265
75,27,-1.74558315767626,-0.447905571834289,-0.137852632518363,1.58886160138204
76,27,0.075511225124122,0.476333401973091,0.545847677759313,1.88391316074409
77,27,0.744603151761513,-0.425071970152206,-0.64858199383365,-1.38098847636909
78,27,-0.53902789927223,0.831897094642183,0.658124698565322,0.328659769255635
79,27,-0.645691792553583,0.370099068442478,-1.23587296888274,-0.615870816976349
80,27,1.52243073884882,-0.177716609798385,0.747588720076932,-0.662754828246675
81,27,-0.737287685913938,-0.139682608891454,0.514357941182876,-0.570411683308349
82,27,0.402278499109102,-1.64364992179299,0.915246366739489,1.76388043869167
83,27,-0.807660673832223,-1.43706303561807,0.0860336297099672,2.08593732051665
84,27,0.399357342123313,0.487516853093543,-0.708308324078395,0.116688111630332
85,27,-1.44674293536754,-0.117533573496395,-0.965420725912041,-0.329429293869964
86,27,0.715253923315374,-0.0990580785927248,1.57195195363849,-0.909597194865118
87,27,0.357964715723412,1.489487520479,1.57456436652643,1.61268912381966
88,27,-0.0301435608331732,-1.50093325349989,1.70466254791736,1.40271300615635
89,27,0.188478173044062,-0.684226246172772,0.19816345575685,0.0522626015654591
90,27,0.59137597111716,-0.817943999985454,0.762417855479955,-0.269035736946096
91,27,-0.727454579988664,-0.829016740301698,2.19557765394592,1.01847043057692
92,27,-0.233896121890025,-0.957600487866916,0.517487650613413,0.617785666393428
93,27,1.12709295113866,1.46585103288734,1.09563032474216,2.22955597830273
94,27,-0.0457087687057295,0.703812264752037,-0.0500541667411747,0.897469769911123
95,27,-0.451734087302081,-0.435805719609346,-0.475359166873874,0.613543805822144
96,27,1.13478325513635,0.682664663526622,-0.299850653884665,1.07080257759196
97,27,-1.90499910467,0.0596381879986776,1.15956522321522,-1.08989651378427
98,27,0.736739340280709,-1.40649731959729,-1.90032512003247,0.611072048517182
99,27,-0.915967524970339,0.71126457773875,-0.29853073510948,0.328572518242479
100,27,-0.50785811354671,-0.102402541006023,2.25583379110314,-0.354102205821286
101,27,-2.06305342607976,-1.93749315272162,1.56826114146896,0.0157675830224992
102,27,0.0311499954966462,-0.226458085052306,1.9542614985789,0.194175807638257
103,27,-0.103192724796022,0.45055470757524,0.902719566727034,1.36402489941951
104,27,1.40564801280653,0.302521011474531,-1.30381673939314,-0.0104861747748627
105,27,-1.41667091559268,-0.469592421910653,-1.29408577221777,-0.963342633966529
106,27,-2.52015321450167,-1.39441078979308,-2.02434531474864,0.138024728175314
107,27,-0.266572832129983,0.480007292966877,0.513127135710688,-0.304645188239079
108,27,0.890059824287496,0.230437852445783,-0.203321236011098,-0.00746105487806817
109,27,-0.709959976401205,-0.83404942444538,-1.69532760152718,-0.221015158011637
110,27,0.0913817244676651,1.13394499517779,0.291772162377092,0.580822016171553
111,27,-0.894874528007919,-1.54091313005585,0.13636480697929,-1.11458738769981
112,27,-0.654515942370828,0.0342902059090524,-0.57113449843656,0.451408898083419
113,27,1.87307871550115,-0.142370714469962,-0.626147151234984,0.102282740298475
114,27,-0.967700162896191,1.05257496682911,0.974630883901689,-0.565114595290981
115,27,1.38734297959413,0.780237130508682,0.691672846114725,-0.523651347677094
116,27,-1.76299691776114,0.421141631933104,0.178546445646461,-0.0438685218189337
117,27,0.357523848593525,-0.242542805416719,0.00363025584802378,-1.25385553800485
118,27,0.692647627793426,1.03041391505784,-0.371588155243689,0.289098931699684
119,27,0.75338480183859,0.706660003908082,-0.829311865623769,0.173558048043257
120,27,1.72926910422831,-0.0790013367055812,0.12545039827169,-1.12841945406279
121,27,-0.113933733404333,-1.23315326591257,0.283082434314511,-0.056353843673866
122,27,-1.92342169089261,1.81610095826608,1.11439795173404,-1.04176720184119
123,27,0.588196924062428,-0.125320942115963,0.735630556808269,-0.193439748942954
124,27,0.716674585511642,-0.28380393149897,-1.64570236311417,0.731609152537411
125,27,-1.98305575932873,-0.0922621190191328,0.173128512107386,-0.524537430091417
126,27,-1.68968702564197,0.227381514514575,-0.36498858760078,0.648747742122582
127,27,2.18474176425927,0.484132448940565,0.673450269668589,0.437363141216974
128,27,0.148747047858999,-0.468375838571294,-1.09266200870471,0.461981957263776
129,27,-0.195644997305179,-3.02146995308151,-0.239034961075272,-1.07790756675948
130,27,0.308723123704708,0.582762119926247,-1.15694743312317,0.846461550495793
131,27,-0.49344404204969,1.47867473468079,-1.00030124712781,-1.43966036695233
132,27,0.496984869371077,1.27502267105393,0.0980019588985851,-0.743623340890373
133,27,0.717647411803393,-0.231757537306606,0.450610423195805,1.14502545027526
134,27,-1.18593184074334,1.38591465653055,-0.00120426119214107,-1.70221308676089
135,27,-0.142129489480568,-0.920728850468612,-0.98162786609802,-0.76026994765988
136,27,-0.0676102189945292,1.04162429070767,1.31604612317421,-1.08811171913485
137,27,1.39444728754096,1.16864249217746,0.603495411818869,-0.839914076370296
138,27,-0.023056894060068,-0.147164493630113,2.91239046095799,-0.469127629603562
139,27,0.382821791105852,-1.17192433549125,-0.374167231878466,-2.0107892599751
140,27,1.67080669833777,0.304859899544971,0.187793312439393,-0.37190668822315
141,27,0.660016026169114,0.241703662418689,0.215201732964431,-0.393018622775372
142,27,-0.368865063276717,0.441754444580389,0.541603050472531,0.420425358728308
143,27,1.92344634939469,1.48281348234231,-0.783017803092774,-0.470719303397281
144,27,-1.27158292192969,-0.0151669417657317,-1.61264609361603,0.21295217419692
145,27,1.54874824416601,0.149845616496533,-0.803599520459973,1.18774895336327
146,27,0.847705110096148,0.547561871754941,-0.845658571631598,0.572472037173733
147,27,0.519868619042572,-0.0637781015076984,-0.998191620088071,-1.07179644142925
148,27,-0.466849853844243,0.740792562472914,-0.254957109393688,0.523904079827412
149,27,-3.1739156384879,-0.570768310745375,-0.850019560296662,-0.284367516899636
150,27,-0.414822736509776,0.593117652213866,0.0285259738878804,-2.47794507341147
151,27,-0.0638019485067306,0.898026649829779,0.402260316276902,0.737014295781078
152,27,-1.95814161988441,-1.28036106360109,1.04725009817396,0.426295018576718
153,27,-0.287728457531227,0.452411482989258,-0.348498069792309,-0.12221194932969
154,27,1.72634425236054,0.814528426186299,-0.532951700547878,-0.152908631632615
155,27,-0.651261163014213,0.575147715864494,-2.1698545176112,-0.731655561215782
156,27,0.0985587956337689,1.98625663360702,-1.47462010676829,-0.182707250557509
157,27,0.567891736841422,1.3756597915082,-0.0886576908806749,-1.27648513962414
158,27,-1.02839364473886,0.00208475821391936,0.596575655998452,-0.636266890932333
159,27,1.42620872386018,-0.64970434658682,0.974329680732801,-0.04494796238479
160,27,0.717521621412705,1.28345798075412,2.32281485057568,0.681155572075592
161,27,-1.08227878014807,1.55029502658823,0.866192980412235,-1.40893776058456
162,27,-1.11969864323433,0.248540427072407,0.131768400632972,1.65596827987743
163,27,-0.116802062172678,-0.0391562474532907,-1.10130992170523,-0.0852678630504604
164,27,-0.80522739581764,-0.945613453144902,-0.930467105435268,1.01180493050794
165,27,-0.336436200565892,0.264075970014142,1.48487770533615,-0.640531840361933
166,27,-0.984758355333005,0.505663292698496,-0.941323849788464,0.321823968426418
167,27,1.64064434506731,1.03844871679763,-0.0367691446344673,-2.36958016444742
168,27,0.243851678781871,1.00222410684942,-1.03952385571928,-0.219452297315641
169,27,-0.0329559881967093,-0.257014424932831,-1.46060165110832,-1.16430339776542
170,27,-0.0552908935661339,-1.33331430936649,1.11566226480451,1.00754981345101
171,27,-0.680035661796421,-0.568386990787399,0.969420286980218,-0.219483620174257
172,27,-1.13359917950437,1.08395749614995,-0.619201104522941,0.911422904880104
173,27,0.022912227446281,0.378972245214063,2.0076485609153,0.248096412298613
174,27,1.55122264683138,-1.98145813112397,-0.54403994898271,-0.0259501060202616
175,27,-1.53736126810766,0.209940763189618,0.292132794014306,-1.30309896539782
176,27,2.46911496424187,0.829306836761858,-0.0179463240543739,0.0491924328412037
177,27,1.11726060176653,0.132603967425766,-1.003888818371,0.286365600572152
178,27,2.19057376997945,0.556412341486817,-2.28298388520294,-0.147796592952868
179,27,0.830865471733695,-1.550940149478,1.56769988551639,0.548441694170441
180,27,0.623304750119372,-1.05547636118256,0.229376622646856,0.854137851028877
181,27,1.13068387022003,-0.00115581443321921,-0.225923052362275,0.133767239544276
182,27,-1.42817110601938,0.94128129173167,0.183148981590268,-0.243645516478682
183,27,1.7998522420245,-0.856588644055858,-1.69999705416784,0.49210407483785
184,27,-0.292703822507486,0.634768122919607,-0.86861978901064,-0.0645995138676991
185,27,1.22526450631295,-0.0939108159840077,-0.00410081728216088,0.191174925630485
186,27,-0.540519176188566,-0.630966022703593,0.784888822762764,0.221084880775779
187,27,2.12735893723491,0.702966566039074,-2.37392220726263,0.78300570644941
188,27,0.0431338837026894,-0.642261086367487,-0.511924244141853,0.546372756371371
189,27,-0.0119711035360693,0.372190260470456,-0.384508695237133,-1.5000832198334
190,27,0.214373226884022,0.180753053626764,-0.701700263940974,1.12225440836097
191,27,0.574220780401925,0.476997463015743,1.27909465269395,-1.72754628161247
192,27,0.811693808502274,-0.632576181012334,-0.527039289692514,-0.0922301641657422
193,27,-0.46396276409605,-1.74020155653126,-1.03883389036956,0.185833038400508
194,27,-1.17153956185263,0.207331246092704,0.634193261636999,-0.80984887630469
195,27,-0.642807686247149,-0.710970606647135,0.846300973064455,0.671509703183175
196,27,-0.869722675747399,0.627018238447971,0.839311233862832,2.13719710902993
197,27,-1.65197921341936,-0.0425614092111848,-1.60771094401651,0.665844002529296
198,27,-0.371381339652085,0.690932792492875,-0.149982831725588,-1.74555257210194
199,27,0.590979602252781,0.508945893135017,-1.11363859143119,-0.382041344710634
200,27,0.710394196752777,-0.800658514304036,-1.52083486308633,0.858490280285542
201,27,0.942595319291078,-0.243443732976148,0.289411827472376,-0.790438900128621
202,27,-0.234223515437592,-0.042895193797247,-0.983767137282269,-0.926736027256237
203,27,-0.944679709576521,-0.390974709928113,-0.395518200789356,0.00196541431259411
204,27,-1.2906779310826,-0.972164624531478,1.76901929959239,0.176777220424327
205,27,0.984360982459211,-0.876630965766676,-1.65753040528329,-0.692575118205152
206,27,-1.14250710170199,0.619612141535777,-0.0449476554316817,0.189776016795601
207,27,1.04116414277006,-0.234251240976934,1.1248769264785,0.512168877453796
208,27,0.763005860310245,1.16114044978472,0.351109890719391,0.338063368961516
209,27,-1.23881433852733,-0.356385703942124,0.490509938569841,-0.746410465865464
210,27,-0.649109342584645,0.332309008552743,0.433767273744336,-0.307151179254693
211,27,0.707486496708917,-0.67732578853924,1.12966050759947,1.81511874390145
212,27,1.19447758611258,-1.04128511128541,-0.672872392039743,-0.217018990265315
213,27,0.320221299713289,-0.0883818534053739,-1.1039886248335,0.0606881898738816
214,27,-2.69947749290273,-0.74262414545258,-1.61050177252143,0.689308627507127
215,27,-0.302826180028639,0.10419495980425,-0.697076749400118,-0.983468304449796
216,27,-0.430312369256904,0.0525114065064188,-1.39648123994771,0.334459087860538
217,27,-0.0275499325888266,-1.44229287141999,0.104885761827379,-0.196744247919451
218,27,0.564933417026959,-0.234442834660398,0.36672124719425,-1.54073770326728
219,27,-0.62512944054849,-0.95846603421467,0.517219276108627,2.58430025417183
220,27,0.408955923025399,-1.55904352227169,-1.23551124689867,2.0190914747015
221,27,0.758036676173306,-0.347837599504304,-0.235465696953671,1.48668157441903
222,27,-0.378333666617844,0.167133320578891,0.514506501431486,1.31129913900659
223,27,0.178013514905547,0.708478555954916,1.66210564124009,-1.95495272558891
224,27,-0.0841331553635241,1.52361140681891,-2.28459676692682,0.144893676359812
225,27,-0.146532620888968,1.05753427222548,0.0774964265968249,-1.60682289887197
226,27,0.80136061402493,-0.875409507644909,0.634746316173716,-1.33964425932954
227,27,0.931230785772183,0.306791072098741,-0.299817650791884,-2.03738986186318
228,27,1.33093087509533,1.8743054388406,0.622710608541553,-0.529280291233197
229,27,-0.905763978003439,0.138132557551612,0.436943995153429,1.36178321512824
230,27,1.03693096337359,-1.69496543753682,-1.10561104929721,-0.567385312260426
231,27,0.06842435503219,-0.206886290626691,-0.251780841509057,0.946634358593019
232,27,-0.126955751399817,0.367989318399524,-0.23642090658446,-0.418608461698292
233,27,0.220234803835491,0.645624650283857,0.608410973859897,-0.1431409527165
234,27,-2.2550845000835,1.38680570371997,-0.670038962233436,-0.185743873921493
235,27,-1.2438080015089,0.820057550853422,0.180011628793165,0.59646902072803
236,27,0.454086907810759,-0.896540152484975,0.48235973801017,0.478399187057306
237,27,-1.8909804976873,-0.958402937848857,-0.781883478874214,0.512999403446703
238,27,0.192307918388258,-1.72769585867946,-0.721045046810889,0.848252379390493
239,27,0.252745130842453,0.338239738324695,0.98954976233893,0.32287439248256
240,27,1.04756117747646,-0.0102053097656887,1.11293844114731,-0.902411327357162
241,27,1.11756844239631,0.220574920241612,-0.47227774620943,0.606042909474679
242,27,-1.64195373355408,-2.27511511454337,0.915542589449931,-0.960659285251284
243,27,0.195283510737309,0.41896152738011,-0.696475215754455,2.44594631008313
244,27,0.747933825176878,1.04124257641902,-0.605401819154908,0.789576652345508
245,27,-0.433565889474743,-0.522325119169018,-0.909133177851715,1.526592611183
246,27,0.710430423724515,-1.11445444394427,1.26626529234423,-1.14417053443337
247,27,0.652392241292764,-0.00659027663128006,1.02213162812317,0.611826973955861
248,27,0.53545115465874,0.872117996122646,-1.17984463959795,-0.908936135795061
249,27,2.27437675573081,-0.389845368782134,0.81952216488788,1.17222643147688
250,27,0.901837536099405,-0.475831062800743,0.78678725475133,-1.45889004827414
251,27,0.890634703642431,-1.31085400574983,-0.549504116478005,0.365932344282113
252,27,-1.51196360883096,-1.75551313710904,0.620650670762308,1.63560880804069
253,27,1.65988199814909,0.505414614340365,0.869880585673936,1.14736493968366
254,27,1.83043048329651,-0.274487748981429,0.709097140810631,-0.619341583428024
255,27,1.1029156260739,-0.478358842326926,-0.791415580271045,1.01654406338206
256,27,2.52060309010164,1.51552975968647,0.0766628542800817,-0.842817645424237
257,27,-2.10044957459009,-0.810842504718404,-0.607795411886051,0.289652614722019
258,27,-0.418847312434941,0.748317249746621,-0.0867680556436576,-0.898854794316028
259,27,1.00996671646847,0.0371044140870209,0.510347026766717,-0.187183996873564
260,27,-0.0512078113109683,1.13560895941437,-0.58442961302425,-0.892011397595548
261,27,0.268882695327436,0.269780219798369,-1.65622587152017,0.174149628789033
262,27,-1.49290521532221,0.913343164394462,0.0171099060295764,2.05506230954504
263,27,0.881352037997193,-1.07471912870861,0.00111925161444223,0.621626515209949
264,27,0.436061560559762,-1.01165722324595,-1.48706196285911,0.801074510085496
265,27,-1.09984511395564,1.25942562909673,-1.11664137450421,0.490228871461696
266,27,0.604120738960908,-0.430276211696855,0.751609308712128,-0.888871298404927
267,27,-1.55704260131538,0.858651361773848,0.898924563917483,-0.431794331249885
268,27,-0.690573916118368,-0.643364318807685,0.79013345276398,1.51779250750922
269,27,-0.191723195182927,0.341018734730555,-1.08653818088808,0.133664639736047
270,27,-0.538710523162051,-0.315822858314615,1.47832879751268,0.4699491055233
271,27,-1.45204462313174,0.821379134145395,0.712862380679111,-1.30190662466511
272,27,-0.679415067930991,0.149274533350272,-1.43472460444348,-0.333403118828554
273,27,-1.40528990435774,0.625990421231869,-1.45662091438392,0.802173781384714
274,27,-0.106107205369619,-0.626016785630252,-0.352533312335932,-0.74841386553479
275,27,0.0810918512818058,0.767112965624632,0.155784713116283,-0.776299085767731
276,27,0.224743582515086,-1.20453477372506,-1.2410900216287,-0.0498323646825176
277,27,-0.197508222126257,-0.647130432989947,-0.572621523390426,1.70476630517627
278,27,-1.48747274542881,-0.0802076474869257,-1.51401379333163,-0.0736016110160228
279,27,1.32816912526451,0.863811496372239,-1.25368425088007,1.42231973084073
280,27,0.0467631630062758,-0.419646142899362,0.666538850950571,0.33987695535321
281,27,-0.874120227310528,0.635670074817717,-0.93851626082839,1.04049215107899
282,27,1.54613172259669,0.577875238793016,-1.29779224812092,-1.12953742886016
283,27,-0.70916494530882,-0.403734119206772,1.91051293148234,1.41347026634401
284,27,-0.684880611774347,0.262372133826983,0.154030763328827,0.410054071791574
285,27,2.31360080300439,0.466708921275432,0.518337278211278,0.683530759378768
286,27,1.24444804452305,-0.464977128811082,0.273535460350848,-1.42896665818699
287,27,0.92577170224877,0.114826344767006,-0.297718254340342,-0.130195719644634
288,27,-2.03109851751449,-1.27248192666414,0.913235506450876,0.517968661137309
289,27,-0.166767205156435,-0.778621418783662,-0.439210985794408,2.56328610491956
290,27,-0.515149452275639,-0.562662589318378,-0.597659936783472,-2.93217537686611
291,27,0.877213559405562,-0.237225222054523,-1.03894809406386,-0.132626309279643
292,27,-1.62648220144509,-0.570156650898455,1.29433986090675,-0.7218919825533
293,27,0.942751694738275,0.36214354699997,-0.844016367092754,-1.09938520407141
294,27,0.584018919112205,-0.470142982878449,0.46711043556128,-0.148688728423225
295,27,-0.861196690416363,1.03122505481993,-0.171246239223395,-0.428223302108905
296,27,0.853364915166487,-0.407304844215393,-1.2968806327653,2.36525135452435
297,27,-1.01741734823939,-1.69598761874222,0.860630651287277,0.895546202218462
298,27,1.18011292546547,0.642096781363331,1.56165975192346,0.0988655388322832
299,27,-0.334784074730659,-0.10097082602175,-1.13501996964517,-0.0308792471479722
300,27,-1.13988017032831,0.832495870613719,1.73389848943063,-1.0766582275515
301,27,0.282141490821727,-0.66449248270015,-0.360965206316851,1.2498745661039
302,27,0.349713233843912,-0.542806654548238,-0.527774225990843,0.458321199493913
303,27,-1.29097476188223,-1.65680785017864,-1.15863161253217,0.844079355054185
304,27,0.414947066030178,-0.682770680224092,1.07631798155118,-1.00033457293494
305,27,1.18954553845176,1.02584238916394,0.782549672742889,-1.28230094248283
306,27,1.17850602667542,-1.08143166718596,0.100842314740227,-0.107949248691107
307,27,-0.143507970721152,0.463169117753628,0.541266054396571,0.425378078428317
308,27,1.4989120831524,0.346994151679127,1.71171053784814,0.652043421783703
309,27,0.534946518451035,0.0483730633179204,0.864861551570818,0.41361548776415
310,27,0.653375284933036,-1.95600956303575,-0.311579254775571,-0.143749978746219
311,27,0.567800701226767,-0.272998537718822,1.04730432165603,1.23557984343587
312,27,1.30602589497207,-0.310225471674883,-0.306021151091929,0.426607162283175
313,27,0.448163398002974,0.73821511897698,-0.19624417578354,-1.58410361061192
314,27,-0.923856405109353,-1.01742489504672,0.613232418755461,1.24674588922762
315,27,0.145758565352423,0.500089681245519,0.66748512646589,0.431310037527841
316,27,0.82785872665157,1.0114642845899,0.891271411221092,1.23107025649539
317,27,-0.818054599604303,1.12799799179199,-0.702968437869995,-0.613951401258668
318,27,-0.550357742541047,0.601388207846407,1.25215488451024,0.139311477194052
319,27,0.723520392825981,0.0162137223658298,0.912225477983977,0.133617180169839
320,27,-0.586799009633779,0.207647539286791,0.701240403052483,-0.841771395751919
321,27,-0.0764341048685429,0.0634105640145785,0.464631417734942,0.229422153578608
322,27,-0.839471232046476,-1.06879504061565,0.956109124432971,0.445183998920497
323,27,-0.507267636950114,-0.71266654822021,-0.526508644747591,0.669499019477752
324,27,-0.0177593671243509,0.489423088623988,-0.778439049685858,0.845627060571826
325,27,-1.7561975952005,0.865516249366398,-0.425644879713783,-1.07243567464116
326,27,0.327067843384165,0.0917642617721833,-0.180118585886287,-0.183930873577802
327,27,-0.796862351078016,0.669149030029959,-0.848153655715256,-1.59946939132675
328,27,-0.183992564752142,1.26119284635792,-2.08920120850417,-1.0817167856029
329,27,-1.03586497511523,-1.09171364859064,-0.928108539929462,1.40088085857293
330,27,1.40687998547861,0.648024613071035,-0.240310976859754,-1.14164642361233
331,27,-1.23705528607548,-0.341876932733374,0.134895611044042,1.03898180062812
332,27,0.705966359285606,-0.619373787796902,-1.58770191247168,-0.568418867940169
333,27,-0.959495938017856,0.44921852682987,0.884817250649876,-1.38625598834987
334,27,0.183642461642729,2.30072815716765,-0.378709393591656,0.0874822384076096
335,27,-1.68728353333131,0.342583396221637,-0.71520167299674,-0.889373407305445
336,27,1.09543647569762,0.976981017207379,-1.1861775909118,-0.982234496358903
337,27,-1.14048626016677,0.248259538956756,-0.312997989214256,-2.11096302386436
338,27,0.415051270019704,-0.36433046740862,-0.281968778985435,0.432863699555881
339,27,1.35371621102492,0.236514026844999,-0.738992391897456,-0.96212812869984
340,27,-0.475701816698042,0.394988702886439,0.219296656433286,0.867852131039271
341,27,0.461870547876473,-0.284548528000284,-0.51984348285495,0.636311645327084
342,27,-0.00370569720929994,0.521368307654529,-1.02552885675739,-0.85846019657556
343,27,-0.508178103674435,-0.635249691670867,1.20442831658499,-2.25263371370739
344,27,-1.88250712614377,2.5079506918351,1.35141152509034,-0.412973376223256
345,27,-1.00088721164073,1.96772737995081,-0.504125259567811,-1.47660808007511
346,27,-1.34877056053379,1.12972357390063,-1.09173070075018,-0.929166556913289
347,27,-1.67682382728162,0.288695459412603,1.45257511942874,0.352596960875299
348,27,0.829855888981311,0.0408851123336615,-0.867801733552787,0.576900520471763
349,27,-0.762161214880552,-0.538417604887834,1.24201123520406,-0.509209664996981
350,27,1.07084828142599,0.0785716125507503,0.0652849683507933,0.753584460011819
351,27,-0.511553210780528,0.426871015763644,0.583978220722283,0.489646258140525
352,27,0.0759435529164119,-0.666424153075287,-0.584976085322125,-0.893066439021444
353,27,-1.39098203036653,-1.59015865056282,-1.05672972316159,0.636065274188631
354,27,1.0375941097119,-0.426221888317458,-0.5664364447329,0.174377838072822
355,27,-0.266727999816099,0.449868019010997,1.327094429014,1.18828435423311
356,27,-0.0686530328984061,-1.10661691599349,-1.0631236172419,0.250237364677175
357,27,0.503364355698343,1.18237727220117,-0.577584456787873,0.886174897130626
358,27,-1.43377356423832,-0.266720402002837,0.485707753913252,-0.0463125997212148
359,27,-0.741081949343601,-0.664888125128089,0.913730207169717,-0.81145438197168
360,27,-0.366092647889749,0.312284925690369,-0.84804958641619,0.294474126733367
361,27,-0.412569229939154,1.14927924425976,0.269942669377163,-0.781185782806785
362,27,-0.332369323581596,-0.462318409293123,0.545438021858633,-1.00887070937991
363,27,1.35988656327959,1.34293056472931,-0.378105578191303,-0.263699441084978
364,27,-0.801016740197567,-1.22505277079065,-0.592009083939303,0.199009726244703
365,27,-0.107619635342718,-0.525651080612879,-0.40515957263801,0.711142203746529
366,27,-1.0927179211877,-0.28244867273617,0.616810938507014,2.20023291288803
367,27,-0.700401658965812,-0.630411214562141,-0.356870669988823,1.00969997846067
368,27,0.526636280779156,0.131512137671498,0.685764387935147,0.869908435142689
369,27,-1.16576734721687,-1.24749761706986,-0.440389239414069,0.585560942284177
370,27,-0.00373758517105591,2.51495659049347,0.94093234304112,-0.598359235502552
371,27,0.348507189760946,0.286215879765382,0.184187304148186,0.0903822722060819
372,27,-0.889291064836371,-0.884220421563723,-0.156118879670657,1.25735025301083
373,27,0.55287944985956,-0.446683791948253,0.336570251202374,0.653185273065622
374,27,-1.05903180165702,1.89445391249853,-0.738278669690349,-1.20337148989983
375,27,-0.534762501478999,1.15939037909801,-0.440329081374858,1.82760199160263
376,27,-1.06961090825051,1.1111225564158,0.285666216696159,1.27655446439982
377,27,0.265549987265649,0.527966973690303,-0.239184971543481,0.0547048993794432
378,27,0.771711222079374,0.191680862780081,-0.31700221922585,0.536821036246137
379,27,-0.333965491244131,-2.94868437060015,-0.700685172736548,-1.38842071334884
380,27,-0.232167993102837,0.21716795055407,-0.933719973828464,-0.165332789743188
381,27,-0.265575813797832,-0.491597204870445,1.06958993057809,0.866821453288898
382,27,0.557278458506115,-0.995358041154611,0.970663767307681,1.26309078283255
383,27,0.453412692212488,2.41812629838291,0.00854190501392954,1.3791018085333
384,27,0.287357346177088,0.168667021321659,1.53811283150646,-1.04411821587332
385,27,-0.406563685109681,0.767507460228943,0.641015127490778,-0.670993934001458
386,27,0.767164786580016,1.28212060406742,0.228800919386897,0.303291831832363
387,27,0.853668717949645,0.671338499628073,0.911784456330133,1.95621561746523
388,27,0.665415028048762,-0.439678225783121,0.0201132409087742,-1.02381766886629
389,27,0.250733794248427,1.60434124479349,-0.0160448921874446,0.0695100916058515
390,27,0.864416049022106,0.870286872634709,2.3297986955068,-1.2947811093233
391,27,1.24505051479539,-0.749054503254669,-1.55189637076553,0.978113900003495
392,27,-0.788296910255534,0.309124473249212,-0.18720765910723,1.202325076946
393,27,-0.252788383500486,-1.6912089122565,-0.763311200348995,-1.68205131739256
394,27,1.62147408075087,0.155369351212536,0.281967006952758,-1.44564661695883
395,27,0.431019437733207,-0.685328677045219,0.103198579666782,-0.170904531471355
396,27,-0.419825772781418,-1.14847020718838,-0.0315237336294844,-2.46091132514722
397,27,0.772357553559819,0.60976210821738,0.847046210256547,-0.170595117102546
398,27,-0.451835976129757,0.778897554776647,-1.81054901315813,-0.1724500304079
399,27,1.60407263180609,0.556997186813536,-0.093628284644909,0.108427885934227
400,27,-0.351795218837079,-0.0639730356084921,1.50031466385825,0.0707063285059925
401,27,-0.12635195648487,-1.80919948349928,1.37018887252386,0.924029982302613
402,27,-1.09364672041449,0.813765642081643,1.00233183049698,-0.310490167653158
403,27,1.3451630827593,0.825712225716988,-0.370499830616554,0.17037708427205
404,27,-1.39478470085655,-0.131845899136722,0.346070277480315,-1.10152857375082
405,27,1.77205405856188,-0.238614395142873,-2.08386354516253,1.10269614411969
406,27,-0.896750233583069,1.90814743357721,0.285930505112749,-0.69576127553031
407,27,0.338772630410449,0.474690494656843,-0.410360559795568,1.25012474504819
408,27,0.145690083502368,0.141837493056281,-0.770931063014568,-1.36843411066448
409,27,3.16728247983121,-0.255262579331865,-0.723085703171199,1.24619951790456
410,27,-0.323327736687175,-0.719776348559915,0.772943965104742,-0.187467517627913
411,27,-0.744579246394774,-1.82703578363558,0.0366352876494664,-1.05625876640846
412,27,0.733485895928819,1.09619832642126,-0.434412879888475,0.0565778050156344
413,27,0.527186414526044,0.340770818734888,-1.9351663411078,-1.15795629061932
414,27,-1.60682820848214,0.981856345340384,0.803051834496897,-0.705157312959186
415,27,-1.15856419236014,1.20246699685333,-1.6053327998993,0.495518567637995
416,27,0.140611128115623,-0.194662035508131,0.292862578611949,1.05827524078583
417,27,-0.260135267448771,-0.587526237052533,-0.858242334987511,0.166234808097478
418,27,0.298431892011325,0.105118764019281,0.609916912125564,-0.161626483841177
419,27,-0.900377803870355,-0.693625647709098,0.398078533542613,-0.289970611264717
420,27,0.411089565217301,-1.57548602934973,1.02963805734197,-0.0915262266149032
421,27,-0.25896024759162,0.256858870623105,1.57173162435355,0.0698121752087131
422,27,1.67377696364494,0.987482834056172,-0.907988892644208,0.774968468105894
423,27,0.519743757017067,0.656757280148498,-0.889788967705496,0.0346438198908512
424,27,-0.787195649737693,0.402622607146115,-0.760748079145164,-0.820337651654629
425,27,2.18261545149906,0.850806853506473,0.774791555540585,-0.528689880619755
426,27,-1.17038374040132,-0.447367241608679,0.106664858371938,-1.83007521389434
427,27,0.933898203011844,-0.353315962745089,-0.738917329058301,-0.0669483796229081
428,27,-0.219196329188418,0.575421487613351,-0.370893898193724,1.67517259062441
429,27,-1.4707249879768,-0.513950158419569,-0.123723086925885,-0.974321958048064
430,27,0.215652770498737,-2.41321078766147,1.58938588432849,0.0567492706486761
431,27,2.37190836344461,-0.021395817061206,0.150782048403413,0.685746557358765
432,27,-0.0340726190470633,-0.00921658161417042,0.325936735581304,0.859801442917295
433,27,-1.05538810928866,-0.299659601498434,-1.60752316989045,0.377232077649743
434,27,-0.307597450591484,-2.33989584728202,-0.647714337933373,-0.766157767427386
435,27,-0.446429268383934,0.572532829469877,-0.431934494296436,0.808876844172595
436,27,-1.1179068913897,-1.46646798562564,-1.06218473726341,-2.22140464667256
437,27,0.555798310976674,1.34539794702204,1.31667079502999,-0.782727640236848
438,27,-0.657731509031692,0.455176857076372,-0.484497275256739,0.323288048450634
439,27,-1.05216144224882,0.43294061060648,1.37962599367067,1.36076324180174
440,27,-1.48199359547883,-0.60841298558622,0.0723578795633591,-0.721915934627977
441,27,1.42410264432172,-0.404276735621103,-0.0464674802209021,0.0300112113404002
442,27,-1.00965950472132,-1.13753001349711,-0.769136822912267,0.324797854230931
443,27,0.346494752862811,0.394298460553365,0.224632608352471,0.397183992537723
444,27,0.978582659183341,1.10940027408782,0.246091181862455,0.0310954440504074
445,27,1.47283768894931,-0.770644493584059,-0.543434455257809,0.785487519499
446,27,-1.10036725665488,0.833923271869282,-0.696749190203167,-0.356063996105685
447,27,-2.34204136406295,1.88751013453634,-0.632993160705162,-1.43048943737424
448,27,0.0940324479552475,-1.24868814301714,-1.15653408177487,0.166656330379554
449,27,-0.535409449055349,1.78490433607129,0.698698861852208,-2.56531360122302
450,27,0.23866881030673,-0.598321622535647,0.143712403746491,0.423019031584017
451,27,-0.125110470234431,0.428931922139547,1.16673866473882,0.317532578572458
452,27,0.704590506141609,-0.893238470017339,-0.436068303503803,0.0248836086974548
453,27,-0.0616411360369185,-0.287921241353375,0.4228356129886,1.7299128651072
454,27,-0.498481215976992,-0.23967908227804,0.8782325984781,-1.04052567197798
455,27,0.558041586695228,-2.45709881232109,0.594411255114205,1.27707214447763
456,27,-0.284885626784804,-0.141036284203397,0.817690008150428,-0.368354127460273
457,27,0.408483202434253,0.454218442418312,0.747122553381754,-0.276874767595329
458,27,-1.02725326636402,0.502872852400616,0.33669513066977,0.272454174117374
459,27,0.193180324225927,2.17920498416245,-0.144213386633062,-1.3420103805889
460,27,-1.24302366534262,0.207078703297191,0.900981712176391,0.446107220376197
461,27,-0.965565423226161,1.18094389649634,2.548945392002,1.27737578159911
462,27,0.0958006285994859,0.379696394095644,0.235601745043882,-0.480614447585783
463,27,2.30295846971703,0.183198206264613,2.40168557852591,-1.58038490031138
464,27,-1.37223996572858,-0.553092944437139,-1.27644729337592,-1.04449430402004
465,27,-1.53514868101474,-1.17155712133081,-0.629621453429733,0.0359187507772069
466,27,0.243669715351752,0.279359903124256,1.05574011155497,0.515702613672601
467,27,0.709893446098058,1.40559380791229,-0.748441342612937,2.08773098912484
468,27,0.591515016288588,-1.4761026973308,0.0467815809997199,-0.821385193941363
469,27,-0.107382529613752,-0.111964480593679,-0.679505939810807,-1.70275595759852
470,27,-0.458530010713191,-1.31146651280783,0.509242131594307,-1.87209917368489
471,27,0.437958716907041,0.00915190842646435,0.736506640870873,-0.625121659793427
472,27,-0.937879994811371,-3.36492527381207,0.122507046347368,-0.929577070715065
473,27,0.659963588488146,-0.109677697171959,0.346979507050513,0.980884507457088
474,27,0.678232310073208,-0.500725286338666,0.248621064362921,-0.290853349893561
475,27,0.0583525391081718,0.274838105365999,-0.0643788297934696,-0.807993856942376
476,27,1.49030191949804,-0.855022717497822,2.04328172124337,-0.787638134413788
477,27,0.449889855442843,-1.62500935768188,0.316146844000296,0.976065398225518
478,27,0.470578010930107,0.288091256513965,-0.043540957927893,-0.0383681202562639
479,27,-1.73897933582473,-0.207333984717204,1.24036318370427,1.72313480846437
480,27,0.19453825460212,0.437630813809607,-0.92442231800658,-1.19012147609241
481,27,0.324458668701159,0.195351300355285,-0.119097150114607,0.880915439523225
482,27,-0.331725625272536,0.203015380456691,1.51147371865991,-0.757683773810763
483,27,0.901215646407633,0.244227005449252,-1.10046065673451,1.04972723862788
484,27,2.11204214478386,1.60530154643464,1.27015244954146,-0.631539185106406
485,27,1.09420414726779,-0.801945097706547,-0.729672080484037,1.27837331922074
486,27,0.589193453136402,-0.763501535517531,-0.074899461325541,-0.849774309664892
487,27,-0.953514463257513,0.444520924961071,-1.66234128176339,-0.298827867852242
488,27,-0.039565340757015,0.625484593050578,0.739067647539291,-1.06877032883052
489,27,-0.316548606149555,1.97546980426312,-2.28815841189828,0.00491852718918049
490,27,-0.431665807291981,0.546672408656308,-1.15712305021782,-1.77210496540127
491,27,0.273010943947333,-0.130915355884224,0.0425724324777629,-0.808093454559594
492,27,1.26484561647823,0.27060142919074,0.40170494307185,0.660988391355109
493,27,0.826259713452554,0.849662492992379,0.443919027283709,0.208288807151673
494,27,-0.158922307058863,-0.416540899519666,0.297488432834092,0.855022307311425
495,27,0.524282989518841,-0.413127445770251,-1.99420772231451,-1.56054737783911
496,27,-0.715550311913224,-1.84687645635196,0.796554220969053,-0.557022528254815
497,27,1.34765646510421,-0.709452778503451,0.60336781521508,0.867528369518865
498,27,-0.316792874353259,-0.0330288218027089,0.359737163039685,-1.35037030441937
499,27,1.51913939893556,-0.772148864638795,-0.599711961687315,-1.30753502034798
500,27,0.777451926088742,0.302997894333688,-0.890649368501864,-0.0576269160248004
1,28,-0.672042311253514,0.765678477019133,0.232749831913168,-0.931335731549507
2,28,0.337585911800806,1.46422763782175,0.900915275732506,0.752912032999965
3,28,-0.719522267237558,1.02748242575897,0.791803626039838,0.0626730405028635
4,28,1.19573932945155,0.328244349030315,-1.6586122133874,1.59407895644567
5,28,-0.593680964740195,-1.74207473223613,-0.906494049162413,0.625725725030397
6,28,0.77613737469342,-1.35352911376159,0.425471172999715,0.632074129939266
7,28,0.111254328441237,0.907223953791292,0.00490003068055628,-0.415652972376101
8,28,-1.37917291853287,-0.696051458060055,-1.29431247880143,0.0884847274790896
9,28,1.02115757911001,0.0205904835436524,1.83966650022716,1.34827953540416
10,28,1.51479178619866,0.361287303541881,0.894197910968583,-0.438235311105271
11,28,-2.04498009942949,-1.21751025265377,0.420026829629656,-0.522809257798096
12,28,1.3387142429081,0.214006111714611,0.497630627000943,-1.78100181489223
13,28,0.0362586038740409,-0.831307081520914,-1.58320942156642,2.0010318428995
14,28,-2.186466499225,-0.580906945251498,-1.85911704098396,-0.882487447196706
15,28,-0.093677876427978,-0.258078235125596,1.12451725985461,-2.05943799115764
16,28,-0.899729731642702,0.555935937722555,-1.14175005496809,-1.09626089928835
17,28,-0.425477254091575,1.778929038247,0.361037296337872,-2.64725395505401
18,28,1.55228862362813,-0.273755234277219,1.66086124810505,0.901496600757251
19,28,-0.147804087841732,0.882107753057533,0.257707407724889,-0.18675830159995
20,28,0.0464698079789692,-0.632167112289111,0.0806638183964984,-0.317602060277485
21,28,-1.28970707792999,-0.366593535913957,0.348832256295724,1.34025849062861
22,28,-1.95636586856035,0.27433356607476,-0.21267937988458,-0.630167960005809
23,28,-1.23746788670002,0.560692932090264,-1.43391908884234,0.742930939537209
24,28,-1.27426252826774,0.987613957633015,-0.703918076844369,0.649836732333906
25,28,0.342580127023673,0.551344114553565,-1.19409965265966,-1.14249664138705
26,28,0.670499492043592,1.39545116927667,-0.0811303123812573,1.39414345199512
27,28,-0.977836390799345,1.44251011072046,-2.30726353823677,0.238853290546302
28,28,1.21197757845049,0.412757177650778,-0.858381212314968,0.216601702487755
29,28,0.0130700516484803,-0.0441487748052742,-0.549817598076652,-0.973141120092365
30,28,-1.45954467984736,-1.05339178972467,-1.13909664313552,0.0581797826843343
31,28,-1.50086000404342,-0.434384113363302,-0.349605968760645,0.612343656828405
32,28,0.494832121904345,1.42862024194872,-0.313903473519113,-0.923798007974037
33,28,-0.0518118706235083,-1.1504654370889,-0.516195287301415,-0.78235557379418
34,28,-0.353445162772763,-0.788601793210447,-0.826843389485959,1.03676753825793
35,28,-0.511513270196652,1.02876783235539,-0.429923615417283,1.14953416339354
36,28,-0.11520766444716,-1.31587731882046,-0.02974827114071,0.944683466303379
37,28,2.34969768723549,0.66260295461684,0.771429181894951,-1.52267481187318
38,28,-0.697088092587387,0.398763199547573,0.270489676877458,-0.978092594151333
39,28,0.511571504458002,1.2539185578866,-0.987030976462424,-0.115238683606692
40,28,0.564560290274914,-0.53614123152021,0.843879764029954,1.57667629188385
41,28,-0.10922417735494,0.354714954589567,0.794496861557396,-1.0825993923864
42,28,1.43665840913511,1.33338002236035,1.74966906315528,-0.755813250361326
43,28,-0.626280400209683,0.100501557152712,1.21925427617854,-1.43942238275379
44,28,-1.34638928492385,-0.40401047303427,-0.565851750284391,0.169600664171986
45,28,-0.515804033307572,1.06018532095837,-0.19145036220303,-0.549928377387675
46,28,1.62893186737031,-0.411666853347094,-0.844853265752972,2.98164827525866
47,28,0.175229976378602,1.40467281548521,1.95964784906796,-0.0331730974901777
48,28,-0.419201719419636,-1.36664898527456,1.65189648930963,-0.0769750307424339
49,28,0.500512097006221,1.71881908614744,-1.44225408831359,-0.354769418900026
50,28,-0.669395942051623,0.296843811972677,0.00192480754221786,-0.0446618706838891
51,28,-0.183286362646597,-0.162801545449625,-1.10643135003264,0.61975862930236
52,28,-0.0556727780008287,0.283865576044739,0.454001428778443,-0.856289706567936
53,28,1.5784781044363,0.44737716869437,-1.20555598477482,0.433913587384144
54,28,-0.281479785810248,-0.421153876578312,-2.00962283826794,-0.016189686733497
55,28,2.09044211018853,1.01745241200671,1.75507246927814,1.04213895505289
56,28,0.0345610071812096,-0.465870830226029,0.263272016039815,0.786712600333527
57,28,-0.125051048645206,-0.564784389980403,-1.27352137596662,2.23655032645657
58,28,0.962408492285559,1.87366134677959,-1.21987047393746,-0.345649226802432
59,28,-0.376835568877574,-0.378229320415382,-0.269279887465901,0.202721178403161
60,28,0.791047548077991,0.991055870148076,-1.16578102308782,0.4669114186685
61,28,-0.565469069224602,1.12084667095997,0.186521233556395,-0.966348953401948
62,28,0.302886022170267,-0.425118598864217,1.56165010287999,1.75814308908352
63,28,0.253692678811037,-1.3093050347815,-0.719293217661037,-2.30889459099617
64,28,-0.646196348680739,0.842049515874783,1.11371010377,-1.15671623527683
65,28,1.89051445650993,-1.62011767296374,1.28337553901815,1.84386202242983
66,28,-0.366662493164021,-0.839409466290229,1.10008183523806,-1.27610286490042
67,28,0.620871159880019,0.432132347402448,-0.426409600212981,-0.147462488079578
68,28,-2.30923265564399,0.190552743513251,-0.0360605516385561,0.939196503087845
69,28,-0.79840088674623,-1.38576531755544,0.107339449008162,0.715635815091086
70,28,0.752844610079705,0.517047723432945,0.0462281904877691,-0.686085723653748
71,28,-0.117887827884025,-0.298364317740854,0.0984863289152355,-0.0240704110573421
72,28,-0.487196717324017,-0.448268729465,1.9535109952223,-0.874332812060072
73,28,0.030622713635986,-0.322786836152877,0.405686445528663,-1.14346654977598
74,28,0.874148577465993,0.591169367194404,-0.197437264018432,-1.0365314404376
75,28,0.924513212079195,-0.393154696516746,0.426213420565571,1.31382290525472
76,28,0.492533478424093,0.00476966726278886,0.219878555445488,-0.885884993999349
77,28,-1.39919629804333,-0.294336259442393,-0.217503914409223,-0.242895512186658
78,28,-0.174234010296987,-1.05539865783997,0.658116134368296,-1.65550525894656
79,28,1.33591871145887,-1.26169664353029,1.1419637464987,-0.233274348388395
80,28,-0.244772359323438,-0.936439602063277,-0.807595696917063,-2.53115437846153
81,28,0.139950519747118,0.393594599836256,1.25547726842141,1.96817414180513
82,28,-0.512134222317754,-0.286393450486809,-1.30407926515325,-0.4069605088003
83,28,0.525421546648958,0.284114452952517,-1.85058362251059,-0.963111310979559
84,28,-1.33915665643841,1.88807645078239,0.43494085726622,0.624210913391804
85,28,1.19102951001138,1.21504069630015,-1.17412317191475,-0.858887180264352
86,28,-0.531773204680515,0.441373542040572,0.656978626970361,-0.102288840852988
87,28,-1.56355456978269,2.32275660313138,-0.519884301319142,-1.7668538500034
88,28,-1.26066923943374,2.37906021299546,-1.99444672433357,-0.0188682595104723
89,28,-1.18434063143788,0.205355344311093,-1.34545593007184,0.980543205689979
90,28,0.23434919902673,0.658801157650485,-2.46266568722158,-0.597647383487525
91,28,1.60562854606431,1.23475472303357,0.529153850833591,0.245480226487211
92,28,-0.158013904509795,1.35991936607729,-1.64289537370543,-0.46066460069902
93,28,-1.32267869691095,0.252509145160818,-0.846707325374032,0.267135394509517
94,28,0.200056467713515,0.0248578857496143,1.56120762458679,-0.309953271520562
95,28,-1.49204341026526,0.384534516987445,-2.20299452580168,-0.723317137013428
96,28,1.11389834283052,0.158896864141752,-0.317008109929915,-0.207593029980758
97,28,0.89953798357156,1.32268535978502,-0.961971477156246,-1.35127862022075
98,28,2.54477356107216,-0.240251582474648,0.219829378679407,1.29586691139666
99,28,1.84545127181732,-0.402873276987942,-0.0508195277340935,-0.2248383389332
100,28,1.08691399298132,0.777889383056541,1.26371226531298,-0.478649711898747
101,28,-1.62302086052184,-0.750536971249982,0.444386752238936,-1.66638237905808
102,28,-1.96331024878528,0.522809378196353,-1.55213929723231,0.445352539962346
103,28,0.396638181890986,1.03634028412977,-0.369980580773402,-0.436383465187016
104,28,0.678400055030137,-0.0587867521020308,1.09599552564787,1.06210922827036
105,28,0.108848099766625,-2.62882573143603,-0.877075517888632,0.168380801671289
106,28,0.0251505725194614,-0.757685270381253,-0.775857278977739,2.35562572031193
107,28,0.150437055337578,0.374944426819263,1.2441624961815,2.0764008230091
108,28,-2.56356426780081,1.32569954031618,0.686566563598933,1.73654599422342
109,28,-0.0467903017513847,-1.44536985715188,-0.53781362293969,-0.494601273836886
110,28,-0.394232214430427,-0.581231718600228,2.06866574199631,1.10112576626695
111,28,0.426281918678755,0.981426558593614,0.321577353117367,1.57271263871964
112,28,0.292384990881381,-0.462412022802457,-0.656197267888609,-0.385381558131732
113,28,-2.88250607637417,-0.768999905610275,0.323071421760792,0.146991528226714
114,28,0.689675956179026,0.179607799708359,-1.36808525484277,-0.474582082695329
115,28,-0.5325756655764,-1.35624598549662,-1.35383694533607,-1.45228973205478
116,28,1.05064867814764,1.71016148312118,-1.83596870469841,-1.15474235800016
117,28,-1.12217226932815,0.93661007848869,-2.60447660965567,-0.486585140348608
118,28,1.35152183217515,-1.59150391262,-0.072941604079739,1.58178786336121
119,28,-1.04696359059228,-0.733285796391763,-0.576948150969232,0.451308338248065
120,28,-1.56603029814081,-0.874981781812268,-1.37757237385624,-0.836776170085671
121,28,-1.57613802901718,-0.0136190361745591,-1.52389648102302,1.21831750497106
122,28,-1.07617314115503,0.261070913654787,-0.392837148641499,-0.211079557035966
123,28,0.61243890563067,-1.3542649788563,-0.217034245124366,-1.53695915627817
124,28,0.1644757985188,0.498293622329868,-0.808924696345966,0.943198395582894
125,28,-1.27622089353061,-0.485268089994968,1.12268045941622,-1.43847780639306
126,28,0.443745068048377,-2.19816619291446,-0.250276735395149,-0.372506784466295
127,28,-0.641783477974787,0.708856456980861,-0.0694182131171254,1.9025779056434
128,28,1.43957394181827,0.223664109258562,-1.99959003579743,-0.347767455889431
129,28,-1.16485279141803,1.99923502759083,0.282942673501071,-0.998121660562317
130,28,-0.315662341203746,-1.14970766613322,-0.986796144083568,-2.69902093616939
131,28,1.02261582411991,-1.37712958453864,-0.937763766237136,0.982680204214606
132,28,-0.282473343511987,-0.218984493112938,0.251089280026296,0.663537775425762
133,28,0.543804171405493,-1.24320349322239,-0.282989297001199,1.87193974528495
134,28,-0.821320688860818,0.61805757058267,1.17203857773092,-0.428047581789652
135,28,-0.665565878723975,1.21942216002125,1.15135108356629,-1.14527500661415
136,28,-0.329771541274707,-0.487868658984334,-1.56485140902182,0.220202229301093
137,28,-0.719670704430657,0.855078314558097,0.702959348056393,-0.0605110277973358
138,28,1.70906876189563,-0.139417397657151,0.93395042567896,0.23857785839877
139,28,1.25195068497524,0.21880641267425,-0.831550231133902,1.13890955695497
140,28,0.474565502491769,-0.00595872718010154,-0.257223273764519,-0.426770468851624
141,28,1.36538968708576,0.596684718945605,-1.48730209448777,-1.21158450055154
142,28,0.0895135578739578,-0.337521467781072,1.28295854472806,-0.116417523598266
143,28,-0.467202438718876,-0.0930257622136064,0.474087283035817,-0.284439983313706
144,28,1.58936912636543,-0.889050124145369,-0.0322321338848381,-0.297371848400114
145,28,1.02971578494541,-0.80912279458359,-1.16794168161317,0.0766009520726167
146,28,0.799525976992169,0.85114064480556,0.859268319150331,-1.3161689634787
147,28,0.413856441596515,-0.299592916044567,-0.201593365534897,-1.36870157473774
148,28,-1.38962167033228,-2.06291506254049,2.01014329490219,-1.35797748221593
149,28,0.304122034079108,0.304180766216074,0.716478002155785,0.0566210912256365
150,28,0.98426489757903,-0.938627577152243,-0.335555820886793,-0.499912843995425
151,28,1.12856842520765,3.01150118127354,-1.03182550421728,0.446791410085216
152,28,-1.21394849136053,-1.10540974239908,-0.819554900234771,-0.0396292652892897
153,28,-1.52428310022326,-1.08899431805856,0.358587510599155,-1.93635498435537
154,28,-0.540995048262669,-0.18591399763335,-0.560474824322318,0.381185047807718
155,28,-0.51882081212456,-0.254562301306596,0.532201858609776,-0.727512610513321
156,28,-0.549354190804383,1.16116180985282,0.340219985872478,1.09483139203774
157,28,-1.47346776441764,0.92228671409764,0.738065714316602,0.637853110956365
158,28,-0.976289177654355,-1.56185761888098,0.677175989161782,1.4265431135699
159,28,0.0885709780428235,0.835132653394788,0.108292336479072,-0.114917111742989
160,28,-2.28604827064628,-0.875518099353146,0.127955641339698,-0.762952532903132
161,28,-0.237796134675499,1.53889661350062,-1.77567891848832,-2.07380317156133
162,28,2.40192010272431,0.125197095244709,0.415553730573048,0.253008356522132
163,28,0.573384762640553,1.79443402618221,-3.39102469149978,0.507827801881713
164,28,0.629514040356918,-0.785138452608257,0.212240475467314,0.520039855642687
165,28,-0.228252895442626,-1.07997600979709,-0.0691027103817297,1.0415184173139
166,28,1.45464825091027,-1.76307742413284,0.472689172288377,0.524661802664552
167,28,0.761940855318807,0.533978051116061,-0.249592529250727,-0.287480547746744
168,28,0.130015488239297,-0.580714205575522,-0.217168836803488,0.846891147536981
169,28,-0.715933127138595,-0.250945696432958,1.52471431607137,-0.134143917525891
170,28,0.120022513457013,0.125476276223615,-0.22908321231976,0.402041870031581
171,28,-0.539519206155307,-1.12626714659819,1.24103775564903,-0.116779586460206
172,28,0.479562244394377,-0.7549092086002,0.896649230325221,-0.598930975700417
173,28,0.573195083438894,1.74089411020449,0.9116758118429,-0.575946471314813
174,28,-1.00470620227211,0.458738407289016,-0.868423109735022,-0.262831885487548
175,28,0.405339984020823,-0.0723134065518436,-0.731624621845867,0.691514097300831
176,28,1.52958189759458,-0.0291086020790021,0.954704074403008,1.08702158466252
177,28,-1.28587913353587,0.513470328128346,-1.1102166238902,-0.879819652224731
178,28,-1.46093388067139,0.804423574090883,-1.27016340132016,1.02891036753128
179,28,-0.408115538031301,-2.42757512132347,1.21268353850379,-1.54105136188193
180,28,1.6650723449352,1.11874332786207,-0.388020770140428,0.0582286788635023
181,28,-0.0294227234081369,-1.13631298187316,0.261225149094389,-0.252869615062368
182,28,0.810579773470109,-0.359864966285008,0.639448015051059,1.64059993526103
183,28,0.389631496358077,1.03199207699228,-0.507836718390788,-0.731076278231923
184,28,-2.39372686805571,-0.05576725954808,-0.0290599031142745,-0.545099338765922
185,28,0.664842957945589,0.171008681133322,-0.487010895647935,0.676985877016652
186,28,-1.30117581801541,-0.781719064938785,1.45225196636814,1.15264450400873
187,28,-0.909813750372179,-1.11499213622658,0.367771710205356,-1.23019287274967
188,28,1.08675108729034,0.571962585659115,0.703384174550891,1.36827386270653
189,28,-1.0844700933316,0.495233632105104,-0.814339101122325,1.32194591346191
190,28,-0.956097597801757,0.624934733218451,-1.38517685108841,0.839049461194233
191,28,-0.955290333718377,-0.0388954297666612,-0.47545275417768,0.0729371968680802
192,28,-0.698353629290548,-0.596914632450396,1.56015759863517,0.6104720353587
193,28,-0.299836772108354,-0.108395445196132,-0.417766685086216,-0.570563688115515
194,28,-0.34964435575467,0.0171296736481414,0.431122149136197,0.642256265357441
195,28,-1.47204620399382,-0.368515289195834,-0.773445228347252,-0.849279536677023
196,28,-1.22862500466424,-1.40676638443447,-0.18183655830817,-0.670003068245138
197,28,2.25115322014889,0.672467809663227,-0.371418281844628,-0.372591841522888
198,28,-1.12883481196098,2.04198230364241,1.71820292590332,-0.557769240826915
199,28,0.223650328711957,1.05952626395822,-0.29991193168348,-0.987922307978145
200,28,0.615687078290046,0.0861385803787732,-0.907212594826404,-1.53721774178207
201,28,0.276346028148786,-0.0585858753136567,-0.386926382682352,0.963083407426037
202,28,0.892111314423435,-0.122021331799734,1.1519450020998,-0.758817161308136
203,28,0.246098244586165,-0.646385143962827,0.165193002447863,-1.88130731415197
204,28,-0.695694226007661,-0.308894672941792,-0.602226078817693,-0.74412695173904
205,28,1.34866651609625,0.0256177680384304,1.33334528136565,-1.02320964815442
206,28,0.932494188589807,0.79919133816004,-0.980299150986233,1.06966571011033
207,28,-0.0679151714976191,-0.389068197338948,0.958312208681905,0.202373511660377
208,28,-0.558739270374508,-0.226109989674913,0.143139071829474,-1.39971874975877
209,28,-2.35424028967047,-0.157382346776713,1.26010259224174,0.476255046460186
210,28,0.467513941495684,-1.51962495178338,0.356791845857802,-1.25201692882262
211,28,0.297517649115835,-0.430345027093251,-0.270222328532235,-1.09604573353654
212,28,0.704557582707941,-0.884630623929268,1.00450110654999,1.36865909143742
213,28,-0.0997314948940915,-1.68415737327147,0.523943844057262,-0.7104885002504
214,28,0.293836381962988,0.708415671957331,0.417308289869394,-0.370724125423357
215,28,1.38548602181283,0.535870713808548,-0.350875060702687,-0.181651140126096
216,28,1.49654761290902,-0.191519807956584,0.594290713155951,-0.5164783003244
217,28,-0.295457614468107,0.177705584487611,-0.318327122170528,-0.324814656630911
218,28,0.272951188379987,1.40979947217192,0.502494630901894,0.37830357022058
219,28,0.885175220003079,1.16642161631023,-1.12633689291579,0.396824454309114
220,28,0.70242580276773,-0.447178971022294,1.39366998427215,-1.2379075912987
221,28,-2.22913191882395,2.32718508458127,1.25995588422347,0.0542988684442582
222,28,-0.144875860656046,1.0805055207045,1.17159764750079,0.70559679861367
223,28,1.51723773799718,0.00752669123083922,-0.196328053526834,-0.907118378960013
224,28,-2.13588886944685,0.320024993243954,0.999427306490079,-2.21313298249166
225,28,0.111083230451023,-0.0177178451873168,-0.100458371538674,1.23063220621413
226,28,0.59792242285977,0.680040343945498,-0.963251034736935,1.4973553790863
227,28,1.07796707669156,1.32308829158521,-0.606936120601577,-1.34190203370472
228,28,0.158244959164542,0.2239388704155,0.240822720159205,0.644882862152935
229,28,-1.6178595985662,2.12353026325464,1.1983542472738,0.39154766984433
230,28,-0.0905800082420207,0.850136834717672,0.463767411673918,0.521616830786598
231,28,-0.714735547763677,-0.163527361458803,-1.37715769436061,0.227958606095207
232,28,-0.905728375131549,1.27920550784094,1.13433326807967,1.40872679657913
233,28,0.776451772241195,0.14685250623611,-1.12576663434837,1.38058334290292
234,28,0.0912536401424275,-0.667343874955426,-0.813247328047023,2.01108994794067
235,28,-0.592528671149542,-1.89239096248481,-1.15653492689388,-0.158585069782517
236,28,0.632943197796347,-0.436414172352478,-0.110847469905846,-1.65070878654126
237,28,-0.794724136680967,-0.783803574298419,-1.0605555400901,-0.185201611315955
238,28,0.584496182945637,0.712182490376845,1.35160917988986,-0.282497450336005
239,28,-0.810236473820889,1.85925606133101,-0.120078890363134,-0.530348418411209
240,28,1.00416466501777,-1.17231945712345,-0.131804883261491,1.83600377311867
241,28,-0.761619019347313,-1.31764056324274,0.439197362989457,-1.31763460893677
242,28,-1.63142482649308,-2.15163401526951,0.97383503579856,-0.0686791607576141
243,28,-0.117412463854617,0.00377575381985332,0.17955564140249,-0.810855654256019
244,28,0.271031959184311,0.221906821479657,-0.51178325462649,-0.0195749064158432
245,28,0.82892837261314,0.417241617698059,-2.23975422389278,0.450426793264967
246,28,-0.0665788027855015,-1.12138059721819,-0.228196243686908,0.7461396830079
247,28,1.0332511770554,0.990779123832183,0.226129699896096,-0.810090677103708
248,28,-0.29771700415635,0.172244654508686,-0.235280685841318,-1.95231047064561
249,28,0.575829289032126,-1.3646294155496,-0.118846613278684,0.347085493883252
250,28,-1.37871466698368,-1.72077192264503,0.758239853964074,0.675510386834681
251,28,-0.433495202433008,0.871271967019023,-0.192683888423383,0.217030506250321
252,28,3.2355377315279,2.22137831911706,0.511171616043818,-1.9897774377653
253,28,-1.08733183079103,0.264973296504593,-1.62200833536289,0.709294957431578
254,28,0.756601181327924,0.893393335588834,0.238410518998428,0.025607668855607
255,28,1.92436529999166,-1.18650530790724,1.70800740335252,1.81759037033106
256,28,1.69394429343034,1.27228185437345,0.293814982356462,-0.141581060907216
257,28,-1.49630096508734,0.396400119062001,1.63453372451589,1.83527372174217
258,28,0.250464821288796,0.00864214162375829,1.20421282704995,-0.491033629526708
259,28,-0.746783058406519,0.333603919517558,-1.11668266510544,0.424805305452646
260,28,-0.103029153543045,1.02307838200237,-0.228772086743884,0.0707952006213691
261,28,-1.50569189476685,-2.04060040458646,-1.21388002547827,-0.621044319881542
262,28,0.819235829518899,1.47803401625025,0.818295835660696,1.21260301990086
263,28,0.588271058868304,1.42417126849787,0.52671848446415,-0.852123754602193
264,28,-1.33084330843662,0.494062817509245,0.241438421356572,1.70658286619439
265,28,-0.616002753057233,-0.746578994592889,-0.6332166129009,0.604611782910427
266,28,-0.293288184107083,-1.09154958011471,-2.2150804069208,-1.01759619293272
267,28,-1.14202040006269,0.454574601252309,2.01081627426099,0.405811029443137
268,28,0.693333715872607,1.48083475979484,-0.236769588941254,3.49590430516025
269,28,-0.340713660325142,0.338555997003799,0.574991637027633,-0.562978111789742
270,28,-0.407412281825994,-0.73890027329775,0.948702510954194,1.16313120783629
271,28,1.06134777102635,0.113367465950179,-0.934370216930912,-1.33154943755902
272,28,1.70249589637616,1.03507295800404,-1.60785749147682,-0.127211096003327
273,28,0.734297140146804,0.286031721608203,-0.944281723108731,0.918014855177142
274,28,0.677433954588068,-0.069670346783869,-0.341580923350717,0.0675016307967184
275,28,-0.11642672727082,0.258907219592975,-0.787632338818633,1.8323762005634
276,28,-0.554557213361714,-0.88599418678732,0.25284623653305,-1.54635461968687
277,28,1.46019272040668,-1.03353792594441,-0.194039490153126,-0.18191122797983
278,28,0.25252994466725,-0.0823562850794512,3.12908892666356,-0.330947146418015
279,28,-0.960760495960256,-0.380603974791047,-0.217454179288515,-0.766426433481347
280,28,-0.729582013297425,-0.0497719856576206,-0.706237058180354,0.154465584375063
281,28,1.34484330186548,1.86374856054057,-0.964930622924588,0.207214516821827
282,28,0.0512053134423297,-0.320158491310583,1.32441489615291,0.63852487040452
283,28,-1.78103933165852,-0.960587919358265,-0.0460508407942782,-0.585117672922067
284,28,0.156193816553198,-0.320613855313943,1.02224050703525,-0.241067829825524
285,28,-1.88616236288818,0.756901302821562,0.864784148955308,0.18640322313989
286,28,0.725126011885452,-0.572132771242632,0.279936194499114,-1.36550665833897
287,28,0.706375984418935,-0.0306749835033407,-0.337761186212738,-1.80135987736282
288,28,0.0888476526783813,-0.135459092589577,-0.306682895272558,-2.92897288254405
289,28,-0.371809558750405,-0.320152158525736,1.39430483902955,-1.80157735974994
290,28,0.07903410830856,0.155312378824758,0.258320442088972,0.737855806405939
291,28,1.37038294204384,0.167574482616362,3.037529296611,2.09504228103652
292,28,2.03791928298876,-0.147701951410376,0.494015287219612,0.709264232525002
293,28,-0.434310023985032,0.593942358879834,-0.180301203640637,-1.16529463885451
294,28,-1.50950581491956,0.399192425216238,-0.500995401528652,-0.396231346550966
295,28,1.48100684359833,0.285566172829359,-0.464998896362395,1.72529621631576
296,28,0.965815634289874,-0.0199812836715898,0.715972006036104,0.0382713920891626
297,28,-1.3049519340962,0.301758618969236,-1.11779676023907,-0.986462725681705
298,28,-0.38339891671671,0.328832456721416,0.437443284881525,-2.19413019198156
299,28,-1.12094596223028,0.542956984437423,-0.0457829796846165,-2.02180910181821
300,28,0.449136523275725,2.01119599470399,-0.691177354140662,0.252640998108622
301,28,2.82650558322323,0.851085106565532,0.0420919552112741,0.905387887299806
302,28,1.67269244469578,-0.0601830551251156,1.28902269584551,1.72390983262824
303,28,0.410910386174459,0.518223430375816,0.838469495446563,0.541496039585503
304,28,-1.19152361980603,0.435096145178523,1.86294302095122,-1.45854803214181
305,28,0.44029522956645,-0.00876402153774456,0.298373448501872,1.29819437501595
306,28,-0.719829584254255,-0.874033163386751,-0.708232581007222,-1.15518471617587
307,28,0.549346304591248,1.53406846329297,-0.639887099659922,0.744261158356092
308,28,-0.869585023804085,0.555755021489531,0.0901515204371385,0.224751821900517
309,28,1.13497559433263,-0.423569403882529,0.340864899715194,0.061244900132202
310,28,-1.03698842707799,-0.526015927093606,-0.374727025514452,-0.0925779591141954
311,28,0.128126700086378,-0.31193328625216,1.14823610739704,0.421363753081339
312,28,0.373859111236231,0.603060196760154,0.554033268210423,1.92413369825426
313,28,-0.785437189296109,0.461706424191264,-1.44519122289147,1.02454166896589
314,28,0.757912017719554,0.386537706257242,0.0871324630456341,-0.0682851427611446
315,28,-1.11342810913441,-0.142603772916575,-0.943235313980225,0.332240923363535
316,28,-0.183963085748594,1.3790165970184,-0.590027621167609,0.599101070118314
317,28,-0.224163944619609,0.330515271971606,0.683154323229284,-0.789771783903487
318,28,0.377575745068635,-1.2845980180874,-0.103030927495972,-0.63528077300648
319,28,-1.2205229045553,0.352249721857477,-1.06148131900925,-0.118743762656951
320,28,0.0816124708262163,0.429768058877792,-1.82906212976613,2.25128249266344
321,28,1.33571467509049,0.137269399956933,-1.46194143226733,-1.64108259542728
322,28,0.137486733820808,-0.0979636337571676,-1.87001890415158,0.914735417511359
323,28,-0.572969625222388,-0.162058691911189,-1.29880497129294,0.0868179712583804
324,28,-0.223252835914462,-1.56624302412157,-0.525897440706981,0.0627476483299686
325,28,1.25010120178822,-1.44491704477044,-1.2824476676651,0.169206775218062
326,28,-0.0886796079146112,0.981271786060505,1.48229645792015,2.24665289286373
327,28,0.558665087122266,0.620688302906675,-0.745865838027445,0.43564693765539
328,28,-0.519119055822772,-0.468553798853834,-0.0717647349639214,-1.23221404888664
329,28,0.146862087795325,0.294572177036471,-0.866064146310006,-0.123280111079225
330,28,0.0166755427133412,2.83105250240062,-0.425132176159313,-0.424191010896305
331,28,-1.40825164310285,0.193098541810962,1.21549187175939,3.02860008950724
332,28,-0.264517808563095,-0.49672479341938,-0.0152075012891442,-2.26191476551114
333,28,0.235330733247998,0.548112548310204,0.849074098141072,0.753526903675455
334,28,-2.31884583341008,1.99637614049651,-0.762240276156512,0.0222277532188173
335,28,-0.3877163530734,0.897624185546434,-1.68584663896198,0.576687886207257
336,28,-1.31448221119432,0.765567083902016,0.418843484795969,-0.828680446163774
337,28,-1.45692325411631,-0.152170754853563,0.800592686596917,0.687019564200713
338,28,1.15324701189101,0.186912472287491,-1.33637371485139,-0.604264748235351
339,28,-1.11534020531875,-0.0396809098630558,-0.0437185529027759,-0.203162153263971
340,28,1.08672271505391,0.348345404345873,-1.01577924091468,0.49540360762072
341,28,1.259234137522,0.0226305461257475,1.45655512533534,2.06093217479015
342,28,-0.30576360277901,0.125524496131329,-0.297043809633,-0.680990013779027
343,28,0.0936505046118236,-0.614889839074293,-1.06826999537971,-1.65738055452377
344,28,-0.0601859183695109,0.815507995345123,0.245037593738409,1.04908273034369
345,28,-0.58382393703195,-0.703820600411963,-1.20017604599927,-0.842644128529006
346,28,-0.985845801263569,0.99080448586473,-0.497042502993102,-1.40629894079664
347,28,-1.07267809191198,-1.13311106989485,0.821678919484379,-0.103912786154884
348,28,1.53745080628856,2.74863319258369,-0.979592612669985,-0.388878925741214
349,28,0.57187257945543,-1.10890021960266,0.710589568206626,-0.236513163572925
350,28,0.61394157061925,1.36129678093704,0.383827272777226,0.366389953484559
351,28,-0.211285904312173,1.05356993750511,0.704712935745672,-0.894519961517292
352,28,0.371497967130364,2.50588666400821,-1.93543842675562,-2.05000192088283
353,28,1.31345595642951,-0.0800799822489333,-1.46473037651146,-0.660390704708041
354,28,1.93817432295787,-0.226940744858189,-0.376251628132704,1.32884048709275
355,28,-0.951136405713663,-0.706803958251754,-0.917481922220512,0.803529396723596
356,28,0.998488062807968,-0.902578865846776,0.889401277238567,-0.925837985391754
357,28,0.0943641568542037,0.107182193221611,-0.898108187478447,0.233412129385377
358,28,-0.954351343332514,0.736525017323632,-1.47898158073337,-0.776272132903058
359,28,-0.577220330220474,0.76472868626595,1.7858767865545,-0.160832703932476
360,28,0.240502539448586,-0.192970787102776,-0.546300229729958,-0.766618962138529
361,28,0.454434092254578,0.655799714692449,-0.552593738619658,0.67713557349112
362,28,-1.30630568975087,2.93719675186317,0.300501798391148,0.298604065294975
363,28,-0.0402391312156313,-0.548248061343987,-0.847039627273694,0.559854518011543
364,28,-2.01803236166304,0.47261839483293,-0.290322290106807,0.573119471584624
365,28,0.221242224584799,-0.128428254095132,-0.207552674682933,-0.483205404339839
366,28,0.14680538813415,-0.464363698175546,-2.84042033619874,-0.876163377606615
367,28,1.3870766050225,0.152818031849621,1.19686416847517,0.665470400409734
368,28,-0.709229897285254,-1.22145099124677,0.244862340159844,1.58890373186792
369,28,-0.164672320317556,-1.71853557795848,1.51432326052248,0.792056689814708
370,28,-0.460803733056412,0.706902223069006,0.795262667277082,0.217695262041105
371,28,-1.21621420371919,-1.75592436050155,1.55586933142748,0.530960208575083
372,28,0.694420940409279,-0.390513664826377,1.11301813309046,0.222543980226265
373,28,0.336983882029821,0.531008940716133,-1.92348493364054,-0.599128159555715
374,28,0.112444952750713,-0.681864284238342,-0.414619648689288,-0.263752983510974
375,28,2.23602024786818,0.0128457099277605,0.460021438123645,0.805772107934265
376,28,-0.393910167159527,-0.0778757233736938,2.12297172314612,-1.69200512736141
377,28,-0.0425253419520595,-0.655582243988377,-1.55938237191075,-0.26331246261399
378,28,0.80099725848321,0.479448795638082,-0.832369265612194,-0.420030652960483
379,28,0.501358346112326,0.763208287667722,0.245743299651015,-0.824225679386332
380,28,0.972391227816989,0.883206377410477,-0.570413204060205,1.01595178944942
381,28,1.5806010020224,0.949483445858888,-1.29673442020445,0.375436254446414
382,28,-0.832897440802399,-0.0222104813972295,0.757963980160359,0.319030233687414
383,28,0.709821290309937,-1.39820553212455,0.382295789552124,-0.817092923194447
384,28,1.10935409389561,1.30417717704863,1.44118437785577,-0.701599282370166
385,28,-0.452798033698495,1.51594303170175,1.2921913190205,-0.19035516332008
386,28,0.320774984956755,0.0624453734361051,-0.0216050116127052,-0.0217288323262577
387,28,-2.03883817024589,-0.505196754823069,1.09612673167826,0.975555540609694
388,28,0.339385726732303,1.4853281893197,-0.285474058929583,-0.0474727285446291
389,28,-0.55242724065023,-1.5733834697802,-0.618287837533194,-0.795444721766806
390,28,-0.690672942877358,1.38290848183859,0.358408932538276,-0.699225818691593
391,28,0.48538323959589,0.0132908734474467,-0.201345080918011,-0.927693588797562
392,28,-2.96858289712515,0.373740366762728,0.727113000463246,-0.0920788338906721
393,28,0.0750714119242451,-1.1048517995874,-1.5338689860427,0.306927175579582
394,28,-1.65264717005251,-0.0470429666289719,0.833352949510403,-0.669592288475809
395,28,0.472871358595149,-1.48834682297704,-0.845475137385175,-0.153921658746308
396,28,-1.17334360002672,0.764324072844229,-0.00173228483024025,-0.0336930576426831
397,28,-0.598563078473409,2.15556420521233,0.414451725848003,0.9091308239198
398,28,-0.0625626010184545,1.99572420314516,-0.250480456119728,-0.103840355534388
399,28,0.563220942383404,1.7782053720103,0.594703802456562,-1.5039396428685
400,28,0.889255686568427,-0.501432405839243,0.892967868733876,-0.728072336697889
401,28,-0.268687754496243,0.53396440639497,-0.117580274332001,-0.113629127363447
402,28,-0.751996640318621,1.17059323899916,1.52447974077691,-1.31902240674648
403,28,0.257387877833032,0.410660101836054,0.788310596274384,1.54269265810795
404,28,0.581304731138633,-0.149470852292518,0.866440040969914,0.131987914027605
405,28,-2.11917303428894,-0.845079799776228,0.364625551943143,-1.31015506223943
406,28,1.35011539820378,-1.73258959853449,-0.577498335274511,0.0916958036041596
407,28,-0.0937922111781673,0.124433184252249,-1.01376709106348,0.809918567584634
408,28,0.163070785329336,1.65167218610787,0.0554850013047613,0.190579506058571
409,28,-0.292412151572264,-1.61360886045623,-0.193958921624897,-0.177166599924106
410,28,-0.580030278087581,-0.29928954003866,-1.62852649936676,-0.706904269629962
411,28,-0.801324445892238,0.143800014242175,1.33327793225425,0.139225899726538
412,28,-0.892252862329554,0.642708051054754,0.10523827783856,0.396003706163019
413,28,-2.13896304583223,0.0571206887191404,-0.517397826754126,0.547348058747649
414,28,0.095569281460709,1.30311984075507,0.396964816374144,-0.756153665395735
415,28,0.675549051666454,0.699772389165422,-0.599506114547951,0.19285732813514
416,28,1.3708550095171,-0.400947998591006,-0.752933004382726,-0.832166306016608
417,28,0.100313299370678,0.855511221776732,-0.131066641732453,-2.92255953339621
418,28,1.44261730351682,0.327093705597844,1.71438240333169,1.37363681143523
419,28,0.48903163627864,0.465652603468951,-1.24078581022971,0.342096164693812
420,28,-0.518066707598131,0.265088425528614,0.166061278980038,-0.49058507417951
421,28,-0.696489304540938,0.50999843325562,0.893715583629324,0.921097663658023
422,28,0.735751643127778,0.392348518693474,0.582613760885163,0.472353778046423
423,28,0.567929372805588,0.861303404740092,-0.204635377105797,-0.276160617192518
424,28,0.0486984200392284,0.933966972615991,-0.275519929203408,0.882852197136966
425,28,1.91675293527532,-0.993875081834158,-1.84250633268461,-1.13230572358868
426,28,-0.882959649939213,1.13286895461972,-0.250116068855962,-1.45907786741773
427,28,-1.32689430795112,-2.162357608094,-1.68004525196513,-0.584817178603237
428,28,1.08255449993938,-0.111932393748348,-0.434295098467739,-1.39053691811498
429,28,-0.301864260102801,-0.161171440216888,2.05747131204712,-0.655317705561019
430,28,0.676117141216679,1.11178701171604,-0.649207277855538,2.21224229917929
431,28,-0.561970299413139,0.224857320611642,0.686609746966538,-0.0264535922792804
432,28,-1.1479580074575,-0.110434045092322,-0.547132434310248,0.0674721486667304
433,28,-0.349305799832073,1.21263111010311,2.56006232217947,0.13938969289066
434,28,0.100806999688671,0.467415279626624,-0.910471468030161,-2.21353252240837
435,28,-0.868973333037502,0.0414991369877254,0.382327029088344,0.570379985653734
436,28,1.1887377627585,0.06135342493552,0.341397235166609,1.22592630292138
437,28,0.187802116320836,-0.771629536172837,-0.645935223848381,-0.0386488281630165
438,28,-0.842494241777889,0.31158345722211,-1.14527351023241,-0.519704033592132
439,28,1.03406886934411,-0.696860346389252,-0.831413543357461,-0.34289266910972
440,28,0.287543258829898,-0.151371070745129,-0.938694942648494,0.987820553804389
441,28,0.678210190862837,-1.01171449916997,-0.361900408648241,1.38398952584057
442,28,-1.15160960190701,0.565498099252223,0.293579746569355,-0.619300535733092
443,28,0.307360618293349,-0.497967537559162,-0.182063069518941,-0.854570103853301
444,28,0.332742577231327,1.35689600690789,1.35442063371573,0.287205387642481
445,28,0.0867640499963857,0.481971613255901,1.01416766639255,0.685420393430148
446,28,1.09917981661583,-1.72418247002519,3.27780481529606,-0.213481178427133
447,28,1.58354536815335,-1.23702530132329,1.50081872825875,-0.318603930249823
448,28,-1.02794964271185,1.68183298328126,0.0541455247997763,-0.56177218209417
449,28,1.21620812279297,0.379401353970978,0.726847570908528,-0.985104917924495
450,28,0.085005658744345,-0.322342842167912,-2.40567192329511,-0.323790778079273
451,28,-0.377946144930704,-0.346741192310447,-1.22141459489829,-1.79428614036819
452,28,1.18315601772517,-0.579849148956346,-0.926962205919213,-0.409233098052628
453,28,-0.0998222744834371,2.43839672900608,-1.40672663614361,0.68530102739883
454,28,-2.03503813582923,0.408849841050949,-0.931395367315106,-0.98526307838796
455,28,-0.12525991451203,0.707753346521617,-1.01752338417338,0.628596435471424
456,28,0.573567537757087,-1.21285360086247,0.425448750404736,-0.678498011300549
457,28,1.1083854825146,-0.161139919750025,1.19737325537901,0.69254135846406
458,28,-0.686646107168566,-0.215320189432041,-0.108702379332705,-0.469510735630511
459,28,0.651473698897674,-0.517970653145963,-0.237244629360541,-0.804641309149943
460,28,-1.68163566674685,0.258127241491956,0.427457402242903,0.705586358797055
461,28,-0.872417251793254,0.559769354868664,-0.160450841400551,-0.281814775162244
462,28,0.811064078996599,0.43218683680089,-0.703047898592308,0.489566289607998
463,28,0.932393459635566,0.453386432671981,-0.158506365760442,0.825524921163339
464,28,0.43568080890598,1.0404246199042,-0.336232038365193,1.01674762702817
465,28,-0.759235095114351,-1.58286273455508,-1.02220246923773,0.719108081516911
466,28,-1.25088172437802,0.447695767139643,0.989534892403856,-0.225424052815815
467,28,0.0213377956060325,-0.934422168039609,-0.137130334660634,-1.15149361261411
468,28,0.0778169204844837,-1.49401020981725,-0.895152268783413,0.772410935653809
469,28,0.152584460484984,0.702913038629046,0.59461164800191,1.33878700236322
470,28,-0.0517623610347489,2.4099094775018,-2.53688869926459,0.195766109586901
471,28,0.939942402521661,0.880148988840217,0.721511502364955,0.41016267385018
472,28,0.40305574618869,0.649033265320677,0.383049934590279,-0.584626109558736
473,28,-1.32053649485888,0.389125998181034,-0.74347550440749,0.882787266696357
474,28,0.91211260265178,1.03717113994554,-0.880171940490941,0.473050381296631
475,28,0.206340066694856,1.62469191630767,0.253192416563276,-0.871578373593673
476,28,0.790189029711137,-0.261499569960334,-0.963839836717304,-0.0272228815524575
477,28,-0.62888735143081,-1.0588092676124,-1.05214586328064,-0.028832241594265
478,28,0.691955049429666,0.780976608710706,1.40264345518257,1.9591924721244
479,28,-2.42344990504553,-0.383786252561679,0.785237375755759,0.540377405587435
480,28,-0.673758160603875,-0.140113388454563,-0.722568133451877,-1.06396140491969
481,28,0.778703227890839,-0.805575673612742,0.161710237645929,-1.79976358565732
482,28,-1.38432342779124,1.78334623616583,-0.751849888931283,-0.517817912805252
483,28,-0.866085844708589,-0.131755185981861,-0.467264194582404,0.77874100345153
484,28,2.37748971250958,0.652323341287217,-2.04037239539523,1.22207819053277
485,28,0.201095849503833,-2.11230713436984,0.914125260943189,-0.823268074385274
486,28,-0.660094266566542,0.274823788938897,-0.471983992502212,1.2450921055393
487,28,0.110235215500987,1.43275243874565,-1.27644669129969,-1.01055205903113
488,28,-0.62371201178967,-0.889384631932139,-0.130521148440562,-2.08207074238474
489,28,0.614103576971225,-0.0125520603703458,2.67624325181832,0.999673072237669
490,28,-0.840366441365652,0.861232383696009,-0.610545062772124,-1.08655712923799
491,28,-0.205045354872097,-0.0583461067135229,0.361201610026921,-0.680507715264265
492,28,0.720947079940553,0.885368839652433,0.20834414757565,-0.456980933344167
493,28,-0.174938025602458,1.14997436511322,0.145880554424595,-0.972477377980882
494,28,-2.04044966370988,-1.23326504426269,-0.953043742661321,0.552555568026646
495,28,2.23620609390313,0.627418305176617,-0.361870295845673,0.684607394732236
496,28,-0.710071402068667,0.306653474280064,-0.57263154988448,1.55500829234015
497,28,-0.825570604051597,0.811402111170419,0.855735884329786,-0.0819499686290421
498,28,0.831425372457805,-1.9838272934023,-1.31026734015071,-1.65391833442228
499,28,-1.84822739285433,0.637128556740553,0.824340449484785,0.743303574361543
500,28,-0.435125000984586,1.41902656471254,0.297892734223402,-0.555441521251919
1,29,0.15512868454534,0.22557884483962,-1.6380207954858,0.262971272846265
2,29,1.13123655838224,0.807334385763244,0.45117281601172,-1.10620268712761
3,29,-0.0943298916536448,0.205670154960718,-0.374765736543125,-0.487476692838372
4,29,1.27084230838832,-1.1611947219465,-1.01014794586722,-1.04581054053331
5,29,1.43708098912576,-0.635819828963612,0.724217352555476,-1.43386288171103
6,29,0.244952110869301,-0.838787196405061,-1.28500821967574,0.727883387146445
7,29,1.28791918493465,-1.55828641433193,-1.25805497978591,0.658423985903572
8,29,-0.766146404327226,0.375447229632904,-1.10206314911698,1.17469852577853
9,29,-0.786474248734241,0.791613987351928,-0.186508990964574,0.592514487340491
10,29,0.154266397151281,0.778743148151123,-0.496426024764492,0.68745690292266
11,29,1.1673169331939,0.638138569782496,-1.87647754247542,0.268449161120505
12,29,0.332833460758836,0.678879351865605,-0.863931711175477,-1.90409665187143
13,29,-0.593182588845039,-0.22098376148455,-0.0436381450328413,0.313208040270773
14,29,-2.16336252991566,-0.738470699306039,0.673100400202826,-0.185690437429171
15,29,0.46918082132092,1.8710947117703,0.216732618090441,0.0202453493313209
16,29,-0.336921961656192,0.688412813065277,0.0425575579135065,0.779986448689887
17,29,-0.595215492444193,0.248955886800337,2.22818607634247,2.21854829798778
18,29,0.590476494180987,-1.5316238641167,-1.3660833199736,-1.85472746756457
19,29,-0.822363750341224,-1.52468302112502,1.60707733126865,-0.915342189838923
20,29,-2.38637510394676,0.17103483159133,-0.166954248315744,-0.772673759137757
21,29,-0.27600701776887,-0.0958921937242682,0.00199231566958815,-0.880085628637924
22,29,-0.968496544010061,0.229765953510252,0.756148693798672,1.91784795187405
23,29,0.333782862503642,0.405499461179696,0.09891765725549,0.0830860383487943
24,29,0.635667544072482,-0.476082736648731,-0.996576166718599,-0.784268740423508
25,29,-0.183502453713993,0.381846912176283,-0.910529846283856,0.375143703675727
26,29,-2.24690221201158,0.367375071571201,1.55109788530395,-0.699386028119889
27,29,2.51029140642976,2.07462359682733,-0.0791215700332394,2.86565869202947
28,29,1.28499932984086,0.629357708708814,-1.60165357495859,0.927541408478897
29,29,0.743696491496133,1.56118467918506,-1.98936009752058,-1.02079943138216
30,29,1.38967682924366,-0.946565082583726,-0.418209161033103,1.30187249327876
31,29,1.49333988094911,-1.14719446615797,0.333027156517668,-0.67629248943678
32,29,-0.335476952030378,1.71610335691735,2.07250869631884,0.0813531870221782
33,29,-1.56839910628745,-0.705342569945742,2.12087028533703,1.57928609125818
34,29,0.800589628728309,1.12604445986184,0.193014481141804,-1.08643409342806
35,29,1.55299739937945,-1.67403712016023,-0.0663697855798387,-1.74010646483824
36,29,0.621346407707923,0.857160677751697,-0.214913176629507,0.915417988142952
37,29,-0.714417809037355,0.178323342853589,-0.46765011014673,-0.286812126568266
38,29,-1.10226508653125,0.521669249762129,0.289369335500404,0.716734348473057
39,29,0.121424171235384,-0.310427312200926,0.558478009283742,-2.08802850888323
40,29,-1.66348596901417,-0.422247908079346,1.93472946052503,1.9475791875634
41,29,1.47162706784991,-0.479036616751148,1.28499186822759,0.50729108434301
42,29,-1.12672356024416,0.982569557635091,0.564221421349581,0.753598244248607
43,29,-0.405481169577805,-1.20589169335288,0.561112346667405,0.921684613471078
44,29,-0.469057345346694,1.17469124367321,1.08407572863551,0.464426910769422
45,29,0.931447388264243,0.880826344183727,0.573637770807769,0.0349652062814441
46,29,-0.194085094997444,-0.534086780029259,1.68468335392695,-0.62715525981276
47,29,1.10524957331814,-1.80978500611364,0.619685012231227,0.012545728428916
48,29,2.72383203138258,1.21197612263145,-1.45791034903921,-0.0159085546302403
49,29,1.21009100031549,0.192203143346505,-0.383365815703553,0.146949506408077
50,29,-0.817187782351165,0.236693377831181,-0.598698733675034,-1.14617112659786
51,29,2.02274803789174,1.10753904833853,0.969677783238644,0.670025756040197
52,29,0.464216610879835,0.348816761899928,0.35265875173044,-0.484069338195786
53,29,1.84817923432881,0.372661100550696,0.91481428832821,0.861763130177874
54,29,-0.623882248239808,0.0371378288211561,-0.472199619076473,-0.840485340706391
55,29,0.593641973469633,2.01368902993963,-0.71728269587361,-1.92521432352592
56,29,-0.168311777731843,0.419089338979199,0.589697332572652,0.668329495361218
57,29,-0.613599833416819,0.472447686209665,-1.17882309180608,-0.93998946228352
58,29,0.29970235835273,0.634496718037139,-2.12721470610689,0.0754516419045876
59,29,-0.783662475504335,0.140305189336302,1.44597331842003,-0.205109541432051
60,29,1.59782258366699,-1.02068949876485,-0.109166949159524,-1.11565813378316
61,29,-0.541532478830041,1.30492724036793,-0.0962534353153319,0.333888569252982
62,29,0.327469367948917,0.497176518465547,-0.801243436211693,-0.754646191960748
63,29,0.769290981970716,0.282481668832344,0.0808988169418986,-1.38029977067954
64,29,-0.0483418816506144,0.178866682632098,-0.144346284568894,0.813006969626519
65,29,-0.0180851917790905,-0.544924758693894,-0.125003270851156,0.76044903636103
66,29,2.00680415825576,0.547164695874395,-0.00234796834712062,0.0605266671747408
67,29,0.449487495220143,-0.714792655349758,0.505878867704773,-1.15167742945363
68,29,1.8139525321548,-0.0850815674524957,-0.288132334872948,0.483010196489296
69,29,-0.535576094400625,-0.302275859877024,-0.756866043167522,1.21437391774211
70,29,-0.40950275833044,1.52115383675061,1.34436554338062,-0.507185338890181
71,29,-0.252115704876689,1.32776490656796,-1.03282418319516,0.742257492567338
72,29,0.26304822211596,-0.38036258072686,0.794166998450243,1.68792567876507
73,29,1.30202366513239,-0.221453728530114,0.186938795998729,-1.23233900324949
74,29,0.122875239689821,0.237794296740168,1.62252778106493,0.469435466306703
75,29,1.540458363696,1.09993703740242,-0.867471573479625,-0.539000338908847
76,29,-0.60942201621586,-0.513907068235195,1.70035123066323,0.205751525461421
77,29,0.769960467570969,0.526520750976897,0.0284661533906286,0.863717549605371
78,29,-0.0388977944254164,0.179903524193555,-1.04769293934064,-0.568652135895235
79,29,-0.726254802394121,0.252203319426719,-0.0323511647754584,-1.22789832279699
80,29,0.995163227231391,-1.05573673567883,1.43795142792226,1.19328924364807
81,29,-0.485977039638253,0.272076045440031,1.20323919919015,-0.786254869975382
82,29,0.833476269812195,-0.458195789203241,-0.773946772650823,-0.629483633956149
83,29,0.281004206670969,-0.642336243162753,-1.58095570908273,-0.806488536521439
84,29,-0.0813429142554069,-2.34605645141644,0.126848889132716,0.960602257874507
85,29,0.0293639959137208,0.390480440943943,-0.81082026026083,0.592499438536309
86,29,-0.922956452305238,1.651198420691,-0.735578848315466,0.969304154077526
87,29,0.715768846900808,1.41246135566701,0.889024617198176,0.808336679287865
88,29,0.339647094791249,-2.0604191063792,0.821969335126191,-1.40885977832708
89,29,-0.670487144803327,0.161486534283176,0.378547171468117,0.393255224392635
90,29,-0.539961655648093,-0.681938323886654,-0.00898776878467152,1.55886828381272
91,29,0.604665668674545,-1.76648316955512,1.08966285419421,-0.343495126265461
92,29,-0.478378376948684,-0.140341449503085,-0.395145438225867,-2.16426247122055
93,29,1.80015465170092,0.815686942939554,-2.12429433557382,2.20346411445272
94,29,-0.696960194143187,-1.33298978053426,-1.02398251765065,-1.53620292018218
95,29,-1.24264983157475,0.572802166058542,0.712909357647956,-0.26306848570982
96,29,0.41113924437817,0.427872674193648,-0.0462063131566168,0.623138477434214
97,29,-0.285028651602072,2.30436063710076,0.276708958365762,-0.492620510379076
98,29,0.0336938212834085,-0.889533378789891,-0.607346068157364,-1.73312607924161
99,29,-0.659067458171151,-0.109537579363769,0.0669132828633813,0.337857509903526
100,29,0.234588796849737,-0.470304981973841,-0.458992098456944,0.947547472339539
101,29,-1.17573647587397,0.246581197663362,0.312012910158989,0.487212779395663
102,29,-1.18096340907561,-0.464117457256466,1.73580122213929,0.018156780244563
103,29,-0.0896984041347677,0.549505463629358,0.368036610864793,1.14746471020155
104,29,-0.126349222323864,2.03936452658391,-0.973653726030528,0.119781810742719
105,29,-0.240473085677541,1.24738108856248,-0.523816275160971,-0.570612824229303
106,29,-1.05527812794201,-0.438766453841652,-0.180480825283655,-1.13659838724573
107,29,1.45715042030904,0.172916166862998,1.1576107916499,1.48778605958337
108,29,0.713531787211389,-0.0486645321465218,0.253424028622318,-1.76365056039755
109,29,0.119686271457783,-2.40506530501501,0.266162023773344,0.10676679440444
110,29,1.84446658632272,-0.127238408867619,-2.34286492034044,0.252074061690257
111,29,0.0962366612790621,1.31174582526909,-1.27668945878769,0.58676467198121
112,29,-0.921790947284834,-0.164973032543639,-1.43525270647461,0.22956061189452
113,29,-0.395442605678462,1.63341840902557,0.0787149252195206,1.49711990415504
114,29,0.126273083490253,-1.2027779183724,-0.583771473941435,-0.639371382910113
115,29,-0.24255950329533,-0.946263476623893,-1.414301826022,-1.05133498772003
116,29,0.255675682261148,-0.265136820040446,-0.66999186409618,0.316632114522606
117,29,0.118028243045912,-0.247594087439537,0.855157225382142,-0.400894592959425
118,29,-0.0448167310924182,-0.849753658666692,1.21800569013971,0.39291605846764
119,29,-0.92501973238632,0.391878400851847,-0.260515114624111,0.136843488508966
120,29,-1.544943777327,-0.192624316912714,-0.730255715143211,0.0894494680697841
121,29,1.33877876939701,-0.834215768583829,1.85515617042949,0.300120666652271
122,29,-0.0804441607600215,1.90991593035074,-0.191233746190377,1.06698829831115
123,29,-0.229251927456446,0.346733651202338,0.243876379856187,-0.982782963158876
124,29,-2.44889043828979,1.56178876200799,0.789810743057628,0.555711745552706
125,29,2.34184808028349,-0.524806488695496,0.879375495989793,1.25738213726368
126,29,0.115166015880407,1.35710205441184,-0.0740140794478305,0.0582076084564896
127,29,0.277844694600788,-1.37073054034829,1.27658751923475,0.813772747289818
128,29,0.0902262743154973,-2.03150671696624,0.508917834760661,1.99048034561253
129,29,-0.532643112062263,0.462297219817855,-0.71653964051267,-0.201040484795252
130,29,0.473295515213921,0.682136725591901,-0.718011541512872,-1.40654999991802
131,29,-0.13479697831659,-0.467464617048977,0.248969557316941,0.645351984791872
132,29,-0.531564160634977,0.561586431109723,2.37588720888125,0.136456606644865
133,29,0.896094301959585,0.767110085309399,-0.708625373562638,0.0736337835865321
134,29,-0.0977311360916171,0.246037540823175,1.02516913811735,-1.2493351833152
135,29,0.0492129721428852,0.0125832469483335,-0.0609200934682797,-1.15661830269072
136,29,0.651532473889071,-0.329543892448987,-1.23258547326926,0.777602548029439
137,29,0.780787844015132,-0.637905386571144,0.470749457133938,-1.61646345976053
138,29,0.827355488968292,-0.0615521794052521,0.112181744023237,1.44892934600135
139,29,1.00212991035896,0.546358183292801,-1.01912521323654,-0.0388795223201253
140,29,-1.76875139402969,0.446100726989971,0.241976873635409,0.323705724990353
141,29,1.80305805408779,-0.296355814541977,-1.07561194880395,0.0264443597727022
142,29,-1.12412855658578,1.27557695024563,0.717112164014051,0.477587257863567
143,29,0.460109541860054,-0.0688023171821891,-0.239018273595713,1.87114560353999
144,29,1.40107963481278,0.834135776782907,-1.17128895336064,0.533548603083801
145,29,-0.557076273867925,-0.927110543151384,0.895881838265265,-0.199214263375091
146,29,1.06596226034146,0.775508426295549,0.637629966444029,0.842001290676932
147,29,0.0176464232057436,1.94769753210492,0.224351386932134,-0.656435642905819
148,29,0.509071105434979,0.577107228236127,-0.117881253556933,1.0265307546246
149,29,0.174603422935418,-0.560774610998888,2.34735822044032,-0.780580438752437
150,29,-0.769640653668789,0.0508437877580219,1.05916460073501,0.260912274900546
151,29,-1.18691426292186,0.936907268494225,-0.500320173864474,0.412528682997114
152,29,-0.120247940894721,0.417421502576063,-0.943421854911054,-1.79219748968233
153,29,-1.06849400014079,1.26043022418134,-1.12216780116528,0.621549894497607
154,29,0.971790169914824,-0.652686499540767,1.01072388595089,-0.279197328690727
155,29,-0.988644638376016,0.736376257592879,0.428996901277702,-0.0293059569990155
156,29,0.75493175873474,0.608248491362929,-0.256604481860206,-0.107376477936733
157,29,-0.103664871578284,0.285045043104838,0.0347289504459081,-0.452440507658839
158,29,0.702762490588876,-0.847324770065528,1.18085171085124,-1.42156046761778
159,29,-0.659478378212581,0.0896076607752095,-0.765445687409407,-0.19605863610044
160,29,1.48285048105083,0.265499329548781,-1.20548278094734,-0.00790300987842084
161,29,2.11374582597604,-0.945672993458273,0.23203467418975,-0.551987939741546
162,29,-0.468476442275813,-0.837131400794885,0.0955881806465294,0.842075365866359
163,29,2.41524367494107,1.41015939498349,-1.60858826248263,-0.0231663465246846
164,29,0.216230556019382,0.806841467782789,0.836379386202327,0.842615423746835
165,29,2.83285565445025,0.740260454866221,1.79569383528125,0.0069398257239255
166,29,0.618531039345456,0.918858599869109,0.658093913695618,-0.529172254098229
167,29,1.93370436766853,-0.0477206048146886,-1.3609498732298,1.3940721308384
168,29,-0.269836285103446,-0.292692852441746,-1.24467544338816,-0.867071436176821
169,29,-0.604938315524265,-0.119067881745633,-0.723170191148807,-0.89102305754664
170,29,-0.0252061419586,-0.874225884144808,1.22563157906751,-0.132657134591681
171,29,0.640027159977597,0.807822841132532,0.157049265727969,-0.321794312468928
172,29,0.1667022322583,-0.17733196008779,-1.11560388697533,0.483204602089255
173,29,-0.646923378116314,-0.768444053194341,-0.550596861212975,-0.519222306621887
174,29,0.972655463631379,-0.667855038723822,1.47299085867534,0.628117232264814
175,29,1.3371395265286,0.747605741010597,0.111876932378476,-0.0100368683520513
176,29,0.887156822544781,1.45189093382088,0.348870428213799,-0.274890388897735
177,29,1.26197480271965,0.418398443571515,1.61848567846619,1.54237303755386
178,29,0.821444304030538,1.54912417520195,-0.348689232260466,0.490693025294706
179,29,0.733770484075695,-0.12696500124514,-0.926943203340693,0.0287850759630632
180,29,0.777561113585567,-0.56662404529375,0.634389176616245,0.527613830708247
181,29,-1.84883157532389,0.778518027698754,1.21587534412621,-0.821019568736149
182,29,2.25543688165445,0.594813515408384,0.181927111388184,0.917367802118799
183,29,0.613793198101562,1.43028963132361,0.467254039537252,0.814250531234484
184,29,-1.21458112934859,-0.51102179890935,1.62432593675949,-0.364110948105746
185,29,2.25438652643596,-0.392524443556912,-1.15499083083977,0.363916397106828
186,29,-0.590213113853439,-0.932196784163055,1.45456596866669,-0.622917128188519
187,29,-0.555101030321194,0.781338562403648,-0.215039951585369,1.39035730616991
188,29,-0.323343921631696,-1.51210557302547,-1.67206265795548,-0.0616059992306293
189,29,1.20235326093583,0.747456401300263,1.46871504897904,0.270523801808819
190,29,0.65196316729226,0.34115425760275,-1.72761343414603,0.394478605886712
191,29,-1.34265266854647,-0.0250163353596113,0.381751752213375,-0.948300108303095
192,29,0.320563542429429,1.21320985273453,1.24662144364318,-1.25840226136643
193,29,-0.368919541566746,0.266848941755713,1.33975546807742,1.28388491300718
194,29,-0.604158423833318,-0.33176117931471,1.24165435202806,-0.580630483105157
195,29,-0.64606992152154,0.794333483998209,0.537627822668336,-0.455503112178761
196,29,0.836200956067399,-0.943378379616266,-1.49574764277842,-2.69388864314392
197,29,0.854188450294281,0.595544987934894,-0.798564507907903,1.64911595183724
198,29,0.286263915696874,-0.443843341030373,0.256603701058373,-0.130267941998981
199,29,-0.0643394193172141,-0.734919969717619,-0.449153232935284,-1.45915645348492
200,29,0.855844892597188,0.219139536044245,-1.11754595051823,0.367606347869735
201,29,-0.63171050597053,0.870842060425388,-0.865241104497262,-2.48559470955138
202,29,-0.647413184758281,1.29024320213057,-0.183923831438505,0.539075388132239
203,29,1.38444395429507,0.0772121627457491,0.523922697131368,-1.02393356487486
204,29,-0.750220204892653,-0.283633618858185,-0.93578472733311,-0.0724395844330478
205,29,0.231004172750946,1.34595824522243,-1.7362927983942,-1.50560676665788
206,29,0.176361229425356,-0.207248624363094,1.05635170799111,-0.798070969545651
207,29,0.118387523036628,0.236435939382617,-0.358945034972851,1.05902236994396
208,29,0.455555367678846,-1.09728764618174,-2.52414469736694,-1.84775018799263
209,29,-0.33579347437177,-0.35029707775481,0.0619020598009598,-0.84072685531435
210,29,-2.19433035079226,-1.26021230198908,1.15233029858054,-0.312581888485706
211,29,-0.115854197380218,-0.416567369981895,2.27878031453814,-0.913920891634606
212,29,0.546404961477657,-0.222200074894379,0.0921505131259328,-0.0627806352323162
213,29,0.068741963842065,-0.31515039845652,1.0464750521539,-0.118339366322607
214,29,-0.629292963982384,1.34954253395696,-1.54999692955227,-1.14370380496974
215,29,-1.18429649231455,0.955767832827584,-0.188117937890862,-1.72855757674913
216,29,1.27597946392403,0.90772477293665,-0.426060813103499,1.85293958269466
217,29,0.627270103777146,0.590697272336852,1.5533851980992,0.431460323285852
218,29,1.55843109135694,-0.392040085740824,0.888553089006902,0.641835182631244
219,29,-1.80862769882704,0.17940395798817,1.22156508802997,0.339299724666208
220,29,0.835031771781037,2.01569007126609,-0.313634220359847,-0.00301804407693118
221,29,-1.98005578082385,-0.171862978608933,-0.758761785183681,0.664430525511037
222,29,1.46255767636935,-1.51392379981978,0.305899831080403,-0.305698671257056
223,29,0.0341429492858365,-0.253010174374019,0.887824751146673,-0.558258887548356
224,29,-0.140556611139245,0.979728495599878,-1.14747924495643,-1.41034292677552
225,29,0.518556987215982,0.510294435403471,-0.434126357331257,-0.208482687472776
226,29,-0.0803890606225196,-0.843496283950005,-0.53728252244438,-0.482082461552938
227,29,-0.411329321576804,0.171412093240061,-0.0271859319549085,-0.331212163863373
228,29,2.46909983718133,0.0606895371508414,0.243749912277555,0.951915325510932
229,29,0.77924307432685,1.62832152416492,-1.54668202634864,-0.61918960609133
230,29,0.881298030954621,-0.485872168154493,-1.32179534106275,1.01817201960549
231,29,0.635053426915509,-0.485398168024326,1.07993944612514,0.163677477118733
232,29,-0.700778191853191,0.183626032300063,-0.706898626020127,-0.0829683322674854
233,29,0.940481630208723,1.52507657749355,1.35418847012662,-0.283753707207818
234,29,-1.42794132043549,1.90745829507316,0.957100747022215,-1.54248594621693
235,29,-1.98127489250724,-1.38663996828068,-0.194259874033326,-0.773385963946287
236,29,1.00972893924761,-1.04248094048048,-0.831766611004234,-0.667565383495782
237,29,-0.165135829775902,1.43561650267833,-1.4389082209833,0.355146614567318
238,29,1.06156143203082,0.490139011178714,0.823296804296416,0.637484801361744
239,29,-0.0291488398938533,1.20188760676303,-1.31741624893184,-0.599318266270913
240,29,1.61311661430073,-3.89245968587173,0.0799907211752681,1.10370609061248
241,29,0.199540277166177,-1.04145122781238,-0.00393856508805553,-0.642546935902685
242,29,1.81363122655623,0.466484208116634,-0.0862010838795706,-1.39446122613504
243,29,0.608096160920072,0.421514613181949,-0.468500854026657,0.155871610054747
244,29,-0.797071973445468,0.204822359508804,-1.56275374047729,-0.323285353106215
245,29,0.439795824311495,0.0337482204204628,0.491872684195445,-1.8516964822861
246,29,-1.85767694978306,-1.99285853641426,-2.52385652737568,-0.488160778341918
247,29,2.03098449919301,-0.00676146036678519,0.18877358668512,-0.275709409582734
248,29,0.555028420275642,0.872838592214219,-0.354592370072302,0.7398783633394
249,29,-1.43555471416511,-1.05301821927767,-0.321297654339684,-0.747311478726723
250,29,0.332456840936437,0.578583684291913,0.574220357904794,1.58648485482679
251,29,0.178591416464491,0.176338914828584,-0.522272281985372,-0.148561244735472
252,29,-1.19235991379516,0.646753364861269,-1.48106298597479,1.23719922342686
253,29,0.579095549289221,1.81761845422793,-1.34904765951335,0.785839356094018
254,29,-0.392205838225323,-0.128919397531714,-0.264278204166982,-0.737477552452875
255,29,0.664394700396174,0.212327680700163,-1.57181772029547,-0.33720413666707
256,29,-1.20537964337444,0.257555184984844,-0.702575023719823,-1.15339795979996
257,29,0.283846853074142,1.36901696697141,0.0144063367354124,-1.61975381315609
258,29,0.493917943416839,-0.15415770431736,-0.116904430603157,1.55725603579735
259,29,-0.267130335461911,0.906465860357722,-0.889115132957513,0.0496841803775419
260,29,-0.71780475723591,0.688110373807635,-0.705023503646267,0.328281178973348
261,29,0.0259046915968032,1.60522316051078,-0.0560608720732271,0.306417323912071
262,29,-1.00046291087725,1.44627332508399,1.30641881175972,1.38414077526542
263,29,-0.192019763960818,0.368348793177816,0.161656150708062,-0.637986353206222
264,29,-0.480327771346029,0.773897849120848,-0.676713031959535,2.90663011415528
265,29,1.28004810957007,0.106930397576386,-0.422068816173444,-1.65116040552732
266,29,-1.45072553315739,0.961747481968586,-1.00254146322775,-2.08082573457737
267,29,0.201712981848629,0.956990033528392,0.897673313211529,0.131223970028939
268,29,0.404221340068709,-0.0378010508078582,-0.304334758344422,1.95239479047533
269,29,0.446418348314823,-0.2310583657993,0.394233085125341,0.427459517691203
270,29,-1.47680206520755,1.33154644631207,0.526176839327432,-0.850299992933214
271,29,0.238277566610004,-1.12122373741713,0.00327992680151651,0.552766211390481
272,29,-0.725751137206371,-0.154669802222755,-1.3198564458156,0.236830974776324
273,29,0.698613657349816,-0.324590190821802,0.196975747453328,0.472226681342661
274,29,-0.211890301912268,2.04130929366931,-0.112037538045341,-0.362196500985655
275,29,0.799853690756338,-0.0472490964702804,0.708197465860254,0.593610204727428
276,29,-0.15700504738603,0.36644948671563,-0.597923547281132,-1.088224735404
277,29,0.617614315904759,0.134840142712504,0.378121251846647,-1.51688678188976
278,29,0.214960414836467,0.869222867763456,-0.844270658543355,0.19013430106743
279,29,1.9901727105169,0.354453999944673,-1.43256803925953,-0.599016951897435
280,29,-0.609020466028085,0.182904784445382,1.66281022365932,-1.1662475041958
281,29,-0.092523340493688,-1.7032763856966,1.80479655082911,-0.0733840296015029
282,29,-1.36280884277425,-0.322940931441627,0.375918862933714,-0.518529721849446
283,29,0.507649182665718,-0.046038051912855,-0.529063556019251,-0.437371502998004
284,29,0.715885995506677,-1.17479804601268,-0.850335225135332,-1.10616087259588
285,29,-1.15059990906411,1.1848687183475,-0.231897409957978,-0.207924031804194
286,29,0.142286411136322,0.621142754722896,0.50813486210279,-0.84619588363377
287,29,0.537396915448563,0.681018630448348,0.00350912097136623,0.298078998373295
288,29,-0.61695855927452,1.40223633310293,-0.37651577547354,2.15576095128772
289,29,1.10364780909226,0.634972083583809,-0.342764081189891,0.501466806840744
290,29,1.27704996560955,0.682074274964749,-0.60490448070066,-1.05780268375716
291,29,2.01339930527369,-0.654030460586155,0.267554864626348,0.0540577848796783
292,29,0.952958696891383,-0.331517007604649,-0.386220814431243,0.780263409537023
293,29,-2.02428971521671,-1.44517150188458,-0.898447876146216,-0.214366058944171
294,29,-0.617764994668239,0.0724314275870735,-1.08009360777898,1.36206555074128
295,29,0.694816198737616,1.35954192129605,0.266651935668179,-0.0494324645206437
296,29,-0.641857107563685,0.738014418058382,1.32022637756627,0.17135371669618
297,29,0.63167531122976,-0.869829617673039,2.19634398783013,0.179396996787308
298,29,-0.271781768231331,-0.390792678570227,1.40421834738723,0.777712914694693
299,29,-0.958940441795391,0.0813087423961029,1.61106296398863,-0.440968506068049
300,29,-0.106381952836397,-0.810421926890282,-0.992537592598612,1.53406955461704
301,29,-0.577425178942332,1.32485332158205,0.23189952257121,-0.874109162308723
302,29,0.786465393905111,1.87859186249588,1.26247364357812,0.288153461104847
303,29,-0.73048657462792,-1.28112935523366,0.508138792867662,0.242645871790851
304,29,-2.00728144183992,0.950351734558999,-1.76345520671828,2.2742702799896
305,29,-1.01431852939281,-0.236309393803673,-0.482626237692511,0.497245833911527
306,29,-1.07319367667309,-1.40709445117654,0.368601133116851,-0.317813853026486
307,29,-0.284505773569029,0.725982115427887,-0.576021581486514,0.828876785094982
308,29,-0.743328953202505,-0.365519241853624,-0.210348397521524,-0.288779708123024
309,29,0.654172506447279,1.33928900022039,0.652619143626776,-0.840191289366452
310,29,-0.34567114603169,0.547154536803691,-0.565861050923785,0.806544042614824
311,29,2.32215826617846,2.32399618462156,-0.671814345876564,0.151256136356713
312,29,0.485381565609276,0.0849030992500239,0.352994793437222,-0.833777589209764
313,29,-0.0341816905092743,0.00541992793683847,-1.97209458581865,0.206868266371178
314,29,-0.776090621189825,0.540842821318434,-0.584844333701686,2.34222124467738
315,29,-0.0884335917233033,-1.06222388688179,-0.30677567981908,1.46469895359702
316,29,-1.10315397643102,-0.783701380438732,1.09245196761347,0.113871216404874
317,29,1.39176930622739,0.65352447657417,0.0191049192176421,-0.857598666048521
318,29,1.02137033396372,0.203114477331791,-0.532842333304594,-0.564084534628294
319,29,-0.778450591733742,0.354503555050188,0.0879810052082237,-0.420681305973493
320,29,-1.63252975452982,-1.1176222431837,-1.00674680649067,0.219801588242277
321,29,-0.92448881844838,-1.91107263713242,0.3703691500579,-0.229371874957366
322,29,-0.568549519827335,-0.692780999106716,0.892977244737235,-0.663233688573173
323,29,-0.0925206175048601,-2.76381027392996,-1.38764132127597,-0.213340765864279
324,29,-1.0005420672503,1.93563228003703,0.281993182719598,0.544170189315301
325,29,-0.760945497464286,0.250380051673642,-1.83643074654933,0.10914479009199
326,29,-0.524198841962964,0.110571769386841,-0.243576353162184,-1.01911781292724
327,29,-0.0866884225897221,0.742997005776723,1.05407328546583,-0.562769501118225
328,29,0.116148202646708,0.298176144390222,-0.944051606447084,-2.27073972960624
329,29,1.59224334578224,1.06461645104447,0.449829399076598,1.03746281397349
330,29,-0.106565166899765,-0.374955453170825,0.64797079568936,0.957088248388564
331,29,1.16324969157724,-1.86001638328833,-1.00306461391273,0.376482337391758
332,29,0.625599111785106,-0.0675657594932065,-0.47130701517958,-0.246359481448969
333,29,-0.181646632981903,1.72002660089513,0.71371146835641,0.0398259799340886
334,29,2.33534078779655,-0.216994933617762,1.23196002674538,1.32237655834785
335,29,0.922319973375502,-0.210133273827197,0.871852570016506,1.16168499136878
336,29,0.218182712933033,-1.79633713667201,-0.381907589141944,1.42364218183985
337,29,-0.514088268918075,0.92665828053075,0.224958514306502,-1.01571674722336
338,29,-0.598410104288213,-0.447762913620093,-0.164014613901093,-0.2672385424803
339,29,1.40311028866109,-0.4400936855407,-0.481712532937569,0.611380905314155
340,29,1.54751808642551,0.8403953897272,-0.0831650906729227,-0.203180771366392
341,29,-1.35977324497279,-1.16124347591109,0.317006995045539,1.56050535591298
342,29,-1.62607980651077,1.30693675570726,0.769162460078544,1.71120733094204
343,29,-0.322677974005153,-0.150424127030936,-0.486845385248706,-2.5579469279809
344,29,1.61723783149697,0.31803030532288,-0.623067806803971,-1.30577187333696
345,29,0.24688293910869,-0.230454056293369,-0.794920772762638,0.360966168999622
346,29,1.21201103218233,-1.20014274808616,0.0564312658206227,-1.64286868510648
347,29,0.528664568394112,-0.425099927275501,1.75318716608771,-0.71082453797894
348,29,-0.383111169356612,0.594557431264967,-0.588861029674485,1.07173793055876
349,29,-0.829078733171574,-0.17523885661692,1.39808893079824,0.142065291489816
350,29,-1.46626414363259,-0.488928473307929,0.796829490787523,1.08337419997516
351,29,1.1301961295925,0.340570404757029,1.21587716463838,1.03017350916061
352,29,-2.17048062073682,0.343628815367514,-0.00442955433982414,0.728976689944963
353,29,-0.647598235252553,-1.39209618884929,0.908399267942986,2.00491519767672
354,29,-1.12166750655224,2.07075755154202,-0.00642679287511091,0.110863761604419
355,29,0.656313311634786,1.43165822806041,0.568977688568676,0.234959415580661
356,29,-1.91097449051815,0.0964612902726332,-1.49852900430612,0.617808064438239
357,29,-1.04268680219919,-1.85253128543028,-0.811320550934403,0.892001573972662
358,29,-1.71962001208712,0.296957621195149,0.449800572549986,-0.271507797083375
359,29,-1.03875678299831,0.0849019403981834,-0.332076843139525,0.551706136837009
360,29,0.296417814322816,0.608646081533066,-0.103616589409472,1.26166426837077
361,29,-0.155129179237079,-0.942150593605025,-0.224874829667958,1.0164113425372
362,29,0.294719913385499,-0.852158997395004,-0.439100397318684,-2.8148640985572
363,29,2.17627521492826,0.356320305992608,0.719182674125698,-0.783716157244064
364,29,0.199376928839853,1.15814966968634,1.382917866017,1.92660663414918
365,29,-1.17594852145064,-0.0163758215267058,-0.0509408029408741,1.12205642458851
366,29,-0.285803487741994,-0.155880616922978,-0.325905418781001,1.19022466430289
367,29,-0.939692903125447,-0.269925552252229,0.446174409933518,0.491540468242335
368,29,-0.187112080372822,-1.60770798329697,-2.27186481504106,0.382845592904658
369,29,0.826118625245314,-0.169622762596152,0.88398447084549,1.13750867115479
370,29,-0.985713408985871,0.619887201596868,-0.532712137000918,0.31590768321338
371,29,1.34304990517478,0.28820348267878,0.987950896156327,-0.886721464946507
372,29,0.413616160866883,1.23400412453824,1.60102821100449,-1.74138477034175
373,29,0.171575586883781,-0.0803747304511203,-0.325219206098843,-0.0294780467746721
374,29,0.167304027017159,-0.963350625956432,-0.429736375599759,1.38264380257665
375,29,0.70565066588002,1.11463302015034,0.43368273835739,0.00364404375264888
376,29,-0.811219878843433,1.49818653797045,-0.118452855818605,-0.663594109269466
377,29,-1.51586186041866,0.380451849947306,0.0601784009962369,0.551907455159822
378,29,1.65987141688864,0.10183434033884,-0.568347377406127,0.215448139652531
379,29,1.58804282345401,0.978880368121177,0.233985659609343,-0.195363663910279
380,29,0.606578334680681,0.1709671422396,-1.30567177501102,1.78315044420073
381,29,-0.375192557655454,-0.0917295092592176,1.36158149817705,0.987246592946801
382,29,1.35082147677894,0.496685776541419,0.877798473554939,-0.448636764052011
383,29,-0.542024504529637,0.80583556937985,-0.179733719503928,-0.390869849222212
384,29,-2.29930015944878,-1.18240556457201,-0.685952444125974,-0.541528431497091
385,29,0.0917974447868524,0.681768149783923,-0.756385821943852,0.685733822131406
386,29,-0.11363973276196,-1.30356848884229,-2.00680509571305,0.451960127341169
387,29,0.408408277010108,1.09664715270011,0.272712724335904,0.77622188937502
388,29,2.14891037328461,0.957690992016847,0.0501755678250747,1.1049265911034
389,29,1.6576286394728,0.114605855446759,-0.778929662464469,-0.57007072305057
390,29,0.672081928668248,-2.15933493628077,0.0492651534681041,1.69277090639175
391,29,0.202470920610093,-0.817700147089633,-0.870811699461429,-1.64087218373055
392,29,0.169447451092024,0.287746366650587,-0.389030315222218,1.26150095810837
393,29,-1.07247567458338,-0.475129345423887,-0.57884711057948,0.289018773836554
394,29,1.55130150113741,-1.36633377519607,-0.759007954048224,-0.599455273126175
395,29,0.0720495797400642,-0.20851612014973,-1.00904124124177,0.878755292012783
396,29,-0.730052802632008,-1.30300983027534,-2.22180877797028,-0.906272705059038
397,29,-0.313552988263884,0.607248357077714,-0.247282854986259,0.759900340048006
398,29,1.14757135200571,-0.864910524712515,0.0571137801644236,-0.818848204782983
399,29,-2.12276328658379,0.722922333510906,-1.68591262155863,0.792658553898238
400,29,0.70060018773192,0.133897158762282,-0.78685353910692,-0.377234140563185
401,29,1.64907971588526,-0.180388869651473,-0.910499272709795,0.862856572812286
402,29,-0.666288342250799,1.90422949563357,-0.808092476538108,-0.123034132814918
403,29,0.110637687288155,-0.896051913793104,0.458679458304961,-0.852962178769933
404,29,-1.18600050685728,0.91716724100099,1.65293285547551,-1.25131496757434
405,29,1.55626660641192,2.16680486911728,-0.553254254139814,0.433403320980484
406,29,1.53096420184483,-0.500390373712342,0.447150304568316,-1.50430171961481
407,29,-0.526622868017355,-0.712513388634183,-0.255760151335578,-0.777541246991388
408,29,-0.105898596316177,-0.405278833625052,2.29074873120231,-0.28455854961059
409,29,0.3901192033011,0.217590442733069,2.22717815389635,0.837155675193109
410,29,0.507404984230598,0.639680922606361,-1.59138338569099,1.13532068954744
411,29,0.429644959697376,0.261698514224297,0.00971226197523353,0.408360714297101
412,29,0.271532082834424,-0.831123481903481,-0.351063114840241,-0.802184252051528
413,29,-1.31228220795073,0.260903475796112,0.495818750511066,1.42319341834939
414,29,1.25316060214931,-0.021220913349245,0.772344443164294,-1.44609408453569
415,29,-0.297585593111224,-2.02232472447401,-0.353591806467857,0.310555547671562
416,29,0.863804428542249,1.44925048783883,0.023080704825945,-0.45458703856067
417,29,-1.94731275006088,-0.238900391852346,-0.476626689361832,1.03870917723132
418,29,0.0906843169176766,-0.27620477404854,-1.44150612025198,-1.3910331967023
419,29,1.21967948497031,0.992563100299275,1.32946523193983,0.0424833897108816
420,29,0.664145184987929,0.0486428721724966,-1.35946263452746,0.700298769070845
421,29,-2.92316099101238,1.4147504551412,-0.8379401785794,0.0229124413108902
422,29,1.42346854709248,-1.01613710460794,1.10149290239604,0.676762431338474
423,29,1.35361781707601,1.01471754841572,-1.13065915922163,1.08590428732313
424,29,0.461383699683246,0.829489106338263,0.429475143359411,1.21468215535756
425,29,1.04590704835428,0.326599743861329,-0.873982794720439,0.721618544923624
426,29,0.928257446137793,-0.200967414166986,0.540767302784385,-0.195223392139905
427,29,-0.377503939334413,1.28719718289226,0.603052653720464,-0.684786125381696
428,29,-0.463072477608991,1.95376830022747,-0.806329913724473,-1.42836411974481
429,29,0.334766291337035,0.138835602597552,0.0824085664959724,0.263493640235092
430,29,-0.681545320480869,1.93829764755561,-1.32935010124659,0.470560806004479
431,29,-0.124343544026616,-0.293438563145815,0.393217293185854,0.059177705062789
432,29,-0.847309448221383,0.849804657894486,-0.947257892894855,-1.45429316545587
433,29,0.253969545149132,-1.99240857270567,0.349604371418685,-1.2689042901034
434,29,-0.748974036886239,0.901203394360929,-0.594506482624006,2.13958205240863
435,29,0.274259055497999,0.228004087578744,0.943771821628243,-1.0177736078588
436,29,-0.239949927421176,2.30104139556248,1.61417429490961,-0.286527363688671
437,29,-0.100946326706076,-0.0596885134322566,0.991638549092421,1.47270479545704
438,29,-0.551854603387249,0.322058369578548,-0.376836158337149,0.284768590253934
439,29,1.0495345429657,-0.62946975439987,-0.268063681278036,-0.267736104338291
440,29,0.00929059116440512,-0.25713725798431,-1.94288024498473,-0.699859534478833
441,29,-0.66648413040312,-2.43467905410152,-0.470271267995948,0.810736720578352
442,29,1.22052970844636,-0.494508732101404,1.04488165089577,-0.0681864990568287
443,29,-1.80656912417948,-0.786771529220652,1.68229514580244,2.08389851243
444,29,0.714546560845048,-0.375978539754854,0.483279971971896,-1.17271982406662
445,29,1.65348026839218,-1.17848687303564,-0.0182351831355485,-0.365990883480183
446,29,-0.581270686321567,-2.38669364774999,0.894240598929016,-0.694500571210177
447,29,0.251211948039932,-0.695681380332737,0.34828803763795,-0.614203398242194
448,29,-0.665180435323149,0.594353262967339,0.633386613510393,-0.955842196900565
449,29,0.807148545409626,0.511544991143528,-1.14720674365885,2.66728086890316
450,29,1.19988496155136,-0.790483321163971,-0.237362899016281,-0.3150780930579
451,29,2.33953116320111,-0.297002175661253,-0.248731949263497,0.15357907996943
452,29,0.554828539022192,-1.56517719357058,-1.0824011160339,-0.052131902382896
453,29,-0.391712941308607,-1.16300589703451,-1.30015721216153,0.521836169205539
454,29,0.517981741075468,0.634647008628588,-0.687875177162658,-0.854211851492685
455,29,-2.17623600600707,1.76039055849614,-1.8039842164341,0.557036710402372
456,29,-0.330817259943863,2.83849933600924,0.107830580736048,1.37051471980318
457,29,-0.67503654981123,1.13915750631654,-0.858281398172417,-1.44754732116942
458,29,-1.31354875050421,-0.715180261909586,-1.00120892607105,0.230792424955521
459,29,0.118313982265749,-3.09269670643594,-2.60989969560283,-0.304979737192485
460,29,-0.284565197963328,0.0497579220735017,-1.29754439514825,0.242951087357952
461,29,1.89568287306182,-0.199140201431212,0.678043733522184,1.47236300085919
462,29,-2.86175955563145,0.480496980448316,1.21010599931089,-0.538743468761227
463,29,-0.782128777771958,0.199334955211543,0.14866988063304,-1.21793728759867
464,29,-0.207909626428935,0.168060772054811,-0.138301052653879,-0.0731084328976795
465,29,-1.87111739175179,-1.05686846318032,-0.158437889808223,0.0242484584134459
466,29,-1.3371527447402,0.0112693894542229,1.99194369198963,-0.045324049881209
467,29,1.60630167102939,1.26284999860683,-0.565528064737494,-0.356397841509266
468,29,-1.65455757901007,-1.78777039874647,-1.04072597679527,-1.71460231248152
469,29,-1.29063702444186,-1.12368194315991,-0.419565188822453,-1.75156935823174
470,29,-0.662467256426556,0.527040932268796,-0.421566279259138,1.29757779069982
471,29,-0.260904114405533,-1.34211930395362,0.938297412290041,-0.24627235263576
472,29,0.807501998616471,-0.548010734508087,0.58730363950105,-1.31779777495525
473,29,-1.24231801098023,0.754777070801793,0.535116058688586,-1.252510273731
474,29,0.745152244262545,0.319328229693752,-0.0408787226132327,0.504249574050013
475,29,-0.549869130502334,-1.33205540624353,-0.43755177025778,0.705144403828451
476,29,-0.194845146723684,-0.124095192242022,-0.761804326371277,-0.577853253541441
477,29,0.0151988183816515,1.58017428344434,0.686351128117645,0.990777247369492
478,29,1.30906498025133,1.34898186567647,-0.371620950160415,-2.23021406224677
479,29,-0.766956788105609,0.167871120408736,0.450650173039119,-0.369868270290766
480,29,-0.195472087667984,0.19995018591881,0.400061326119506,-0.509661661907629
481,29,1.20099907820197,0.813940408893623,1.11799449988916,0.0863862545554798
482,29,0.270308937594281,-1.30677422668018,0.194229215634439,-1.20800962636803
483,29,1.53981458409742,1.26007166701321,0.424430488963889,-0.0533340106361309
484,29,-0.709677259560628,0.0545436926330809,0.2208253441563,-0.495869056471242
485,29,0.792193241115572,-1.70815919762137,-0.363904839206281,0.877189003577658
486,29,0.508949834012962,-0.534775999792288,-0.00571508650822099,2.09157660207804
487,29,-0.714216265260172,-0.631407293782012,-0.75076803335234,0.441187015936797
488,29,-1.60579307348968,-1.46551822379095,0.843595231148528,0.312686284299222
489,29,0.641993034708863,2.28870552090451,1.04999912512028,-0.718020632069037
490,29,-0.994508018184133,0.540695783536583,-0.0405929713906669,0.131665893105687
491,29,-0.967468722703362,-2.01231821677504,-0.712294538891216,0.365811864150418
492,29,-0.844092258202009,1.50853393404836,-0.567572718460745,-0.363610367261343
493,29,-0.33448543351071,-0.360814401300009,0.296722079662966,-0.681180309227928
494,29,0.983040407316683,0.194781723534595,0.466328572790081,0.936538618194681
495,29,0.00587480038343666,-0.296162211893802,-0.769939111911998,-0.65112291737315
496,29,0.541485587550305,-0.437384546445166,-1.51587840496526,0.301739838220077
497,29,0.130841801955406,-0.130656707884327,-2.52718231567776,-0.87430763177377
498,29,0.268016137541684,-1.0700526349144,2.0126535983382,-1.02507368777739
499,29,-0.418815219963853,-0.889978857991883,0.325845408472688,-0.0535008704075133
500,29,0.209807767552283,1.3884203033506,2.09581276127487,0.938297571251718
1,30,-0.717745196445893,0.748156366418555,-0.19515726767014,-0.464139481582508
2,30,-0.0713481769613988,0.445479336374697,0.757609897979151,0.414654156957711
3,30,1.05959069008141,-0.0339976014994452,0.875525720537464,1.08333317979868
4,30,0.533981076637319,-0.795635196951892,0.0449103507434882,0.0933279941286227
5,30,-0.234559770139131,0.997889362432755,-0.474967382008559,0.497930460919179
6,30,-0.956170426186734,1.38923670446078,-2.13606405848641,-0.557208157977592
7,30,-0.202988230751983,-1.10152074783507,0.680396369734183,-0.0355094925412472
8,30,0.421147179919028,0.725453518083524,0.878747442077707,-0.205957306286934
9,30,-1.17341231988985,0.766645379558355,-1.40820266133567,-0.675679695982946
10,30,-0.665866877916328,0.27417650233265,-0.328812596988695,1.50472872239712
11,30,-0.18844225412004,-0.706363235967335,-0.267124988052032,-0.578982521902273
12,30,-0.13210481770454,0.755562912241388,0.204030813602016,-0.0515904620849373
13,30,1.89327647025472,0.463179103709039,1.5256228990495,0.952869018984587
14,30,-1.07491077547105,-2.60221069818971,-0.109874688836718,-0.479610090295394
15,30,0.0458724377270699,0.0505323272016276,-0.574582508846922,-0.896990978408978
16,30,-1.11055356803569,-1.80136865921847,-0.135455190422396,-0.311605475502398
17,30,-2.08943015839955,-0.131201366267813,-0.417977509627262,-0.998060195199415
18,30,0.708445285343177,2.20613138043491,0.624022602713217,0.340228188422155
19,30,1.25757536143035,-0.520715982093455,0.853142842878208,-0.789073550295304
20,30,0.126692607477582,-0.696340503333532,0.738109274621564,-1.15876147192043
21,30,1.17500670937357,0.705456978942585,-0.78245676454265,0.864661249804879
22,30,-0.440313461473507,0.0563170590617553,0.469249317391771,0.0563696836869396
23,30,0.630500618689983,0.725270258087517,0.570921583301401,0.377903010396436
24,30,0.210709805998572,1.0492298712622,-0.306759230012677,-0.603546927330087
25,30,-1.26283546047845,0.242259181108148,-1.7440210271071,1.73946219684475
26,30,-0.415339062711934,-0.409965058271495,-0.804203187727528,-0.367346711856147
27,30,-0.154211301661146,0.552551397793868,-1.21025579137023,0.779551835976582
28,30,-0.809091606893987,-0.254591827476651,-2.45568623357105,-0.405854837458075
29,30,0.274535664875768,1.00552871152074,0.39198840644731,0.129452213714077
30,30,0.364218577628817,-0.633254927698333,-0.394527225672218,0.0268087822023372
31,30,-0.0411755390129201,-0.110340661273018,0.385487672856592,-0.195435161994168
32,30,0.524141177652269,-1.27586435861362,-1.94717567570264,-1.29653308869869
33,30,-0.906922768798526,0.00430377304768984,1.29818762167892,0.945447254491519
34,30,-0.0952691342619758,0.407681925540418,-0.597325060509144,0.354808649928542
35,30,-1.15050380589976,-0.0423624229803593,2.63599018963852,-1.70615644373496
36,30,0.889222771763251,-0.588226448015152,0.277247488706006,-0.30589661887414
37,30,0.398216334479534,1.44053441005376,-0.960532236474369,0.432265813642294
38,30,0.088432319346643,0.507831000999033,1.41497527548241,1.84655699832461
39,30,0.134313980379818,0.731816637094387,-1.68609939371625,-0.379549094645553
40,30,0.398221394531635,1.86722353510038,-0.619888064494679,-0.46747305013044
41,30,0.262014189446537,-0.778595375912308,-0.981556794334965,0.398421099374741
42,30,0.986037332615698,-1.60378380588629,-0.0578159532493699,-0.583669083842279
43,30,0.670892044564643,-0.542792234041431,1.53603965148868,0.0024601040672227
44,30,-0.458314327936853,-0.745417658095326,0.229089282560291,-0.541767384768366
45,30,0.3167349590612,-1.08133803875902,0.427262826956851,1.21552031456927
46,30,-0.430072757527814,-1.17680618814028,-0.125559127915227,-0.68813048406989
47,30,0.670317310122073,-0.0776855030504904,0.517646079729229,-1.18973198041036
48,30,-0.215781308526024,-0.844847626121358,0.995203828449757,0.213631252962919
49,30,0.0210351452135589,-0.214120766816053,0.376609125479167,-0.35789506566372
50,30,0.282895130293061,0.291992794491431,1.15046696984443,-0.225264610537366
51,30,0.529405784393042,0.995654426635946,-2.01481300700197,1.23908824663144
52,30,-0.884442385346244,-2.79064295427269,-1.05694182892471,-0.414953266466353
53,30,-0.428828208010021,-0.699008211363423,0.566044340626404,-0.549156948553683
54,30,0.575155556094103,-0.582418862221586,-0.191648275817512,-0.258166681530347
55,30,-0.647172523766331,0.056604279849754,-0.461446875045635,0.991231567329437
56,30,0.220549098744443,-0.639541351314087,0.00152916321964947,0.916260149547656
57,30,-0.836788506972869,0.725408189727586,0.317871858526107,0.220173987472922
58,30,0.00724653961737903,0.936657711160199,0.223603779203612,2.27400293051337
59,30,0.324884982084629,0.4312962937069,0.903751346082976,-1.45529854433502
60,30,0.598219033310549,-1.2650058018677,0.806315065394777,-1.04687632892279
61,30,-1.01599494093359,-0.949864187242078,0.322916714848393,-1.58201731543818
62,30,2.17382011234455,-0.215252317358515,0.0821416860811697,0.759218105246182
63,30,0.214593263314929,1.13848076980815,1.56304595681448,0.415054546730154
64,30,-1.49883229492003,0.993165203034339,-0.943456901780292,-1.31133981233594
65,30,0.219175923872447,1.00988523461057,0.188416756316972,-0.43560246264407
66,30,-1.14519116932811,-0.321164135136365,0.355584583399102,-0.385379002889206
67,30,-0.0783657355089641,-0.189490109202799,1.58230810314279,-1.99034794022567
68,30,0.00782994390192457,0.854944484486838,-1.26495052713016,-0.94433466894308
69,30,-1.81375510159103,-0.50012701641518,0.54067818475346,-2.09231004837153
70,30,0.561359274106141,-0.055845079061988,-0.146470265662226,1.91160161368333
71,30,-0.288598801237594,-1.50448912368694,0.253331995759463,-0.138018790809709
72,30,0.7898364165657,-0.593266625574682,-0.513245878009083,1.36490351479684
73,30,-0.682588237862237,1.76880413441397,0.879853828822708,1.14216261253136
74,30,0.818508915893234,1.69551302759725,-0.880136581731561,-0.199832481360056
75,30,0.157610093129764,-2.16428835003388,0.224156568854917,-1.1594236464832
76,30,1.45049322432358,-0.270340965288966,1.24992539388037,0.886270351837144
77,30,0.838044492299147,1.1183416576328,1.22749310476338,-2.39861666516439
78,30,1.41073595693665,-1.64137906607465,-0.166310215716708,0.126634857142274
79,30,-2.48050807803203,-1.49545594186578,-1.60258593653499,0.0711327313878491
80,30,0.796969544140694,-0.106592859533007,0.918963673534672,0.938053894466234
81,30,-0.591414390175555,-0.144098989257425,-0.0710469849621267,1.53764513526311
82,30,-0.0736491338631013,1.17142544871846,-0.220118589965164,1.39193560104562
83,30,-0.552404776931284,-0.214717502783509,0.906434502006086,-1.16136418524547
84,30,1.31493722342212,1.55934513040892,-0.133932856146435,-1.11666051360656
85,30,0.170032425681632,-1.80045164489468,0.0432658454825629,0.0666124718903994
86,30,-1.67602675385068,0.29148660400555,-0.0130617421693189,-1.20093557069591
87,30,-1.77796743677606,0.944855923084276,-1.28205332756276,0.41867603971405
88,30,-0.745804335498526,-0.0178934038794905,-0.0683237145682017,0.550204361856549
89,30,-1.17924240941607,0.424506092195735,-1.06165524038166,-0.710828830968419
90,30,0.309188131953035,0.179595411745762,2.49083131936524,-0.961484380221632
91,30,-0.85523531708577,-1.11990033318901,-0.017162089621384,2.02947612855249
92,30,1.1686984802783,-0.396264535989094,-0.519865275039956,0.882139723930977
93,30,-0.361977864575945,-0.54424815138189,1.32197310752605,-0.837173303559152
94,30,1.12582452732349,0.802376578432641,0.352447659426568,-0.567056648275524
95,30,0.523597204357642,0.473266595688486,-0.0395012081700855,-0.654358358799753
96,30,0.451137590652855,0.161177239577369,-0.300062142884903,0.005414333873194
97,30,0.864185127163243,-0.233861772298209,-2.24393105710551,1.03750307470839
98,30,0.273947153936276,0.993873517879035,-0.321350581523927,1.28525639297461
99,30,1.8163967775873,-0.504260589290598,2.13385073098906,0.371327355122499
100,30,0.164992438972557,0.485083234614071,0.254096380332574,-1.33654343236806
101,30,-0.337061389384248,0.198083676373983,-0.951605230740746,0.652494546017941
102,30,-1.28120738112524,-0.817745426138433,0.66971642268907,0.616585277659161
103,30,-0.430026220116754,-0.284213351072429,1.25341662720552,0.150040898898926
104,30,-0.252427392892712,-0.588698335821851,-0.146008129245831,-0.0358753272545438
105,30,-0.878381410181192,-0.264770158052568,0.219697887199032,-1.39942951742529
106,30,0.673079859797998,0.0668943147327206,2.69891325983921,1.14621483411245
107,30,-1.71636236720209,-0.208068140721874,0.0757429629911583,0.953378240947263
108,30,0.725871896417093,0.0493904449715198,2.93391351363331,-0.18379481003658
109,30,0.922064829190786,0.117994727639104,2.70062537429099,-0.346658062609638
110,30,1.11289178403317,0.130406504127803,-0.826835298278897,-0.230427523374321
111,30,1.3473779460614,-0.524390702591542,1.23729378197958,1.35819569159737
112,30,0.806791017592196,-0.968398893240378,-0.13240858963248,0.845704532377955
113,30,-1.8724980206302,-2.88365705781646,-0.68619581607122,-1.64394657090567
114,30,0.215672355300204,-0.037571883096701,0.101338618756231,0.737911267099089
115,30,-1.00422594218472,-1.40530760858563,0.413370323067496,0.521946346202636
116,30,-0.778890292967966,0.401873755576128,0.439438436178426,2.345987821611
117,30,-0.0796688178250558,0.0811047913291831,0.463084843368669,1.16379069402153
118,30,-1.2108008200142,0.151334529417437,-1.37243217120781,0.329759588796104
119,30,0.428358652119711,-0.106106010194921,1.1430255536178,-0.718188489870202
120,30,0.907235137787048,-0.332786837144862,1.2341413169014,-0.475500493020382
121,30,-0.254432439960493,-0.53137260849636,0.789420304737815,-0.176338813897413
122,30,-1.15474392355204,-0.686261529685939,0.754316685365862,0.483352446755549
123,30,-0.170117166837149,0.118872842272931,0.764891798900971,1.27043338986358
124,30,0.332220585016902,-1.64525849947164,-0.425909339387366,1.62658721396612
125,30,0.894733417141183,-1.35645300526952,-1.25950931796805,-1.52908480858039
126,30,1.67750636526774,-0.650204354963369,-1.0693282619035,-0.656083806952592
127,30,-1.73589598333945,-0.0485630801481068,-0.539387549391038,-0.637232001322158
128,30,2.32336454221151,0.135592618739402,-0.0496660726779078,-0.292158588982291
129,30,0.443429075919892,0.468710404953404,1.364655747378,-0.249967927837329
130,30,0.0892232383119088,0.809953450735451,0.739957958062699,0.925169843453682
131,30,2.06017648042552,0.707963425441196,-0.0339735709588713,-0.271509585665103
132,30,0.198313416826691,0.788215099267461,-0.592054075331059,-0.486999779419347
133,30,-1.2556247143892,-0.144603061744509,-0.32160669186516,-0.460644540473388
134,30,-0.11953023526624,-0.395383423716113,0.0529850254327707,-0.918577957782631
135,30,1.11941245422288,1.42556659916961,-0.962780973656538,-1.52798793820978
136,30,0.952071983203049,-0.209340840287711,-0.746112440628358,-1.91978327094123
137,30,-0.537846962275706,-0.515187477652151,-0.547898471336908,-0.827223590811698
138,30,-2.25312337608962,2.79532723002968,0.283108426111243,-1.12454010632143
139,30,-1.69012268062542,1.55404554048688,-1.16322770277217,0.369184253396938
140,30,1.27590168818198,-0.180958594929325,2.0437870959193,-1.18344098438446
141,30,0.4057050349767,-1.5603346742602,-1.38268547139826,0.500804318773343
142,30,-0.374392043941401,-0.705928270481482,0.823576094191613,1.1120516553702
143,30,-1.08094642370836,0.170423607706374,1.37185640034125,0.182699109967803
144,30,-0.522802270738936,1.53304073957364,-1.24982945664428,-2.0080160910542
145,30,-1.40935093833679,0.112445361233832,-0.192174393632206,1.32512881865984
146,30,0.220820435345663,-0.735619722158049,1.61035306833497,0.836103567794804
147,30,0.0379839711326789,-2.15408622644601,1.58215028656429,-0.607601851145017
148,30,-0.326776940904359,-0.717163571835571,0.358837558460533,0.291572015937971
149,30,0.417620804297674,0.0518160240555591,-0.131632245635187,0.845285093950066
150,30,-1.87697159485189,-1.07492818202703,0.220843641797033,1.55637809204879
151,30,1.22011567835845,2.86358278179913,-0.280863878516449,1.71335825873996
152,30,0.532891604534274,0.788127637766645,0.576835263165565,-0.359849427269385
153,30,0.791574622524309,0.695895192063239,0.693573467666445,-0.323539639391624
154,30,1.37316020575918,1.89876762455884,-0.900210281257201,-1.17936891578055
155,30,-0.735165068597083,-0.696754930404859,0.459099718744133,-1.34204236710803
156,30,-0.296813272209149,2.05016885709798,-0.851244662130308,-1.25628235112501
157,30,-2.12159119333165,-0.651671834062986,0.52559649397058,-1.11162100403924
158,30,-1.84292754902961,-0.0946829309189904,0.289747111367739,-0.0828916667669817
159,30,0.594049524021746,0.294864036782545,-0.986907241050757,-1.03641488688852
160,30,-0.980118565765848,2.33336528542621,1.37287158518092,-0.68537826337858
161,30,-1.02316783809559,-0.440796341763311,0.534975095118642,0.302803047817329
162,30,0.985706744618901,0.886251073848496,-0.151379866977789,-0.663026658391382
163,30,-1.66585309097898,-0.405123582065906,-0.231106172276994,0.971341895533531
164,30,0.513982299933795,-1.33932613354096,-0.882867147865922,-1.24022207318088
165,30,-0.476999023133077,-0.0535064729846406,-0.236296709701856,-3.0376368505566
166,30,0.15269007126778,-0.0811499225719985,0.283933556531422,0.453825408593213
167,30,-0.5399509387043,0.0633906862468966,0.609705435673613,-1.05838082680002
168,30,0.133522755023519,0.610807264305774,-0.185663507950044,0.482373666871518
169,30,0.223191422668398,0.645006160291412,0.947986203708088,-0.116751056820002
170,30,0.0260667658782067,-0.294375490100043,1.79454701081405,-0.127607165581877
171,30,-2.33080621098331,0.501981623984825,1.14825453707815,0.494009055865496
172,30,1.11780944644682,-0.331471321736858,0.764130699587316,0.168694436554859
173,30,-0.509627561502272,1.53871254840406,0.218167350635426,-1.47194683893882
174,30,0.49985869914615,0.41465554563181,0.0510239191582182,-0.0398656695323256
175,30,-0.19801435454059,-1.81163154948585,0.765925741267974,0.159178804359079
176,30,1.49517231520915,-1.71137364128383,-0.141119405673486,-0.354756625954421
177,30,-0.370850978544335,-1.54542433116954,-0.0190114622999628,-0.347364637276744
178,30,0.737683346071657,2.79515256100098,-1.61990366604067,-1.71925154800433
179,30,1.47123264593465,0.0716047094068269,-0.933806298504065,0.844001009336703
180,30,0.268689955114071,-0.775874685571948,-1.54504702979074,1.10100094868933
181,30,1.22993509173471,-0.257479447251716,-0.119322235832174,-0.501258845774369
182,30,1.00114718168111,-0.633756486886349,-0.171580483541314,-1.34328329089115
183,30,-1.17378282141182,-0.672561500396761,0.967311041324617,-1.45058136114104
184,30,2.16525796517502,-0.407348140999809,1.71553363605628,-0.831142273760563
185,30,-2.0452820615231,-1.38336866516665,-0.704562571492575,-0.455881768523025
186,30,0.860633204609849,0.110180673428236,0.544788683699678,-0.946262253109751
187,30,-0.51013464989238,1.57861213189035,1.25697024660638,0.37875435144619
188,30,-0.648681845385176,0.920184646800305,-1.62627226534764,0.261940601124673
189,30,0.122848325847078,0.141689771505534,-1.04790402030748,-0.640032299486124
190,30,1.41963398741221,1.83192653829477,0.452654496837847,-1.00441672427024
191,30,1.25911226650605,-1.56334332952837,1.19368263911214,-0.875858576557904
192,30,-0.825958810530835,-1.54657512603301,-0.345924094323224,-0.133457832967603
193,30,1.87021214294547,-0.806656227136297,-0.530110106586119,0.85297806333248
194,30,2.31872695432033,0.570454146177198,0.956718176171935,-0.947216135909003
195,30,0.274301839331622,-0.27878444360654,1.55552223544527,0.734177326466764
196,30,-0.294900724977337,0.476749438384005,-1.27143699169898,-1.87461832758731
197,30,0.917587819354982,-1.25192112566134,0.442050294568603,1.36169675964397
198,30,0.131384535003985,-0.08997018411284,0.692043792745007,1.56588431981295
199,30,-0.152116796764883,-0.998693560268002,0.501004658185055,-1.41125654372056
200,30,1.31093557682498,-1.40074262642944,0.60812910379558,-0.806949576478734
201,30,0.276150020920638,-1.96547871494771,0.398247655976467,-0.0336453859853969
202,30,-1.47600523589945,1.10609809880904,-1.04939114079624,-0.746269566143312
203,30,-0.0454984345002507,-0.0965124046894602,2.01816484186302,0.732477190779997
204,30,0.455539068052371,1.74147709753324,0.142079400940121,0.445677599745205
205,30,1.29199291781712,-0.213347748764075,-1.24938501787675,0.93790187044068
206,30,1.65369477117844,-0.161663572741296,-1.26894577055564,-0.659782611534729
207,30,1.39752319915962,-0.500251969269976,2.26227740848862,-0.106100218417028
208,30,-1.51591511128147,-0.489419487465577,-0.127323969524773,-0.330755955376248
209,30,0.0322812096813008,-0.675942637531852,-0.957140109741154,-0.167949239632693
210,30,0.594570464131182,-1.32146508373113,0.341154903328817,0.235765311286114
211,30,0.373519568953176,-0.227122924272435,0.419593700850336,0.0793354522498159
212,30,-0.190567574900615,1.24384986475375,-2.36426299218843,9.36612806456442e-05
213,30,-1.13406578644931,-0.760643271506651,0.74112154102879,-0.549955536057633
214,30,1.61538387470651,-0.725133509473899,-0.0774542426658646,1.47789629522351
215,30,1.73481739319954,1.19354807097653,-0.427105643472088,0.98284653037915
216,30,0.0158030983607721,2.3987001596844,0.0969457716681988,0.0173720461190757
217,30,-0.889954107261843,-0.00146176764044002,-0.632239313899556,-0.433404929091056
218,30,1.6129806977503,-0.536207851064873,0.138276363452135,-0.344010346048089
219,30,1.41180815867995,0.197551654315075,-0.668347503516094,-0.186216729681041
220,30,-0.327504610689841,-1.32043972868681,0.886519308089763,1.25423277067121
221,30,0.450816158368772,-2.04522085715662,1.09900655071836,-0.0720977962075795
222,30,-0.577267321709797,0.490579177773118,-0.698433305488975,0.488066442198826
223,30,-0.348293928890723,-1.388607967753,0.0205418022502137,0.593521230875871
224,30,-1.4981402368515,1.27695301160356,-2.09723040054368,0.394994889808547
225,30,0.231701345945676,1.49896903988969,0.440302397255173,0.766139611028585
226,30,-0.71103956888436,0.214891901223285,0.192541056461637,1.20645072987511
227,30,1.30928059261693,-0.972750993683756,0.87086612465335,1.18841841729478
228,30,1.5170612069484,-0.964394601751429,0.0514359813601562,2.37780052805927
229,30,0.542750724663227,0.0584892183600957,-1.2433258714271,0.190043247555887
230,30,-2.5550813435378,1.30014816631602,0.406300692624367,-0.387172494994172
231,30,-0.98658257464347,-1.0824182251313,0.375433540907988,-1.04106993329843
232,30,-0.00598574784121327,-1.34069844592004,-0.924209497700139,-0.00704343596025159
233,30,2.10587037763125,-1.21001813935106,-0.403359689234409,-0.136701852023623
234,30,-0.602766788430323,1.04561850263941,1.4525279540082,0.115639936271815
235,30,1.45153977148446,0.277499817147728,1.00954466885594,-0.569730801742056
236,30,0.261557771328481,-0.224521219952943,-1.51479871749714,-0.872018823370583
237,30,1.4054299651853,0.535790251749761,0.927179667289594,0.265115778298064
238,30,-0.389816841686469,1.60321524827254,-1.13604107219508,-0.978140225719735
239,30,-2.65829547087313,1.35164369595673,-1.06459836364615,-1.2103274410687
240,30,1.73226920746862,2.27682523366636,-0.259438116960937,0.148483277289898
241,30,-0.227982835125185,-1.09605538510022,0.158442974636674,-0.203596216653108
242,30,0.89806832493233,-2.7726229862674,0.818357400269284,0.545370138300155
243,30,1.24158269558668,-0.865537744638267,-0.0201782191530563,-1.59418955233867
244,30,-1.88782799748481,0.846341310386291,0.196763024282434,-2.73576029494809
245,30,0.675109945188948,0.694124674644939,1.08907586137097,0.862763964133726
246,30,-1.1434223548898,0.490644229855876,-0.916837233574222,-0.271540221844396
247,30,-0.598783803879729,0.14384548452313,-1.58669575013175,-0.0163720023183284
248,30,0.922007118811715,-0.313765892087532,-1.09461597044731,1.58898266066832
249,30,-0.895955625269574,-0.80247651882732,-2.13248259492465,1.92864367385936
250,30,-0.199831689527359,0.905811737927201,0.545455710005424,2.19674695367069
251,30,-0.790274971709183,-0.879786503710238,1.25084899826133,0.315328988255598
252,30,0.110361783242109,0.694689389847853,-0.35772622809442,0.814068049511925
253,30,-0.901714087426334,-0.252083938034821,-0.0252177412049972,-0.681554616341537
254,30,0.968345447195959,-0.679232599024417,0.131267596729042,-1.17116100466576
255,30,0.275303492554656,2.00547566005326,-0.224609542340946,1.14790019814121
256,30,1.85196427203687,0.912474819070617,-0.772678833090487,-0.018226355886743
257,30,0.186919538233679,-1.6633218697569,-1.31643498132434,0.820544013506171
258,30,-0.155362377087096,-0.07480300655299,-0.169510839872137,0.251326201831258
259,30,-0.325782957248454,2.07337723053312,-0.402657850997383,-0.04613295305938
260,30,-0.77571280742006,-0.643296139317594,-1.92347662081266,0.249503181687061
261,30,0.302655950294832,0.634560879152336,-0.162781548694672,0.717297242555805
262,30,-0.273560730737305,-0.943331126693558,-0.429875130065466,-0.60472003200014
263,30,-2.12411702788507,1.70665379426627,0.474475861890463,0.704512550694335
264,30,-1.39976510089599,-0.0643280397213448,-0.476972485212435,0.375355387269322
265,30,-0.235946586215423,0.263715921817651,1.22163275718872,0.647844068154732
266,30,-0.808186232703821,-1.11661756192928,0.289337220350761,-0.603623403823709
267,30,-0.303117709410592,-0.638934662038607,1.09679713006658,0.451405051489605
268,30,-0.0516171192670075,1.35987787113224,-0.677480744300094,-0.762827505984988
269,30,0.72292409020668,-0.349175514113419,-0.421473830385766,1.45344380404499
270,30,-0.3240149267721,0.0759744267523624,1.07208181750334,0.787274141662284
271,30,-0.364988162118323,-0.597008147966848,0.73412132149352,0.0908551950771795
272,30,0.035657324354238,1.09962387730051,0.233400245847014,0.51610471271638
273,30,-1.27243907741,-0.0598806615857146,-2.72150721435772,-0.939123205937725
274,30,-1.20335328094239,0.662085897380699,-0.544062162210255,0.885689837468437
275,30,-0.540956987290806,0.698040696110405,0.118845631702064,-1.31074741974273
276,30,-0.929117427116103,0.360708092396621,-1.53833364109925,-0.96599224461435
277,30,0.790495157795615,0.184342953822188,0.32672774097555,-0.265842418080476
278,30,-0.0824115051289276,0.129048261913785,-0.380404644960807,1.74711746372302
279,30,1.88206163667945,0.803383275040688,0.434994458601847,0.5162800991196
280,30,0.82727805535441,-0.243529032505702,-0.967472874344286,-0.706027392175364
281,30,1.25759792618976,-0.536938470559854,1.23083278587515,-0.351319919341625
282,30,1.06902035562315,-0.0662289802176703,-0.62395891959623,1.0986569513642
283,30,0.184900893396461,-1.1510952501235,-0.929694428475582,-0.643394602390464
284,30,-2.44811412052852,-0.309257439493741,0.905409514635806,0.64368580747677
285,30,0.210362855120305,-1.69803815075298,0.755115624406428,-0.551396649049297
286,30,-1.31240158887522,1.22685963724715,0.781095505944446,-0.78362347468207
287,30,0.735126157797073,-0.183710724531978,-0.587686700248132,0.473128278102929
288,30,-1.18392691271068,2.11951603731748,0.465823281483404,1.40478170481316
289,30,1.21946104469247,-0.709876957386941,-2.26289953086198,0.611614064597698
290,30,-1.68123072464213,0.239972875780525,1.11688107755234,0.413228992585241
291,30,1.26706411102893,-0.278924528242983,-0.239370185361963,0.734225712497624
292,30,0.946418486289968,-0.216168553604833,-0.311379876747918,-0.409011268053748
293,30,0.735183492472025,-1.5422941420317,-0.311814760256254,-0.456119737965958
294,30,0.816622487118018,-0.496682927053353,1.00752425028247,-1.25517957694855
295,30,-1.40407374643015,-0.174083349417923,1.78243943149603,-0.956629127862118
296,30,0.57867055392702,-0.165777353116601,-0.907948265991718,-1.04087693641476
297,30,-1.08951469653187,-0.542997131021312,-0.505534451813968,-1.40856469130211
298,30,-0.73553533883362,0.697328264549566,0.257218022052437,-1.5260347305486
299,30,0.709689804463833,-1.24735416005173,-0.0867843285244483,-1.08940037056012
300,30,-0.620209105440456,-0.0911799819435629,-1.33610788572586,0.205735696586978
301,30,-0.960141732107184,1.14928599916447,2.14311923198549,-0.241457743520259
302,30,-0.368482351423364,-1.29461369992381,-1.15820087132489,-1.72055517615689
303,30,-0.868907800621422,0.056162091818544,-0.819963335377779,-1.30313928588739
304,30,-1.07780019546166,-0.175908120610472,-0.435984191621764,-1.55606599723914
305,30,0.499267827105126,-0.553902457762205,-0.839029077754604,0.353322683548936
306,30,-0.116622433899896,-0.831027982909903,0.0412706015593683,-0.581599238235344
307,30,-0.492324089406084,0.135668675789812,-1.5818540705048,-1.1699559856093
308,30,-0.245500452122649,0.237311951146706,-1.90053376327061,0.792428728066704
309,30,2.12655541634186,0.473037336518672,0.849893303956413,1.1880715913302
310,30,0.819969521833481,-0.390830519102856,1.15864746815997,-0.151800147430037
311,30,0.440156352574639,-1.20215562716537,-0.948357748340737,-0.28183609662479
312,30,0.466924514135661,0.566767931736818,1.28021070514069,0.267386592158914
313,30,-0.506539991771928,0.31967473272332,1.51609089781007,1.25419394660457
314,30,-0.938930779087189,-0.165060902844605,2.34262397545079,0.448868404665324
315,30,0.671957084382085,-1.62397320824116,-0.267393969310568,1.6266782214137
316,30,0.660887629338823,-0.761660916569679,0.564583012788382,0.0974379850482451
317,30,-1.87340477387396,2.1988343112593,1.10893053791749,-0.204180509873835
318,30,0.27171869394972,-0.567593537162432,1.32743914144325,-0.0925429859398434
319,30,0.410865295348409,0.948324807074065,0.958565958651927,-0.216556814772201
320,30,-0.16888307766072,-0.73789942312724,0.367261212236479,0.559867372609824
321,30,0.729455016022383,0.927827108600507,-0.926684667826123,1.17289012531598
322,30,2.66622586414677,-0.684715620128769,-0.682237034976076,-0.330866814386418
323,30,0.357471579763732,-0.191347365139099,-0.884063194792017,0.150272019533279
324,30,-1.13003265455794,-1.67338758311582,-0.220612076106767,0.705171313169925
325,30,0.844721017419618,-2.22568308076138,0.170725889843476,-0.397451797375397
326,30,-0.533344033306061,1.77340355896693,-1.10584922005642,0.951035614353658
327,30,1.41855601229122,-0.365512880370881,-0.700938924926828,0.00885234146723578
328,30,0.521011918146244,-0.101209200032027,-1.52640920888167,0.0138832990724153
329,30,0.390921079792296,0.705110618093647,-1.19707496695435,-1.25581947205888
330,30,1.71956408888295,-0.155105083886686,1.17401533679465,1.11137440413586
331,30,-0.712315114876009,-0.310231703682983,-1.36776486875408,-0.00166450638018903
332,30,-0.902845298508063,-0.0688416211431088,-0.983908798858648,-1.59386367034961
333,30,-0.124025247378769,-0.855112677464382,-1.44183422580968,-0.357977698181796
334,30,1.31063466932482,0.147898911322532,0.21466394867664,0.209310846044064
335,30,0.177574487118866,0.577371281796866,0.790926269101383,-0.870995906754231
336,30,0.722415520820403,0.64083059587999,-0.325184407469937,1.26305126333069
337,30,-1.05129381737269,0.376039006438608,-0.40150968334372,0.435280587342854
338,30,0.618384999908834,0.63710122727369,-0.0335538488848389,-0.659704696592424
339,30,-0.00145192423678735,0.751912588703153,1.048860423118,-0.0328331577005627
340,30,-0.795719016661544,-0.634229291620219,0.972267639037166,0.365148799747817
341,30,-1.83158350327903,-0.676915159222654,-1.54805111709028,0.442764165806708
342,30,-0.325160097987525,0.287908566098359,-0.708994650006487,-1.21183422208052
343,30,-1.39960173670457,-1.10855948268965,-0.222870247531402,-0.492570869232013
344,30,0.610091694665031,-0.295135116270276,0.414962777840773,0.200152427088728
345,30,0.294062829610911,-0.350374440089445,1.56330004833559,0.100055014512543
346,30,-2.24778876049336,-0.802119455263534,1.21273519023043,-0.701273322738434
347,30,0.166504480017434,0.67699945952035,0.55517938380325,1.01037779523121
348,30,0.66837994690179,1.3197631019084,-0.172431453723592,-0.507746429040509
349,30,-0.374582187905558,-0.0250276894153718,-1.21097429580608,-2.07650942459655
350,30,1.53957703296017,-0.137129898842379,-0.361973617414168,1.52863182434995
351,30,0.273808995575944,0.761365741028454,-0.757198495437387,-1.18906520886224
352,30,0.172358721094003,-0.502069602723591,0.345900938008248,-1.06134991491607
353,30,0.177294358795035,2.35560456916121,1.20652628048054,-0.347231638443634
354,30,-0.238504729590534,1.16109932831687,-0.0147868749058462,0.422473145412787
355,30,0.459903200406607,-0.708530813857209,-0.893426950021999,0.102990426646102
356,30,0.387699145723388,-0.220979952741552,0.509532550585169,-1.36309710563266
357,30,-1.69281784331717,0.100057093344922,0.348016860935688,-0.0646471293224547
358,30,-0.744442391234647,-1.68427320722764,-0.0221074907270414,0.133800224876936
359,30,-0.822590561954193,-0.747066564362631,1.34180774330317,0.427371498395181
360,30,0.291310036341722,-1.01214388402164,-0.698153796490687,-0.672945164021463
361,30,0.535693418619299,0.498923672568063,-0.61360287664863,0.822095745969687
362,30,-0.971417683287699,-2.08063929436316,0.0713584513318942,-0.776892576345254
363,30,-0.750594929353723,-0.497950415943111,-0.426251846577944,0.204696790047843
364,30,0.0699620478058939,0.34319315811591,-0.571516978257209,0.977159263983201
365,30,-0.437800133695523,-0.252821159720457,-0.0626913443049567,-0.353909154995549
366,30,1.44367112006277,-0.689042629011375,-0.350060975481487,-1.07179359802493
367,30,1.2806727020968,-1.36518386149209,-0.485182982716024,-0.579799581874654
368,30,-1.3091964040048,-1.16316364818184,0.572075347123695,0.0190086592180972
369,30,0.827789515212024,0.661792622856122,0.176195588906876,-2.40315641708381
370,30,-2.26888818493942,-0.573693025072307,-0.729842432654056,0.384688439171006
371,30,0.68979385116816,-0.476179024573869,-0.215301188449023,-0.836188273544217
372,30,-1.07338901289919,-0.585006891606943,-1.21295168089435,-0.323941678702289
373,30,0.230036247630126,1.72879233196374,-0.286765920802816,1.1086481418801
374,30,-0.763747573908749,2.35844936273109,1.44579087958169,-1.11610745618029
375,30,-2.09186405638425,-1.17168177518463,-0.335772227824593,-0.294880652538969
376,30,0.969184398197804,-2.30157472267291,3.11789736189626,-0.719685383688358
377,30,-0.156465748991808,-0.788550472946828,-0.00673042557346385,-0.902442754083694
378,30,-0.171672931811696,0.0701867310575167,-1.8142272087337,-1.62418579146618
379,30,-0.728574264891924,-0.826044236793996,0.702376408184661,0.106877288920142
380,30,-0.0971299901177423,-0.525024447853665,0.0116135515222589,0.0833745707850577
381,30,0.107799273220688,-0.339817442900125,-0.182867433647068,0.0231390114153205
382,30,0.818275955294929,1.37464862227608,-0.603222987793735,-0.659876095245465
383,30,1.90980810978091,-1.42723242585942,-0.16328827901428,-0.5918555844899
384,30,0.647578906549815,1.69160542402156,-1.02697580664429,-0.407758219070025
385,30,-0.282104285779085,-0.907628556823483,-0.449023321331059,-0.214033020021761
386,30,0.525503279548081,-0.446117658963138,0.136595735186208,2.75021709268835
387,30,-2.73521775362022,0.323859780808654,-0.555167211531107,0.33480444641637
388,30,-1.03872820471773,-0.553754851822088,-0.303923054427372,-2.21736125254793
389,30,2.12032248200211,-0.29878141671991,2.13597481334426,0.932485088220242
390,30,0.544275453294289,-0.948251166694539,-1.0234333949184,0.189556330665087
391,30,-0.505214408361764,1.42977787249249,0.319386624650409,-0.161064918840866
392,30,-1.85604729368584,0.278844091476564,0.305916396801989,0.144212453894836
393,30,0.793130130347098,-0.086447629179385,1.30560840095832,-0.868939268164566
394,30,0.22529324222443,-2.57086286456961,-0.529390642644458,0.0879354062086347
395,30,-0.541320045666109,0.549733976119589,0.335236186457334,-0.480844003476258
396,30,-0.226911332300372,0.285330583787475,0.450729135587877,0.404753466860255
397,30,-0.0692170420076554,-0.826811366927138,-0.826669683269492,2.05116061288773
398,30,-0.761922979442092,-1.54746929782316,-1.44538488477207,-0.395825075731929
399,30,0.0036803305979741,-0.466795262994356,0.963486532064137,0.369039005296905
400,30,1.34904750728996,0.777471687120501,0.10500454406665,-0.0753025345624201
401,30,-1.09481352869001,-0.94631465139868,-0.633374852732776,-1.68470626464083
402,30,0.526731441964009,-0.4896015076035,-2.19866408623755,-1.70068218494304
403,30,-0.370716344729192,0.296093032382642,2.72759331380776,-0.872991663620036
404,30,2.56578458617301,-0.546869444652083,-0.765106653079779,-1.23154495680092
405,30,-0.038185812004958,0.87580917155518,0.673658145618301,0.470675132804962
406,30,-0.0175000553974634,-0.213276803025819,-0.650056918015728,-0.0857306454847127
407,30,-2.5753814964213,-0.489468861219122,0.884822159554499,0.314820899498682
408,30,-2.24684087900106,1.00196400324061,-0.150573097739586,0.131917527786638
409,30,2.15846750670941,1.02969310620831,-0.575357984526992,-1.68866335949848
410,30,1.01536731507183,-1.11692793663707,-1.97380728637691,-0.691889934326858
411,30,1.65327166988891,0.328599350593138,1.44195362988889,1.0556298394324
412,30,1.85971357933497,-1.28702903930591,-1.28748034042571,-1.45221468350249
413,30,0.145736966776698,-0.8075307898432,1.76987876657021,-0.972089650861261
414,30,1.11599398295331,-0.00589164417711501,-1.17696473604338,0.550639015547278
415,30,0.644341050631554,-1.27692766126017,0.289378156330197,-1.52225099129336
416,30,-0.152539997674666,-1.5826733193377,-0.684157600996958,0.459840905998679
417,30,-1.82376968393542,-0.39060449201728,2.34032250093834,1.4416095277354
418,30,-0.0222375296109286,1.51855416217885,-0.422341083731788,-0.761125084519506
419,30,0.221526272448831,1.50668821797006,-1.11817396372328,-1.34704453228551
420,30,1.0791709835043,0.640354788376707,-0.970343926811273,0.264693916351249
421,30,-0.320402664687206,-0.888398882522553,-0.533202797324362,0.195183790633371
422,30,-1.04229416319738,0.821622666799421,-0.223372335604776,0.541964173779173
423,30,-0.909377540241196,-2.40857804303015,1.11512239134066,0.286720244277619
424,30,0.233320132454146,-0.321165202791642,0.0201903815951071,-1.2418863056214
425,30,1.13425997962201,0.0831241653172248,-0.834145875185898,0.0143042233252639
426,30,0.931036393299438,0.417825646033917,-1.67751727681089,1.20060761778255
427,30,-2.49507947620848,-0.459957044771247,-0.900803998076904,1.62107857903183
428,30,-0.63110552304517,-0.800666171524124,0.876963083353349,0.808553743162912
429,30,2.42059790873839,-1.46926880861344,-1.02722948420126,0.503310101827961
430,30,0.0118401229906372,-0.0966871128368727,0.610080439028141,0.116955564279952
431,30,0.686224600119145,0.273724638461354,-1.90761969036807,0.529756392362184
432,30,-0.53491257653685,-1.35571548398363,-0.881822629800623,1.29394069221203
433,30,0.84935648879054,0.0187691212572084,0.825849832893476,-1.80290581556531
434,30,2.36218014528894,-0.783686076982841,1.0062526135759,-0.102799234190576
435,30,-0.737853276070397,1.09500318825582,0.247779375000082,-0.979051289906803
436,30,-0.379711989977403,1.05661614898813,-0.886956203421753,1.28083724336506
437,30,0.959675822426844,0.388131859676785,-0.521401237950784,-0.67969732205103
438,30,0.971086346743427,1.26723916787577,-0.787385701503409,1.15969199656959
439,30,1.67123119122276,-0.118178429280203,1.21303473536647,-0.83743403616981
440,30,-1.04250128282765,2.01487052880547,-1.05490927172592,-2.08158569215695
441,30,1.39333800710629,0.0416503454268551,0.826731630425205,0.332782572036633
442,30,0.89780447829981,-0.463722578138107,-1.79333826061022,0.143958776762771
443,30,0.292061788721306,0.621193764583134,-1.84381217211811,1.23856555910393
444,30,0.845368609056714,-1.65738587607501,0.318678808348282,-0.970764230201067
445,30,1.00927380079473,-0.990619371874977,0.26184133277393,-0.984998525600174
446,30,0.140859612211178,-0.139570725951866,-0.330872920568737,0.0857981105148967
447,30,1.34996941517894,-1.62672094750899,1.10796437287317,-1.59020948198111
448,30,0.591935803441055,-0.711099681236843,1.5053969447027,2.3594118420473
449,30,-0.0134435667813835,0.399963991994541,-0.0513640015375683,0.707321586839002
450,30,-0.69992108322495,0.316105893045545,2.30295040726753,0.512985358122743
451,30,-0.183915553696208,-0.097003317751346,-0.982074275371991,0.541382524404628
452,30,-0.498475299083571,1.40650475740424,-0.79952792976241,0.728614472089078
453,30,0.13807119956315,0.125987398550473,0.234328449187237,-1.3701627128532
454,30,-0.843888668251735,0.164931435013925,0.632306740693313,0.381379541506387
455,30,0.248990058658938,0.905021899718484,-0.932371661206571,0.0090755249461207
456,30,-1.15622067804876,0.110319356452417,-1.05326306465439,-0.486732020740976
457,30,0.826355523221127,0.273682173335737,-1.22271392961631,0.157696158660861
458,30,-2.24483978901516,0.806417803923153,-1.53188231177102,-0.0666582048856983
459,30,-1.02725529855117,-1.34931279332063,-0.856483274692153,-1.11687015742255
460,30,-3.24944102269964,-0.325381955086644,-0.771999505566381,-0.245714590979172
461,30,1.09609901184285,0.538383110793397,-1.06798175849668,-1.53336557864117
462,30,-1.23444291040959,-1.62568136540384,0.129267966691204,-0.434578312717216
463,30,0.993986982291528,-0.0672018715172926,-0.544007531045189,1.61859811010547
464,30,0.152621524052041,-0.0232208627162385,-0.13156264575808,-0.844226191322334
465,30,2.83280698726061,-0.35822267288414,0.45584571529169,-0.517573872164079
466,30,0.961075955231927,0.529320007759479,1.76575168804725,0.252015401348017
467,30,0.37108317029255,1.14704772328795,-0.387722694052246,0.76563036376059
468,30,-0.366197599034425,-0.735883987248019,-0.598785602414116,-2.06615801688848
469,30,-0.210027006992227,-0.725774375499618,-1.83683375907461,-0.981949321923197
470,30,0.736557548672042,-0.463503303233225,0.438547135242566,-0.886200312083746
471,30,1.23828369454099,-0.755774058385305,0.151417839908947,0.960816715192368
472,30,0.413234350269026,-0.260629250452649,0.0359953836136376,-0.540289214306551
473,30,0.152898594718605,0.420724369351674,0.157387864212326,-0.987069308400896
474,30,-0.912206156930114,-1.00847561418438,0.393009193460025,-0.866932658906101
475,30,0.366264086331283,0.638023013707298,0.105634020163234,-0.658967527239501
476,30,-1.69487115044917,-0.239309439601729,-0.13910442228686,2.12235939748874
477,30,-0.250185148716361,1.44269095722427,1.12458337608998,0.778224052411349
478,30,-0.385660353326798,0.825883980587398,0.739145518425267,0.1920949934528
479,30,-0.861184211008624,-0.9285425851877,-0.60648535674852,-0.302853922776828
480,30,-0.391699687022697,-0.75846818911706,1.03242753843531,1.86139775538323
481,30,-0.294030701148516,0.0113804967260448,-0.0620264650322073,-0.947352008760527
482,30,-0.271975082570228,-0.0425279500657136,0.675549163425824,0.527325971914028
483,30,1.56408307171734,1.1106358778374,1.13139476121527,-0.182222432445356
484,30,1.32918998198341,-0.855201633556868,0.34932621242802,1.05453896682936
485,30,1.19613064204523,-0.942799912033266,-0.0119703976454277,-0.196655479671843
486,30,-0.0651753569341026,-0.800611207261727,-0.709609474830901,0.199632651386238
487,30,1.18300986135426,-0.117738855148511,-2.2009286347654,-1.2164501439617
488,30,2.13873209451529,-0.864557534624782,0.730221723132151,2.14825814443955
489,30,0.599865766458433,-0.1641778310343,0.396128895411112,0.824415762114393
490,30,-0.397711823952302,-0.365094031601695,-1.10077037394319,-1.9236257649297
491,30,0.00596288394730471,0.331240612246827,-0.19418144136538,0.411319217276613
492,30,2.39437401069412,-0.283192304948857,-0.754307280791951,-0.872330153805242
493,30,1.08958789391579,0.0646962695311267,2.38404271068955,1.59235930561273
494,30,-0.479308122120388,-0.089031274444207,-0.426178701574901,-0.34164061839488
495,30,1.17834980719107,0.308899270491854,1.36817158850183,1.24706141705709
496,30,-0.633429056272577,-0.332844373862381,1.0935469750194,1.05519856599554
497,30,-2.48002476400209,-0.548860280691898,0.127634831719077,0.057436249610973
498,30,-1.30261470855913,-0.883663565747468,-0.332189687754979,-0.383542512361991
499,30,1.39875787679926,1.53732778501544,-0.0149462956653173,-0.569973868253222
500,30,-1.45595747092807,-0.884623998143098,0.623465056646812,-0.000121986867426085
1,31,-0.0367546285343537,-0.72138399545553,0.808644528375396,1.51458619899757
2,31,-1.01237371685174,1.92724266334806,-0.536474722980138,1.17319051243512
3,31,1.54802690593471,-0.0172014802636696,-0.613588755216224,1.50257778047382
4,31,2.46658781791273,1.32277010706457,1.64176099555853,-0.278905182932356
5,31,1.22075685631084,-1.122246061193,-1.0379494123343,1.03682565964034
6,31,-0.210211021615463,-0.187921058591316,-1.24197188669431,0.421559956383133
7,31,2.16861063416067,0.122979741747166,0.0926341931082655,-0.15711881659341
8,31,1.63032335479796,-1.24313975719798,-2.25190142226942,-0.0690359363425619
9,31,0.431136210905473,0.444448677093423,-0.30321428003605,-0.319868800325698
10,31,-0.03987932640235,-0.00671315720337886,1.12125647290536,0.140832625980252
11,31,-1.39045245610361,1.18520558376816,-0.0845535773811006,-1.09505850387309
12,31,-0.133204518751287,-0.496247806031478,0.993784012940059,1.61318425837376
13,31,-0.206696428345765,-0.114270166456575,0.0625799621698027,-0.434217697889338
14,31,-0.422801567846214,0.426679220106134,1.00555702403216,0.627343645241796
15,31,0.323149897377871,-0.544055683849738,0.18959265535458,0.95895642544179
16,31,0.357586496565178,-2.24230618693424,1.17702461649166,-2.58661525847124
17,31,1.88033622187163,0.684770267732155,-0.628252748514782,-0.484865813906973
18,31,0.400270235796351,2.56554646176262,0.740090342685867,-0.706236043985308
19,31,1.94409392281625,-1.22550086333397,-1.16677831230268,0.292611594358742
20,31,-0.536613750749911,-0.0134123988814079,-1.53102342013372,-0.0132788865400896
21,31,0.324301801143005,-0.269722232075447,0.906397411007744,-0.00400179947894865
22,31,-1.12146113318206,-0.521570415513568,1.48977555367168,1.00596939758666
23,31,1.4313209453043,0.140581661794546,-2.13267884236552,0.213936480062547
24,31,0.117466103738425,-0.483184868933009,-1.43576317291158,-1.85931984747552
25,31,-1.02077786117411,-1.22747782549137,-0.813993040546356,0.431631297408553
26,31,-0.946299846294626,0.0225820607969446,1.7789586718315,0.448543753786323
27,31,-2.0788070863756,0.468531859645109,0.165069706280633,-0.520633525717625
28,31,0.941316825083334,-1.79094687627478,0.217032381975294,-0.18978550220193
29,31,0.384773409381975,-0.0291270754210343,-0.196730487260699,0.583759049810133
30,31,-0.99227423925112,0.250965636838095,0.537431964597287,-0.742449040883149
31,31,-0.834877781510891,1.9828363242446,0.0950336683211837,-0.445220435961972
32,31,-0.305585349524681,0.676429864338125,-0.570387897286,1.42493920599005
33,31,-2.51410325839187,-2.29343683226528,0.350555651099054,-0.770219661685325
34,31,0.250515042835444,-1.11264503453503,1.44225126760308,0.636862545439227
35,31,-0.0603850562706703,0.08165166920408,-0.738620887351595,1.18123244626379
36,31,-1.10380665204079,1.45036678918123,-0.94895779493292,-0.701311572173913
37,31,-0.700472962289946,0.936790660039095,-0.388271052038463,-1.08346677493432
38,31,0.338534129655444,-0.180055932284375,-0.89192014334166,0.0985756511101318
39,31,0.756094133783043,0.18947754374465,1.46678968607671,-0.657162586651394
40,31,0.320705824870769,-1.10564343200677,-0.0146721905819974,0.159912200389343
41,31,0.0354482991019494,-1.07550870711858,-0.311000506708426,-0.251789296603848
42,31,0.344925359426939,-0.593397682643657,0.0945422225952222,0.962047098840773
43,31,-0.1359043830388,1.0213650945225,-0.221713153780489,0.425231130529233
44,31,-0.596121639070444,1.22211318863857,-0.319120569744798,-0.889957710626871
45,31,0.930361225726507,-1.29772516107215,-0.434554720692093,-0.455734461087577
46,31,-0.133381599120822,1.600978806807,0.309889645686892,-1.30298077867214
47,31,-1.04750913438555,-1.16532687634162,-0.0745475149825656,-0.0210408621938393
48,31,1.41707624173162,1.40909597895099,0.736580397393037,1.58098056750522
49,31,1.10242678045647,0.0343669977677927,-0.228124634252072,-2.33996755301214
50,31,-1.30319588926788,-1.63695911616742,-0.0563503353755522,-0.498950373768548
51,31,1.53102283368853,-0.347067618318187,-1.23056269255505,0.223327348256595
52,31,0.480204064285988,-1.06538000214734,0.0508160636779241,0.817832272455622
53,31,1.75107890709091,0.766464872857743,-2.23150206717263,0.114557896201128
54,31,0.327811694462742,0.520084488887601,-1.95612850755333,-0.624385384370725
55,31,0.12552304357542,-1.97796404488894,0.298820070987159,1.07266513152027
56,31,-0.937880386823695,-0.586888237418993,0.0471539860020136,-0.469814946559559
57,31,-1.41571568308296,-0.790502048280941,0.132913620604745,-0.435294388921103
58,31,0.350276689568581,-0.129154559018129,-1.3463548890977,-0.855095585948053
59,31,0.868626175831114,-0.0672799534276374,-0.0240043917600864,0.279567802754672
60,31,-0.152049331480402,0.37459025512598,0.0808731840143901,0.263838515973556
61,31,0.269653402091054,-0.943218303581773,0.0054288208810424,0.374225156929239
62,31,0.689072394820011,-0.991554817437232,0.00709315597098739,1.01777334263657
63,31,0.179304740924164,-1.83396050296058,0.472071996628376,2.02558692529655
64,31,0.269461173217399,0.383028822832332,-1.30728142460253,1.02200183496872
65,31,1.171598499199,-0.776133954345174,-1.06598985293174,-1.35593567609439
66,31,0.706057087581352,-0.92896908347536,0.24883994839589,-0.838396417836293
67,31,1.92575323587352,-0.440159294167627,0.475596202551051,0.36753046839683
68,31,0.774616981826954,-0.539031346941892,-0.232985630659542,-0.23074576655896
69,31,-1.1421847677451,0.405171063861175,0.874169646604188,-2.66119849754298
70,31,-0.477993726643555,-0.737152608331039,0.00997710592357346,-0.126916460876969
71,31,-1.28636583558414,2.59646291838929,-1.87215783177177,-0.0788859720620837
72,31,0.171334344880858,0.72979754638086,0.558313044709095,-0.186993217508306
73,31,-0.0782957482965666,-1.1493265456577,-0.424007036136284,0.481989816784048
74,31,-1.060223175356,-1.76253160661307,0.506722594986695,-0.352057144539011
75,31,0.195076341363791,-2.39275917555262,0.25110489258675,-0.69366390001928
76,31,0.591529546886729,-1.26014957715006,-1.38007750982912,-1.01754369583996
77,31,-1.83391191269076,1.28542223212974,1.18068204000578,0.45655169615662
78,31,0.429802549950883,-0.177369403132258,-1.21559532539542,-0.388075008549966
79,31,0.115217336840938,-0.708748171395901,-0.127617059968338,-0.884280474598228
80,31,0.699115523340621,0.337966056331851,1.32898173503588,1.53222727249668
81,31,-0.0957955185165112,-1.06991820424317,0.193980408264944,1.00905308181874
82,31,-1.00615804337701,1.64174305330149,-0.222262671018283,-0.187860478225786
83,31,0.927386792402245,-0.443357720325033,-0.294542425589095,1.13781109903281
84,31,0.0244717122348469,0.200242855079925,-0.0716674585803449,1.90572278788635
85,31,-0.763309033050907,-0.287380203186696,-0.396823537886814,0.1017149246064
86,31,0.217487328210303,0.172247642768113,-0.172027447364868,0.197605715777445
87,31,0.52854322778952,-0.285570834253816,-0.164698459748816,-1.1020077774605
88,31,0.986970345657595,-0.0121929521255518,-0.640183317393383,0.243979453329446
89,31,0.490892524450761,-0.43006577458153,0.965451356866837,-0.833138890132911
90,31,-1.76641701378112,-2.23318487716634,-0.794465438497673,0.797501802900449
91,31,-0.321643182041035,-0.418844081901811,-0.12367320926891,0.423970137207177
92,31,0.671375808401334,-1.29288587718408,-0.721638304736615,0.645574855639575
93,31,1.11695963340173,-1.14104831955482,2.68525887795747,0.518110913459065
94,31,-0.172287119489372,1.0367957890142,0.222117398857223,-1.36602646767684
95,31,-0.700732547855231,-0.737485757270159,-1.14399629629451,-0.478189041132922
96,31,-0.456403094950856,1.38176299548014,0.0477447291201709,-0.5133872777645
97,31,-0.11569895758591,-0.381079644324125,1.42223046829438,-1.20941545201014
98,31,-0.558531927884203,0.288950125400373,-0.177960556819052,0.689464006196288
99,31,-0.17223956580843,0.519584048903056,-0.823824028819979,-0.301330647164597
100,31,0.672198147972932,1.84636210170374,0.571810749292132,-0.399724334183384
101,31,-1.91670308321139,1.33799667175398,-0.47543737060477,-0.745242703934279
102,31,-1.11578648314839,1.31075394567041,0.150094554934021,1.50768049763203
103,31,0.126161769307653,0.727504322776129,-0.252091579088189,0.86936236683444
104,31,1.21533112211071,0.380958408632183,1.2907547123647,-0.103676714918946
105,31,0.314887843082573,-0.980569923811921,-1.52337271423404,0.672205484132375
106,31,-1.91291913929296,-0.759154969259048,1.43056553764304,-0.72148970814127
107,31,-2.0239417756851,0.832126657133714,-0.390398561602447,0.773077330497635
108,31,1.76879238174971,1.5136994617956,0.19678469342302,1.60464497644331
109,31,-0.995619059626017,0.328255661164545,-0.334914123047818,-0.549591146553081
110,31,1.19222427654432,0.468061348900592,0.446112784611329,-1.70076945875605
111,31,-0.0280904931441799,0.703024762362621,-0.349630932649214,-1.79711385812027
112,31,1.80370356762941,-0.699196437724815,0.0852582613768465,1.28452587423462
113,31,-0.81848276527099,0.299833801001749,0.139542691400809,1.42660843848825
114,31,-0.160835671688784,0.506966183319754,0.738407512783878,0.469478237683211
115,31,2.83094666003753,0.146772629001314,-0.556368706194758,0.562074142710957
116,31,-0.363480229248204,-1.41721092766083,0.316849667916999,-0.181960008313296
117,31,-0.507676305187301,-0.203308718286571,1.80252080145191,-0.722537526856542
118,31,-1.13231907659883,-0.375707004486696,1.04088596794924,-0.371207680148042
119,31,0.912243176918887,-0.108826062809418,-0.247694797867943,-1.99816214359445
120,31,-1.48955441244396,-0.7292818151917,-0.00485434546989087,-0.741645701927176
121,31,0.969313978118172,-1.57383252196836,0.0921278821695667,-0.376639875025667
122,31,2.15795091431136,0.338086827087814,-1.21710168092042,2.03131772125893
123,31,0.160827896543353,-0.931006299786219,0.339392448327314,0.355398496863145
124,31,0.821563572357844,1.25413387817175,-1.22086325350304,-1.91068309670916
125,31,1.16603646235713,0.502180850304977,-0.993323614615999,-1.03994209216735
126,31,-0.228983834642349,0.711081123956632,1.86390271988716,-0.0546381219580478
127,31,0.532635820962914,1.06319299377506,-0.715784399972394,-0.256033712765271
128,31,0.912442596346368,-0.998941354682597,-1.05983416433853,0.311881700061221
129,31,1.71588239827185,0.307771584903652,-0.501968900639305,0.506534128793787
130,31,-0.67874309530985,-1.10169500490445,-0.0788104075772031,2.35224090671524
131,31,-0.0777835857995765,-1.64144763009706,-1.76355656225103,-0.064214346915317
132,31,0.351188701194031,0.924846558298365,-0.233157400903117,-0.000649792397262162
133,31,-0.835069365231406,-0.87456665546048,-0.0805184893339845,0.733599995777904
134,31,-0.0324853801634397,-0.416328598422258,-0.384632997422841,0.736631047708574
135,31,0.430521358201007,0.19136694806485,-0.454483056890192,0.143326204589893
136,31,-0.529194490379946,1.30794889174507,0.659377723841077,0.475612574368807
137,31,0.742000233122702,-0.314558741145919,-0.423073496364395,-1.04907178274715
138,31,0.559682416087242,0.72919262106697,0.673067420549472,0.946623756408771
139,31,-0.207116647278858,-0.500255105548901,0.200467117417465,-0.868772878084981
140,31,-0.252314342559004,0.0718825216406006,0.821193227647692,1.523149860799
141,31,0.973735383079324,1.81630516305848,-0.595407518141067,0.555524739976636
142,31,-0.887194334098506,0.635275457544277,-0.693961346364316,0.494262185151401
143,31,-0.957418370811651,-1.13853171552017,0.0172570934195772,-1.87633136007996
144,31,-1.23503090000481,1.20982678074879,0.0808049401795742,-0.609032255883263
145,31,0.750511485669044,-0.476920482777487,-1.83634270629227,-0.588212876208189
146,31,0.309478195219935,0.0989723596057007,-0.691616883977787,1.51945388331829
147,31,-0.898084416286036,0.590734270681195,0.470206414504161,0.687377587693508
148,31,-0.38908124816468,1.52774276392711,-0.36129377284488,-1.18379573895983
149,31,-0.685379562224664,-1.6390986194122,-1.41726228577424,0.546598096418082
150,31,0.588316666511307,0.847986883792085,-0.171445468837466,-0.347978446838635
151,31,0.273836911408209,-1.1623341535046,-2.43999051778292,-0.344341968398764
152,31,1.31900027259687,-0.176138283569431,0.781106821586762,1.42492664898242
153,31,-0.156723975356053,1.37432255093566,0.236414296703241,-0.245113498649124
154,31,1.26471462342087,-0.832689420025902,0.0695508377071362,0.787217408299318
155,31,-0.293726507664909,0.455473533790437,0.333677774614221,1.65006813461527
156,31,1.18967805217743,-0.098971390695074,-0.930494967948002,-0.802636012329283
157,31,0.611113006832477,0.675606917615309,0.478378783010947,-0.926180968312217
158,31,-0.586423476571207,0.280398726284077,-0.65001010105234,-0.462233321658995
159,31,0.631655474153417,-1.86826878248161,0.0117585589906105,-2.03992682477567
160,31,-0.626727133996917,0.345719478168474,-0.0333364795381211,-0.313274304136974
161,31,1.59938391971997,1.31560437594429,1.03924659375608,-0.1550222386174
162,31,0.966896237045641,1.10095953182186,-1.25289764459068,1.03926681844385
163,31,0.0603397584809501,0.148533182837406,-1.7860813859681,2.82088001028596
164,31,1.54019187891105,-1.38257501283586,0.461933676470511,-0.184271747997021
165,31,0.843427877724036,0.484144981516592,-0.795038076723432,-0.0800406263451032
166,31,0.00586566267996723,-0.686080737180835,-0.0742979664688136,1.29226350277974
167,31,-1.36178399913974,-0.954616810531342,-1.64760699163163,0.560525713531537
168,31,0.185204770612578,1.2190641043935,1.50852888819477,-0.139403286622386
169,31,-0.328783046066523,-1.11228016749896,-0.130553970880859,-1.49543444200541
170,31,-0.785913665981545,-1.05266382168597,-0.0949010907937112,1.83746820032201
171,31,0.699053710510432,-0.0316984120050942,1.25172262419438,0.872439641671584
172,31,-1.22978480412339,0.482438842334735,1.10871483210015,0.700397893689604
173,31,0.318530121464998,-0.373712745399904,0.189083665031477,-0.191031278684843
174,31,-1.09810690380019,-1.52277408159891,0.896509215022419,1.65220724191422
175,31,1.01902355601332,-1.2534750721024,1.28272261384732,0.167948034520159
176,31,0.931064425231963,0.253807023537707,4.93611465826493e-06,-0.386821906586149
177,31,-0.593927200154602,-0.632712917507135,0.785647489257564,0.384411485884403
178,31,2.48827021392408,-0.673203389218105,1.08362253276405,-0.445573615143044
179,31,0.9054363807222,-0.282374921886872,0.489251291755468,0.708555601159125
180,31,-0.572403274954245,-1.02190893064962,1.66384459345249,-1.37064245135471
181,31,1.94922141812857,-0.619916921636121,0.954224709566432,-0.74656944113495
182,31,0.37197820931726,0.485600219549201,-1.70849519206604,0.5993768723615
183,31,-0.908642738229769,1.07503094432811,-1.00644997642163,0.902781995182457
184,31,-1.4560111947092,-0.385970839470012,-0.219258616316122,1.09459233399437
185,31,1.42594380076566,-0.206479377238662,-0.683519342576118,-0.813217566863125
186,31,0.388585562645636,0.609256625734848,1.59977905694494,0.0352601135019873
187,31,2.80695149556443,-0.450302169561496,1.42500779460082,-1.7576909024235
188,31,-0.128912354937847,-0.0303502767781688,-0.204703012513171,-0.0259502362065231
189,31,0.13460803194903,-1.13064182051698,1.93389698332436,0.0931741538212518
190,31,-0.64624567802109,-0.26981576844146,-0.648637843890615,0.319747798085397
191,31,-1.19844059358231,0.582061575289422,-1.48517474211378,-0.764760844921239
192,31,-1.51631667443068,-1.24450184821101,-1.3332528191003,0.474025818974218
193,31,-0.738134463107205,0.189560697789577,-0.205022647660101,-0.686796322451634
194,31,0.53431853190622,0.442020620880912,-0.550641497557989,-2.66918272078477
195,31,0.981158449086784,-1.71282842627996,-1.15539954759119,0.913724608614798
196,31,-0.317933642062819,-0.157128418153803,-0.984629308124985,0.768988081559035
197,31,0.126407238383181,-0.7903374059384,-0.139887379899161,-0.256066838149252
198,31,0.0530608864408807,1.17067581553093,2.06566670926531,-1.06193018186697
199,31,-0.732603384775796,-0.322206572220548,-0.204141602296101,0.782032267642325
200,31,0.370130898488552,-1.00429732650967,-2.00841591240185,-0.350494499582935
201,31,-0.0323572131399867,1.01522506840967,0.528924557388907,-0.804637590805553
202,31,0.790393950172176,-1.64792156709088,-0.639679051230953,0.88470351288013
203,31,-0.958297197155906,1.43576476754153,0.591177677495839,0.361235433661677
204,31,0.219605450712572,-0.635848499798885,-1.02238713426069,-0.696212179084291
205,31,-0.649272084917051,0.464920312226636,-0.306339452058675,1.61016718049396
206,31,1.30690373819837,-0.249169162531157,-1.37855236530044,0.639296286641212
207,31,-0.802068595287871,0.97922733815615,-0.75271328609576,-0.88633917067939
208,31,-0.705910499733332,-1.3348373146473,0.901514588358157,-0.30043673322141
209,31,-0.353793537253893,-0.724158979077973,-0.63947110613712,-1.00565969343414
210,31,0.240888201311802,1.97667500927648,-1.44725176447205,-2.22092520088195
211,31,-0.857513251023721,0.325380701106767,-0.40986320005186,1.12870787930443
212,31,0.130145926157253,0.710526794783458,0.116043966068232,-0.00868031703061486
213,31,0.36149344106952,-0.534706927274563,-0.411109278258237,0.89253941566504
214,31,0.395980339203604,-0.855449587093658,1.32109113680865,-1.5588441885644
215,31,-0.959772056944284,-0.40241172762536,0.643092373564353,1.23818839334044
216,31,-1.48582640847693,-0.860520903884869,-0.561768663202624,0.108997908553088
217,31,0.0496748753667434,-0.623494130783655,-1.00221601045024,1.78874803678553
218,31,0.537935129248915,0.474491172395159,-1.8374451906339,-2.2463918294928
219,31,0.994982016484695,1.58167456853365,-1.59300094930322,1.2200462482942
220,31,0.152823373457454,-0.26715101414778,-0.299485059269094,-0.0173420691269979
221,31,-0.513494254883323,-0.0577688036653619,1.43748796641865,-1.84430093540198
222,31,-0.993854075770902,0.68804661086615,1.06041378706311,-0.408293062775527
223,31,0.774868966131107,1.28092492001225,-0.774560524586715,2.09201161260308
224,31,-1.14217494599771,1.49357343142349,1.07772467227261,0.0467528504829512
225,31,0.0784553761392483,0.413702607636054,-1.44351004155098,-0.87268628184315
226,31,-1.5731217756254,0.703073871444798,-0.298469212500937,-0.635286943085688
227,31,0.784500546115933,1.0949674791794,-0.352310135270696,0.991557611706939
228,31,-1.59028022644334,-0.888511962690403,-0.178043930157896,-0.824262154412198
229,31,2.61490189398806,-2.95868712741146,-0.796871880779798,-0.30984929039823
230,31,-0.884694989828891,1.56664686144615,-1.35326524451508,-1.0764369386913
231,31,-0.917536171853421,1.14045018580937,-0.376172230189122,0.785238151431673
232,31,1.11662317974262,-0.543440269659285,0.236806102498904,-0.393586200220545
233,31,0.0604967010069215,-0.380488925780977,-1.66679335859197,1.57214056111898
234,31,1.55054848693718,1.60532648581184,0.989222978538971,1.72135289892315
235,31,-1.0450735346803,-0.241181871058465,1.64235219617405,-1.28123060466906
236,31,0.851387408080699,-1.52079747631956,-0.354746371361144,-0.232973013395917
237,31,-1.54485748548462,-1.56171045401086,0.0382883890339996,-0.138331352904773
238,31,0.371809624134677,-0.340757328945842,-0.978142860361709,-1.28882828995534
239,31,-0.191653568140104,-0.599973651472409,-1.50541660065194,0.0889807395784598
240,31,1.08377384234136,-0.43094465627402,-0.684999177278071,-0.689363626534986
241,31,-0.527117568372015,-0.979083884291061,1.57014716286719,0.392331651890549
242,31,1.34743993661609,1.12119971891729,-0.496834562349959,-0.387395547505944
243,31,-0.572152328792015,0.616067564278358,0.846771034535396,0.692370793602607
244,31,3.54817079804104,1.40513741339614,2.0476597289459,1.66340689815572
245,31,1.05650403135781,-1.27105259169271,0.213996175629873,0.45250900805871
246,31,-1.15648487798202,-0.201418717450844,0.395539692744921,0.434611225103026
247,31,-1.28858493783603,-0.553267670322337,0.231854724634851,0.188877097013148
248,31,-1.67114313558228,0.247125742160144,0.770980281845558,-0.594562451290285
249,31,-0.600984274491283,-0.687635968257201,-1.77349050172717,-1.07750645813899
250,31,-0.217945537189631,1.33858169389587,-0.448326349320142,0.604730059703793
251,31,-0.637133571092505,-0.171141794767231,-0.968545447762831,-0.468109072729174
252,31,-1.73544569142013,-0.0683703360782064,0.76706484541629,1.13274642270452
253,31,-1.08202179001533,0.286419885001627,1.05247505805192,0.56474411926502
254,31,0.962869681629547,-0.471031313603986,0.244982122459444,0.43535728812575
255,31,-1.12853429259441,2.1316634505955,-0.0623183637908094,0.89347618537617
256,31,-0.649241525428587,-1.37865783189567,-0.360783376262166,-0.841316347076472
257,31,-0.288405527280323,-1.35971412126601,-1.87711861363724,0.060749942062931
258,31,-1.42075046782518,0.661496514702505,-0.84167457413922,0.507765687637727
259,31,1.25753244252776,-0.663995040310878,2.30854840000964,-2.08573651342676
260,31,-1.69250870438426,1.25909936227387,-0.140122811025758,-0.425518579858196
261,31,-0.787958362780193,0.69589407077395,-1.15169508778991,0.386552440970909
262,31,-0.500451952361012,-0.783571441216234,-0.0203600650130128,0.365790958938222
263,31,0.501983039783562,0.841359396455768,1.04325750945397,-1.06849897785798
264,31,-0.168851696936228,0.794985412340636,-0.229778630301201,0.686170334078758
265,31,-1.61565663706236,1.94054286668552,-0.527258929842139,-1.30548477642853
266,31,1.0637158765853,-0.320749576649599,0.0736761576729048,0.62593033469217
267,31,0.332372387845763,-0.746247513693916,0.627855262513678,-1.71249043816553
268,31,0.695751716083321,-0.0956474245973214,1.39415554722486,-0.656807206258554
269,31,0.679518490502523,-0.334826873227551,-0.558008770962052,-0.327277777157568
270,31,-0.0478638249093691,-0.717278368541535,1.13367134800591,0.204034996026016
271,31,0.226253667342029,0.371404663134194,1.34227817280302,1.20082063678453
272,31,-0.326048878346444,-0.84993977693193,0.742408396814799,-0.484620409377176
273,31,-0.463925610557113,-0.140667746500742,-1.71478832925051,0.536852284749114
274,31,0.655531589524146,0.651777135350671,0.685752256200351,0.520147281737112
275,31,-0.917973504420487,-0.330004096181443,1.11286213555934,0.926143991803913
276,31,-1.24231996425941,2.17902245932214,-0.885528017101306,-0.302144569488788
277,31,0.672603106109204,0.949200613290934,0.394205172076981,1.46939744320041
278,31,-0.277215448039997,-0.314218813293304,1.13945285063961,-0.202768346941314
279,31,-0.219280189975563,1.72474760156922,1.0664460075852,-1.04064485664539
280,31,-1.31550427051578,0.623509909126557,0.991724401387284,-0.103752792917306
281,31,0.567705738037158,0.85808079941198,0.472493671363129,-0.6757857190659
282,31,1.40651749413216,0.321808141378898,-1.06260097995737,0.269262165350427
283,31,1.22603492624584,0.978632460816266,0.548279939307172,0.447761778281988
284,31,0.877241167572242,1.38564303619237,-0.148626542595324,0.146987236424022
285,31,0.536805257787874,-0.506262035181623,-0.656566715922182,-0.130218772651107
286,31,0.781197058992135,-0.183081307979658,-0.0918526323977284,-2.05514933593749
287,31,1.44513040915937,1.14724081836298,-0.518247640102529,-0.322062660169193
288,31,-0.228567050955881,-0.745134800861555,-2.19920403005775,-0.913939267594408
289,31,0.840815993534262,0.462448419079559,0.589455474515423,-0.832804726668344
290,31,0.295936355431644,-0.935092002458589,2.25547833721267,0.36447753775253
291,31,0.431470168098911,-0.704987976345434,-0.969130306267303,0.578913540052608
292,31,-0.671870766804746,-0.405780326070988,0.170136567832981,0.598085816896857
293,31,-0.852931944570278,0.533409714606775,0.0882019067203123,-1.73206858430436
294,31,-0.254664207321593,0.626086546348758,0.418227015202815,0.67930235354106
295,31,0.00334624260372985,-0.182006231964927,1.10958405329403,0.195760336415044
296,31,1.12389743520116,0.113884080170242,2.01426076657868,-0.292142745698917
297,31,0.244327094450452,-0.466558059704269,-0.121066549059344,0.787726706212448
298,31,-0.602307897419448,0.916415607801005,1.13643978374896,0.866296182921466
299,31,-2.24202439685659,0.773569556441349,-0.557726268429887,0.438377176574006
300,31,-1.2713505880733,2.02358797221868,0.569049513347361,1.47757314286264
301,31,0.47135213070286,1.08867231908939,-1.13628288604694,-0.228068190056112
302,31,1.07849548081722,-0.456749243077592,0.285213982874436,1.36619483133046
303,31,-1.15604558464361,-0.425394988027776,2.01818468602607,-0.129802664833119
304,31,-0.932482603856465,1.10397846132547,-0.837142765814928,0.657923318575697
305,31,-0.85972010428075,-0.606699118076869,-0.774086396992795,-0.498601679837867
306,31,-0.28755784768793,-0.272016527630609,-0.784380405413016,0.639691396656043
307,31,0.842503691409271,0.723955446713489,0.430932092204071,-1.14127284383682
308,31,0.204082361124617,-0.952853707448618,-0.727816395129883,0.352143597133831
309,31,0.812981721864452,-0.302292024777454,-0.0985735040055313,-1.15004133160246
310,31,0.16662167052257,-0.724399278402024,-1.64691969414415,0.743166275908992
311,31,1.64062697410976,-1.81554917109748,0.136669551317325,1.29912362528686
312,31,0.178702734112397,0.405741560871321,-0.653936462814811,0.452562533868211
313,31,0.436142416176319,0.265018525260206,0.182386567446624,1.00366033989999
314,31,-1.4689921546599,-0.937138749357117,-0.372529118891119,-0.335510222324425
315,31,-0.951174536297432,-0.115591448845533,-0.781467239970019,0.0392298645871019
316,31,-2.00155289315421,-0.469916494554821,1.1909680856871,1.98449963460067
317,31,-0.528309878010558,0.2145156733174,-0.533675827498626,-0.82019587093946
318,31,0.610732126480969,-0.0245789522666755,0.903278688340837,-0.224497885247434
319,31,-0.030259155820012,2.00612351416209,-0.0347438377001171,-0.60620493535042
320,31,-0.822839385419978,-0.542855570119912,0.913910302015001,0.302167218567501
321,31,0.840083035003042,0.531713681897186,-0.0120066803322116,0.176676036453416
322,31,-0.124993737852877,-0.500699093002433,-0.7734824880794,0.475344515814873
323,31,0.538150427555666,-0.660063375375622,0.456962582649444,-0.248090342323489
324,31,-0.774391649008935,0.0934920625579754,0.299336729484488,0.730195870004402
325,31,0.410514201817137,-0.213652258757882,-1.14517563573091,0.811179115896038
326,31,1.052491858137,-1.08468087035187,0.558216854187942,-1.47993920406553
327,31,0.121535812601429,-1.65864593671432,-0.378075579127838,-1.38009269296048
328,31,-0.0804285486625488,0.274098927092447,0.400409576155041,-0.266512950485646
329,31,0.985845041304609,-1.21236207043543,1.58700647004748,-0.401957844531431
330,31,1.25831113628795,-0.789987415822035,-0.198152185155637,1.28778288019253
331,31,-0.204825549399373,-0.300927760922562,0.5460849053104,-1.00273082303106
332,31,2.59583491231116,0.43322755646076,0.316751160439986,-0.818824362225684
333,31,0.697162196304498,1.14311751729236,0.212899855724788,-0.325692664203462
334,31,-0.380602030496471,0.452109577680797,-0.199542843066143,0.111990455047923
335,31,-0.818855218969407,0.990913278349143,-0.769566215564608,1.17370103363195
336,31,-0.00280612774019465,-1.11332744487783,0.108089406749156,1.00282256914001
337,31,-0.663910468838559,-0.5177124422718,-2.15649228598926,0.377252126398371
338,31,-0.835567742744801,-0.482139231402781,-0.513285097719898,-1.07597001827817
339,31,-1.89624380494779,0.84780768471318,-0.424371368948831,-2.28201035358547
340,31,0.836618946300609,0.129803018001282,1.01545712637465,-1.0041123079814
341,31,-0.58427548987452,0.452841357585211,-0.232094291775101,-0.68402756971098
342,31,-0.990013198996094,-2.25565880197623,-1.15618025459466,-1.51226059861879
343,31,-0.614798780447127,-1.96927617679908,-1.43396451269959,0.266143224491056
344,31,1.10796260921133,-0.829294763431914,0.647468016880118,-0.560675978413728
345,31,0.190668141898599,-0.821388475544864,-1.31847894865179,-0.00349183481811074
346,31,-1.90218264625457,1.16584385244352,-0.478175283150425,-2.0618143674504
347,31,0.569896091787507,-1.51051146653353,1.04767299095545,1.28717934930744
348,31,1.54517628102408,0.230117609767346,0.159997329797991,-0.175404573512875
349,31,-0.933981715222276,1.35690248752998,0.709404680213728,-1.22363834196941
350,31,0.356866578371109,0.964244631470845,1.26202582582759,0.111923649623235
351,31,-1.00523055257458,-1.16369268482821,-0.126564203477562,-1.42852044417967
352,31,0.715231238613285,0.81509195015281,-0.564189789498121,-0.0574417571990266
353,31,0.175237886018792,1.15099073326691,-0.849595881217028,-1.28618057673219
354,31,-0.256278665732669,1.11218511188683,-1.18104894548372,0.187023187819634
355,31,-1.09633750747336,-0.28916643897433,-0.509245727119885,-0.277820550400575
356,31,-0.411292189053398,-0.305203364878964,0.0728997076625763,-1.34975548538428
357,31,0.449691365642042,-0.107805606425265,-0.976825351137559,0.134653566299958
358,31,0.187838432014721,-0.241287687171037,-0.499078224778599,1.55593456575432
359,31,-0.107839598305576,-0.35861681072546,0.116985926740115,1.3900841784017
360,31,-0.299831944577384,0.591501777074292,-0.440867169647756,-1.54149563799751
361,31,-0.741909662906812,-0.220640169878384,1.32361570637785,0.0432722664410827
362,31,-0.561182531566857,0.175889512459232,0.438561950499069,0.287723655950299
363,31,-0.0821396916392779,0.631333368930372,-0.389630750067102,0.337808566588261
364,31,-0.0163154583009312,-0.163141572464188,-0.296638731370263,-1.69510893012279
365,31,-0.18740340568893,-0.533121544073252,-0.234281955090552,-2.21364284566933
366,31,1.17420726720934,1.63969370227671,-0.0715388925077454,-0.957185074128557
367,31,1.59816010765591,0.925618344967584,-0.272063533184599,-1.06736702336741
368,31,-0.456263001368293,0.646360843695772,1.34910270337609,-0.184423111762709
369,31,-0.535711741571965,0.0297990469586449,-0.040977113977645,0.777312915006241
370,31,-1.47357346947406,2.45598341523899,0.0124585221052886,0.0797972949267826
371,31,-0.304679883355606,1.39883610159483,0.712882691569436,-0.401054355075105
372,31,-0.0694882923661271,0.443434993670148,0.0880461443760188,0.225205173745744
373,31,-0.350849956189353,-1.30994551454869,-0.0145673916793169,-0.553546623191592
374,31,-1.2606599342884,-0.1277005281822,0.21720151630562,0.998291339361823
375,31,0.652763208029201,1.00180322175341,-1.48624077355042,-0.397933022949427
376,31,1.0912364983815,-1.81569660069669,1.24210083053728,-0.137902258279087
377,31,0.812041301821325,0.980665849355504,0.509726926130074,-2.17190137912181
378,31,-0.805757305068127,1.67079740270432,-1.19366549759571,-0.122735526894722
379,31,-0.138252207541256,-0.247936115979557,1.44969931720862,1.18049938975655
380,31,1.59295926537486,1.52179442765981,-0.424494251720366,1.8650876887312
381,31,0.382047624218163,1.84293914763458,0.381316262207698,-0.11911628845168
382,31,0.134563334823882,-0.341708767756919,0.365269828075195,1.07904081173162
383,31,-0.125385460314516,0.274835511230397,-0.519636046228014,-1.44806739022932
384,31,-0.909367210005592,-0.569528223359735,-0.304427607992015,-1.59242871001501
385,31,-0.835334659590755,-1.16723895967107,-0.575189240016896,-1.03241734246284
386,31,0.181361277406978,1.29183597744488,1.60723301333153,-1.12687101879629
387,31,0.51475371930178,-0.959091618795402,-0.220998309721694,-1.15682943166236
388,31,-0.838914999885688,-1.73905429384852,-0.160185622324018,1.3555587920715
389,31,0.454796457407309,0.477916625143852,0.238753684862322,-0.0824620799618808
390,31,-0.944334758247903,-0.313460524852854,-1.46115517666789,0.879258535850957
391,31,-0.290050095408765,-1.11680962984019,0.961224619448738,0.174807268435509
392,31,-0.936739980590444,0.307063491934698,0.13555177795395,-0.0345017899982627
393,31,-1.2800536398404,0.989779960540717,-0.113129370289818,0.789623739616567
394,31,-0.572269743212862,-0.494720908995096,-0.573452919930905,-0.419019349778169
395,31,0.28005592957634,-0.179505615449217,0.31368125589303,-0.545965250665149
396,31,-1.17680214152637,-1.09373596070514,-0.224202379286412,0.652068859870249
397,31,-1.30381888843551,-1.31304955395582,2.42574997807879,0.715403596419014
398,31,1.52253174072955,0.371350512918832,-0.386740219344609,-0.293834981167466
399,31,1.24659300673007,0.336030220964598,-0.2220073433382,-1.07877054370508
400,31,0.18141205841315,0.755890290488009,-0.180216951584174,0.315330465155905
401,31,-1.21761338794636,1.16654242077008,0.312095367848172,-0.987382820375546
402,31,0.5138579244243,-1.11417947584354,-0.415205449726434,-1.45744210549396
403,31,0.66594748766643,-2.06159895509413,-0.310234904846954,-0.647709701015427
404,31,1.19969045717082,2.30388126396489,1.39266937015301,-1.64443503643127
405,31,-0.655633217461248,1.54700527803763,-1.01541104108684,-0.860927180654988
406,31,0.436979995773467,-0.713875457201697,0.296069852995483,1.69051752267735
407,31,-0.693376599237607,-0.159749454647131,-1.66530768433367,0.140960225404682
408,31,0.528232812922588,-1.26239190587382,-0.0240599815758662,1.34507902544596
409,31,0.561068474008781,-2.28457696508931,-0.438246517688002,-0.991327384030623
410,31,1.03325693990326,0.454776790738104,0.35402812407785,-0.989957014745909
411,31,0.375430174459402,-1.26857378706631,1.37557749699972,-1.27729591612404
412,31,0.112310239889909,1.00237195896038,-0.646212802659134,-0.202762253534901
413,31,1.75312282114018,-1.02361256612374,-0.689216973532097,-0.10896235071623
414,31,-0.452398000389887,0.934600303738258,-0.523768618013944,0.0236222482287371
415,31,-0.77660070873452,-1.47222914660882,0.700698849810248,0.745482572385519
416,31,-0.199722848364193,0.896619329390471,-0.280804630419212,-0.202073205491689
417,31,-1.57747143841639,0.933652118114492,-0.732000641962441,1.6087174236739
418,31,0.423694903950937,0.448963458170373,-1.08794799418622,1.22796594006277
419,31,-1.22993380893497,0.187609918867104,0.381252118700305,-0.443562939129268
420,31,0.809232737017687,0.45490884129123,-1.13604688494881,0.510633472763361
421,31,1.85067545537431,-0.414113751551637,0.0089243033778397,-0.0911932747339936
422,31,-0.697467007865127,-0.872174138448657,1.96487263321993,-0.0692795319600232
423,31,-1.43213846113779,0.293431735137673,-0.734756214973362,0.246713471684448
424,31,0.926350221792093,-0.776271538834406,0.260455441503272,-0.457359545620476
425,31,-0.384028129133655,0.326975840192783,0.714769081748683,0.766678831850652
426,31,0.991585784347055,0.75337234428749,0.287620309902441,-0.304794665661384
427,31,-0.113850341895136,0.211951024750015,0.627997452498616,-0.0460440437049835
428,31,0.0251013584868994,0.231309390504484,1.65302219936113,1.16361093049221
429,31,1.20437960395267,0.649100164158705,-0.292997929061383,0.123408775807069
430,31,0.404114282583345,0.074184650956057,0.582595759816011,-1.97951493715259
431,31,0.661752091213121,2.4115871523522,0.410590522727301,0.231055712187693
432,31,1.35931755949617,0.981748724607122,-0.671595835279065,0.115444396852637
433,31,0.358962329737453,0.530464746933199,0.735392149742786,0.0685269338419461
434,31,-0.432798174121389,-0.564267304615207,-0.672942332863187,-0.220866632064351
435,31,-1.88725276653225,-0.0933422590553141,0.00152600079520836,-1.26489346717057
436,31,0.602285342455973,-0.306756644633886,0.0133919747325877,-0.091324329828072
437,31,-0.57741580296276,0.561657313618759,0.786928213347202,0.951409794298523
438,31,-0.300232223975204,0.0506824394775457,0.415797115755155,-2.01880581303216
439,31,-0.580434298808244,-0.807102366198881,-0.00461228869330716,0.596277295297918
440,31,1.24092549876557,0.120955037735678,-0.364256526071731,1.3122057673549
441,31,0.471759116671824,2.59299997626028,-0.00750725303645507,1.4557119138987
442,31,1.55962998267358,-0.725575748452907,-1.2450110671452,0.0513417906600692
443,31,0.445843870179588,-0.964479312536562,-1.38387879660374,0.628009642463206
444,31,0.708543672831046,-0.433116934640849,-0.693921742428209,-0.756881112434009
445,31,1.68432849596891,-0.403580961337098,-0.956273149615517,-1.01984526197775
446,31,-1.08626478187825,-1.16314408696142,0.834122977513403,0.0482055085612756
447,31,-0.0393416639193746,0.240832594194155,1.32081013402199,0.959153593772036
448,31,0.443864967693443,-0.201098607673125,-1.04904815315995,-0.044276018116793
449,31,-0.33680190240829,1.34466527795946,-1.74549248323431,0.89812499343289
450,31,0.939040815689241,-0.969108381811553,1.77026368736398,-0.418117044442825
451,31,0.370100130068547,-0.0714849101932238,-0.311260630574297,0.300184730367232
452,31,0.37870347570927,0.52651239360089,1.04525547575544,-0.134792692044706
453,31,-0.870762670974492,-1.30631044559489,0.561975521454221,-1.0354426042925
454,31,0.96758592288457,-0.427771543128694,0.824852119526119,-0.300279024374951
455,31,0.0793886177951951,-1.56460391575901,-1.60568665138675,-1.07807200785324
456,31,-0.398145425971921,-0.71333481584872,1.21634954886095,1.77819689580373
457,31,0.878365954772336,0.537240546907636,-0.671103319409665,-1.09424623230551
458,31,-1.24526261230157,-0.2828380619958,-0.269491598654731,-0.102658832240492
459,31,2.57237245254343,-0.078397836024813,-1.00716562282973,-0.522053484909835
460,31,0.846532710471144,-0.176380050059335,-0.0651880126429396,-0.00220899909126914
461,31,1.43603438477649,-1.39761734854478,-0.870599119292409,-0.540392804128477
462,31,0.389834084789273,0.409022535930663,-1.88866804494473,0.661237878179087
463,31,-0.668428867483666,0.687303153749656,0.396769558047958,0.117493605207614
464,31,-0.917950873243024,0.232179517746956,0.418223033185602,-0.0435413676097921
465,31,-0.146239796923704,-0.726208635192717,-0.0427383701629916,1.53063446078429
466,31,1.91455851230714,0.338398095599756,0.902826131400723,0.826764425972143
467,31,1.12049177374022,-1.38079165833093,-0.898753883056478,0.182864342749078
468,31,2.20896097095143,-0.637302611472177,-0.233556063004644,-1.00168915857541
469,31,-0.727911396938269,-0.336126280425718,-1.21050981671944,0.54912138816029
470,31,-0.410931309361425,-1.26142152559673,-0.105411647573441,-0.106019770369457
471,31,0.406310073393973,-1.15547972279678,0.201088999146039,2.10579750094654
472,31,-0.512076550502365,0.5332959720408,-0.0784820064909143,-2.25392732198785
473,31,0.39843103638284,-0.647673351502171,1.65607730796934,-0.835233986148731
474,31,-0.303361451385146,1.45629219903066,-1.17056891430169,-0.77194526137993
475,31,0.163558300363645,1.77345087117188,1.88390990117305,-1.04328607161128
476,31,1.01864921303893,0.0818977849752365,-0.944761991728213,-1.23111588317731
477,31,0.964173408719725,-1.78494433785584,0.984113066293759,0.367324446421163
478,31,-0.36707670398817,1.00365937235771,-0.00243221394891064,-0.842407724430242
479,31,-1.04794981237751,0.569557937515327,-0.0875488804537429,-0.477431421476994
480,31,1.07322575366084,-0.0457027980800352,-1.75038336706468,0.628192514499161
481,31,0.87514262443925,0.706660287643368,-0.24970629711591,-0.792569079231594
482,31,-0.170674947069952,0.13744008400718,-0.652548884703683,-2.47018216638818
483,31,-0.943942429387692,0.0241132367885425,0.59909825311197,1.45356228815237
484,31,0.0806511091967912,-1.39599007037683,-0.890287394052131,0.322241400924692
485,31,-0.242347499281782,-0.795857796722494,-0.4160290806332,-1.23297610060212
486,31,0.0870518466381979,-1.53723980146987,-1.33868267546319,0.252864862541438
487,31,0.584415045008642,-0.608482072792273,1.82029822002278,-0.569813855156384
488,31,-0.693757586568587,-2.33008364285942,2.69004299021541,-0.926835915745673
489,31,0.84690439445927,0.224874834879595,0.574685972888922,1.15659401514673
490,31,1.37200195304501,1.10920442319122,0.0403086537451533,0.635008786422425
491,31,-0.282169566221176,-0.307458053405579,-0.845207920271085,-1.76672824483112
492,31,-0.0613297373332664,1.4688966037475,-1.15500445005536,-0.279073952858741
493,31,-0.651470859565119,-0.954287908928879,0.969114412109159,0.740308724000468
494,31,-0.108273138836289,0.989377190395221,0.699368604879103,-0.0387689592643674
495,31,0.768298381128068,-0.352305178536889,-1.13346526986643,2.41887451125781
496,31,0.209955564613236,-1.19260977704542,-0.877091767806745,1.56930293967311
497,31,0.770757229247181,-0.615893384514345,-0.432251286968723,-0.321725954146439
498,31,0.855880033089866,0.953617621983615,0.116908981782025,-0.0855059097706603
499,31,-0.859228741459942,1.04552009220532,-3.44955605755122,-0.419653711974427
500,31,1.21087912977627,-0.280555035817806,1.59420225434425,1.23152669516462
1,32,0.26275593872242,-1.36117311643533,0.244551780625456,-1.50473891296222
2,32,0.361532711802994,-0.42706291873423,0.173802803917304,-0.974184121866018
3,32,0.854935008604818,-0.360591781355224,0.479395428994535,0.141698409248371
4,32,0.465261208068785,1.28422986949321,-1.04850775234809,-1.42401919486395
5,32,-0.347528167088139,0.54036112120867,0.443781161795129,0.444331473339382
6,32,0.907340615624981,-0.207235867524846,-0.0607161465009996,0.141913299126316
7,32,-0.400892479812444,0.543882950324299,-1.71952237355459,-1.32569008129463
8,32,-0.498032275216794,-0.239890989440967,1.7330609739641,-1.44493800546959
9,32,0.585586465273356,0.375994719711985,-0.33016392745322,-1.3066609659028
10,32,-0.767476341562254,-1.28641170668822,-1.01525465370768,0.14525857459881
11,32,-1.45719357157595,0.601437556406002,-1.14144019937374,-0.77155958238131
12,32,-0.806757901324018,-1.18032762108384,0.889286326482252,1.14095128367513
13,32,-1.13230387983982,1.4731022867109,-1.12783118764646,-0.145083408316791
14,32,-1.28817822014372,1.60381104831623,0.242444862962028,0.775273161111845
15,32,-0.464044854892424,-0.200739929627289,-1.05661213999458,-0.465861382406405
16,32,-0.600677363544114,0.621749240143189,1.45798327070361,0.773444409965352
17,32,-0.556870402130302,-1.43841332032462,0.511767100752448,0.629074248228706
18,32,0.339805448205692,-1.06161909246166,0.297926899348971,-0.217850847088364
19,32,-0.453974943526664,-0.273578432403925,-0.579778750856448,0.196343593273736
20,32,-0.67051704437928,1.61397622734308,1.00953489387889,1.13275317893759
21,32,0.47285783123723,-0.602225142967525,0.300883541931575,1.12385347172031
22,32,-1.15636860551736,-0.468342927601118,1.06486552278851,2.2460145796369
23,32,1.26662171343968,1.11951427366019,0.887192719218067,0.585875660055476
24,32,-1.77226434845551,-0.733424722870526,0.736247955179126,0.70423141917759
25,32,-0.995038017526142,-0.795145094412522,-0.552971108525494,0.678700415924179
26,32,1.96559071440958,-0.258656164242198,0.73249175371791,0.113955485480654
27,32,1.44054554464832,-1.17013886365884,-0.251093878193592,-1.18330172980837
28,32,-0.351263034290307,-0.826027731976729,0.891037596566009,-1.62539572752288
29,32,-1.13773512092743,1.50768807595434,-0.734756462123241,-1.45577011402654
30,32,-0.0492747625669589,-1.72003708114075,-0.795518825223277,-1.55915807200742
31,32,-0.72021814414375,0.348591894058297,1.18414859743585,-1.07615603502743
32,32,1.04996525013407,-1.07293625152017,-1.48519400178712,-0.665035671604276
33,32,0.320325339458028,-0.435828130102494,-1.30498517732807,-0.388135224423442
34,32,-0.571685320183908,0.198751099642856,-1.6382940864258,0.00449106758604532
35,32,-0.515520097832699,-0.0878826252138316,-0.137115427655117,0.910889516093195
36,32,-0.676177377899217,-0.536313761268928,0.629865351012857,0.761311094434061
37,32,-0.188022320468334,0.536405007728506,0.438296632530725,0.233520903081911
38,32,0.455791695167547,1.04198182273958,-0.370055517517669,1.64310367191944
39,32,0.0623540481362899,-0.440812346338763,-1.24512334445063,-1.29399240518428
40,32,0.0982559335166226,-1.86358095869385,1.04996008333855,-1.42025805319562
41,32,-1.56664961540414,1.14760913045831,1.00681406730805,-1.26348876584232
42,32,0.781344694597689,-1.84443524860577,0.327987680235158,0.146789764374201
43,32,-0.465355727026512,1.21479292237244,-1.23589892952233,-0.642129757449885
44,32,0.226240333980402,-0.84776464459522,-0.831789014587158,0.0746381268748459
45,32,-0.198158013144978,1.78101996511375,-0.612617264665907,-2.48837332114112
46,32,0.211193845515235,-1.24027089010552,-1.44811367582981,-1.11964885465587
47,32,-0.421682605454982,-1.76632305937687,-0.471227962875085,0.708365866711291
48,32,-0.958462414939475,0.125485895406945,-0.408504037746911,-0.75480419093602
49,32,-0.197682989066783,0.667866985081778,-0.128828892680854,-0.340727249069338
50,32,-0.314776449936282,-2.26350967352609,2.70674237773853,2.77241437071836
51,32,-0.757551225003673,0.0404375438594246,0.260801010432082,1.5002903944008
52,32,0.20853709336387,0.390716316974764,0.0251610662316771,0.180710754648266
53,32,-0.434773731408351,2.25928238379349,1.45217850095832,-0.237916078454237
54,32,-0.910360724134691,-0.895003345381723,-0.303524910171235,0.2455561630423
55,32,-1.27404432465423,0.0228412648451512,1.06585735337421,1.34427117078669
56,32,-0.120216411265183,-0.351414885656577,1.71103722421274,1.45259667080051
57,32,0.74927201833304,-1.81662961009945,0.0538618931574771,0.667006539271587
58,32,0.635778336955841,1.15973485198243,1.18643729316563,0.813821235286954
59,32,-1.32389012606399,1.31415130646558,1.59212244550182,1.25370361352706
60,32,0.174432064675052,0.991543085505987,-0.875141152133263,1.04814019965466
61,32,-0.995423183718361,2.04168885475474,-0.0370806334996731,0.163941937711483
62,32,-1.51763305546154,0.249396915922714,0.887833911227994,-0.300632633073296
63,32,0.462957619714651,0.725171920847047,0.700902380332752,-0.390959674588925
64,32,-0.181048797732491,0.209120550010572,-1.38281006036583,1.87832155421138
65,32,2.34584072669512,-0.650550572867975,2.30173195173046,0.130484744383654
66,32,1.75644330138549,-0.468213636088823,1.29238712567461,-0.234326216269153
67,32,0.845445512688162,0.37488574066548,0.979376460374266,0.0742951475020099
68,32,-1.30161889567098,-0.708044908752891,0.705194414479043,0.334977133049817
69,32,-0.61418732676752,-0.83045676369004,-1.53832239040775,-1.06090927302768
70,32,0.55345061678664,-1.6384201467084,-1.8364913226355,1.35986444527644
71,32,-1.33906456392285,0.101402329562429,1.33852433155934,-0.428983626239848
72,32,1.06598643623584,-0.858652301291452,0.609784367885569,-0.598594189744518
73,32,-0.88094268269224,-1.076729343317,-1.39326417910309,-0.464413523560951
74,32,-0.205141680213729,-0.328665334721314,-1.51289465560912,0.557216598078874
75,32,-0.931309972526466,-0.816940798418744,0.267738553566818,0.27530639449497
76,32,0.782467826618764,0.253156739834218,-0.447572491002902,-0.252513883257429
77,32,1.8925013210995,1.51324222173505,3.45354368750723,0.557668215771629
78,32,2.25660940303559,-0.512188271277319,0.393388145037211,2.32499877516811
79,32,1.1681515635334,-1.11640873596587,0.214657432826656,-0.0770857744875924
80,32,-0.458214108589175,-0.359475950941767,0.349045368247325,0.179292146280435
81,32,2.91836161085093,0.721439858687526,0.284246328961754,-0.881540480520761
82,32,0.878215618375378,-0.279412898327122,-0.228461029997427,0.00165765598880466
83,32,-2.14846153143787,0.654201445059329,-1.38078507634512,-0.378098701716314
84,32,1.20618744898347,-2.20866493819313,-0.916123926938646,-0.617982682367624
85,32,-1.76619249595561,-1.11136634082862,-0.557798804773361,0.556822590932395
86,32,-1.17285471817864,-1.75600493107119,-0.233393902914507,0.0949674752771395
87,32,-0.503833305815476,-1.91564195454341,-1.36080369872105,-2.05867344367874
88,32,-0.770021628180584,-1.28912047287216,-0.04726350193443,-1.09244888793945
89,32,0.165526645198464,0.212295193019437,0.0913280032352526,-0.61384773765742
90,32,-1.30437084282332,0.153510196286006,-0.318807536711411,-1.80234883168583
91,32,-0.498813481870139,-1.67613939990297,1.09735093573864,1.34893998776689
92,32,-2.37586856702458,1.29356787472184,-0.134048155978734,0.969896762434228
93,32,0.297361389277644,-1.41249955124378,-0.714366987067439,-0.0733628465882504
94,32,-0.567149910457922,-0.199913935889237,0.0576809799456568,0.309661164495319
95,32,0.553695473852083,0.499525734063403,-0.317751146915903,-0.0389582476661686
96,32,0.00580075693780917,0.820752940338043,-1.37404669365651,-1.50108230587413
97,32,0.765346248368932,1.11326476073166,-0.965205845407442,0.733192947670694
98,32,1.70344048697424,0.883343118315411,0.836301098441352,-0.401444364320787
99,32,0.629118296333704,-0.519107887843904,-0.336173375214013,-0.52037183397317
100,32,0.52269850380199,1.15630355935163,-0.832837476770646,-0.116474721746027
101,32,-1.31427283766442,-0.502482858735973,0.000549781118769433,0.486843925082038
102,32,-0.468243161135863,-0.660244284248676,2.23780949341726,1.06149415490293
103,32,0.66855542369162,-0.884946587144509,0.842997838897675,-0.566780032367612
104,32,-2.11605755147577,-1.05542302794504,1.13710854652132,-0.121360153052312
105,32,-1.11565763201243,-1.59864359207678,-0.487605618856093,-0.394706634705791
106,32,-0.698505072101285,-1.7935882420626,-1.0780373036778,1.10734265596434
107,32,-0.669971823646132,-0.708673752613856,-0.497893385822747,-0.046218624931103
108,32,-0.351610570620533,1.55690356628884,0.242336755426218,-0.0775842231276116
109,32,-1.54030103538489,-0.256032833335444,-1.60659275111115,-0.318636131613326
110,32,-0.0568544420785516,0.638128323546731,-0.334725132745002,0.596461276098636
111,32,-1.05424875177852,-0.188063041008194,-0.230929706347668,1.17193209675973
112,32,0.406516510659,-0.890611908540703,-0.997215725951597,-1.35066061052492
113,32,-0.0136255593943103,1.43286552564152,-0.363587527649762,0.678119911568051
114,32,0.826088926904563,-0.426363652103979,0.689457406110328,-0.3486761606742
115,32,0.775957371876694,-0.429600079929138,-0.528705764356593,1.17411397856748
116,32,1.55242622113143,0.963743573557938,-1.4267641753078,0.396974375958013
117,32,0.54000672020201,1.67046197076086,0.590511544180715,-0.429743823776376
118,32,-0.692686246713498,1.66788885109843,-1.32822627050274,0.111806540165348
119,32,-1.00945455372421,-0.631398199384351,-0.0510654317009139,-0.522855859534213
120,32,0.97335497972415,1.41118928015233,1.83410112738981,-0.212663740283945
121,32,0.51272166508646,-1.22179843794346,-0.562020828425162,0.931845083031104
122,32,1.44289566005399,-0.41414784340917,1.4541446399669,-0.446756534780348
123,32,-0.202757140137447,-1.27280803629316,-1.35005187919382,-0.548280309414714
124,32,0.670547159180415,-0.0251562052467135,-0.706943252926961,0.656387840607671
125,32,-1.62987823285222,0.00761949703581026,-1.07510744621428,-0.127951912653032
126,32,1.35084541541376,-0.346805109675616,-0.262791526675952,1.76550180292909
127,32,-0.530364207997279,2.56252455533046,-0.0563012784254185,1.78127139847797
128,32,-1.09404492584339,-1.13536905303525,-1.76081143306518,0.679946960169541
129,32,0.475458191833455,1.25987823167173,0.448714054660605,-1.75425037403247
130,32,0.915264546834944,0.174817133369173,-0.929587717903728,-1.41422194780732
131,32,-1.72253826557843,-0.853948714160298,1.17378855482935,0.490719550292956
132,32,-1.30053125784788,2.37467337468437,-0.790134585679019,1.08702700545706
133,32,1.03721424763126,0.106748292490456,0.96784447201327,0.0860495945214958
134,32,-1.07245114033475,-0.631904002280128,-0.015284822586611,1.808433525489
135,32,-0.935041399235678,2.18723413454422,-0.83101850955483,-0.00125384802888212
136,32,-1.20131922897441,0.342125668955888,0.166595276602577,0.392436484634856
137,32,0.0510401264735786,0.0879862037123067,-0.99584251925558,0.803971817915741
138,32,0.161195931199987,-0.737628184505293,-0.567670948025096,-0.71299376518863
139,32,-0.0595789395588546,1.46959154470526,1.92064429986836,0.373160284545409
140,32,0.400184103589774,1.22487479756509,0.225760783818101,-1.40771593919918
141,32,-0.329303448193635,2.05129135452618,0.866807890208106,-0.969999780081728
142,32,1.34769616106695,-0.734518794298323,0.666849403395084,-1.47993208958326
143,32,-0.861904929927101,0.739911859638911,0.0264371679369515,0.25326676707395
144,32,0.949405695139162,-1.10898719400292,0.975761981939818,1.35546347850047
145,32,-1.7562015909352,1.32337801097842,-0.605633016904502,2.01202998842382
146,32,0.656612564546058,-1.45538453757323,0.0715841961448339,-0.771930746298426
147,32,0.847299481023545,0.396677838000731,0.467847697041254,-0.621841613216149
148,32,-0.294751891330202,-0.851148824718466,-1.38030822993876,0.83311819002545
149,32,1.33239224413363,-0.900472913671129,-0.852363501015066,-1.58075837359002
150,32,-0.0557947904348787,-0.111312480879313,2.07184105691351,-0.494515573187202
151,32,-0.524134890904731,-1.31722502970143,-1.09118142043495,-0.113466697227093
152,32,-1.11158320111089,-0.247514869356828,-1.70750219089867,-1.26964141452389
153,32,-0.153163571705714,-0.356193055418824,-1.49603423617969,-0.43938334717616
154,32,1.60827432995658,1.51342205301286,0.697571972175811,0.96337510484067
155,32,-1.63450360573451,1.40393822175306,1.47703588334263,-1.22264489145926
156,32,0.812523631569016,1.29969212816191,0.613714366669401,-1.18653347337088
157,32,1.49701551441306,0.318534179943087,-0.435457772232717,-0.679491161945403
158,32,1.08519111265734,-0.733169421917091,0.913155863022649,0.751134424319775
159,32,0.60717763814447,-0.406998906291629,0.991909204028834,0.0828233194462722
160,32,0.272756201827386,0.632343864887129,-0.0633124626025752,-0.600565435061894
161,32,-0.075441379788751,1.65228229635256,0.294520832137854,0.264089819601623
162,32,0.354604065815032,-2.20744712572228,-0.136655252552554,1.03808927358889
163,32,-0.421293534511158,1.19911327838375,0.123716032321458,-0.518039573082756
164,32,1.39236351498203,1.13809251306553,-1.06193815167253,1.42550778957991
165,32,0.788571447170952,0.344592979623782,1.40232322540151,-0.0425565804404693
166,32,0.0923741898678039,1.09380498188339,-0.314521061457487,-0.696088529181366
167,32,-0.193616051190309,1.12701047792413,0.278757618820053,1.93089737420016
168,32,1.019567363208,-0.601388112466718,0.22014393030785,0.430567810865628
169,32,-0.226774496328875,1.23334055980134,0.85333540447473,1.84850640099491
170,32,-1.45936295422293,-2.00431013650156,0.372826629831083,0.204992163116787
171,32,-0.690453921330902,-1.0046077876867,-1.20585056928154,-1.04367975107483
172,32,0.652319300915476,1.32094115890744,-0.242228612225831,0.998748301891336
173,32,0.314222879022988,-0.301470791756641,-0.162882642514704,0.347624141342225
174,32,-0.0472127788992188,1.40670768418459,0.791053388284375,1.04031872238024
175,32,0.832194163889577,-1.06081609904203,1.16967166610398,-0.723114468689175
176,32,0.431736957819523,-1.3158211863643,0.826405424404507,1.15850523751793
177,32,2.64885889046655,0.305329787643227,0.806448999944022,0.566611568503375
178,32,-0.905106401171107,-0.747219139085249,-0.192081473888576,-1.62562022666535
179,32,-0.209422336902621,0.497584785830525,-0.66783522300989,-0.435423373953081
180,32,-0.321356871166395,-0.644935809044685,-0.822969734440603,-0.711206931609014
181,32,1.05117021017874,1.43064267090637,0.316993284827501,-1.07185749370547
182,32,0.236026888307274,-1.25335563531391,0.266439994652888,0.257784478219479
183,32,1.16750138346418,0.775109169648882,-0.927622455927308,-0.467416379863951
184,32,1.79609063185162,-0.574048077546366,1.28723924344948,-0.268143995749439
185,32,0.873035684719054,-0.928170494959682,-0.389449857729344,-1.05079374745378
186,32,-0.318154484590917,1.06266652295935,0.352355432888137,1.64864211891147
187,32,0.187849950900655,-1.14599258301998,-0.122598263556839,-0.991409345937633
188,32,-0.893020181412806,-0.334835814868336,-0.237193482749505,0.251481154987442
189,32,1.34273066485026,-1.37230369592289,0.185237752334914,0.687040626488283
190,32,-1.00193716823294,-0.118459262138115,-0.348682451498632,-0.918308667580637
191,32,-1.90143935481229,-0.459626465822439,-0.327624973499224,-0.864765207812403
192,32,0.33071083082598,-0.501957595900416,0.961946685308327,-0.427997134342244
193,32,-0.29721016801217,-1.30837956315078,-0.500646139543516,-0.0291873078625073
194,32,1.54494659812567,-1.4810513919459,0.412527764099577,0.023276457097947
195,32,1.81524908299104,-1.73279871018347,0.445726157853905,0.0518261108150606
196,32,0.373005020634678,-0.488094049197994,-0.723376665368812,0.212080169772598
197,32,0.665891322184314,-0.362442590567716,-1.23661573075762,-1.07856791365113
198,32,0.987135308841867,-1.01324009888968,-1.41752742427026,0.234224741654275
199,32,-0.804528419930768,0.143730051754002,1.30885290870237,0.535354847526102
200,32,-0.292976303013263,-1.33459245897655,-2.26078069250663,0.0619306829635278
201,32,1.16821534537187,-0.0394283577094073,-0.312203869213985,-0.325171056969226
202,32,1.42686626996323,0.278055121161635,0.438385917253176,-0.179007659438263
203,32,-0.158070842213452,-0.832942583999055,-0.541982960742686,-0.479543589270763
204,32,-0.850317923714887,0.335946461843258,-0.469519719135636,1.00342264946846
205,32,2.34262122764042,-0.108669314500788,1.20285248165147,0.616052814017105
206,32,1.04355743078216,-1.25165151663194,-0.451792548875099,-0.564929469172212
207,32,0.219071827325729,-1.89694340770265,-0.193167871201473,-1.1974528211624
208,32,1.65295275813143,-0.102762374591562,0.208505415699535,0.24044405552417
209,32,0.172094158724167,-1.02397493596695,1.48251862855218,0.0243857024429843
210,32,-0.57667385579432,-0.604897044309682,0.0338033441569374,-0.190957693611212
211,32,0.618293808786912,1.27280736235479,0.656635786295653,0.554414053405101
212,32,1.44067540183666,-1.54687214727346,-1.01467210263871,1.51875810177018
213,32,0.539027564561894,-0.351822851501671,-1.46002976424523,-0.632411314714352
214,32,0.215894410939259,1.46718527214603,1.39114060498612,-0.256047863248936
215,32,-0.189418750307855,-0.986693661050976,-1.76081693143289,1.63645767664308
216,32,1.52393050194744,-0.0679902231044977,0.487392445200881,-0.399960454785421
217,32,2.36222882143752,0.437410626952861,-0.468509475716923,1.20447764038567
218,32,-0.253846820967601,0.798017043168474,-0.455416365616094,-0.742055397515519
219,32,0.4336964139101,-1.19308067856637,-1.00571792647675,0.576965925287955
220,32,-0.839922210031137,0.786621858344169,0.229706143419629,0.294696161499261
221,32,0.219598327719458,-0.441401435770601,-1.11604601338053,-2.12249891980174
222,32,0.908540581670045,1.19919017529766,1.22450059231044,-0.16371498418735
223,32,1.32798165867848,-1.41892820058833,0.218985415314834,1.26084052901443
224,32,2.03396638026862,-1.10175230737878,-0.631283788178681,0.405558675559281
225,32,-0.896235818297656,-0.0665537856099746,-1.14390660969068,-0.0931802493869802
226,32,1.74186330593506,-1.05395229196387,-0.9208641590669,1.02512572982371
227,32,1.27876263655506,-1.33151619226001,1.30869819898046,0.657071608392861
228,32,0.151243048827257,-0.553789276268537,-0.201406223667841,0.294915446158692
229,32,-1.60177787985413,0.850359550783081,1.62586080577716,0.280317047121425
230,32,-1.78070372316045,0.710462702414036,-0.246636822319169,-0.350811478216253
231,32,-1.12525444251974,-0.783451444173987,-0.710736308969806,-0.697445364855537
232,32,0.312790067374216,-0.719758141356501,-1.60827965917376,-0.890058253371368
233,32,1.23139706670616,0.221695342905552,0.112771834626918,-0.133693041729351
234,32,0.234837693838866,-0.703191855210655,-0.767190485179836,-1.49004982828721
235,32,0.605150509166245,1.48361585637071,1.6078309767458,-0.242612377921615
236,32,-0.31676365768253,-1.28386893345493,-0.367392226350615,0.290810963659198
237,32,-1.75692180272878,2.48337795945691,1.81634472097044,-1.43989125206439
238,32,-1.60555576258803,-0.113440204202382,-1.3058333162466,-0.00689527040909736
239,32,0.172836743900343,-1.43398317173562,-0.984496698938891,-0.0566547316821748
240,32,0.308852708568334,0.469662653016812,1.63311281834783,-1.16051632877659
241,32,-1.40449027728292,0.721166045448914,-0.353370472271432,-0.0601948959568283
242,32,0.701175560638798,0.477743637314253,0.0440973075300412,-0.042630486916308
243,32,0.117750311446452,1.10849208804205,1.59203377801411,-2.72258039426994
244,32,1.36995702787287,1.02488106624762,2.09849829334605,-0.516862662388074
245,32,-0.610136384727493,-0.115578875278827,1.55623086470231,-0.962248545449627
246,32,-0.710694024154179,0.00952265293580162,-2.02031354643014,1.08727743133109
247,32,1.49963450908216,1.10318819689943,0.0487396745871873,-0.628516068107692
248,32,-1.15572952523911,-2.11084889118924,1.56782103518098,0.712675243968194
249,32,-0.395806323719995,-0.517261090454896,0.493520359290159,0.234413242522376
250,32,0.296503559862006,0.48176023963039,-0.627698348364195,1.01859910288417
251,32,-0.169287809621967,-1.71449533342589,-0.72591800774649,-1.71232358753175
252,32,0.230945796945003,0.565859403994112,0.39954191650358,-1.0085816512995
253,32,1.75195791692896,-0.947942481322857,-0.162668941730872,0.888159760095254
254,32,1.7373209166789,-0.449992403776022,0.85577641398159,0.448601514489385
255,32,1.86990361130572,0.368936616943426,-0.288096834372644,0.324552446988121
256,32,1.31424949366499,-0.0590337099274703,-0.595844193721107,0.547015408134659
257,32,-0.602982688575164,0.783786155443731,0.809965205207835,-0.834839083240314
258,32,-0.0436863001448349,2.61231088457732,-0.119277349521345,-1.00502232612647
259,32,-0.465667862445202,-0.0800790001165977,0.768769430810146,-1.47879065810344
260,32,-0.168798296934853,-0.484302484360189,0.939308188451733,2.19559212245544
261,32,-1.39067886712895,0.0125644203205697,1.34205377940623,0.297427725136752
262,32,1.46987499234808,-0.287718209664993,0.96031886907902,0.0198263445008189
263,32,1.5080987265693,0.16622961670682,1.95034883888498,0.785939136487302
264,32,-1.33583987579133,-0.405227996484064,-0.398686626518998,-0.669049880192356
265,32,0.257915723707935,0.462321230888467,0.0495617831950377,0.66428813663065
266,32,0.652692335900978,0.743381689146449,1.10643836334471,1.13953999314681
267,32,0.198284017687783,-1.02180913340659,-1.33605002447712,1.21234535849739
268,32,-1.39605920194578,0.376003622928353,1.25377518926115,-0.181573492655085
269,32,-0.980323653587974,0.747578926863599,-0.364846279150544,0.743116809765377
270,32,1.08208889106669,0.298653198228362,-0.498162976855537,0.269901301289573
271,32,0.712368383015561,0.224562247832434,-0.388290078485938,1.30549440830094
272,32,0.0214066804522588,-1.72989855627495,0.768215441697521,0.0873805460874988
273,32,0.538592132186343,0.579026082631111,-0.633825292770109,1.14738786624964
274,32,-0.486736307274917,-0.0497672520845641,1.17812723636644,-2.24291235183427
275,32,1.05239884743911,1.79232604447025,-1.23063553363437,-0.446430482148587
276,32,-1.26936935617139,0.305067333579538,0.554754575542287,0.592390402186573
277,32,-0.0998814101931953,0.599754398099792,-0.384578123727808,-0.470145399145196
278,32,0.196211515987035,0.925879407038581,0.105918592710442,0.275017852213983
279,32,-0.293189246160798,-1.89244008286042,0.0641866281454741,1.23595969593059
280,32,-1.17950895136701,-0.561891113510211,-1.63829398940219,0.198080381164462
281,32,-0.558305887099912,1.0963716533271,1.03526270897835,-0.646474148383018
282,32,-0.165863485582969,0.172919168717409,-0.368564430432078,-0.287276288332865
283,32,0.463465994164653,0.897262203136688,-1.06437984467552,0.1839279524039
284,32,0.568856605300995,-1.97975257876708,0.624758998550843,0.161399164235767
285,32,-0.925741601540983,-1.01901521588561,-1.5000665187563,0.69586456813659
286,32,0.632732453257933,-0.266448780146471,0.626409664664275,1.26924609144263
287,32,0.779289567232471,-0.257927466257982,0.167788610836949,-0.738051743302654
288,32,-0.635346429720791,0.0167849351554256,0.181649152789365,0.733500481908184
289,32,-0.79601843499612,-0.371310457097909,0.253868473320275,-0.0949571143068432
290,32,-0.147483632593634,0.0353121852558472,-0.447651262390277,2.52343224242872
291,32,1.08572958594327,0.297474466909981,4.43082199535029,1.46498250356341
292,32,0.615257588674545,-1.36786644863387,1.22581024430473,-1.03336656671941
293,32,-1.10431203457218,0.206352288986762,-0.688351067502543,-1.23800353177386
294,32,-0.443337267899166,0.475570137981824,-1.00243002243805,0.96146554249635
295,32,0.698246001118001,-0.554738847370006,-0.0488963150647461,-1.67400248864261
296,32,1.53424679014471,2.48468904808872,1.77501313407497,-0.385569225335086
297,32,1.06518069510042,0.268367570267078,0.541989473519309,-1.33373312067012
298,32,1.44554830037486,0.831815470727209,0.444276708022859,0.142516487860092
299,32,-0.106627050326537,0.105993282311169,0.555211089629312,-1.08276597956296
300,32,-0.225900723373365,-1.14485493358167,-1.04890449711161,-0.740767129603587
301,32,-0.486270620162412,0.578833792389031,0.829784994416475,-1.04584938387969
302,32,1.11420511357532,-1.63857736009917,0.512461135271244,0.527097709065618
303,32,-0.926230488144879,-1.06494480755441,0.0759542464634103,-0.552714135939059
304,32,1.13590631279028,-0.576725710367147,0.714488210590728,-0.713004840841654
305,32,-0.018424444113769,-1.34983710150309,-0.273781425668567,-0.18733672117806
306,32,2.50079100777665,-0.682113676098045,1.57424006015452,-0.538566442956551
307,32,-0.211116586073466,-1.31270362005834,0.441313039582573,1.01424677642426
308,32,2.00120893115691,-2.24253401896109,1.06126890683687,1.00169229171867
309,32,-0.376378243256012,0.806258222066624,-0.273183658390011,-1.57697377520886
310,32,-0.91766403092976,-1.97853949963798,0.482396957381315,0.28058846977025
311,32,-1.43064530404561,0.460955525640601,-0.415540361417467,0.243828001639045
312,32,-0.983265559593334,1.89103526568042,0.357117236855579,-1.20519080969474
313,32,-0.298852296266471,2.21147734179426,-0.223011559152789,0.423454754637992
314,32,1.57781541678612,0.524180034583532,-1.21851013777047,-1.54049946813616
315,32,-1.36573615325116,0.326180635110064,-1.54019076029011,1.96199030144699
316,32,0.0926366276161713,0.0196603931647959,-0.549799737851723,1.16859691921264
317,32,-1.23709345438642,-0.430693620448332,0.280142280301575,-0.423919908879723
318,32,-0.0223193888948234,0.768850136476591,1.26521922125943,-0.243576674902512
319,32,-1.84949590035661,-1.08915358130566,0.410149025386476,-0.524476759382723
320,32,0.434940448548181,-0.153404671151445,0.368276993830817,0.166552162931847
321,32,-1.39551195066868,0.601221912846508,-0.98315626363034,-1.73460473388046
322,32,2.35788223838634,-1.95510733609113,0.772233526403239,1.47116331490718
323,32,0.386739523421257,0.645136650339149,-0.979918076489107,0.0326221727465224
324,32,0.614639116552881,-0.958314228318883,-0.770529538505493,0.637290789507786
325,32,0.536685413775393,0.795631477389369,-1.8027361606947,-2.69126012732115
326,32,0.155846762785395,1.54640475801972,0.974151417452718,-0.964388818038781
327,32,-0.976191205820463,0.761426655912607,0.187209918830337,-1.59132275342899
328,32,0.0318032961501183,0.0919023675838795,0.0241382671030039,-0.375808478277397
329,32,0.477169176454082,0.424977570010262,-1.00555353669632,0.0389301450388928
330,32,-1.21560432824674,0.481861067989078,1.00048052056285,-0.49152346995643
331,32,0.0823483836436337,-0.495888913585869,-2.0095221606645,1.31714781233499
332,32,1.76005788758588,0.792199317981186,0.260250540219708,2.70927562620874
333,32,-1.53172611859364,0.577246475870372,0.682014330319608,0.554686740395935
334,32,0.314605379088658,0.799529054607391,-1.36377126867898,-0.852236670379979
335,32,-1.28419445857752,0.32449898786012,-1.13230103292014,0.633583343635581
336,32,1.2844660815892,0.619965454548956,-0.208938190194112,0.11516094369378
337,32,-1.13963365831348,1.72848230447971,-0.47675764198569,0.544928058516551
338,32,-0.8722514287091,0.657711477254001,-0.925850261071794,-0.442015498227299
339,32,-0.839448180834801,0.563878535663619,1.18597422481975,0.380252155201073
340,32,0.464031895086142,1.04825525374457,0.00888535942279813,0.494089352723668
341,32,0.596352206179283,-0.493235361463854,1.38664304593608,1.98473974454346
342,32,-0.713331815559692,-0.209693390422433,0.0536070358187148,0.161107694693392
343,32,-0.85184834480953,0.438295548119318,1.42264826808577,0.264102081761446
344,32,-0.361011026018479,1.08141559781633,0.350376414193993,0.710421742834942
345,32,0.507116454211966,-1.68694244278136,-1.67357056738778,-0.479824358057972
346,32,-0.73350364902767,0.039807464451772,0.498846750602582,0.163485967030924
347,32,-1.17019055357028,-0.382494763990838,0.333690465191696,-0.633468423681719
348,32,-0.643555848188835,-1.07025907810369,1.01154104649761,-0.675410670822883
349,32,-1.59189018798373,-1.90303973831094,1.21823748890485,1.08279978607689
350,32,-2.28671822095666,-1.31543309122737,-1.28658915670335,0.63149792127793
351,32,-0.901576400145126,0.300586807139039,1.53353447284609,-0.00875778413063464
352,32,1.3948460538431,0.306587876983813,0.872908163897551,0.412620846237604
353,32,-0.782895904913527,-0.805819650201011,-0.0165588135993122,-0.606307570545346
354,32,0.590078409651308,-0.754353102467748,1.037877895752,-0.581567016369524
355,32,-1.11361955721672,0.85668270789193,1.5039931510383,-1.63182146492317
356,32,0.290789106181058,0.456893474533709,0.315894895479484,0.734222482767706
357,32,-1.04180156604156,0.436029854834946,2.39757392445266,1.14337905253456
358,32,0.633075058179097,0.968114726507507,-0.0866344942732866,-0.232742667294483
359,32,-0.123125158007087,1.32983577552784,-0.221623363831739,-2.00305393335555
360,32,-0.989298267080483,0.851799210065186,-0.0300743670014574,-0.796298498647245
361,32,0.555815140590094,0.139660773508567,-0.552973497487878,2.02522883752683
362,32,1.32087812093363,1.86810612818018,0.595455252615799,1.2813939324734
363,32,1.32460867877195,-0.284732729814151,0.351775182483097,0.899934550918046
364,32,-0.876631344794004,0.434607094282494,0.562991883980813,-0.487102612021097
365,32,0.0415679313440759,0.121215850411151,0.297503398564627,-1.23408778317115
366,32,-0.175566095544419,-0.0304546633044934,1.84385160882466,-1.09321948609849
367,32,2.19715329923585,1.19576812963036,0.988058869789145,-0.349609912074797
368,32,-0.891153531822275,-2.08060927151996,0.521361022019996,-1.51655027180597
369,32,0.619929537041637,1.0710724058891,-2.43075872244925,0.585331214237947
370,32,1.22014281352215,0.307129611678076,-0.322341859539794,0.755501272559742
371,32,0.406129832259846,-0.648811157857255,1.0461568947455,-0.872619125614308
372,32,-0.390990545959207,-0.0118171103818555,0.671672131694486,-0.391482063111961
373,32,1.61463433511994,0.862198933509736,0.945561201090813,-1.45600961039731
374,32,1.03450561342142,-1.92116275057235,1.13677419372042,1.07577937467793
375,32,-1.4114548128283,0.319866960089065,0.469748549791131,0.469406752834275
376,32,0.118274584470062,0.497215801039944,-1.19932339104504,0.239724569512062
377,32,-0.0741238953349045,1.07269563261397,0.61228455430955,1.1766393119334
378,32,-0.83595985416875,-0.24444974341413,-0.355075891262223,-1.13275047595991
379,32,1.56512946326566,-1.08860336882097,-0.512498327823462,0.0613936231969039
380,32,-2.38438871945353,0.786737198567071,-0.104579028683345,0.849287794198777
381,32,-0.57130711335271,-0.127832931800948,1.36841560024213,1.6917847126893
382,32,-0.762542310247905,-1.48673469083138,0.0153401360769382,0.473618263364795
383,32,-0.777607884225826,-0.717343898880974,-0.885407829675169,1.16350526196336
384,32,0.143519132888376,-0.747132144796124,0.376482142193107,-1.13028603288802
385,32,0.30599729664727,-0.345365703526616,1.27261777689961,0.181037159778617
386,32,-0.205997528575478,0.505646621937563,-0.318032375213101,0.819160762781962
387,32,0.998088729971366,-1.47083158877639,0.0494219186965572,0.894738684734692
388,32,1.1343145670455,1.36766081157389,-0.110815037590634,1.26983429291746
389,32,-0.10103240433307,-0.0216255682800562,0.372910848844656,-1.09143692800258
390,32,0.0674836001556194,0.249695986442082,-0.985090278396486,-2.02173026771414
391,32,-0.140143269702638,0.41313887541355,1.34252423922516,0.568813092534907
392,32,1.32194377218427,0.0395305856400243,-0.771300296728894,2.68166479773189
393,32,1.37190569604215,1.53286540820865,1.53303545035391,-1.06505051178186
394,32,1.65679597640303,1.40316374166961,-0.927422325779095,1.03885343529061
395,32,-1.28453374702353,-0.542219372439877,1.69737568185494,-2.00987185009936
396,32,-0.778881018536639,0.0488216682369052,-0.878524740000823,0.213823733984193
397,32,1.509081780798,1.45365323402421,0.754648512187377,-0.655055746484853
398,32,-0.5923601538911,-0.0601857960099247,0.813706484807928,-0.220557126387221
399,32,0.629117440831917,-0.509936785869489,2.19689800039948,-0.00570742187770685
400,32,-0.779948346104004,0.354012689437925,0.29606204156634,-1.1021807247435
401,32,1.32912320001594,-1.01045097815762,-1.25714030045021,0.899788317461112
402,32,1.14673383047003,0.972022580695154,-0.323039504529709,0.135460233005388
403,32,-1.12761794065148,-1.25568271991115,-0.956598221829473,-0.597185981755913
404,32,0.068007133276005,-1.23869981417045,-0.0217877982342071,-1.13702909378978
405,32,0.228589256091127,1.25602078327435,-1.18455371246586,2.29629956016824
406,32,-1.62817585036325,-0.133406531281136,-1.31151102457633,0.272684478129975
407,32,0.301321925305408,-0.477834167391934,-0.183359781779757,-0.41986870519715
408,32,-0.815906732667022,-0.726124407015069,0.52678344639779,-0.281040299293547
409,32,-0.112411907047326,0.123877356325919,0.924863179509889,0.934678997847115
410,32,-0.271434023939758,1.3968935752045,-1.15460775029927,-0.155312164066316
411,32,-1.84404008603392,-0.417307152876007,-1.79138086680474,-0.957122250543393
412,32,-0.486688660587074,-0.703633112525818,0.613441166920999,-0.9383748534478
413,32,0.580097601926946,-1.32921974853451,-0.255377162912669,-0.203048483689292
414,32,0.612340663416872,1.12153312557883,0.830762679818286,-1.55463662192952
415,32,0.240675172207586,-1.92347662505017,0.79313800300592,0.305283647500912
416,32,1.50143599950857,0.23563603482236,0.306663200378327,-0.127167451024879
417,32,0.445109529551028,0.0996613984799041,-0.505317900559603,-0.874702268122391
418,32,1.05619042784393,0.936621819638311,-1.19626335138286,2.46277871460742
419,32,-0.643564652667273,0.433580737704372,0.95136251296447,0.0331990856287705
420,32,-0.279559326307649,0.09862789475824,0.135970703781149,-1.49963377831177
421,32,0.72423012001463,-0.403647331410178,-0.612718808232964,0.14119841756606
422,32,0.158190915884141,0.403757615320446,-0.703632264408901,0.504803078814332
423,32,0.359684100985926,1.31724649380214,0.18677638074592,-1.43010903501813
424,32,-0.915621151985348,-0.619343023007479,-1.24599446249732,-0.62400605316058
425,32,1.57927718013693,-0.0568797268643785,-0.643691263978796,-0.0286026449957232
426,32,0.606679757497978,1.77761502059558,0.128626321400956,0.813627965382759
427,32,-0.20328277473984,1.54315605122525,-2.32477264715583,0.301378185142308
428,32,1.02874739554491,-0.309592839585285,0.232896574051294,0.122219548386416
429,32,0.317761903625365,-0.715039819456214,0.00917538637950014,-0.29832171180191
430,32,-0.287016130746682,-2.22159263810337,-0.817210765441456,2.57246367121267
431,32,-0.114081891370571,2.52661682647607,0.361092088335676,-0.61824863106108
432,32,0.228009495011692,2.33848226287133,-0.451871161803629,0.519788350781776
433,32,0.208973582255675,-0.570239431001975,0.30774057721682,0.474457033154845
434,32,-0.901883964964392,0.53203753371516,0.470175418597165,0.764204171020986
435,32,0.125112751829913,1.7663956875246,-0.436952092809032,-0.391056214117788
436,32,-0.220170061989641,-0.42706160325458,0.733805940401358,0.425167031839563
437,32,-0.928714510176572,0.657986097287028,1.33591940388684,-0.451399756539858
438,32,0.336334448527421,-0.0116536939948182,0.693776629506126,0.391052634075907
439,32,-1.59391171432982,0.347573865996928,0.768875601510977,0.17512636674877
440,32,-1.52663397804411,-3.48499892611122,0.83596836809518,-0.553866484076655
441,32,-1.5485301330945,-0.463792989265601,-1.12378771320859,-0.639754063273734
442,32,1.58564437402721,-0.979028893954838,0.170127877162362,0.194575755726377
443,32,-0.0114785353657149,-0.261751034801498,0.730941498719841,-0.274816657686082
444,32,-1.00375068613564,0.201043090277245,-0.780714030652261,-0.385101781393318
445,32,-1.2847591174607,1.06867177699037,0.878939812921784,-0.0199159738394055
446,32,-0.766227873255082,-0.696075111286411,-0.786224313176971,0.580451324356007
447,32,-2.08171916364368,1.23480210983375,-0.228957756927864,1.65407188856161
448,32,0.305166782947031,0.618262582556298,-1.51025523282003,0.476950544704696
449,32,-0.0949765683436535,-0.278964725271524,-0.146919761472753,-0.588671219986703
450,32,-0.580957152699909,-0.456483325992999,-1.36577197987814,1.18313108636274
451,32,-0.069827605394693,-0.585976055879679,-1.57988033617905,1.03396443507999
452,32,-0.223315696802783,-0.0686853240755157,1.79870588979372,-0.0340166292341573
453,32,-0.0124053879128956,0.0917659920972591,1.71069012505504,-0.815054024206139
454,32,1.70431008752109,-0.839664618253869,-0.911224005070988,1.43265928305349
455,32,0.34979798526183,-0.0986656670565933,-0.118865717223713,2.62326796698156
456,32,1.44854830424575,1.79576476511702,0.418285896618797,0.266463855608216
457,32,-0.897023078653356,-0.608518833984889,-0.234932051931562,0.57909808203808
458,32,0.223768680152328,0.0218849600675165,-0.368781628379965,0.984469582166053
459,32,-0.303209771518937,0.201692616788574,-0.756660732446898,0.0461535022098327
460,32,1.18572497187212,0.471281044350575,-0.583127566181832,-0.316540168901915
461,32,-1.06240476085816,-0.394731666932196,-0.0148388049574901,1.08018953293233
462,32,0.13242968085284,-0.648331335109007,-0.12893720391206,-0.180526285637083
463,32,-0.00864135661187873,-0.418164260417376,2.28940109094083,0.390573940489369
464,32,-0.768204537988576,0.23742060220588,1.14573814879036,-0.735243228504913
465,32,1.5415193955179,-2.88997380759059,-0.589680315692607,-1.91535823899444
466,32,-0.200751292312978,-1.04222197748916,1.88200979761538,0.166375173952079
467,32,0.59424723965117,-0.0115260886253507,0.602751513848238,-0.749118559120311
468,32,0.357787456011796,-0.106135322051595,0.956379084084471,-0.408997500636468
469,32,-0.309412267445454,-0.152522548962328,-0.377190558984566,0.585324815284965
470,32,-0.885882095549901,1.60631792608908,0.393645864513619,-1.81677916582835
471,32,0.176236465771795,-0.0934575723574442,0.0778619194899756,-0.756072488988126
472,32,-0.874082502155453,-0.633276116496047,0.530687601780627,-0.69645478800802
473,32,1.05014175299844,0.279068537702327,-0.678538803718916,0.702159858337355
474,32,-0.417898213709074,0.817801237081722,-2.2001368560126,-1.4240563961088
475,32,0.210080976543709,0.614419073192404,2.94749024144047,-0.0930251678191094
476,32,-0.674681101540796,0.663146567393205,1.12739566666542,-1.67441721343281
477,32,1.20417559754856,-0.424466405954576,1.05859664856948,-0.681553960157357
478,32,-0.0913283379066385,-0.224403342487299,-0.81864695088222,-1.40873302246232
479,32,0.488357443257082,-0.454356862141431,-1.72559166387494,-0.3960167280543
480,32,-0.723769127188336,0.584653887149459,-0.656296413203004,1.37571703543227
481,32,1.42219886909481,-0.608645279776619,0.596660093806992,-1.07380554109679
482,32,0.403096809958013,1.06111734578916,-0.131359560808195,2.2493281855455
483,32,1.00453242920279,-0.308846460783756,-0.426641335733531,0.443748346959889
484,32,1.3235125035622,0.763914545814366,-0.372363847854533,-0.0528871577716803
485,32,1.09358833694142,-0.166352402339942,0.536553965380828,1.62332699573133
486,32,1.11918385505014,-0.854863399253254,0.261993486181984,0.122293780855492
487,32,-0.449309863263473,0.220793187205763,0.323221945416403,-0.194299618464118
488,32,0.160732509680562,-0.286248411271147,-1.47600091939072,-0.848081329712346
489,32,-1.11926582591845,1.28081415247367,0.0755703290460857,-1.38600503062893
490,32,0.37227959308056,-0.0261444313109053,-0.620748475520539,-0.0538024771835899
491,32,-0.253877403176822,-0.837196697605926,-0.110409070737114,-2.07016786419139
492,32,-0.880128366924947,0.854105230785471,-0.520234364590388,1.31765653744524
493,32,0.421940068881566,1.53576021044899,0.360912838750288,-0.289369793508386
494,32,-2.06083478199995,-0.688004250949013,0.115568947546215,-0.493393747530838
495,32,-1.33178439665508,1.34018101523547,-0.172382548251826,1.48825583151626
496,32,-0.508653722334921,0.820126669136722,-0.158672968338646,-1.11627321685196
497,32,0.10797096716038,0.985831196416321,-0.231562070871758,0.0457928485832887
498,32,-1.01277606239778,2.03605834757136,0.383799931186175,0.293561783302211
499,32,1.54721377979185,-0.201156072911204,-0.276448714353796,-0.0286426800441119
500,32,0.545800476626688,1.23242957268292,1.02821786147912,-0.693388943973522
1,33,0.288237437882659,-1.59294103739884,-0.210653006608443,-1.05294317003682
2,33,-0.523896088001404,2.25801266604126,0.901740055523723,0.00487510341061835
3,33,0.685451115495287,0.772019300052276,0.666494923134514,0.425620517417187
4,33,-1.22510289674618,0.56666875130836,0.421923394539985,-0.505767521063312
5,33,0.11644439298915,-0.453539501294037,-0.799082736768845,0.621576517948261
6,33,0.0576439787081247,1.55014984991676,0.18762692174567,2.03083325021472
7,33,0.446720762226089,1.08362123514708,-1.18380655133903,0.544491048490076
8,33,-0.255782714352746,0.155665205908621,-0.0685249365325786,-0.00608627886405654
9,33,1.77265938708114,1.1585937049257,-0.224059576362469,-0.421370918781775
10,33,1.12715002949014,-0.186457037227845,-1.10019644426081,-1.70219718972439
11,33,0.591754583955512,0.769298035091929,-0.180953519223354,0.55416793792703
12,33,-0.256989693268748,-0.227755970683038,1.16366839610322,-1.05514307829363
13,33,-0.412343260279797,0.390599455161582,0.975638805394328,-0.21698264770769
14,33,-1.5454304242633,0.514294579306755,-0.463497640115802,0.760338795991054
15,33,-0.542143928231456,-0.0911084790570679,1.03077642096487,-1.07254512444233
16,33,0.811150702520104,0.1430732878254,-1.1424671558258,-1.16459612071716
17,33,-0.634196880012711,-0.733972260393343,-0.0454571777798042,1.3417864327775
18,33,1.17753113562162,0.078830357400256,0.228952653816904,1.07300546244341
19,33,1.02749201457691,-0.391232602024051,1.08068374298269,0.991956266698778
20,33,-0.0935075061872681,-0.0764736643611309,1.4075792526255,0.706246673562511
21,33,0.0216172522403453,0.432788245137915,-0.277526048839371,1.56683588180773
22,33,0.42659324633115,-1.03520098795892,-3.04540356588155,-0.408820405342805
23,33,-0.309599249439393,1.23547691889781,2.13284969803073,2.30877134865016
24,33,-0.810110603727696,-0.122805761857421,0.949254259321135,0.962467999655278
25,33,-0.398279936159408,0.914622311608079,-1.7207502574062,0.644447552638277
26,33,1.77714981985208,0.419640317844642,0.0463192202280333,-0.242670867452574
27,33,0.867723396459416,-0.332633022202161,2.0869659297451,0.478708915355208
28,33,1.78371736357353,-0.153482414902619,-1.92227862180688,-0.360626844702809
29,33,-1.95162809960085,-1.59656912298694,1.64757750245347,1.41314258735053
30,33,-0.260474923357838,-0.120226257197683,0.444411586693277,0.0779915947463388
31,33,-0.557224092509289,-0.056873370080125,1.49879489568008,1.17201891990769
32,33,-0.180553739057148,0.854372064686006,-2.05052540436593,-0.0337250944077022
33,33,0.129275513219551,-0.904221249517594,1.28232498962534,-0.362993566557401
34,33,1.22339480618379,-0.654213991554198,0.728311246940106,1.8350640022155
35,33,1.33792763505331,0.913947066436826,-0.223621572389843,-0.606840118929345
36,33,-1.06717927983672,-1.45375631590712,-1.34669687925811,0.441669937660814
37,33,0.49818488953485,1.53392317145561,-0.29058461949886,-0.179119575832007
38,33,0.183097866716555,-0.13474652860083,1.25933553441184,0.446937849839256
39,33,1.3531308735604,-0.141855539412684,-0.0440781280390537,-0.888598215457148
40,33,-0.728213292321558,1.12778982989842,-0.272062415009398,-0.827700944639811
41,33,1.45825502435084,1.41217181541057,-0.297691417753501,-0.99658109571961
42,33,-0.24450279473264,1.43254858596911,0.0637454412908789,1.15927574995671
43,33,-1.32573646965182,-0.0771082581631376,-0.58188049976037,0.959160029820356
44,33,-1.1552185116475,0.408224974066916,-1.61984782604808,-1.04645101065201
45,33,-0.196694641610631,0.619316601661312,-0.97941450475034,-0.48813719318012
46,33,-0.0760892291554314,-0.65237254354922,0.753276602332446,1.17141982631686
47,33,-0.28156431499261,1.79670132456152,1.21986198774213,-1.06803812506517
48,33,-0.0882544255945309,-1.01795439052433,-0.539814877477602,0.831405538758395
49,33,-0.772661639148428,1.6687753597505,-1.04934650561558,0.789722646420319
50,33,-0.265373329475204,-0.742683419756804,0.202876708089436,1.52991052376024
51,33,-1.7167009053734,-0.1178599758138,0.413276613884584,-0.696247176022764
52,33,-1.08237299731031,-0.570028575777835,1.37846923072124,0.0518551047031226
53,33,0.0422516788154325,-0.275917576831532,0.151704227156013,-0.257389319172604
54,33,-0.203175437468025,1.16721918664857,1.10243961915758,-0.123956056154098
55,33,2.93015173818081,2.07095395667186,-0.852254979975625,0.197858238399412
56,33,-0.79486921450284,-0.233779097179199,-2.21010610823417,-0.0734959296181746
57,33,-0.0199862425954303,-1.34108998076263,-0.255640542637167,-0.618206399300822
58,33,1.27256991686668,0.217006776245911,0.0822983805498496,0.3483442640228
59,33,1.02820361079533,1.4794284967536,-0.0898788793929414,1.20448595873688
60,33,-0.705355498943516,1.4844200284513,-0.356899829230499,0.310934745838316
61,33,0.357112985876619,0.534835275868672,-0.630377485092477,-0.235583171271749
62,33,2.11315882803133,-0.559634507673239,1.19445137429746,1.55542867973793
63,33,0.194591887828756,1.1897856987018,-1.88086873356825,-0.410402466370815
64,33,0.799086710739534,0.48666027265511,-0.14950966268335,0.52446688738675
65,33,0.268983674653854,-1.39660409635173,1.00365843680431,2.02329814711332
66,33,-0.297754983009648,0.705238698192821,1.34196158585466,-0.250140459871836
67,33,-0.541973370753351,-0.692433672811335,0.24152725532735,-0.178888369890266
68,33,0.725997508724714,-0.258268594450265,0.226480977916736,0.890522001980792
69,33,-0.615550778483905,-0.974227617196841,-0.18928787559502,0.341140562150738
70,33,-0.285101921611179,0.943193000518583,-2.03952447838398,0.218067476338176
71,33,-1.5285460794836,0.331267262661374,0.541945880754773,1.24497996041887
72,33,1.076465491258,-1.37063589245978,0.608693294256394,-1.36376602998263
73,33,-0.0165686138915716,-1.39976431173986,0.21022004453726,0.0570425944825296
74,33,-0.614644108163425,1.42474692269019,-0.103626560535689,0.146931961005524
75,33,2.06593983750896,-1.70637932804768,-0.0940259968258627,0.238212221796553
76,33,-0.71343608535895,-0.131185995336755,0.500193586182091,0.421850836077822
77,33,0.0882735405613831,0.821101421994432,0.297715348327228,-0.0730604567232923
78,33,-1.00368764951993,1.02596487917078,-1.63344565131217,-0.891780985444585
79,33,0.579305721227226,-0.864292614455573,-0.889498361511286,-2.49850961690969
80,33,0.418146221154813,0.96330108560293,-1.07860119356657,0.471351576862618
81,33,0.615031133958519,1.01172476453258,-0.222550753863547,0.400783813599802
82,33,-0.945177507936932,1.01261689070296,-1.14234705899391,-0.884116018272381
83,33,0.20433161602651,-1.78882465431359,2.47137731039138,0.0833250776483362
84,33,-0.813126360338699,-0.388811422463547,-1.66814930963708,-0.510492699998024
85,33,-0.160455219626648,-0.741412986604137,1.0881476695809,0.225552589147751
86,33,-0.374123900424262,1.88476447758418,2.75422396774254,-0.760580645636632
87,33,-0.761837896664422,1.04360048892911,-0.990067086749249,-0.714621261942519
88,33,-1.47899686019181,-0.446709552942827,-0.121195843012658,-0.572416658985164
89,33,0.843056792305607,-0.333867387419598,-0.34664882191562,0.976718466809612
90,33,0.585341466785927,0.546273674702068,0.83714395531997,1.00004735733874
91,33,-0.800902169001565,-0.391533313551055,1.05119358752839,-0.751133986120392
92,33,1.57174007439027,0.308158732954259,-0.471650404614244,-1.44427348789631
93,33,1.42116273970166,0.979585763343811,0.285483027485201,-0.872003689959404
94,33,0.235248135761986,0.599593064427536,0.292505112539089,0.0275330442939992
95,33,-0.102742706183644,1.22623982474119,1.47394160928886,0.849517096857447
96,33,0.378167864249734,0.448250859127257,0.867895992100683,1.501699221584
97,33,-1.43843855819863,1.25734324583244,-0.977755119996409,0.392716825615176
98,33,0.569263448504083,1.10185677915017,-0.408565066607551,-0.145512918477935
99,33,0.836800826945298,1.77091994182996,-0.180954625206724,-0.409329833700737
100,33,-1.36582606297011,-2.0064311726688,-0.0987563292510463,-0.301524490540163
101,33,-1.08146737449634,-0.467727794572295,-0.446306232540512,0.543664736443389
102,33,0.0234788635782385,0.726375591831819,-1.74143066573344,0.576696324422014
103,33,0.74623489663988,-0.986961703539704,-1.49119459853055,-0.298911491697949
104,33,-0.0768002098387725,-0.750426175711988,0.0946903155243432,-1.53215551719645
105,33,1.62922963501916,-0.226380303225568,0.204908458288326,1.64739670472882
106,33,-1.61589468192636,-1.8867499673327,-2.38183883498467,0.728837816570588
107,33,-1.48886356901953,-1.86362113608423,-1.97448370457776,-0.475194707369357
108,33,-1.00640384966685,1.33734731150216,-0.31160990240223,0.354072465176833
109,33,0.848402470500982,-0.0917570651698239,1.41900123667374,2.0305983500928
110,33,0.772537300666869,0.57368382287648,0.323826523873271,-0.104591069899769
111,33,1.41799385093405,0.725022101899403,1.99781084715794,1.35896618145529
112,33,-0.265408169346142,-0.219224030723575,2.16238269005144,0.321977256739738
113,33,0.714413705724186,-0.224001467706836,0.396143165435663,-0.24599051403834
114,33,-1.32455777018008,1.1901104490704,2.62135976263178,1.26307745076717
115,33,-0.207184532866753,-1.155461477426,1.34918937847977,-0.230229994409283
116,33,-0.692900470839203,0.477602762795516,0.979295233495745,0.226555714225851
117,33,-0.68966659197114,1.76385359258995,1.49361697887136,1.64673557521511
118,33,-0.378003744675021,-1.67356570913259,0.656162115046282,-1.54719022967022
119,33,1.85965986223176,-1.01979509298029,1.35608054929017,-0.539439422885797
120,33,0.0162522079709266,1.01369676185502,0.8967928782531,0.926903269058847
121,33,2.26613308334694,0.226365189470205,-0.746572846521194,1.79105401258253
122,33,1.39164805150532,1.5173002911308,-1.66780786496831,0.560219558059839
123,33,1.56328221610096,0.637530054129589,-1.26557977441012,0.541305621415764
124,33,0.243431800671296,-0.12517168145701,0.0153550082399125,-0.61575090705327
125,33,0.702502053532535,0.381297419747096,0.313529404132066,1.65678950280366
126,33,-0.355671574321924,-1.36170472035629,0.365377065299177,0.285678363641448
127,33,0.894471223103041,-1.14429139109605,-0.99613128281603,-1.07773619461181
128,33,2.04168880412514,-0.111097783462044,-0.871805717203644,0.718303629481014
129,33,-1.53128162048573,-1.18416210036408,-0.803290280100525,-1.31699738357425
130,33,0.872832294644701,0.0604146001887808,-1.10862107896853,-0.328433191422073
131,33,0.79533217129448,0.369259786063646,-2.16572949877943,-1.03338264558921
132,33,0.915631072959055,-0.347701387146928,-0.0431853900686654,0.0197699784875925
133,33,-0.681582273631539,-0.0956019332381319,0.126054960410545,1.23236160398623
134,33,-1.99482355543977,0.108898303725843,1.61933123523002,-1.41771960579643
135,33,-0.594419716918355,1.9744726265225,1.88822357517588,2.05028948629207
136,33,0.0459386857533684,0.229182244616162,-0.58072822001621,-1.34098327027104
137,33,1.5541037986547,1.56943108014052,0.510566968364171,-1.47461452051669
138,33,1.19999850817469,-1.3200292041015,0.286836968392971,-0.59024650298591
139,33,0.109761877427171,-0.0956112667529097,-0.285204202185178,0.499832513268027
140,33,0.992126621489861,0.606131671387939,-1.01568752811327,0.0234676328939925
141,33,0.675788271484162,-1.0484042104047,-0.950113419908976,1.01896915077192
142,33,-1.45397259239927,-0.462647098060199,0.269037774367494,3.50468989647377
143,33,-0.269791024328193,-0.949550144562551,-1.16574622156003,-0.0841158303792219
144,33,-1.59413990543969,-0.795156601553826,-0.234119318883383,-0.311077283275879
145,33,-0.777141422282241,0.776711714434668,1.01912653908748,0.0721432223551614
146,33,1.04563894353807,-1.18907844284907,-0.145979519490187,-0.151213516358123
147,33,-0.141575302065584,-1.52460141756527,-2.39470874274465,-0.650732751504442
148,33,-0.49343583492689,-0.871834037166237,1.19178713351035,-0.0853609704571474
149,33,-1.42337521135043,0.277326065323864,-1.60025286828524,1.70587345956896
150,33,0.628525136046348,0.164191454354176,-1.7140245562296,-0.10365586994105
151,33,-0.176024576379077,1.28689391588415,-1.14767731791035,-0.310479568667703
152,33,-0.553910771374006,-1.2526392704063,-2.35651573915263,1.51455211943341
153,33,-0.231685741343963,1.44905434992431,0.498147370385252,-0.987691129493405
154,33,1.64394557721983,0.295882114440594,-0.335673772097206,0.129269229122218
155,33,-1.01841004099286,-0.971949554887891,-1.16711268730872,-1.80435632642424
156,33,-1.83127472367815,-0.15186046428888,1.47983386611626,0.577173188674761
157,33,0.548691256001802,-1.14357550183661,-0.0268291033617838,-0.612193970603606
158,33,-2.10747534440485,1.54780089542,1.8813305651373,-2.51488576576556
159,33,0.79975291781738,0.262677695433762,0.648416524334362,0.205164279034388
160,33,0.892913881478463,-0.819483797436688,0.0810797899094889,-0.641835717483486
161,33,0.653267204704943,1.00629053361003,-0.567443117845757,0.0137719834980947
162,33,-0.661715763426543,0.367402051619169,1.63482699502183,1.9467481562269
163,33,0.787368378227708,0.785903682983635,-2.84256833125791,0.721026483076712
164,33,0.413648026566264,1.57496811841796,-0.950077783060403,-0.234869249786554
165,33,0.510646111304705,0.265075807187143,0.165678578534664,0.26155662654907
166,33,2.08084956064528,0.622228428621951,0.892916529941795,-0.348822703818911
167,33,1.40528222779417,1.61970056576334,-0.522532860769745,0.106229697686444
168,33,-0.134942220387547,-0.690957858141259,0.485687496290905,-0.280608351290057
169,33,0.0750423053509842,1.52722298712876,-0.939692035872104,1.05534255292108
170,33,0.378847127966618,-0.98133815175588,-0.263360678210292,-0.186258298046523
171,33,0.986631054036833,1.10832521133707,-0.386721884250898,0.975748904731032
172,33,0.0584455061094935,-0.72584569951067,0.183408856320811,0.427309919192041
173,33,0.232622993282322,-0.358689791808116,-0.0899509195163264,1.14441061905739
174,33,0.95237664572113,-0.304640257300025,-1.39110896429011,-0.514165181884673
175,33,0.198751001465889,-0.692870538701107,-0.4459903670185,0.482120015819041
176,33,-0.146778046868619,0.14315829360951,0.202940539089641,1.39268731706129
177,33,-0.087709734311594,-1.84904154482527,1.96474122730898,0.853339028100248
178,33,-1.05327226466278,0.784050474335309,0.204836911257531,-0.38719061108354
179,33,1.33178370000284,-0.0542129193859059,0.474076149614142,0.591868406562442
180,33,-0.0940762359391998,-0.176282500132951,-0.90840041859611,0.211571356393716
181,33,-0.465335143141027,-0.691538106327547,-1.31803959442415,-0.370025878506565
182,33,-0.252047311356413,-1.05981960281726,1.29210102168918,0.139428662922737
183,33,0.391793127128717,-0.923562792767469,-0.118925850389113,0.921689739599644
184,33,-1.08697711471584,0.766955499155151,-1.03141372973332,0.209061945592533
185,33,1.22790780227475,0.688095978366759,-0.715897636610201,-0.944229095138242
186,33,-1.35480482319341,0.150477475780851,-1.71059933959491,-1.12348011821206
187,33,0.898962892098937,-0.406831926530608,-1.37507387564485,-0.430141368034422
188,33,-0.657157331967262,-0.124757154741497,1.73190272847956,1.0441953309823
189,33,-0.399398922392577,-0.0490044036525433,-0.74744788590167,-1.38697949184125
190,33,0.955080890261149,-0.270094441336242,-0.636602650985061,0.824491215257597
191,33,0.227531412977338,0.212324921050441,-1.21380841024952,0.858006662574311
192,33,1.01022173545041,-0.904343278077558,-0.397846549156978,1.17686824190494
193,33,-0.087827774831232,-0.593595714021859,-0.618406418713696,1.22385583119061
194,33,0.769434644127567,-0.066695308249169,0.488441070462882,-0.660331027764453
195,33,1.05698690316353,0.362510299027758,0.621369597865448,0.908836303672064
196,33,0.0981443798996881,1.20462389804769,-2.2647671584189,-0.653628958194291
197,33,-0.0830873529792109,0.559234219235305,-0.561457972698741,-0.668373688872429
198,33,-1.900152721104,-0.868680056361181,0.233355630642037,1.82623218054919
199,33,0.240688115877999,0.687490032303001,-0.251929853261315,0.193330048149889
200,33,-0.742657880273905,0.651142567481672,-0.0651968053082967,-2.57155522796157
201,33,0.596843284319136,1.70828667999468,0.951585596312721,-0.224087958093626
202,33,0.2741589891823,-0.581866650896141,0.737471681902331,0.137883165929806
203,33,-1.17802045089418,-0.129893723012943,-0.262122241815356,-0.586830316586876
204,33,1.1469775472858,-0.763550113981201,0.40058856878148,-0.184706182420035
205,33,0.512877749531166,1.63475211212955,-1.27601391242353,-0.384449054491533
206,33,0.707445713903664,0.564454604434451,-0.390089503958849,1.63766933221149
207,33,0.322891264352472,-0.231381426586407,0.713794507491769,0.126808050544805
208,33,2.8263469598258,1.12391345631588,1.31423003485225,1.22013291115378
209,33,1.61900245990717,1.37970121990069,0.34755288655711,-0.245814504253315
210,33,-0.435074839546976,1.19620718457059,0.231946946265893,-1.14185382985307
211,33,0.221864861396169,1.07056057547222,0.345535995219817,1.14151998612703
212,33,1.57419409596078,-0.82977029634201,1.03015935363478,-1.42801509747091
213,33,0.602040603373608,-0.490667763956394,-0.732912924351695,-0.373620403609278
214,33,0.650853141539951,0.907192444875024,-0.18179814031158,1.17498716997829
215,33,-2.1077603638561,1.07404526706607,-0.575693342446671,0.182008040386931
216,33,-1.18048088753023,-0.566990107457105,0.737996381167269,0.819999395419302
217,33,0.403295130933478,2.27417624958124,1.14381455595793,0.370229073269716
218,33,-0.197712058483696,0.322152948647295,-0.272451740356153,-0.234183337064894
219,33,0.39917073785404,0.876106351121272,1.91433187643282,-0.23554484170227
220,33,0.982462101918242,-0.835697238295893,1.68123204924149,0.567532415852963
221,33,0.421553265819389,0.86563004636098,-0.441529982978665,-0.260745863375209
222,33,-0.446494462155054,-1.22602134067237,-0.397136319026165,-0.344432707845866
223,33,-1.4059305243626,-1.43875487683728,0.125680989175492,-1.46240664326248
224,33,0.656337956365895,-0.44774900557788,-0.472777223359369,-0.0399358997857169
225,33,-1.06248856295956,1.32769770871016,0.213140129759748,0.596665255195912
226,33,-0.195830530041644,-0.991630063594949,1.32183692814961,0.768715446784848
227,33,-0.979194680389595,-0.906200941127444,0.660096151175719,-0.246277358270649
228,33,0.741145537338617,0.465152888328713,0.613377741428311,0.29648118310184
229,33,0.175764963561839,-1.30575946114308,-0.103994611210808,1.57307045612058
230,33,0.720541723334351,-1.16129566721927,-0.227663118243547,-1.49613356354953
231,33,-1.17197511414403,-0.441367966109682,0.11472769560348,-2.32434172015781
232,33,-0.494823283798126,-0.456837378227631,-2.04010227595732,0.156197037619282
233,33,-1.57799372917055,-0.82295735601341,-1.31067534970165,-1.07820128503809
234,33,0.171417439692464,0.316516958419378,-0.625717236478273,0.0762431810058134
235,33,0.233037189870186,-1.13918761506258,2.11251960462726,-1.71466367687636
236,33,0.645274706229642,1.61858655973111,-0.0745167691329202,1.13712377551611
237,33,-0.708236363664311,-0.425975657924777,0.961801232432321,-0.590465073328213
238,33,-0.546624292662077,0.75928186187828,-0.0740929176747281,-1.18699020406582
239,33,-0.598218151727187,1.48414977634615,0.173398406343832,0.0391094353471643
240,33,0.364049875174505,-0.835874153044802,0.945686084122535,0.903486221194245
241,33,-0.292811287439219,-1.9719358895499,1.04644741229404,-0.854923703458077
242,33,1.38986405395674,-0.434530187952469,0.182150288733862,0.913523446823512
243,33,0.669194813918156,-0.613721632344485,0.945971329344827,0.512690879657799
244,33,-1.47222428105214,1.28043757102269,-1.61891183614676,-0.594124721692091
245,33,-0.0919457083943732,-2.08803009325425,1.97293363494819,1.06823242674221
246,33,-0.341763309690289,-0.177153229095454,-2.47195393055196,-0.273571277596627
247,33,0.511579523535183,-0.356091438836774,-0.389951035112376,2.66254140951641
248,33,-0.549863100692914,1.68811698293303,-0.452152058867983,0.585411245011156
249,33,-3.24724241251026,0.759655469522526,-0.232942735398408,-3.45423982905343
250,33,1.05916195156732,-0.19524404646501,2.41391210547785,-1.82711481546805
251,33,0.106233891593024,0.0250840786238349,-0.0494084905338133,-1.29282161088641
252,33,-1.65142502522005,-0.831594985972266,0.45526345585709,-0.89439851664359
253,33,-0.102363349654468,2.01550555859554,1.30173719997452,-0.611553443555469
254,33,-0.19155332644662,0.537954752364792,-0.0937887732383513,-0.319466061429082
255,33,0.619002579782633,-0.7566962085259,-0.680746497996937,1.23549684705327
256,33,0.764918652794361,0.26178528636137,-2.05946093933389,0.885269002153022
257,33,2.3643986406039,-1.13836957202122,0.950760352871736,1.74668727238044
258,33,-0.177220650615298,0.460685367457096,-1.09746553268538,-1.24752015622553
259,33,0.841361391785903,0.566026003417218,-0.642361442329886,0.323138389827972
260,33,-0.948605272216657,0.710621598828921,-0.246580504977806,-0.205207328367626
261,33,1.27994093869701,2.92433869687106,-0.52080535732439,0.0222215158063924
262,33,1.00904138821188,-1.62842712655923,0.363885964180543,-0.97723053549706
263,33,-1.53315764164442,1.23781003403279,0.259779702954566,0.815112848426552
264,33,-0.140401123067613,-0.700414090659924,0.17907556050365,1.10331896682156
265,33,0.121427194960915,-0.376867455163518,-0.150281350980856,-3.14637924234795
266,33,-1.1962499979428,1.05747263808612,0.533467126460264,1.92201379257008
267,33,-0.295223763128485,-0.230940418650322,-0.356777316878731,0.594631430894749
268,33,-0.532505098369167,-0.348943186034014,0.552106236578037,-0.0313798837146232
269,33,-0.349201266533085,0.39914270736463,-0.70744877370397,-0.547976350943545
270,33,1.07721741208187,0.717298692316968,-0.635401750538807,1.87626370921719
271,33,0.452218857501003,-0.604916017297692,-0.68868524687882,-1.48264132902491
272,33,-0.236254081031756,1.35261427516537,1.99365056518229,-0.320054791831671
273,33,1.86280970660382,-0.826941370796172,1.24161289183025,-1.31733231397373
274,33,-0.108083528275322,0.342554704196706,-1.0269322008283,0.184540361662376
275,33,0.324129696617445,0.571881814941155,0.178335147495823,-1.68781172321365
276,33,0.300098277439393,-0.326072732032524,0.747407322035789,-0.469179732213757
277,33,-0.655983074376364,-0.0338854680945184,2.22673647882457,2.40703762782032
278,33,-0.179348356898923,0.465439585407221,-0.01836025277704,0.755788406624444
279,33,-1.7613068506173,0.675222274992321,-0.213063042692162,0.807989616640315
280,33,0.29514756367294,-0.5251659726252,-2.235576923236,-0.0341512604725341
281,33,1.56201538406941,1.02664004519253,0.417103231212691,-0.105878410790665
282,33,-0.225389330120036,-0.173764451152489,-0.418776465718641,0.283273918179026
283,33,0.370499644502318,-0.0425162104041073,0.366870367177182,0.617529209325643
284,33,1.30231201138876,0.384843505558049,-2.18939761082376,-0.105335071324625
285,33,1.29819981837522,0.0328593805301563,-2.02397646697819,-0.29056243415464
286,33,-1.00658039080265,-0.987201213417922,1.94735065094131,-1.30202923958322
287,33,0.103958262297203,0.48537283167634,1.48738630487057,-0.870284203544594
288,33,1.63067609964918,-1.57762199448697,1.75467723242922,-1.60656829550827
289,33,-0.154305390904241,-1.53465474335755,-0.580586208476109,-1.43511121133819
290,33,-1.71260480687406,0.152016685601038,1.0704127649522,-0.642192484069978
291,33,-1.55503057987613,0.228230663935202,-0.347744416804172,-0.943393044411694
292,33,1.16565841122443,0.156626266793222,1.71579939060005,-0.43443568383966
293,33,1.58045865924811,-1.24487430043919,-1.96146767095217,-0.913894768986895
294,33,-0.589878151298317,-1.93623065754728,-0.252686602001994,-0.713082310992176
295,33,-0.663457421895114,-0.516254078025615,-0.0167612078669353,-0.638575023235797
296,33,1.89562028849837,-0.543086141637424,0.444980754583252,0.946650115123336
297,33,-0.127637993045465,-1.18388358447923,0.16488323236628,-1.05240503601301
298,33,0.0245458443976609,0.553543090569612,-0.719316174136845,-0.889021510893412
299,33,-0.483912252995407,-1.00371214956559,1.25262595230451,0.770438690300903
300,33,0.699697325571248,-1.27568062072604,-0.105510227665416,0.462228601232523
301,33,-1.55447807767847,-0.13580255240856,0.247591142916462,0.213758909786224
302,33,-0.777386284152211,1.90992792143524,-1.62379390113765,2.61840319778721
303,33,-0.905874331408018,0.5467950089273,-1.84177735630805,-0.0920419502926887
304,33,-0.28969331426679,-0.141296446464232,-0.802342355715866,0.305377403111535
305,33,-1.08280966544277,-0.243323654906392,0.682299298955766,1.25236817204414
306,33,0.742648172534564,0.845287866767794,-0.664477685273998,-1.46068076456448
307,33,-0.582534669819852,0.781764506380234,0.715206579472905,1.05576577545486
308,33,0.188457623782063,1.00314135687252,0.497674190579157,-1.15557605123269
309,33,2.25659635640534,0.187890789986987,1.52409661059488,-0.398369559714549
310,33,0.0783158316129409,-0.332167312541277,0.566437596025599,-0.749218142461465
311,33,-0.170921474285053,-0.711652166654475,0.130121032372057,-0.31252656596255
312,33,0.0247016486595591,0.0981706143181974,1.28692651104385,-0.0143038791697888
313,33,0.350215652279435,0.853111324982482,-0.166548502080858,-1.83335827205346
314,33,0.294066040846548,-0.95209095140279,-2.80734729997145,-0.511521338189882
315,33,0.938985196176082,-0.647291206780993,-0.652772965742475,-0.646811236838695
316,33,-1.48067720982879,0.563020099934459,1.16950704807201,0.185741002728829
317,33,-0.123556692312282,0.988650928798224,0.746621703272991,1.59739122451143
318,33,0.146475938351145,1.62757893936726,-1.49616245094117,0.326286743781947
319,33,0.162966977384705,1.19983299837214,0.223313203508904,-0.90571235638848
320,33,-1.55118100918483,-0.245071418719873,0.116694756398429,-1.46429199410861
321,33,1.28439884654837,0.512803594561748,0.491603162682028,-1.65705887426945
322,33,-0.392367574985965,-0.41045603498506,-0.978316667094582,-1.93750202586413
323,33,-1.01566541766429,-1.40937647274156,-1.92387194486232,-0.689971990815243
324,33,-0.745730685163875,-0.298381588651643,0.0791773876565138,0.869253511243199
325,33,-0.238938799058871,-0.974271968148446,0.234506178108208,1.09453153698908
326,33,0.0783248293952486,0.0661926156066335,2.11469488029455,-0.141331137047648
327,33,0.446691321729083,0.512493105636398,-1.18478690134583,1.07495324756665
328,33,0.800000089349479,-0.0326181907011195,-1.76500636280836,-0.525870815037772
329,33,-0.239673206861467,-1.2628727668517,0.833790736851638,-0.209771388499071
330,33,0.373169619197702,-0.820993518389069,1.12029508835146,1.00881751435637
331,33,1.70365868094096,-0.992817101760063,0.00575252611011623,-1.39998849882621
332,33,0.361974063352039,0.203223807237778,-1.43915158094683,-0.565127709901
333,33,0.527895004791858,-1.88525381648779,-0.662770424777402,0.00294134162550437
334,33,1.42298899613172,1.15041130036448,-0.601205559645062,0.568126158285032
335,33,-0.575564783607135,1.28742514717918,1.39572363523706,-0.977651480017929
336,33,2.36913260500857,-0.900452281212265,0.60571908396803,0.132165287784822
337,33,1.55346012638344,-1.04161583220547,0.681444901263502,-1.95172073384432
338,33,0.273673981049994,-0.829387347814853,0.882614283831127,0.552942184322071
339,33,-0.109043784956498,-0.0236662890811184,-0.146467883464242,-0.469585568109642
340,33,-1.09280314889057,-0.282097108445295,-0.69980636369374,-0.297393105545076
341,33,0.815974098064334,-0.976118246261132,1.30850458718013,-0.336114735924641
342,33,1.08502021129274,0.0793310411842088,0.625599048971187,0.307604025315394
343,33,0.656132525390547,0.480182141375361,-1.76727447155598,0.878473207393622
344,33,0.206880535856968,-0.488205169148077,-1.80463760704663,-0.558838106122389
345,33,-0.0849615725637484,0.901761401963526,-1.03745506929128,0.539943082536453
346,33,-2.96081622915919,0.674676714478385,0.900250104128513,-1.28043245727118
347,33,1.09378065871859,0.925764502280186,0.0626563946652342,0.360654618233462
348,33,0.206928664321552,-2.28585440325958,0.662026285309045,-0.972196388705496
349,33,0.649835230037614,1.52646168542488,-0.158034226015737,0.103286764609008
350,33,-1.22941402195413,0.180153743402365,1.67052686348862,1.84318059265736
351,33,-1.04040693056504,-0.183351185818375,0.444783645363668,-0.526219705906521
352,33,-0.189949505259871,1.46893467536924,0.377636833303568,0.588602765240532
353,33,0.705215430196719,1.07066470609716,-0.44955278118601,-1.12788769333556
354,33,0.309930407213855,0.672313369072878,-0.373085158121312,-1.9855851982391
355,33,0.780666394990229,-0.460495004405066,2.50387979904394,0.116735163610806
356,33,0.0237330408983359,0.831109978135905,-0.357345917210146,0.115220740391001
357,33,0.114125829690592,0.233352027548893,1.55731885303064,-1.73776386578129
358,33,0.691703857376871,0.697825511611083,0.480564234955335,-1.23530008029814
359,33,0.864785895657215,1.4553059725808,1.47167609123991,-0.360724780814543
360,33,0.456553201853581,0.148826300370486,0.885358407263198,-0.4726464493737
361,33,-1.32888868102351,-0.133860443640707,0.283743347569822,2.66465015987086
362,33,0.723146111047324,0.365606216059997,1.05601629224082,-0.136756150454476
363,33,0.0825653277523455,0.412783203218179,2.19072472965012,-0.982169492167988
364,33,0.352151603919205,-0.846827345356676,0.125214155740604,-0.144643292997575
365,33,0.272099056300462,-1.7956783616795,-0.555600075306795,-0.590002105766514
366,33,-0.385817047156887,0.13486977541054,0.757559900538892,-0.0251895802669429
367,33,2.32385300367503,-0.73791493601413,-2.13511711501688,0.376107882829655
368,33,0.331027582102226,0.138549036095716,1.21781598771249,1.07082312603739
369,33,-0.361282149472438,0.408888845849906,-0.745093582492511,-0.580085514645757
370,33,0.631050432779935,0.0868164203343561,1.16777698125915,-0.143338068439369
371,33,0.529269029620426,0.0326038031747818,1.31002656040089,-0.582500761643635
372,33,1.01275527190071,0.673273384151219,0.419352675817345,1.49706982030954
373,33,0.709619411149857,0.905655024005879,-0.220006415078755,1.43929574614508
374,33,0.793032781296042,-0.472162698111588,-1.48584188111478,-1.76163527984893
375,33,-0.0469217593629044,-1.08961315516511,-0.942504992578774,1.46043135697708
376,33,-1.33593403117332,1.55710385769445,1.06401108251496,1.02488082558912
377,33,-0.548478341478959,-1.13448942055418,-0.838378009607352,-0.91429338820732
378,33,-0.695429501368198,0.215519072240121,0.120823425062223,-0.860495638478704
379,33,-0.912471829377335,-0.367290770097738,-1.08073566703898,-0.281826629255704
380,33,-0.551620599002625,-0.97907742629278,-0.0379307679762067,0.954536042272095
381,33,0.957846080375909,0.10419332580766,-0.136724437466848,1.7469859560487
382,33,0.305890679510275,1.27050930458666,0.526016483320936,0.68066850829217
383,33,-0.595696542605036,-1.89074338149142,-0.797495851483417,-1.79991702732909
384,33,-0.527664420559419,0.629269890869155,-0.215165497452276,-0.116416720859541
385,33,-0.436449857136412,3.45604860718821,0.514233090266228,0.88681045069077
386,33,0.632446068548436,-0.571270201506694,-0.531450967757096,-0.128826612671201
387,33,-0.565133524793071,0.439552655733743,0.217810197850316,0.17862903424568
388,33,2.46908710200138,0.792190586218285,-1.97114386809478,-1.31684871841716
389,33,1.0168895220164,-1.31191193462056,0.519907049976235,-1.0419578220993
390,33,0.202542664815115,-0.557243587098271,0.0872898654763257,-0.304105506419731
391,33,-0.870291271815605,-1.56378856076846,0.59776566616307,0.728586833206623
392,33,-1.25107745564014,0.30117042423658,-0.22081319935192,-1.00497745324811
393,33,-1.38159113384624,-0.229322508042141,-0.705997756314226,2.04179312955186
394,33,0.188012657373818,-1.42641451680319,1.15327915531276,-0.801964811785592
395,33,2.37426536449566,0.544188365512645,-0.00981705607683873,2.03395963642443
396,33,2.499240102683,0.851356041821853,-1.07681063456895,-1.78766827422196
397,33,1.16030714097719,-0.0591715796607218,0.701844545442796,-0.177613934758016
398,33,0.986076486365507,-0.410516833177245,-1.23052438383733,1.72601777764822
399,33,-0.150491429824772,-0.295935361182881,-0.0781792558589074,-1.18841774027108
400,33,-0.457588023901229,0.308249968919536,1.36988014938485,-0.950171563792197
401,33,-1.74757662791405,0.410767245846614,1.3903243783363,0.677981398926587
402,33,-1.17093897453412,0.0374190996025384,0.510015731554058,-2.68663762985965
403,33,-0.151373782347575,-2.11558050957523,0.42510158841984,0.144975198033483
404,33,-0.0879009522738819,-0.591553361084111,1.23698948331277,-0.306312314017408
405,33,-0.00184199079784016,-0.102825866812811,-1.08766364788241,0.846072608517208
406,33,-0.687943407202584,-0.922225388435912,-0.221056015297442,0.788951966925463
407,33,-1.17903001853681,1.25433907219977,-0.477633481108384,-0.0710187864253752
408,33,-1.2864214936687,-1.14396237284885,0.61926866270433,-0.166979085244963
409,33,0.136506159518579,-0.0931831479720575,-0.67624618760699,0.564130331255067
410,33,0.546454999165475,-0.182706947854091,0.154746519654126,0.72941550159151
411,33,1.40138030171618,-1.81848587963639,0.732053594181908,-2.19394843722494
412,33,-0.95047911568063,1.82084732447964,-0.129024796409129,1.19494510326092
413,33,-0.612064288148554,-0.508884669615316,-3.40343451068501,0.281418679512079
414,33,-1.47979924403883,-0.500598350222532,-0.931109353911643,-0.0778574169310931
415,33,1.24244136334586,1.11034740417,0.821136376192553,0.755534172499952
416,33,1.04949256814446,-0.358167031779511,-0.656193817102093,0.393314368815948
417,33,1.0026099582655,-1.51010151425272,0.890958724738637,-0.787235525476135
418,33,0.37223031284668,0.275926509283944,0.948838624371077,0.94488858845272
419,33,-1.1557744646888,1.61883189914615,0.0355076950767183,-0.118920688872089
420,33,-0.301696209628063,0.4527271565465,-0.0473256577234509,2.37842885735673
421,33,0.414990155722533,-0.986503338228342,1.49248389634083,-1.89582390281435
422,33,0.350521807655045,0.891923547809605,1.29442877394934,0.239266701414131
423,33,0.162415848548264,-1.25876029332656,1.34204884117215,1.5468772573637
424,33,-1.99189125643332,0.225833207965272,2.0640653646327,0.125932275738542
425,33,0.299991743449872,0.964276077320805,1.6577472321753,-0.21348333829188
426,33,1.16705319100538,1.06537798965622,-0.585991830900483,-0.744781840646752
427,33,2.85184017122,-0.652806288578055,-0.771840526934959,-2.21029557112921
428,33,0.266928104789099,0.707222831767516,-0.918994808431672,-0.33187671546003
429,33,0.82705818763361,0.418384138260834,1.19078864298193,1.7309003595657
430,33,-1.19552595115065,0.215173283192714,1.37307055884038,-2.63512788822181
431,33,-0.79514232486462,-0.266117202700704,-0.918391469846102,-0.0747432633502396
432,33,-0.238365092081512,-0.553552159224691,0.020784610284303,-0.861060483284354
433,33,0.628241305206419,-0.0837975710074325,1.83112953253455,-2.54531175853256
434,33,-1.89513579296926,0.015718693193597,1.2704307767981,0.0269039246374697
435,33,0.0819117066415704,-0.28024425375685,0.986056127839261,-0.782430981397227
436,33,1.36975868801893,-0.203473060530061,-0.675817762153879,-0.912819081430205
437,33,-0.783141258775786,-0.799559103817216,-0.0254287309252025,0.997529663295849
438,33,-0.892376969607957,-0.379452574682848,-0.950208510823402,0.583355878623843
439,33,-0.449687910193979,1.2023348505967,-0.567940921062408,-1.05766322483874
440,33,0.669620071343584,-0.858443550885187,0.379875360950977,-0.425666967264456
441,33,-1.47536695254859,-0.942725446573348,-1.38367346339992,-0.602929082522825
442,33,-0.713335356743821,-0.126142744177392,-0.165088547878689,-0.517761707108874
443,33,0.421360406295271,-0.470737874443093,-0.0153884442395159,0.275043928134802
444,33,-0.0703431678634275,0.351177350309755,0.201116231562481,-0.472375990731777
445,33,0.140221098493657,-0.0301583461440725,-0.742907119487747,2.2204252196135
446,33,0.787826556379575,0.571479494303942,-0.92786770983115,-1.07642114306763
447,33,0.686262578102785,0.173151027869713,-0.313838834676862,-0.994322234982546
448,33,1.37837731904097,1.3359477760405,0.844635889845938,-1.08371021231784
449,33,0.288452213422968,0.513848593167879,1.91070575408954,1.31551249489918
450,33,0.267449404909535,-1.16940523100714,-0.897488207309967,1.6202425545086
451,33,0.442658859631654,0.223969282454811,-0.629713042774535,0.425050539778212
452,33,1.1562921449586,-1.11091066521021,-0.881214993738378,0.822201337471625
453,33,1.00518785599833,-2.25022092755746,0.154083345248942,-0.0382239107697761
454,33,-0.594257789138369,-0.256039889518776,1.83026635277607,-1.16331289667426
455,33,0.81391946138848,-1.37180391448562,-0.545479210178353,-0.548806153283396
456,33,-0.967617095818636,1.39320336834828,2.54732694404192,-0.381209812523643
457,33,0.261896726449311,-0.722442259065308,0.197710186300238,-1.20712381841335
458,33,-0.633467214994002,1.24862744553555,0.429037430131002,-2.10146882316037
459,33,1.43543428703782,1.18823298410349,2.55285218144174,0.464500629681916
460,33,-0.0736317170313652,-1.36037355787948,0.274574838121396,-1.17799898740786
461,33,-0.38199240777258,-1.32011154773022,-0.635293792828277,0.841996287423445
462,33,-1.35353614351222,0.122170832007638,0.199221203885113,0.836660616447187
463,33,1.3611372840673,-0.782190689285999,0.741777729111795,-0.996120650690274
464,33,1.15020356427735,0.508275143786479,-1.46579366860158,0.957885472828014
465,33,-0.448092306327004,-1.56402291861978,-0.424247293237843,0.484263586281357
466,33,-0.480510467154569,0.312627613863819,-2.36716339202575,0.233039096761458
467,33,-2.42871174084875,-0.554093851592746,-0.0911132799272156,2.38472571100483
468,33,1.03927669892384,-0.912705095133612,-1.1793145084748,0.112772402730644
469,33,-1.78201854595459,-0.108335005627291,0.418474623778733,0.612142969428775
470,33,0.31467870766817,2.85218611935396,0.224677056999525,-1.82935314527939
471,33,1.18240055943572,-1.05097733432982,0.770067549481825,1.14289473586277
472,33,-0.793087568675989,0.819220523970331,0.536719068356973,-0.926261609104503
473,33,-0.30127406838809,-0.365269190910262,-0.505302657677859,1.01026041742049
474,33,0.310163781077525,1.08468002176908,-1.26520649084284,-1.29222454274439
475,33,-0.655761686545409,-1.77448017231377,0.740132614954207,-0.758687541361515
476,33,0.449296433312469,-0.7265617368928,0.166561995207764,-1.03785449232516
477,33,0.534362860221179,-1.10777239969677,0.933612196706196,0.8659667208865
478,33,-0.152627414607938,0.116492950399996,-0.98485454682736,1.92809694875326
479,33,1.1837906907847,-0.822756878513104,-1.10582246028217,-0.29813885179062
480,33,0.2100371828931,-0.0852028920101087,-1.45994093498426,-0.423873227692468
481,33,0.615549122359993,-1.384382716627,-0.727470605905501,0.702610946592392
482,33,-1.07262602484054,0.845433934786192,-1.90026668806708,-0.988733622614771
483,33,0.235513362688762,0.307568918219134,0.345382573013105,-1.45238245245442
484,33,-0.0255612230807643,1.08399076819207,-0.669332768596983,-0.426838605605319
485,33,-0.0994220868792555,0.260693873317342,0.0752991931466178,0.588645849864944
486,33,-1.80024148666325,1.39651157111592,-0.128185492667544,-0.0618070663135081
487,33,-0.676637141446024,-1.27228422656552,-0.664798235782372,-0.941870745920467
488,33,-0.418668149452341,-0.769199761624721,1.85187089795084,-0.918768831150283
489,33,-0.214632086514394,-0.205523220031585,0.0233238235101915,0.830468668301696
490,33,0.584019468331076,-1.11830154474285,2.60248955076974,2.14351495742576
491,33,-0.522279331799914,1.25336787711376,-0.995864163585015,-1.29318808161957
492,33,-0.160980027862171,-0.623305882095923,-0.465677066497223,-1.69251436836768
493,33,-0.22628928513779,1.06204947445052,0.657104443388538,0.287141410922295
494,33,0.172903029996166,0.18724936932931,1.06630765032677,0.00196676376019536
495,33,-1.69192530155963,0.342769248182618,-0.282873975442543,-0.0512598282324369
496,33,-2.20323508165727,0.958116843367523,1.11954436281263,1.07289862667794
497,33,0.186011127134442,1.22293374576804,1.20110163350232,-1.01109568843907
498,33,0.32339297633238,-0.73670385616165,-0.134106667594969,-1.26891925450525
499,33,1.81905038575159,0.245192660133799,0.812849615154041,-0.561086818169463
500,33,-0.00859318715205928,0.00270990873990984,0.4952527853166,-0.256060730706477
1,34,0.337027013292435,0.176204254290642,-1.20295541722678,0.330754975176625
2,34,0.306252499441437,-0.0877931071191807,0.483356943507875,0.000505951759961935
3,34,-0.73923010247408,-0.125553388877041,0.141768396514768,-0.70122487321518
4,34,0.0764995468642545,-0.101432979242408,0.0853310798860226,-1.04187574572116
5,34,1.59687232429655,1.89506098926106,-0.911203650091869,0.470954272521691
6,34,0.686057986262757,0.614910651297696,-0.452796943759753,-0.26503567275345
7,34,1.72868122435349,0.859177574417351,1.60212177044609,-0.167727059812723
8,34,-0.0779810887742652,-0.777069197897875,-1.40049180888465,-0.515992049465737
9,34,-0.851279623837397,0.215618602504052,0.984021620837659,-0.163078452163628
10,34,-0.330214422666864,0.41445712779573,1.51337517099634,0.179485475259109
11,34,-0.336344317166657,1.41365458873262,-0.688267339334157,-0.671575928328508
12,34,0.651979977868022,0.656144684863111,0.815330663754119,0.461149442266328
13,34,1.16257301740091,1.01454167459632,-1.43691901731531,-0.290241106195181
14,34,-0.400848418600134,0.973420150767743,-0.448257052477652,0.63679562860814
15,34,-0.400156184489659,-0.224332373770936,-0.651016874090436,-0.348110606461701
16,34,0.0487695321585289,-3.13604920264851,1.70294863748438,0.171152129537505
17,34,-0.332509246899084,0.738701301519812,0.159187777441499,0.922903176673787
18,34,2.75229171478841,0.170766177134862,-0.200221599989903,0.229717994326399
19,34,-0.237700672124999,0.286774439955956,1.34360557941196,1.24772788793481
20,34,2.13191324321276,-1.38485754947439,1.07082600299078,1.84707647495003
21,34,-0.839614014675067,0.531772120620035,-1.2971271932799,-1.18279514848973
22,34,-1.34521511175227,-0.213321311333799,0.411289286233074,-0.265642607619186
23,34,1.37345875035049,-0.246978722791484,-0.0418345523937052,-1.36583224593707
24,34,-0.400109013612607,0.261123802425801,-0.240933001670889,-2.05833914105652
25,34,0.624442475656395,-0.757353189728548,2.38050445569164,2.09054138330479
26,34,0.286154390559935,-1.40503311649798,-0.127380672235598,-0.662136013750749
27,34,-2.27764508981811,-0.772244199294796,-0.482597544094106,-0.408908998941775
28,34,-2.14966793465786,0.580876635070175,-0.867862910165559,0.0935753958626663
29,34,0.497261333400912,-0.776799514654946,-0.730917220546495,-0.329086729841679
30,34,-1.25952835108596,-0.0273627767096407,-1.5398059729901,-1.66404784032003
31,34,0.431253245113668,-0.24186793415332,-1.33878415902087,-0.681566397480342
32,34,-0.851165482639882,2.70043238927782,0.716847928082731,-1.14663493294233
33,34,-0.507818308001624,-0.104150082135682,0.359717075360509,-0.36150686555474
34,34,-0.449706647800601,0.582055491971324,0.661844139350617,0.118014323572291
35,34,1.35070026914013,-0.728378215804994,-0.38233017012757,0.363405997062452
36,34,-0.385600639679112,-1.39934629206579,2.22919740246576,1.18147240047813
37,34,1.69646019866528,-0.729910406383481,0.292558607002494,1.9751809420952
38,34,-1.04834895189299,0.0668013650802579,0.541716042613014,-1.05465549811478
39,34,0.202040651208773,-1.12748702141209,-0.17009845657111,-1.21778401064575
40,34,0.152403969112448,-1.79214880418788,-0.584241178274946,-2.8016063048598
41,34,-0.171467750143941,1.31719329843513,0.429742186086426,-0.234280869181209
42,34,1.06894237080021,-0.924885227270031,-1.78218950383433,0.635892190418467
43,34,-0.97952837046401,-0.602688732362225,-0.664337674296398,-0.720999522303321
44,34,-0.901938131515724,0.429911461210736,0.601386145331814,-0.060359877509792
45,34,-0.806916970123676,-0.446247981539447,-0.674927020084576,-0.986043219661098
46,34,2.75074069726074,-1.61431240747976,-2.34209601055745,-0.612605828747606
47,34,-1.09358858263553,-0.55864802374407,0.921924488366737,-0.653613948527278
48,34,-0.512140079735371,2.3585421860837,-1.1056752858264,0.995483889080749
49,34,0.58451168916383,-0.0689121156044415,0.988548174418094,-0.42501855907883
50,34,0.604348670184476,0.616736011064475,-0.26664230375632,-0.272023469241306
51,34,-0.253016266097058,0.0832935309862536,1.14211735098943,0.914079040973759
52,34,-0.560034789422089,-0.810714545417442,-1.725829262318,-1.39237257321394
53,34,0.16783332204768,-0.203649551307719,0.582575079818518,0.0737237479913559
54,34,0.188437942101675,-1.93210716564726,-1.11202378706244,0.322572138254555
55,34,0.677181791887771,-0.214926154109853,-0.0255259102075871,-0.132303612821423
56,34,-0.558059777045773,-1.52170692347146,-0.6478744613252,0.0019879673835313
57,34,-0.457987889221388,-0.811074699126721,1.53366245768341,0.171478154888661
58,34,-1.30756624148241,-1.07249357340903,-1.11138151334169,-1.6768872937046
59,34,0.0314174627933313,0.20441082448334,0.653586117055124,0.665748367201727
60,34,-2.68004142161619,-0.998777376455219,1.81940457152137,0.679255302900551
61,34,-2.0170257498205,-1.30336401805377,-2.07633696572582,0.600166245428827
62,34,0.0934398136509851,0.671864136232011,-0.853617679389234,0.063142723687623
63,34,-0.550820058523101,0.852947126518476,-0.310062409016801,-0.689977231982328
64,34,0.756440684255354,0.41157137962501,0.236314153104123,0.584839751957208
65,34,-0.63691888744236,-0.221456803879031,-1.24980797874588,0.838145684043161
66,34,-0.649275272133197,1.99033626898508,1.4082365618678,0.508743517760876
67,34,-1.10922560819407,0.775843711880994,-0.204580493169406,-0.00805978433889877
68,34,-0.30902124611506,2.0523573494554,1.64652471307218,0.895057186589372
69,34,0.911686939583426,-1.0864997697896,0.866309705887716,0.0275164748053441
70,34,-2.02063740513362,1.06927883234584,-1.04866078575806,-0.606305164559078
71,34,-0.321119678547718,-0.363639683129524,0.355126765879977,0.568110108990288
72,34,0.273609501655699,-0.319747246061247,-1.43077199392041,0.0410171332387488
73,34,1.29219916555052,-0.0224913597475299,0.650094600429384,-0.907880992369272
74,34,0.157863273024186,0.327239954861778,-0.292686928595845,-0.64072749744198
75,34,1.89611037138824,-0.380428034174196,-0.0340442543206593,0.772431364488658
76,34,1.61700933894188,-0.172851881902591,-0.055421450847629,0.396107203377024
77,34,-0.172478821193587,1.60046981326598,-0.070377063587065,0.524373581844428
78,34,0.668426387807145,-0.287532198188056,1.24008477398687,-0.546655315048582
79,34,0.505361289581988,0.72875057399428,0.356992344925311,1.64697749047341
80,34,0.0915427119450585,-0.854801525835893,-1.14728139845548,1.07666455738173
81,34,0.00699517794851569,2.94077218632156,0.389816232000354,-0.338465710757573
82,34,-0.00120047149771605,-0.68816434648302,-0.463582134170026,-1.7851665727628
83,34,1.78357931198825,1.28211284839079,1.13175818037653,-0.30078704158267
84,34,0.223844592436864,-0.902816661887645,0.192557057619612,1.26585794953877
85,34,0.716988254958576,0.311997648637913,-2.07189277742092,1.05633947948424
86,34,2.40061613739988,1.82297619945771,1.08871956942692,-0.0474983840599034
87,34,-1.51034552203004,-0.263088146488564,-0.793599759404659,-0.21723566606162
88,34,1.68951936589675,0.792040982432735,-0.961028827723693,1.65553502828835
89,34,0.00674795419459595,-0.289177539979509,-0.504290951276469,0.0171117289240016
90,34,1.31615437851262,0.638189174805169,-0.103423641477179,1.54919870700334
91,34,1.4336806347904,0.792936490996138,0.113217646556493,0.833643825884969
92,34,0.285434593275737,0.275828139761152,0.0302830097320373,0.0877630223607869
93,34,-0.761702576670829,1.93224395216943,-0.313285080676601,0.561707483730056
94,34,0.417016367002851,0.248839002417276,-1.05252356856057,0.950516455903256
95,34,1.69296882721803,-0.700935578726783,-0.160506744455225,0.769409639578735
96,34,1.50497916429524,-0.674246538499791,-1.43660318057998,-1.75617867241943
97,34,-0.929224516467502,-0.951382785221075,0.175283772838455,-1.92838416342267
98,34,-0.644924494545758,0.794219947610832,-0.875190841333892,0.563761489603756
99,34,-0.132364428886397,0.271261203055803,0.469341342683252,0.706909722528166
100,34,0.35941340574691,0.194758676113752,-0.794439334237599,0.206187951533342
101,34,-1.92148449482121,-1.38305637496012,0.228464198149281,1.4086184759805
102,34,-1.20651409111762,-1.82774656918951,0.357406158825496,0.0945961714668159
103,34,-0.319139976646474,-0.283658197732336,0.377332648909365,2.17538374742133
104,34,-0.121040921345551,-1.13405321099624,-0.676798075510096,0.183663588619202
105,34,0.220014350129816,0.182810393210535,-1.62560986050063,-0.480361534829476
106,34,-1.23242431178953,-0.242784530050363,0.0514263105738819,-0.482886295069621
107,34,0.631878857866041,0.923374330751286,-0.338899910042837,0.402061308115165
108,34,-0.501166587700337,0.609969206959717,-1.38360982111743,-0.662442094943676
109,34,0.905198480072737,0.649222214824228,-1.07825116416374,1.14755146646442
110,34,-1.28334176307817,0.1985147608033,-0.00583849460877421,-1.02892390996077
111,34,0.42944472481168,-0.535437836056597,-0.0592738670099038,-0.0500200835762387
112,34,-1.20412275782524,-1.24053585636551,-1.39333672405782,1.48015627360046
113,34,0.44495836945601,0.27636541714556,-0.578593481179698,1.37909716772849
114,34,-1.02744578590188,-1.33913314031195,0.347533228407449,-0.281202865124038
115,34,-0.496135077777763,0.29088965861903,-0.119322204899234,-0.143679751894842
116,34,2.03949120546705,0.781149330716549,3.43294709577322,-0.165309617654016
117,34,0.305540513545837,0.222718824630698,1.9634438202167,0.512965425696029
118,34,-0.515590224820808,0.294630031531852,0.963741175465162,-0.095585621446322
119,34,-1.04228822302598,-0.568369010242676,1.68282020155955,-1.10304910527543
120,34,-1.56389071363842,0.691307700427662,-0.738823213748994,0.254446499667824
121,34,-0.221406897690483,-0.841108196864317,-0.892287449417366,-0.812142598637175
122,34,-1.30006862039664,0.6951688401408,0.506469418965118,0.743805819922521
123,34,1.81735433667484,-1.32185544764023,1.02559819430551,-2.88967360964344
124,34,1.15284939383804,0.43953338093958,0.873891039134965,1.0161371333568
125,34,0.461291017443246,1.04276456571164,-0.481445841112532,1.97287647150917
126,34,-0.109531783087337,0.469695179795477,0.598918336224645,-1.36916974732666
127,34,-0.907011460476643,1.46670454328871,-0.584293186774187,-0.0415428827588975
128,34,0.0758172048715874,1.37302721822328,0.741982111088886,1.61360513469078
129,34,0.8806983382876,1.60133710075009,-0.815944581712681,0.0411802363425849
130,34,1.39358368831368,-0.951290471603847,-0.15018622128438,-1.51747098326727
131,34,-0.708265486045885,1.04496750926084,-0.178787310548691,0.596281343922038
132,34,-0.691498989069099,0.211934051352742,1.88635903096857,1.03380897315971
133,34,-0.344139367606159,0.218344275584208,1.79458139956598,-0.163886018207383
134,34,0.205093768955343,-0.128524282148351,1.12990091028594,0.744361531484742
135,34,-0.16623297471359,0.320149602966195,0.000551698425861507,0.639353813680397
136,34,0.608901408195657,0.288888637372547,-0.859870553925944,-0.0882263773069242
137,34,-0.0807317430443104,1.77894044573217,0.351596649167936,-0.83020402289497
138,34,-0.294798158264854,0.458836632581972,-0.148681371885956,-0.807830378436199
139,34,-2.47431018184389,-0.748295249413506,-1.24906559937869,2.68256706062167
140,34,1.0042284849268,-0.204685406088499,1.96719250353286,-0.0584900688147627
141,34,1.58171447686827,0.170408450365093,0.357267887500664,-0.308822897851471
142,34,-0.659640715634948,-0.898395453496002,0.0855969743701339,-3.06906676069747
143,34,0.589873285248973,0.736778258055184,1.39104018195378,1.29298350766397
144,34,-0.293994159842112,0.571682538543629,1.57504976594074,0.399069479285279
145,34,1.36121825341427,0.273023748984159,-0.710402775489704,1.44710949122624
146,34,0.459175213071607,2.23385812435777,-0.304529593904148,1.64487978050534
147,34,-0.849898769653403,0.24486889418537,-1.77779933815308,-0.927498323595765
148,34,0.153511308809391,0.180272309460228,1.51612816145122,-0.1416493575951
149,34,-0.0604332624635592,0.580342296790935,-0.535538074905815,2.19959714399822
150,34,-0.185913434470247,0.288227709069909,-0.0941277606970355,0.0435179564856355
151,34,2.22661914188409,-0.904408573802051,0.025530224308661,0.483079770337385
152,34,0.219428048173752,0.408770830306159,1.0412162268044,0.739787811041126
153,34,0.250973973986351,-0.765345244771632,-1.97302693383322,0.34926680000873
154,34,-0.394562753957321,-1.21833035408219,0.650859710830496,0.501502988581451
155,34,-1.4752803936877,-1.89692624675034,-0.203720598026702,-0.595210788663967
156,34,0.240776575656033,-0.359079533934322,-1.09514414528673,-0.48624470131225
157,34,-1.61165933164207,1.15802230120616,-1.04593764698937,-0.622414108832443
158,34,-1.48774907851345,0.911093456870005,0.314499403769139,1.43713394910835
159,34,-1.1588855949799,0.216069111698393,0.61880606454006,0.924337499472299
160,34,0.926227018387748,0.249783208406758,0.963751926568422,-1.83397291449619
161,34,0.533421080828527,-0.447688754357586,-0.594058189580935,0.720077216174457
162,34,-0.0813458877537049,-0.0199216118521074,-1.24252602032971,0.444114038210879
163,34,0.61717098779274,-0.403481323208948,-0.667867063996979,-0.771723103661915
164,34,-1.03454908605553,-0.231790981003652,-0.253061160576301,-0.311901077673892
165,34,1.06011060426871,-0.782497030308408,0.189318806538036,2.04629458924969
166,34,1.54838235193979,0.625184419727372,-1.62988209093391,0.451434603218986
167,34,-0.366910458841105,1.31104235791141,-1.72324856212448,1.16877049863841
168,34,0.100856432403544,-1.89825218928331,1.28610695053205,-0.494260893967981
169,34,-0.00500860258682265,1.28410797231906,-1.30950277892828,-0.654035868294881
170,34,-0.293914414176915,1.56194039485744,-0.470655349933697,0.764199900801112
171,34,-0.671702684462783,1.22921241163876,0.82174607245535,-1.30919797867063
172,34,-0.487321300210276,-1.21451794823093,0.247793902999949,0.507445635781411
173,34,-1.13414494345921,0.0320626093943798,-0.649916116286125,-1.10186090666316
174,34,-1.57502352499673,2.49021603180279,0.113765708762783,0.70670460954754
175,34,1.27261164717704,-0.912231869243879,-0.32394801365067,1.0636821222858
176,34,-1.86563000100199,-1.74196322459935,0.953485935874379,-0.780500773156751
177,34,-0.570425098878794,0.352401138519064,0.124021064775949,-1.62298062694136
178,34,-0.235278196373654,-1.88587354476467,-0.254466240404083,0.932723188465185
179,34,-0.965881979272239,0.230735859010176,-0.947184401056401,2.21898431783605
180,34,1.20211113675905,-0.6778532662246,-1.06567805993625,0.320552993072027
181,34,1.44711857561997,-0.38789071272067,-0.0926978468866794,0.70846548056722
182,34,0.160515916393738,-1.87208218322972,0.58308397921298,-0.617125052724997
183,34,-1.0968179517647,1.19312582512142,-0.179690798972774,-0.38940051574323
184,34,-0.636783306604788,-0.828747860725804,-0.0293933756869973,0.781841199508783
185,34,-0.88597268822635,0.223696091481102,-2.41657448248807,-1.06048791720974
186,34,-1.05168400337594,-0.84059299455093,1.50322853431245,0.421109721405391
187,34,-0.362817463433318,0.318786837868725,-0.89404100601752,1.34308326367522
188,34,0.0799350712150884,1.22015574112557,0.121574376789054,2.81692043944127
189,34,0.0936047109463212,-1.17218195277309,0.902618483401514,-0.0572852484323386
190,34,-0.0655530736982254,-0.966279905890577,0.429202599880435,-0.0872432235533405
191,34,1.0180123289005,-0.767653302272574,-0.241690364541437,-1.2530993948548
192,34,0.407883678985872,-0.236620612064364,0.486043096788937,0.260226892441584
193,34,0.262651201876389,-0.431711522587533,-1.05506974088905,0.969210676158883
194,34,0.212083663362262,0.486729857865652,0.939400490695422,-0.161244683171133
195,34,-1.18399283466469,0.680111698640922,0.376549919743231,-1.26735596157308
196,34,-0.237792940785708,1.17901026169122,0.0695982028859861,-1.69818566897008
197,34,-0.368410754050079,2.0356164948094,-0.0611898250682924,-0.177668647808166
198,34,-0.753013456928789,0.243256831012517,0.0744054823068955,-0.114892466212533
199,34,-0.758565915427783,-0.036040195279522,-0.27805784513551,0.209402835486919
200,34,1.04782825068439,-1.04982590691287,-1.06507841380873,0.957166390894307
201,34,-0.115267168072079,-1.50344059372117,0.669147105843367,-0.961289159923512
202,34,0.694111161667139,1.04582608154488,-0.147303627199998,-1.94276595329683
203,34,-0.0589752798758142,2.08063683259067,-1.55012388264535,-0.679206844294752
204,34,-0.966809648948099,1.88219253979119,1.06535841516194,0.508770321310067
205,34,-2.20363077650089,0.435102876420025,0.612186372429002,-0.749519572942191
206,34,-1.57787878619045,1.34496145864075,-0.427741059181178,-0.55440367172622
207,34,1.12309944248073,-0.474945513766413,0.260193781435532,0.0411558154487423
208,34,-0.0800222249876579,0.229049154044387,0.989147948176779,1.01361302289665
209,34,1.61096811173298,1.36112319251759,-0.434213888664113,0.229331161209889
210,34,-0.970102047059265,0.259988522134635,-0.207419464108883,0.413944576414518
211,34,-0.556881785488142,0.322628698591543,0.458745733091266,-0.337583504197463
212,34,0.45339073968171,0.547635166285541,0.936002396649982,-1.21749679945097
213,34,-0.422269096444886,-0.839875805388098,-0.353162124325472,-0.820129814795269
214,34,-0.0623821772444726,-0.317827536778168,0.503106422167545,0.371524895957265
215,34,0.235231946582804,0.614954794377079,1.7183690869142,0.752392247411081
216,34,1.54064614702274,0.959347507902318,-1.35014459833737,0.100863456688591
217,34,-1.18301835269623,-0.112836125414089,0.276193011282146,0.203084942627244
218,34,-0.414513355491897,0.628477532575067,-0.680571221877462,1.58824061749653
219,34,-0.267263727627975,-1.23901771568953,-1.27979590872859,-0.044772111745594
220,34,0.433959943298925,0.523490215970833,-1.65587752418886,-1.5966960447194
221,34,0.302770667197583,0.231117755892698,-3.06213589808751,0.55647624518335
222,34,2.15005062380725,0.353919238388532,-1.09885571016122,0.581189109397365
223,34,-2.3132653107884,0.444140226265864,1.27468370105793,1.64181287084679
224,34,0.4547956839336,0.159983909172275,0.553204555885411,-0.622086026621361
225,34,0.357203074312199,-0.483398779646545,-0.364919046376056,0.976826664752907
226,34,0.928375568903309,-0.0777042425771322,1.11015254399031,-1.51517900733346
227,34,-0.673523970556062,1.73853279468589,-0.482577890760948,-0.329277195233568
228,34,0.0312756909695972,0.552878050863863,0.929342979351855,-1.0961696362056
229,34,1.76504015609975,-0.26747324521566,-0.354610587457322,0.688954103298673
230,34,-1.18720647889726,0.857382118390894,-0.776102455788281,-0.581674682019909
231,34,-0.567219430398423,1.0674469190971,0.444344649255765,-1.06220277005399
232,34,-2.48843109808469,1.72693865062,-1.05052811288026,-0.734477744788174
233,34,0.793956323493487,-1.55989067973198,0.656845876138022,-0.943792283072792
234,34,-0.179141703191602,0.0108648767920627,-0.987756248952013,0.429234825445554
235,34,0.669496688897622,1.54285799898448,-0.0227018336447993,-0.594585564780331
236,34,1.29063767150423,-0.994800969587154,0.0512462911771672,-0.682688307493229
237,34,0.280835785157004,0.108919923561525,-0.0636234308876821,0.939622900544715
238,34,-0.38111967106486,0.77552925308284,-0.95081853823108,0.182226740435236
239,34,-0.34514384791886,-1.27699367621626,-0.602948978611638,-0.289806753870594
240,34,-1.86459835067996,0.750432413743101,-0.180862953616946,0.448309748616139
241,34,-2.00843993230979,1.51846028326487,-0.444934666820695,-0.362125777530026
242,34,-0.191617197240732,-1.81007968880152,0.65656060339072,0.130105237646121
243,34,-0.346895421918692,0.678475388067465,1.6582856717115,0.448603933705417
244,34,0.0199773456055874,0.344293470503341,1.07654912405531,-0.228009176631538
245,34,0.0253343542697257,-0.406199889686508,-0.200783896821081,-0.546019387282558
246,34,1.36839855722767,-0.870660088858589,-1.02624548492163,-1.95798598193126
247,34,0.366512289400864,-0.010632557966283,-0.639397819183753,-1.93044509302784
248,34,1.38552129420155,-1.17544451606641,1.39205834595071,-1.16662470311866
249,34,0.170601716021024,-0.349176381554572,0.720580825433419,-1.00244220598554
250,34,1.78839682329856,0.495582971047854,-0.744588568925148,-0.261220574165419
251,34,1.15262382748344,-0.688364035244737,-0.853632446688423,0.171622225031401
252,34,1.35678786327105,-2.06233054062587,-2.57534478952636,-0.733278464560404
253,34,0.20882483588904,0.750169521137712,-0.867644217095164,0.954614308050205
254,34,1.65675357661328,0.389822268452313,-1.68324177131108,-2.02003821529746
255,34,-0.941270141189445,0.195426687548007,-0.994075295821609,-0.252851553460258
256,34,1.47736728452503,-0.690458178812311,0.655830793059865,-1.56607545793914
257,34,1.21956251011248,-0.0702861880689638,-0.191750102474806,-0.951856825953794
258,34,0.501254139552866,0.788200348443855,-0.57256246083296,0.913653634105914
259,34,-1.03593788354233,0.408548125943097,-1.85660859053007,-0.959853378386359
260,34,-0.455446020316994,0.275443525294058,0.235177562671334,-0.529505315476386
261,34,0.244374288716602,-1.58579194250783,-1.04674985579861,1.00377404849629
262,34,-1.10815286098702,-0.806571379707641,0.00176342027990674,0.263311577544358
263,34,-1.5431019868334,-1.37145056643775,-1.47818196124338,0.528775753549825
264,34,0.653059696163014,2.17987857031476,-0.24629506269613,0.142200771695018
265,34,-0.562573135137027,1.37994808091913,0.846860416472969,-0.0893225933275612
266,34,0.276033268739919,1.201940594509,2.10625704919761,-0.161983865303122
267,34,-0.0874960153398897,-0.625311635889981,-1.4741876771925,0.816972625708633
268,34,-1.29137663225077,0.23848825837838,-1.11234993475855,0.435953975857837
269,34,0.092466312348655,0.889717911322472,-1.01267489094965,-0.237217878304791
270,34,0.0505190140787252,0.746477221316496,-2.02655300398307,-1.1905658741911
271,34,-1.17739086886481,-1.33920985972742,0.487058514696006,-1.14197971680163
272,34,-0.752738076616393,-0.591922458187342,-0.141087665508499,0.649282425908132
273,34,-0.34781133716036,-0.0366105827724969,-1.65457670971472,0.00592538050358072
274,34,-1.39994310096945,-0.42161063761588,1.44731990759369,-0.325537467722253
275,34,0.0122240443815911,-0.280528016922108,1.59229675062051,0.952977699334695
276,34,-0.310939102761105,-2.37963098747177,-0.659348709017971,-0.9847068435144
277,34,1.189610350153,-0.213788906918128,-0.351750129900827,1.01588675495273
278,34,-0.723928418512475,0.865794371327754,0.935519030953481,0.275630528239045
279,34,0.292325468969695,0.107735553580204,-0.408536405950787,0.142387922255356
280,34,1.19827153960064,-1.12549509674774,-0.392056838682733,0.870308266519753
281,34,-0.523687164707743,-1.77945055560676,-0.123908108770936,1.61978332164626
282,34,-0.106688182519282,-0.253418700512616,0.00541564222342586,0.105299535736404
283,34,-0.743873007338334,-0.538695571883643,-0.348641456856778,0.536055520418891
284,34,-0.971231684364451,-0.047848910880943,2.2332149688405,-0.158730361033092
285,34,1.53962573491611,0.963862269433989,-1.1623554815347,0.0118783563506635
286,34,-0.331268554743738,-2.21315198278292,0.241373786647844,0.538922806931255
287,34,-0.681075263906231,-1.21595680234076,0.562921884180402,-1.64568502246417
288,34,-0.74543076672726,-0.422427898965088,-1.76614438176704,1.1986343368922
289,34,-1.63802078149754,0.83042546235333,0.0825425325389931,0.150243444869336
290,34,1.35696693618669,0.652063390718385,1.55230702797622,0.0540524967821449
291,34,-0.958745211183367,-0.291211739822208,0.581166006616408,1.39586627369887
292,34,-0.406530640653065,-0.738409392007298,0.541901988543338,0.378414460857741
293,34,0.514236452246719,0.150937765838117,1.73478068688371,0.603981257039348
294,34,0.371804119517931,-0.181942965881296,0.839551497066042,0.098079687710709
295,34,-0.378991973212708,0.064541378491167,-0.617301560657874,-0.169387738348213
296,34,0.339365278738309,0.237547853442014,-1.92837242725794,0.489011115038141
297,34,0.00144848549736621,-0.239203443226362,-0.936210782566526,0.334202733809338
298,34,0.499561805719102,-0.365465178556983,0.609292231023446,0.970017642269313
299,34,1.92519319171887,-1.4115134939572,-0.140617575245429,-0.0868589586923862
300,34,-0.929626309569672,2.38593789598154,1.09176461551441,-0.0319743599906146
301,34,-0.108024980040803,-1.85380130164436,2.20136143549672,-1.22579160451323
302,34,-1.47849946646167,0.955908005207557,1.64728030850245,0.101600576720061
303,34,0.215121386175794,0.462201524927066,1.31756931826133,0.740835142125395
304,34,0.359344661498375,1.24959759498463,0.00396284633434639,-0.931072267804571
305,34,-1.2173454196834,-1.37680394419473,-0.482756337607063,-0.155461714731416
306,34,0.453068342063068,-0.361642681065227,0.567769596766202,-0.459987667152676
307,34,-1.01058441261673,-0.0543239166940616,-0.520460907970292,0.137477892360409
308,34,0.598893797686172,-0.856231369162441,0.0489989424559812,-0.703707107485951
309,34,0.269071673977955,-0.0575049060958783,-0.159947122869836,-0.0762802647602169
310,34,-1.02300716981848,0.217428161228524,-0.479782375931174,-1.34833424411693
311,34,1.32563649738428,-0.685543012342736,-0.437141774596695,-0.908608807422008
312,34,1.34384706410615,-0.215758916637972,1.37382124572339,0.582061566088212
313,34,-2.41998577194127,-1.97414759820551,-1.84125926173003,0.608672032460263
314,34,-0.891187792444937,-0.774284044744999,0.122931006386503,-0.608008357426908
315,34,-1.1811209536506,0.0100760162728998,-1.02401110126529,1.43386695297444
316,34,-0.374729126516089,1.91387853139242,-0.306568996474108,0.756998814571654
317,34,-0.37240210619469,-0.522786125871287,0.591748230541955,-1.84764542194295
318,34,0.235039378015552,0.108427864556611,0.477496133931204,0.459513567616665
319,34,-0.557239060602571,1.75946131534183,-0.224417862569425,-1.12371254877423
320,34,-0.50081364098454,0.149701848820154,0.0409913095327561,0.774171902639669
321,34,0.711321467706856,0.372509430049607,-0.406533917118436,-1.50886482284829
322,34,-0.216016030526907,-0.203927398998096,0.698225333821086,-1.83419343155789
323,34,0.468947785392823,-0.568546952553738,0.156183797578037,-2.13829975701468
324,34,-2.07951001786805,0.50112615203164,0.397234983425389,1.26075270729643
325,34,-0.384160111248589,0.87929163044587,0.322258891391972,-0.0185842487361527
326,34,-0.064298792375963,-1.37637283432324,-0.837508321623676,-1.47818385468836
327,34,0.843782008659756,0.62822529719541,0.80199230871637,-0.219478808062377
328,34,0.0249006326720788,-1.71208705194111,-0.0567353499513511,2.82578139104572
329,34,-0.753204520911486,2.00127947126876,0.850179760122667,-1.19441902593029
330,34,-0.51616274625613,1.77079026491368,1.10352828775978,0.427423368067479
331,34,-1.26406533999945,0.235569566597849,-0.80314829942535,-0.616282567849022
332,34,-0.441145237864627,1.51412987670379,0.665791620813184,-0.253642394765031
333,34,0.28538263626697,-0.861229747488084,-1.01065786259244,0.837903088785363
334,34,-0.60390048539764,1.39161975255804,-0.777758569681249,-0.192741977993835
335,34,2.11491347919097,-0.41106581584838,0.486936499795866,-1.01504651074312
336,34,1.56317303097876,1.10675713285227,-1.50678140352452,2.20526175009983
337,34,0.0307685261819578,-0.795869515397892,-0.0164014431462596,-0.187565954471169
338,34,0.538924490695516,-0.116419587792802,-0.280177866358601,1.39607178094729
339,34,-0.486141479682037,0.213815638850927,0.258173760127596,0.976423194305235
340,34,1.14576354290061,0.738245697433436,0.0684011402139922,0.605243771750707
341,34,-1.723991473294,-0.112654385584987,-0.933026824067867,-0.402225983465391
342,34,1.18586354103106,0.725914481274429,0.29138944450265,0.250190333043967
343,34,-0.731315935499054,0.798170907446678,-0.282149019824461,-0.908239907033939
344,34,0.231546111597631,0.127203307674958,0.094500423524524,0.724158312483563
345,34,0.0397129851816694,-0.262571109794505,-0.239945694379654,-1.06426211633332
346,34,-1.33524655473179,0.890729840779719,-1.49094919605648,-0.386385439489631
347,34,-1.14679443008391,-0.653358239827605,0.150327125437566,-0.453312991449769
348,34,-0.0399197108158949,-0.172434408618819,0.175560247653672,1.24353230987264
349,34,-1.29594364425081,0.332444620836647,-0.188567272854286,0.378733877263765
350,34,0.321024798972601,-0.324375795410935,-0.0813913626488762,-0.699369815193278
351,34,-0.31584006643154,-0.544417455918122,-0.245339489925787,0.930763602417164
352,34,0.39882774254877,0.221066378335235,0.257834323728695,1.88880279434504
353,34,-0.251466883294137,-0.843458440949763,0.408140098357818,-1.15797144777482
354,34,0.82224392809159,-1.48089468446098,-0.00167678554303241,0.698619923655459
355,34,-0.15822936561658,0.173051259572814,1.8087564967044,0.656401445739625
356,34,0.735317648646813,-0.366318594423559,-1.2496095487534,0.71415815107871
357,34,-0.671057024072246,0.0664567542932478,1.22940715635657,0.473130513993578
358,34,-1.72713609275003,-0.580693999870547,-0.49945639862081,0.904494701817263
359,34,1.02901119395395,-1.92804061388647,2.41643121802161,1.01723948402814
360,34,-0.701081801741966,-1.34204607017965,-1.5750752190531,0.745850386602929
361,34,-1.34081069148048,-0.0470632026289485,0.147271712352111,-0.816705579067585
362,34,-0.745875271816195,-0.766067099735035,0.0210231474049234,-0.115111355033828
363,34,0.704080792931171,2.08606362921641,-1.68149057831221,-0.0551199524341576
364,34,-0.885526808543191,-1.65564530701378,-0.398281265515592,-1.6040341901943
365,34,-2.16281889135048,2.18346501806246,-0.2388867992912,-0.00269489861985327
366,34,-1.48003968721467,-0.164324748032764,1.15513538226585,0.63065117593241
367,34,0.244287148611366,1.40247324797174,1.31527976185732,1.36014828854341
368,34,1.89040068284541,0.312796680675845,0.490206922911943,0.565490696192422
369,34,0.714621228589813,0.396863386927479,-0.881006494094791,0.172929752964691
370,34,0.278421619329281,0.620866757969948,-0.624450472410923,0.799869716493197
371,34,0.105217763933492,1.21740546585111,-1.45216286055822,0.0750633876283023
372,34,0.282946055309177,0.0658436094536933,0.415692782700891,-0.261928644176429
373,34,-2.81967888493177,-0.783621674275508,-1.34119133302432,0.974972330322621
374,34,0.791946252609106,1.3247672835598,-1.89609799007539,1.1395703937098
375,34,1.47167476694011,-0.422295658462674,-0.593551485226414,-0.0245432269211435
376,34,-0.754980789358087,0.78051201208586,-0.56342890924991,-2.0342629298984
377,34,-1.4393968687155,-0.165120565346667,-1.03310066398166,-0.0354212633568458
378,34,0.182347652839585,0.479497274619621,-1.142331851075,0.449370461815939
379,34,0.520193981407649,0.772052023261742,0.793831675243751,-1.04360729783555
380,34,0.862758224924002,-0.681974592535561,-0.496731410144595,-0.126119688337452
381,34,0.836083160642436,-0.38521672578423,0.956446172533534,-1.77444462517424
382,34,-0.214130006970382,1.69078648419968,-1.58504211062853,1.9421518159717
383,34,-0.920197530351549,0.0308336522645058,0.694119315785377,-0.427049535644408
384,34,-0.632455188020439,0.852179169577268,-1.75013084651829,0.741237469548912
385,34,-1.50670491350486,1.15599501867772,-0.453437380602274,0.981342249234121
386,34,0.957899550231645,0.191680154719632,-0.90699193149999,-0.0739698966143821
387,34,-0.669932509042923,-1.05164600858885,-1.34619919035926,0.756202059169958
388,34,0.101193911586836,-0.0209734740323876,-0.922962445798644,-1.78174309744034
389,34,0.744915822753451,0.241931181432919,-0.570525761085882,-1.07643029478853
390,34,-0.323606516085595,0.27945887293467,-0.0431978104926418,0.475508739571119
391,34,1.29281072902852,0.88232076308734,-0.0874467792246902,-0.0304304841941751
392,34,0.30281990115103,0.552966694460977,1.03233443490028,-1.6838696148448
393,34,-0.503952578539762,1.26119621871623,-0.130958564263811,-1.1710913321297
394,34,0.860335752149025,-1.4117548566994,0.957580964153299,-1.03547892422016
395,34,-0.822797557161889,-1.10697119269354,1.441347666187,-0.656292542233746
396,34,-1.94765674304708,-0.0337319295409042,-0.10338311506486,-0.401578873774249
397,34,-1.03558320993041,0.519411908009497,0.713232045146775,1.72159386193306
398,34,-0.305564861139676,0.508559876486,2.11703237464045,0.813537865582947
399,34,1.08166565476976,-2.50666745029872,1.3897629618269,0.356755975599901
400,34,-0.308635239916142,-0.232099360079495,0.971977067285128,-1.36436078619965
401,34,0.696275676508614,0.675311004482223,0.489799299763208,0.275473845808313
402,34,-0.5656669184868,0.657707903095927,0.250217437060475,0.375028473028569
403,34,1.13020166283335,0.405516993525849,-0.281329100721335,-1.10316515139446
404,34,-0.0588048917715879,-0.93060567229972,-1.15625541567476,-0.60389678460159
405,34,-1.63167603179034,-1.12850661483627,-0.179774435657212,-0.0936234950299078
406,34,-1.18257203145644,-0.219708374357614,0.656901755800931,-0.464577538717874
407,34,-2.0171395600988,-1.71690601517994,-0.191301207750012,0.860510581824502
408,34,-0.743652980720752,0.762022943458989,0.845886840787241,1.95749425320605
409,34,0.474884365144907,-0.422926422459405,-0.395269698490928,-1.70145931895802
410,34,1.23260805006876,0.109074668240502,-0.889908097442984,-1.80712118014977
411,34,-0.887971591016258,-2.24499670806009,-1.14568736736072,-0.506111976037244
412,34,0.44102242962794,-2.23532965891102,0.347575333749864,-1.2803088407246
413,34,-0.609963610295331,0.609638978318022,1.33980620049273,-1.10919934581917
414,34,-2.02305360569849,-1.1827520910096,0.104354088498348,-0.212713971084379
415,34,-0.513975467660375,-0.109135460576834,0.00738277406253639,0.75979061923821
416,34,0.135764763897248,-0.643414111430236,-0.47439445665993,0.633108060870939
417,34,-1.60539319179473,-0.307798501233343,0.710468950330486,0.658603420898326
418,34,-0.0140684271514875,-0.560178201934365,-1.2062837613471,-0.0923129928430729
419,34,0.560548716477893,1.35730545909581,1.61101237035787,-1.30213333715543
420,34,0.566821959487869,0.219173187856171,-0.142035987248043,-1.95918520706233
421,34,-0.720903892493067,-0.254044056875101,1.17192065133648,1.44642882394974
422,34,-1.23666665151681,-0.870552495638716,-0.564920053996854,-1.58815039518228
423,34,2.38091393739144,-1.72150889638456,-0.996679132160776,0.119395795250531
424,34,-1.67199882020294,2.29318292756077,0.516115013731845,-0.710787486408472
425,34,-1.72453357831875,-0.100957666533483,0.277837102054799,0.232911818932756
426,34,1.16700430429809,-1.11586587411049,1.50792494411838,-0.666277375363466
427,34,-2.08129995282378,0.508385471926128,-1.12358737939661,-2.34554599051988
428,34,-1.96214249948585,-0.718372172812703,-1.91799448918986,-0.892864461025394
429,34,-1.79117278409082,-0.562645335018154,-0.315963549228841,0.153514179198828
430,34,-1.50551979858157,-0.202308406371234,0.958263543288064,-0.472188095948471
431,34,0.066476952639629,-0.929921452649418,0.102592086602732,2.23204486435752
432,34,-0.420114480471187,-0.331794872684789,-0.65526290747608,-0.683735433874997
433,34,-0.504973017579152,0.172940663574387,0.158966115841319,0.160167973273621
434,34,1.03814532732013,0.87995222701906,0.987024266993596,-0.543501136538171
435,34,-1.44269520031281,1.70591788287845,-1.06577294807284,0.602626416075708
436,34,0.503779841925098,-0.925436589273882,-1.91475090266774,-0.589927749638036
437,34,0.799708416657724,1.23032599179766,1.51428716296312,-1.07683946675715
438,34,0.100749146841532,-0.351019471421502,1.64007774121053,1.15979498836511
439,34,0.706526530988054,0.180486206295714,0.00468186466941535,-0.376091785254987
440,34,-0.139383187787054,-0.96766548197,-0.621915008570357,0.357061376099073
441,34,0.123080310441065,-0.248289188285118,-1.14696414207115,-1.34412468657272
442,34,0.11981547329981,0.37887997595064,-0.616832363367412,-1.41870490215722
443,34,0.156450954158767,-1.11511648462545,0.160400479955215,-1.57034573621525
444,34,-0.296420620120734,-0.899131162793631,-0.921553645290046,-1.13027082171546
445,34,1.11329127724999,2.54666188626355,1.26791480689318,0.502711147178199
446,34,0.673590571876919,-0.306461071263065,0.189055737336548,0.926583541499509
447,34,0.525690163269846,0.343842481136803,0.638334746973165,0.396262986086237
448,34,0.289227654554051,-1.02073554815441,2.39416421007469,-1.0444224180478
449,34,-0.972513933059202,0.840648982501506,-0.559750092386205,-2.70395063693917
450,34,-0.230885810884252,-0.465250388213413,-0.2439414123498,-0.867730953197642
451,34,-0.670119319504674,0.295818162793841,1.48895615034048,-0.253786394738326
452,34,1.07684548597361,-0.324631521289019,-1.50773817680588,-0.147953337742233
453,34,-0.959902042208559,-0.29573036161976,0.784631089396906,-1.70515208140818
454,34,1.06156085670992,-0.854295966526689,0.342826142381372,-0.255773049620409
455,34,0.739317380793431,-1.53624393019991,0.497921845275578,0.740436258808762
456,34,-0.057772967377427,-1.6769999722777,-0.322092076023274,-0.110261679784268
457,34,0.02529663500055,-0.387856324553825,0.834475314761969,1.73119827840741
458,34,-0.791675264205261,-0.884658494093794,-0.309605459294453,0.383552726755898
459,34,1.42464440711248,-0.421580781851169,-1.37217430778262,-0.702883939896863
460,34,-0.714787336239325,-0.600043509483903,1.3887310941954,0.922677544748643
461,34,-0.29207408252285,-1.94991944514511,-1.09122878750879,-0.835054037399255
462,34,0.276554137091475,0.699047146006277,-0.364622356422824,-0.377438440153105
463,34,1.00970664520861,-0.0216462031824561,0.21710717381412,1.05480445181783
464,34,0.441312619712776,0.470951436279999,-0.448637981014062,-0.155490745602894
465,34,0.243495087756395,0.0320775006170378,0.00853095038400698,-0.280177710388106
466,34,0.209419308536534,-1.19181069317265,0.753419818689145,-0.831648916198051
467,34,-0.240143071217936,-1.88205368397486,2.47649435498568,0.749522619656895
468,34,-0.524237709590978,-0.737018376875614,0.0779629170662283,-1.03460302126017
469,34,0.81519866415709,0.665220223617747,0.378256581284593,-0.215610643970502
470,34,-0.993367402435958,0.46432154987035,-1.26759671757463,1.55304598034016
471,34,-0.663637245663379,-1.21946905139016,-0.161013289072373,-0.419395019601228
472,34,1.00795425946868,1.0374645085035,-1.24652244170701,-1.08413964559051
473,34,0.652721127575028,1.09929499525674,0.680591399969875,0.164685139970904
474,34,-1.00421724864372,-0.0844967293002606,0.368845827588739,0.192953988715518
475,34,0.352602075614905,0.38216953141141,0.896826782351747,0.0495406408641759
476,34,0.30451674780622,0.269098783566334,-0.0785537456324372,0.251454931957613
477,34,0.689406710482784,-0.51517787753512,0.827741157951861,1.18368976684892
478,34,-1.46372475918902,-1.11785453078258,-1.4061945783794,1.17863926364376
479,34,0.50423531052355,-0.00872215057814196,-0.197550024513376,0.149851871578863
480,34,0.73437323476053,1.49289834210389,-1.00068213737526,0.323082326058431
481,34,-0.492120556616864,-0.262974655843207,0.446630479427198,1.32663270413937
482,34,-0.233657009987015,0.922365079302116,-0.40676095368611,0.215291136432411
483,34,-0.161597435688896,-0.173722038272339,-1.25488702534544,0.822727696217923
484,34,0.932101880177423,-0.871275574057116,0.101996157252618,0.524186051171599
485,34,-0.756720445114781,2.00220722024335,0.740648799922512,1.05402406950692
486,34,-0.0876373420983252,-0.38843589129067,0.955516783675183,-1.3467070953676
487,34,-0.228145338707635,-0.945182993870078,1.36202143388774,-0.991703727309858
488,34,-0.337082557065153,-0.208194499030312,1.33834258051453,-0.137700355332925
489,34,0.824527097477957,1.57326502184363,0.102597189697523,-0.389957679834194
490,34,-1.19116297267964,1.49967559833454,1.44528719583252,-0.329241669292545
491,34,-1.95471799427628,0.419826589325706,-0.179996774117505,-0.36161631371768
492,34,-0.769439422606658,1.98647433253636,-0.0725774715893485,-1.47688308060305
493,34,1.48881684177196,-0.369892574321116,-1.03980573648004,0.806008410047779
494,34,-1.62364447485198,-0.181991945749625,-0.687389084470571,0.947996256391247
495,34,-0.119480432398603,-1.22042863919019,-0.0202984144826748,-2.73426873814896
496,34,0.14667511628559,0.282154502311013,0.955206454387071,-1.43067534183409
497,34,-0.0878081160190783,-0.485277244160166,-0.620419770639193,-0.158279648334412
498,34,1.56046883798896,-1.44777418457608,-1.32212510727954,-0.334703478806335
499,34,-0.313765940393335,0.257485841218265,1.21038744003752,0.418426311511017
500,34,-0.665386971853119,-0.169725232203812,-0.0576054706829782,0.79760485730384
1,35,-0.88432376212167,-2.00405865050914,-0.0530805677881153,0.0770231808967711
2,35,-1.35661565886311,-0.815549667138882,-0.601669204842855,0.559955801416802
3,35,0.304865440790351,0.868633479537145,0.132301018797819,-0.932000959956425
4,35,-0.177582015258148,0.726200553062232,0.270803006948383,-0.0301896043486956
5,35,0.871398224706511,-1.41699996491801,2.12127230787479,-0.0799713383630327
6,35,-0.175548512664792,-0.341160386347327,-1.42149126495506,-0.38796841708462
7,35,1.66461026117029,0.458242723381522,-1.21145907956066,0.437195383671279
8,35,-0.236502457602074,0.472792286464038,0.551517032380736,-0.0111961345451582
9,35,-1.43317832205273,0.668040655201587,0.0408316856420073,1.93099920517451
10,35,0.452908580510301,0.844389913340429,0.669138649178995,-0.400564936736599
11,35,0.861199671064292,-1.36199117160678,-1.45423452915133,-0.29040580503399
12,35,-1.23776794180979,-0.165620177709479,0.650231190183417,0.124938957110897
13,35,1.51523346411394,-0.573026687599603,1.19661527972324,1.40642748838543
14,35,-1.30637730908639,-1.14622024716469,0.407496513516187,1.45631741644826
15,35,-1.27610541239247,0.264999975881418,-0.182646836972886,-1.15820801771884
16,35,0.179815445989786,0.890082036874103,1.50234569939534,1.04259989722244
17,35,-0.625333983504208,1.17411143389132,0.584617710839138,0.0563096383899047
18,35,-0.455130880827828,0.0900762165785897,0.26707811920344,-1.34344273457036
19,35,0.23229682705065,0.802008786406271,-0.392520596017247,1.10249771141451
20,35,-0.190563218105405,0.210469537043989,0.437808244950093,-0.641874341067592
21,35,1.45348538612374,1.27164495488581,-1.58616547968308,0.431600227929621
22,35,1.08443468438241,-0.902031919397038,-0.0343310163085152,-1.37582162538373
23,35,1.02833367072241,-1.17841755603276,1.4360805870749,-0.100683024667734
24,35,0.581763230252258,0.230621556652365,-1.44888374998891,-0.594808316566181
25,35,0.464500630908024,0.0531716812914331,-0.187105388445951,-0.159360647305875
26,35,-1.37466648083087,-0.963788576880112,0.719186098411883,-0.650888944208443
27,35,-1.46151408115384,-0.322599615301734,-1.55851005044256,-1.25865594909691
28,35,0.894696823395298,-0.75558248782252,0.781523269295737,2.03311336781545
29,35,0.631522559826845,-0.194748140784476,-0.479659595041335,-0.988055759120008
30,35,-1.35604276630747,-0.259964380271744,-0.294671627329464,0.301041805734733
31,35,0.0830737140866655,0.673050018893918,-0.0156023076746448,0.210917508531691
32,35,1.84237646979843,1.58568997252457,1.46279635191095,0.586479485100672
33,35,0.853289967373278,-1.4122758610114,0.315436858404235,-0.0577273729170433
34,35,-0.027392418200032,-0.637464824336511,-1.14878297230035,-1.05796913505892
35,35,0.664485552005333,-0.275732865664779,-1.32768603127539,1.81076696913545
36,35,0.723848131808094,-1.56071411529178,0.281434444565312,0.263184595022365
37,35,-0.578514928790489,2.65142852878657,-0.165098115096685,-2.29416631644746
38,35,-0.354747607829265,0.0589818484268508,-0.948099446662283,-0.396701772019288
39,35,-0.511224840464225,1.18870655157927,0.185683165864278,0.109847797521002
40,35,-0.449260943194061,1.60889775506047,-0.219288626099508,-1.15809896089931
41,35,-2.98736307046616,1.23650422063276,0.358566850480537,0.79907477977887
42,35,0.566012756322291,-0.0338198856694408,-0.612516334427684,0.500657933791072
43,35,-1.68375897441629,0.274786309670691,0.336627114005247,0.0611780814562354
44,35,-1.05640031202123,-0.521459591987983,0.0912547555091335,0.279551119156211
45,35,0.810667886610653,-0.19080504447454,0.22798934164603,0.473321017474981
46,35,-0.160828634329518,1.68024813703191,1.20767210118647,-0.851748334222341
47,35,1.14902023012112,1.75268080722575,2.59195645237973,-0.059513557852345
48,35,1.69036682496113,0.86196501391657,1.68261755942406,0.650553578858994
49,35,0.171903594903085,-1.56414136913957,1.18528864495331,1.61126061116819
50,35,-1.08517043783531,-0.929346901402566,-0.0212965085921348,0.378850858251129
51,35,-0.0445865041704424,0.344164732564488,1.02087266376484,-0.104341070134757
52,35,0.0345005873553536,-1.06698613422968,-1.18737069329462,0.299640117472311
53,35,-0.294075716213496,-0.748138516779428,0.450326239871746,-0.819123467447209
54,35,0.98140795400658,0.356490222264287,2.00127340281928,0.978159300089156
55,35,-1.62159934626532,0.525419202939551,-0.201051077011357,-0.509622288348539
56,35,0.546704093872612,-0.531819676310929,-0.481877754643852,-0.116282629314758
57,35,-0.0324682374006263,-0.686236780340267,1.36678197781189,0.898578917181017
58,35,0.185329687910212,-1.47642873664654,0.814560132723762,1.90371236399624
59,35,1.86632788661613,-0.189250587704102,2.93827191717545,-1.03437445002529
60,35,-0.756862521453782,0.786554583867669,-0.374599781083103,0.00709406855510666
61,35,-0.155385598214316,-0.32086452926829,-0.21563788062077,-1.67143448341599
62,35,-0.850841536749009,1.08048806895779,-0.248382157810247,-0.124950743450932
63,35,-0.299410923840201,2.17431477647473,0.0821707239978513,0.0655054509554913
64,35,-0.0928119735021988,-1.76742461804522,-0.0531406081006722,0.82976773253129
65,35,-0.904476108642121,-0.586990832809557,-1.1791108403868,0.370545354867594
66,35,1.87508998996545,0.0748722098036647,1.51943270418049,0.556296058085477
67,35,1.40746648701211,-0.382467532721723,0.081186471658803,-0.377516725987684
68,35,1.3506113802978,0.373909179999777,1.43060800557812,0.102942252587383
69,35,-0.183338033589917,-1.09235741748443,-1.1269699830867,-0.274738193668148
70,35,1.32060228013056,1.25538513732213,-0.735489437900451,-1.36929196740925
71,35,0.188448480409891,0.686172822702282,-1.02737676384401,1.46247233489613
72,35,-3.22573329005222,0.64688347053442,-0.458440546712253,-0.676822486528901
73,35,0.529398048997316,1.02259482481769,-1.74776116075691,1.49984550702455
74,35,0.498962222884923,0.713115209354179,1.41945285261816,0.331721666485306
75,35,1.14209022066968,0.989754535126378,-0.642478813752357,-0.584800093478545
76,35,0.551956107918858,0.843213293475798,-0.070410897649318,-0.249925093102294
77,35,0.215345228334068,0.692568658928478,1.02544753579021,-0.541987564223916
78,35,-0.933963031094819,1.59655703668351,0.27670626560643,1.27808014132533
79,35,0.697168714428199,0.538409417634364,-0.877838099832499,-0.548019184434048
80,35,1.22900462667422,1.33827024579315,-0.630896048720887,-0.154400390721016
81,35,0.534542399164992,-0.321814838334289,-0.418491844829487,-0.695874014015109
82,35,-1.30659606253393,2.24721071506758,-1.75607430273399,0.249528521729836
83,35,0.0689520707321693,-0.0228732567073727,-0.685711805180807,-0.578255358015396
84,35,0.498481554023442,-1.03473040632463,-0.442796819562466,0.0273187663199088
85,35,-1.41900518725345,0.123241407784396,-0.524521125281089,1.83877849885111
86,35,-0.777520201709582,-1.63169017225561,0.132035129702771,1.04836073818622
87,35,0.179929551516189,-0.257082952461492,0.813892185000731,0.805958309379165
88,35,0.736128227664916,-0.282329266792586,-0.368119451840595,0.502441884490479
89,35,-1.23071363835533,0.789932085454608,0.679759668139364,-1.1647717479343
90,35,0.0272149301566101,-0.761019350286489,-1.72039918228591,1.61844200037114
91,35,1.46311188406988,1.19039979988367,-2.25885111995056,-1.07403060972636
92,35,2.73741540716575,-0.504217725544901,-0.34360784032357,-1.64148377163525
93,35,-0.0652998486253888,1.23541311713859,-0.930395638577759,0.22055470486195
94,35,0.303742141966561,0.33704116459539,-0.157537797449757,2.35869517867129
95,35,0.492558314006957,0.924986873516833,1.65912225266641,1.11271208049481
96,35,-0.623064573973247,0.208338769720153,0.690397156495433,-1.18885902000503
97,35,0.188406534410737,0.0181506786553666,-0.258071079996404,0.954395028856079
98,35,-0.539419790262238,-0.0429683472653273,-0.366440221518719,-0.725569920553625
99,35,-0.932021495697688,-0.570990230533868,0.592469513166107,0.26043121164876
100,35,-0.160383478881031,-0.154808846647167,0.718662661182544,0.623711843783501
101,35,0.13456369141932,1.74898055269377,-0.581262291880886,1.48665019312713
102,35,-0.44917955132879,-1.38786257575758,1.72694043690078,0.929650653956534
103,35,-1.15748494282475,1.24115667529619,-0.49849487631647,0.836348322881683
104,35,-0.51284686977836,-1.09007528201633,0.245831875752054,-0.632272535893795
105,35,1.44290642457091,-1.18110400092713,-0.392046156106504,0.514066993883296
106,35,0.963816543340419,1.00619512993451,-0.66363529621559,-0.130426315783969
107,35,0.321248718589491,-1.65124503924517,-0.660820023798347,0.515576339780549
108,35,-1.212149786036,-0.504537012144944,0.120951799326581,0.00593885388035388
109,35,-1.31477084121697,-0.0686749227330935,0.544692403784797,0.801833770280753
110,35,0.704563746137829,2.1880643438573,-0.473888490023561,0.353260249055361
111,35,-0.750068281158126,1.28985643211378,-2.01168956823694,0.242518653431851
112,35,-0.165849737359376,-0.582582131197956,-0.981008253024922,0.499587151947512
113,35,-0.685544695116862,-0.412555046145434,-0.0505492595588241,1.4680467089849
114,35,0.234546639817354,-0.792799103339733,-0.0234249821677777,1.62141893334612
115,35,-0.0452507658870958,-1.33838853605088,0.806521447492168,-0.33457417897165
116,35,-0.0711352516096869,-0.541120286948687,0.190317131142268,0.258327199011995
117,35,-0.479545082423089,-0.297329315109716,1.22756904173252,-0.975613204260717
118,35,0.320088956152368,0.974338793928606,0.0356010649790325,-1.24063484802395
119,35,0.317234614243683,0.626517732835362,1.21452336373387,0.391525635754139
120,35,-1.23405188016055,0.549155541707066,1.02231908808166,-1.62549731087945
121,35,0.676724239290109,-0.272556395802682,-0.555410314967908,0.43326433428027
122,35,-0.408037495324197,1.44922693456688,-1.95977403644138,0.410835984111619
123,35,1.42673403182872,-0.0317952388211359,-0.193547319571989,-1.08426623944622
124,35,-0.117632207644788,0.272115869675811,-0.634171130111996,0.573715371742701
125,35,-0.354192678596361,-1.15941285776184,0.398940378537686,0.957580514615833
126,35,-0.422821803096297,1.43605109220506,-0.199208387558516,0.723734249738661
127,35,-0.867763982245644,0.879073654769666,0.0872896738683203,0.547988865773818
128,35,-2.50497871343437,-0.128595449374558,-0.43555886028849,-0.85407609933352
129,35,0.526049570035515,0.00741913782293626,-0.213270320776027,-0.343141906472184
130,35,0.9431772521972,-1.82648717844033,-0.453653181824285,1.78288575507184
131,35,-0.720708597302004,-0.123041675871975,-0.580073370563319,0.66165908691022
132,35,1.25959954206358,1.46092093578465,-0.907798018585867,-1.14764531991096
133,35,-1.71215459192328,-1.01699330196741,-0.988413925466732,0.61874694524048
134,35,0.866039188759665,0.366822029830752,0.140376397975302,-1.61810434034232
135,35,0.00761536181652378,1.89440558634165,-0.384055638601642,-0.0982634526276691
136,35,-0.880387987841098,-1.25666877196943,0.524610950614254,1.15426539813291
137,35,-0.913609393649404,0.447613813043292,0.564626943561094,1.24076756541622
138,35,-2.16286404338231,-0.975330282133522,-0.61927402277207,-0.721332241314071
139,35,1.45435330135054,-0.403216367329287,-0.0813652133986493,1.18416243539811
140,35,-0.0388784886624503,-0.748841227147567,2.46654529677547,0.26035420896632
141,35,-1.27188304890472,-0.0470575616889067,-0.426971246557647,-0.702959047719032
142,35,0.153686110769633,0.330388238845076,-2.70930053690474,0.234741135634834
143,35,-0.10728996447568,1.68266983927047,1.52936446177301,-0.837818313679293
144,35,-1.34382939800213,-0.595530085538359,1.18787405176507,-1.54348621549338
145,35,0.419489659388685,-0.371021383966858,-1.51388377092256,-0.994237100516828
146,35,-0.834810509338449,-0.0404694672277374,1.32397821677626,0.443024217099845
147,35,0.0903000937036886,0.927706081619343,-0.369217500264058,-1.12850590093603
148,35,1.7014924267757,0.997840760592212,0.106315053248533,0.103803363036438
149,35,1.8550017158197,-1.23072619852168,-1.97356117375571,0.671056781897476
150,35,-0.546868674188093,-0.329025375028888,0.948738751901699,0.341360071228976
151,35,0.734583468788467,0.759893901581027,-0.0842224115482354,1.05798493000651
152,35,-1.90049201497014,0.562484923547915,1.07021799907121,-0.595506229198211
153,35,0.899502100645015,1.17445131282135,-1.54124092327537,0.139403122739947
154,35,0.635178778775796,0.372804949298855,0.690112920269902,1.38647919210643
155,35,1.10361589652918,-1.61722942794583,-0.382907960056852,-0.0385963775863184
156,35,0.00835714691652316,-1.66646566055476,1.69037046812231,-0.643441117091229
157,35,-0.754268816143195,0.987469433940299,-0.367212698178301,0.105310129583565
158,35,-1.12263946040817,-0.484878119379071,-0.573421420458386,-0.426826354437753
159,35,-0.543224810274266,0.739054574964263,-0.591728827070724,-1.76860103607781
160,35,1.31229363237458,0.7474559816412,1.37465917886818,-0.421048886169196
161,35,1.86575363611493,-1.06299726415226,0.139972223179138,0.616024642600015
162,35,-0.0684968664662322,-0.552431372831484,0.6957962227752,-0.174547840669194
163,35,-0.362366733795819,0.846494026704553,-0.192891863172022,0.454629442169907
164,35,1.31458908470592,1.46445404326719,-0.0475494844017788,0.848347815258043
165,35,-0.86585369193843,-1.24195926185704,0.159627829173802,-2.24972570933751
166,35,-0.997887993274897,1.93983639520064,0.524596766543628,-0.609876459823037
167,35,1.37344260299792,0.42590209405605,0.346411725051621,0.576598284365316
168,35,-0.469283727625053,0.210945061947229,-0.930959132821203,1.47350648910474
169,35,1.18149001174195,-0.491757653326373,0.707135823723243,0.212867231302197
170,35,1.70917846492067,-1.17936518345102,-1.10383644777479,-0.75341533454128
171,35,-1.01186778814288,0.146137651255837,-0.836594864767301,-0.0717213799114658
172,35,-0.696745543317066,-0.474151027372991,0.621456755596604,-0.364164595500866
173,35,-0.356360496731433,0.0339631770778315,0.73629185544413,0.351699105546982
174,35,-0.0728560595464897,-1.26527182443342,-0.944187826813471,0.459362590476658
175,35,-1.38034099679144,-0.365438325842691,1.70373704177935,1.45170747020975
176,35,1.63348505492318,-1.58638618256636,-0.59804485009156,0.546487658206579
177,35,-0.330085771703208,0.0173692016223176,-0.423426372521209,0.596005615317179
178,35,0.721163779378237,-2.45485320778543,0.600585206400038,0.896960981551936
179,35,0.529577851781422,0.465611723083253,-1.08288313034968,1.15654646177705
180,35,0.534542747752223,0.520021747594517,0.903571758015032,1.78295027983418
181,35,-1.4977797679471,0.010928088939149,-0.860091378288281,1.8899082569352
182,35,2.21498082239004,1.81555279034387,0.911711074685691,-0.50862474069703
183,35,-0.509884561650618,0.869610220773521,-0.398364185436723,0.928257345523435
184,35,-0.219168963955486,0.559360926250761,1.46425882259278,0.277297907482235
185,35,0.082109516079249,-1.40201716278636,0.341547861690505,0.336123045337319
186,35,-0.319904308521735,-0.222499601678375,-0.292058766638436,-1.54540415677848
187,35,-1.1887045132056,-0.22114974427328,0.317858995999541,-1.21589687745177
188,35,0.184395184257527,-1.3984756596177,1.53774994563077,0.481725189919057
189,35,1.00945130819422,-2.00143638987991,1.90896951002263,0.454635610068342
190,35,-0.422086728221339,-0.915891238870293,-1.73828429277662,0.418215120409039
191,35,-1.43754671447214,0.115048572179542,0.927207901627906,-0.0664452783987132
192,35,-0.447495152661015,-0.944157762913126,0.684939664612303,-0.122174340135351
193,35,0.568697309322275,0.355385907243742,0.801260849890231,1.78712071831489
194,35,-0.586401719809509,2.392788315492,0.42316416244828,-0.901794393655092
195,35,1.7639270907149,0.294465780436907,0.234113067136662,-0.87215436458815
196,35,-2.16628207373277,1.57009116389467,-0.391917145725825,-1.39085757106021
197,35,-1.17172227914071,-1.15113525160691,0.666987506179194,0.638525086852143
198,35,-0.230544786580375,-0.113233266473296,-0.62089731654483,0.418899199717423
199,35,-1.26934378210597,-0.768588296992087,0.938615390599946,-0.854725981609896
200,35,0.568781323326942,1.23742901522416,0.720194737932897,0.255849585171196
201,35,-0.0932982684494692,-1.16170016968686,-1.24659460479802,-0.206550171779817
202,35,-2.2680160228752,-0.0415134937511369,0.195786815652862,-1.48610083695345
203,35,0.438481076866006,-0.233442993154501,-0.61275113820321,-0.0756704344797476
204,35,-0.130372283475656,0.0801290623891616,1.22769825040601,-0.727441163652828
205,35,-1.44715966613902,0.118978103801393,1.96066845539695,1.01304142003316
206,35,0.143871223587826,-0.0205561850767347,0.0748819848049115,-1.18890633489973
207,35,-1.62105441986753,-0.428923883970254,0.379980844670945,0.784855005269454
208,35,-0.494338085810136,-0.675411627485823,0.40209662251734,0.916963092853689
209,35,-0.37147501383749,0.0575044858146854,-1.46032935339094,-0.12850846259897
210,35,1.07503793935445,0.420177583617467,0.209058570906315,-1.85762436372642
211,35,1.10732477224793,0.554386254062516,1.44424833608709,0.62357562204888
212,35,-0.0760062669085255,-0.284578068193405,-0.469484714939072,-0.441349545484321
213,35,-0.750112832435339,1.86725340903027,-0.456940639147991,0.993228374278527
214,35,0.727900592180804,0.446374939579169,0.60533833145963,0.923330435823866
215,35,-0.0172610555872783,-0.0658490075123141,-2.17422523878425,0.453706705800217
216,35,1.26937435610937,-1.00857674693056,-0.644219344898885,-0.201340114199017
217,35,-0.297804454718179,-0.269142389419243,0.432361393448315,-1.83630038791216
218,35,-0.360173026411314,0.0125098507798478,-0.446645180113926,1.17542810787174
219,35,-1.68718008410408,0.666733728764489,-1.22062117977639,1.39465581205002
220,35,2.95477866628074,-0.0195194788523277,-0.231658989773222,0.0676800550522118
221,35,-1.10155181924215,-0.485136391146836,-0.746413678455543,1.25954351986255
222,35,-1.44149271297071,-0.57653817612824,-0.263550246106207,2.79420333753531
223,35,-0.622598467246181,-0.185949885566488,1.3090852420166,-0.584895669680051
224,35,-0.071415309123144,-0.174115735960859,-0.839374093171028,-0.560602393608266
225,35,-0.764671100053667,-0.532195091929325,-0.765703337133461,-0.0713276263690508
226,35,-0.890081551781206,0.146106238995173,-1.57310443706118,1.30715337403109
227,35,0.0690932149587769,1.49662073521613,-1.45659761474009,0.0879902457716016
228,35,1.15255118794794,0.318944754979095,-0.249784806318668,-1.62287809290329
229,35,-1.49767787697111,-0.787833695109243,0.28847436738269,0.162196346721794
230,35,0.732594310548917,0.713428508009446,-1.25761711394289,-1.74296949857181
231,35,0.318895555984552,0.206616165384582,0.0345400016206172,-0.993270713723617
232,35,-0.930660639557199,1.25531792726861,-0.281306468747681,-1.36065415814959
233,35,0.965346729274929,0.872198458534104,0.718377341153191,1.16609713100267
234,35,0.17861947034707,0.547640058555397,1.2576751116776,0.54800702083223
235,35,0.289100041642696,0.0398853984002687,-1.03899867870468,0.280504047810662
236,35,0.272742013492165,-0.47908386511813,-1.43031643198655,0.00914776869093077
237,35,1.34514814321583,0.567847768470641,-0.0782638519758621,-0.287689340660141
238,35,0.285020653384392,0.00914216127179834,-0.697122121549446,0.868174806362525
239,35,0.54860073100507,-0.402029695185388,0.2784145602334,0.239077726537506
240,35,1.31736875342627,1.90833116720539,-0.720171484959134,1.02068100361334
241,35,1.32990295294703,0.834753139255028,0.625712840724387,-1.21506919289736
242,35,1.09577764657356,-1.27199272037044,1.3516949257903,-1.6998495022763
243,35,1.95818172206813,0.599848695714323,-0.337992228189746,-0.265904113887522
244,35,0.355444116339556,0.285302050998227,-0.10107873737016,1.81851985017673
245,35,1.22159147815213,0.750060523985587,-1.32688880298642,1.51444991011533
246,35,-0.33541790309735,-0.822197782564822,-1.21353711464669,-0.0995636873840511
247,35,-2.38602082846741,1.4470482362119,-0.157126808223947,1.04094299168316
248,35,0.102952771258624,0.088426742386374,0.931350832797037,-1.75376052271895
249,35,-0.243193787603411,-1.3034834465745,0.362449663663652,1.12745852557117
250,35,0.0352884459427876,0.47587532374197,1.18347734410673,0.284751360765611
251,35,-0.0642344870814917,-0.831914107329094,0.67016036251073,1.65456734689581
252,35,-0.356167847400947,-0.169320913063486,-1.04915563991854,-0.848295523565718
253,35,1.28036925536524,1.49421060613795,0.655721853729513,0.696911471937241
254,35,-2.06680965914934,0.984103967874276,1.14799760901258,-0.250586081964534
255,35,-0.96781427455163,0.0493330266700656,-0.941347544433688,2.04181006262038
256,35,-0.76559255113401,-0.749394056772759,-0.207377019950365,-0.266885556895054
257,35,-0.49155298374176,0.927962565561558,0.371829504264099,-0.395095170588162
258,35,0.592801560208527,2.50740421924162,1.35802771185406,-0.749643740989558
259,35,-0.979445432120673,1.7942526254598,-0.831615544064814,-1.16999228361792
260,35,-0.480408204931956,-1.39432656765791,-0.475614822537333,-0.375202510844368
261,35,-1.10708061732969,0.0693600435377159,0.016509851900659,0.00571586681193274
262,35,-1.26329295620059,0.193448718780448,0.36236336682784,0.19569587931651
263,35,1.18060577957124,1.59746017984709,-0.336230679356246,0.963833743010982
264,35,-0.3278534654305,0.238112580367839,-1.54101689704321,0.702050466753294
265,35,1.54177003893508,-0.503531524663373,1.02102121549471,0.387171865120119
266,35,-1.8641693078479,-1.51982095525032,0.43550581026778,-1.02937220867717
267,35,2.07929391176428,-0.715222777231417,0.833730717629514,-0.317666347265921
268,35,0.78440248659497,-2.77318752983687,0.0772793140423089,-0.92718779689803
269,35,-0.694910843144269,1.48303740519821,1.97379121885227,-0.386699076956527
270,35,1.95034834462821,-0.182487688859732,-0.298604337988368,0.107460726859556
271,35,-1.2643341910729,-1.02950139665925,0.318366668076497,0.369293963592098
272,35,0.401120009010877,-1.02626974672172,-0.196893349775385,-0.478436437972463
273,35,1.04314806046936,-1.09087106733221,-0.446998905066145,-0.215329726246719
274,35,1.30997492465657,-0.00232994108776593,0.128893030842197,-0.182259002286681
275,35,1.47117338793781,-0.641344527582136,-1.27654376104039,1.91715146373745
276,35,-1.72068777464142,-1.04158888906285,0.978662996953172,-2.01857791090063
277,35,0.0487660807399892,1.82616436688426,-0.147419828503714,-0.280610858716697
278,35,0.0211149591925683,0.160899441182138,0.0515032991615959,1.97097510738771
279,35,-0.463826111154658,0.50470986580137,-1.38217547621537,0.0781569141749209
280,35,0.0506323834677471,-1.03260163575021,-0.545777979162885,-1.4569429498368
281,35,0.468750293163089,0.238183176205809,0.684432429350513,0.817208639114241
282,35,-0.000668646425003369,-1.66627517697822,-1.44637407703135,0.629050603801977
283,35,-0.939590205545219,-1.14421264063984,-1.38681480894139,0.657444234416977
284,35,-0.018673375442117,-2.58701484803822,0.0117680099405571,-0.99667911213258
285,35,0.818335337203884,-1.85248166486402,0.119794328260589,-0.261313882521753
286,35,-0.299427892282231,-0.194070730738018,0.513903414558645,-1.44323713771043
287,35,-0.106878536276986,-0.344515763964069,0.725949830163741,-0.0481061415201991
288,35,-0.149026366609753,-0.547714440065906,1.82216034212304,-1.98853093727288
289,35,0.472939469901574,0.434193228769562,-1.09867634104037,0.632795949286765
290,35,-0.147730961820621,-0.793463001047741,0.740075537371893,0.366067440873246
291,35,-0.181030911613135,0.446834957580153,-1.02520782198826,0.311931221070773
292,35,-0.912638678299102,0.135795064781844,0.0584088148069099,-1.00138137903941
293,35,-0.659625987190569,0.79497271918859,0.24410577250699,-1.30104674415928
294,35,0.872134567336375,-1.64486682010799,0.483557203867343,-0.670744375452519
295,35,0.202107758750621,-0.711819786548211,1.02149317122221,0.553067863116028
296,35,-0.629069950247365,1.55095382070212,-0.225824761254054,0.867500318746785
297,35,-1.28760924600551,-0.0307665674035253,-0.467221703221879,1.01384196408474
298,35,-0.29726298368698,-0.31220231045754,-0.725971172882155,1.824979258632
299,35,-2.30991583719016,0.377696030385635,1.74125844721195,-0.182613135977837
300,35,-0.430104030316748,-0.614011839477828,0.399037019482507,0.154838973681161
301,35,0.17442373237257,-0.848491789847231,-0.439329274463263,-0.466166720128264
302,35,-0.336432663480582,-1.04760978142229,-0.563089922043871,1.24294648801505
303,35,1.13640057106867,-0.80289260727205,0.7711567741169,1.05483100670365
304,35,-1.01156005090954,0.574204794396468,1.23909666090602,1.12124761970377
305,35,0.863534745820501,0.000958242392821795,-0.188855710061577,-0.0361872050173202
306,35,-0.0286373940401524,1.21702714853382,-0.700232580771123,-0.270984935092338
307,35,-1.14608014949475,-2.78098184212811,-0.584638413591674,-0.505990435714012
308,35,-1.43778290862636,0.144546174033586,-0.479521791484912,-0.409665710854806
309,35,0.00945702395691688,-1.04105681516019,0.46976168633035,0.340132143684807
310,35,-0.682846314117902,-2.0403817964296,0.211479684346958,-0.153799677690044
311,35,-0.528063212854877,0.156162905318089,2.07869775039818,-0.376581242119144
312,35,1.63661493817222,0.619289070209874,1.46050065873619,-0.81359628612827
313,35,1.13502252804812,0.11753358815231,0.783695583523154,1.15024156397055
314,35,-0.0286467538056591,2.89155905233341,0.145971437442377,0.905787640549669
315,35,-0.703937295272574,-0.944561866681904,-1.76661376309843,-0.135354031349764
316,35,1.97754554282667,0.407891345246066,0.264292289330296,-1.26803334970523
317,35,-0.87435102950214,0.202368115473188,0.733728419450506,-0.557559559245256
318,35,-0.48371725303936,-0.438318760009732,0.446755148451616,-0.142735477470213
319,35,1.06697548313738,-0.790416139818821,0.497187188609499,0.689531260212778
320,35,0.197326655324855,1.08952237565093,0.698522414143735,0.0904179845271214
321,35,0.533544003435504,-1.06593870100861,0.735881261142175,0.598015182484621
322,35,-0.00790305449182625,0.64505443713734,-0.186422646091422,1.0880293078511
323,35,-2.41633921224563,-0.77037106540184,0.170410045203429,1.11848407209987
324,35,-0.362682640255194,-1.22717490034382,0.248568590492778,0.651046659832851
325,35,0.670948900842171,-1.64432081944537,0.538337189765356,1.43297565368654
326,35,1.69460065386327,-0.952215464479233,-0.448340428140229,1.14488046343175
327,35,0.812379762657897,1.17177489065283,0.457206172488579,2.09271586168877
328,35,-0.79259675911719,0.157011185307968,1.94342129173269,-0.274459237284171
329,35,1.56222283250116,-0.0327918209368374,0.807274370838603,-1.40509978600359
330,35,1.82853186216149,0.682386408683868,-1.85239277067274,1.80144678520719
331,35,0.347770680823952,-1.60199547780878,-1.52115426974782,-2.12113232057032
332,35,-0.445070602286303,-0.777346441132584,-0.699851768836425,0.539470976818731
333,35,-1.0195154905302,-0.50680532255524,-0.844558720960949,0.186370628837394
334,35,1.10585771547366,-0.398310718521245,-0.0368424051804306,0.370966300383231
335,35,-0.751628069348453,-0.291898304763895,2.30932976831703,-1.19802815075356
336,35,0.704787736118916,0.634043194886494,1.06762239474591,-2.43365023271042
337,35,1.58309874380576,0.528573898421922,-1.24127035071854,0.807899932233399
338,35,-0.959715561831128,-0.370230869254677,1.30787096277788,-0.87126717540101
339,35,-0.747322512010236,0.921431843429288,-0.629289297671827,-1.29138326093699
340,35,-1.03588418450872,-1.18055316268429,1.21232983011933,-0.479604945814562
341,35,1.71994832328468,-0.17547989543933,-0.119272332651391,-0.378915411358688
342,35,-1.02800824762953,1.00419697054168,0.36568122334279,0.803200049297983
343,35,0.702370473035239,0.820402380641466,0.326055220346306,1.19031748894387
344,35,0.20930022749746,0.468740155696188,-0.262311692320372,-0.0274780980885524
345,35,-1.1000574426005,-0.49258385088299,0.296964173124548,-0.358650506322083
346,35,-0.877981417160929,-1.06658818141062,1.10233333082264,-0.230185327441709
347,35,0.674495022671605,-0.896701860169849,0.439517040678197,0.115085464675956
348,35,-2.75849025384024,0.587655831608938,-0.436984685560467,0.250261702411595
349,35,-2.19904354033013,-0.747494369418451,-0.169744549867352,-0.135062785901831
350,35,-1.61499945564308,-0.1921170016642,0.920840209000084,-0.829155053668434
351,35,-0.902233178807621,-1.16946036241955,0.130663679203693,0.39413256858238
352,35,0.395186070240375,-0.379017108872713,-1.3989231325993,-1.31821904378841
353,35,1.24752654169975,1.57906837308793,0.158902471898978,-0.716244639208337
354,35,1.63258228178261,0.0404170416964427,0.0248662927438888,-0.258925719259604
355,35,-0.0337846857867862,-0.451970584536053,-0.422678528152531,0.064521769428249
356,35,-0.243566685849376,0.554971452282797,1.64277694355389,-0.672347103713764
357,35,-0.29586323374602,0.346624884035865,-0.31706167369241,0.424594392643815
358,35,1.3151808914443,-0.173779879513878,1.64655525622191,-1.18503048531556
359,35,0.269117827988018,0.580635118521786,-0.11026226185616,0.359855904335038
360,35,0.662071168546897,0.27026598076754,1.07369514878888,1.03356068605791
361,35,0.152572062715314,-0.11129160551251,-0.447601275422558,0.588356844653207
362,35,-0.0827911414229883,-1.3789339722571,-0.676120305900027,0.522344239409401
363,35,0.552657816045277,-0.122571703355954,1.88071168365388,0.136005417364629
364,35,0.756862068058394,-0.580989179331051,0.788243460915863,-0.176223432053362
365,35,1.35102408537679,-0.46174691875446,-0.562265363535875,-1.89870291519934
366,35,-2.35058536564206,2.20653586686055,1.43314987616177,1.58512123007847
367,35,-0.829172444900347,-0.665341579185525,1.72632235213766,1.21711978862921
368,35,0.3232617800788,-1.07954347589795,-0.254208016594091,0.16512549462846
369,35,0.173931602508429,0.0327392346913323,0.870415638108492,-0.507330780356436
370,35,-0.069003301230923,0.80491620173133,-0.858417501777905,-0.379649105127836
371,35,-0.727694935066923,-1.41470607146905,1.31396746206987,1.40127035819102
372,35,0.569372493067805,0.232218763749181,1.21441479281906,-0.564083929252524
373,35,0.598867171913538,-1.38523732448621,-0.576588844874287,-0.847063488253118
374,35,-0.443019444364969,1.24942673804553,-1.17508223390769,1.34094213118784
375,35,0.0631584916774407,0.563830995391902,-0.0149998519536299,-0.0910898174944722
376,35,0.331161663014943,0.0137282474400206,0.103610615999088,-0.335442995714628
377,35,-0.948803851510983,0.17331742988784,0.356619825741057,-0.53557490077908
378,35,1.48111760784758,-0.188012418640384,1.2402007181296,-1.65516976074978
379,35,-1.47906558691754,-0.579050800275204,-0.68765677424428,-1.21054592931478
380,35,1.28414163506292,-0.448154744894069,1.23885299307555,-1.27460623887895
381,35,0.77900886628212,-0.912759055505361,-0.123492140953741,-0.4714175164761
382,35,-1.04331605789357,-0.37353959498143,-1.11467250713658,-1.54728257140894
383,35,-0.275732442819014,0.469200287696415,0.690767375346053,0.518093750349171
384,35,-1.12422533341996,-0.521961836601334,-1.03917504498333,-1.10592403611885
385,35,1.66749417172295,0.365616616767016,1.06356082706156,1.88709440346566
386,35,-0.611568185260152,2.00305079240692,0.695264992942457,0.496693965292524
387,35,0.375707399631471,-1.30291824422052,0.456406337956817,-0.317475913022388
388,35,-1.28273752374476,0.630504811549469,-0.539495476511873,0.0689269829958208
389,35,-0.706341641516211,0.436167210351658,-0.666187607264088,-0.614178293313869
390,35,-0.926093704804727,-0.0986866302164383,-0.119069582377185,-0.131633075142981
391,35,-0.921398936349499,-1.17807720162174,-0.699555212185371,-0.483117250377858
392,35,0.468246626883904,-0.537424809611888,-1.02754355367097,1.22101565538503
393,35,-1.82913504944016,1.19349128521979,-0.162130273204487,0.375732663713766
394,35,-0.00186019320955737,-1.89080591949907,1.53611681014686,-0.608707480364767
395,35,-0.81180242553281,-0.960362256294506,0.344747557293312,-0.425749159118958
396,35,-0.608696696183589,-0.661069659965859,0.388019833995622,-1.09558688906931
397,35,2.37103299329812,0.126305295910778,-1.16592889286995,0.106789716051052
398,35,-0.331657718430424,0.832801171741111,-0.263759346268062,-1.20403648638476
399,35,0.107031496730115,-0.51081827809305,-0.651045626654212,0.705307203575741
400,35,0.658025295344343,-1.02563704349339,-1.71947293446675,0.370118975732262
401,35,-0.256604148919321,-1.80397873323276,-0.093205474824887,0.62250795297268
402,35,1.2164225025539,-2.27617968811389,-2.20039313458173,-2.64098331737902
403,35,-0.630630764649065,-0.900561644129132,1.27274822144121,-0.855993117663642
404,35,0.812337667279251,-0.338587002213022,-0.577201777872438,-0.0824016035107508
405,35,0.18244495229279,-0.254108224137619,-0.12984277577748,-1.91951872377441
406,35,-1.15430836424588,1.05268625173516,-0.934562776731879,-0.847747577747199
407,35,0.137038860630156,-0.142797324316989,-0.268264615836675,0.938159943225705
408,35,-1.30814037545609,-0.437466038302217,-0.510204644553865,1.81662653414342
409,35,0.519644698681534,0.557324810162835,1.63490534161184,-0.871521470617139
410,35,-0.40283991249486,0.822575991353759,0.0133899372225632,-1.67281900831051
411,35,0.960889106079677,-1.65736884815694,0.933387074323815,1.16459016963184
412,35,-0.694506842825599,-2.02736876349658,1.30902004289269,-0.781774572093396
413,35,0.630349849491789,-1.680467700256,0.712374606024699,-0.414527281615924
414,35,-0.416383746367611,-0.205364372206336,1.0642086758435,1.15100573636337
415,35,0.893554930869775,0.190082917692383,0.704478030078347,-0.446785284979315
416,35,-0.91933459051224,-0.713940881771555,-0.271119609210621,-1.11735399077161
417,35,0.438653721752126,-1.64872497908886,0.323308196204933,-0.0258570425791609
418,35,-0.162583916205282,-0.840356236079579,-0.380833097940504,1.27505995558257
419,35,0.72111716278276,-0.237395822785039,0.483776128159563,-0.244894944849932
420,35,1.60095725365278,-0.904830107615373,-0.724507998662619,-0.406689869208007
421,35,0.779633190288212,-1.9954976026599,1.6008720372729,-1.63033102456428
422,35,0.61773389019669,0.552774355212749,-0.330648706060049,-0.528519369624178
423,35,-0.798183931080574,0.253323345880697,0.304354175526508,-0.875170945657511
424,35,-1.89682190562289,0.648319392847955,-0.782924173356501,-0.0961641222987887
425,35,-0.358277092254284,0.942784741966663,-0.890636816001483,-0.216338502602002
426,35,0.720875073299831,-0.252882044926092,-0.548078925388871,0.359189960474291
427,35,-1.10813422046924,1.76247290652667,1.025818213039,-0.342665897436568
428,35,2.90569279401506,-1.36684383232216,0.710635235389355,0.833833706028346
429,35,0.432338505432472,0.624953806928959,0.165230321801847,-0.311554500973093
430,35,-0.157190627725949,-0.696142744826802,-0.0750889291284179,-0.250208353459075
431,35,-0.410171776370747,0.62701131129372,-1.23546875116767,-0.962262392877604
432,35,0.760683809148068,2.33744221772335,0.546892371555365,0.948814919619718
433,35,-0.454499288933862,0.0206817311541965,-0.253173426604301,0.564306146834336
434,35,-2.469513685955,0.756656691684855,-0.295518308308907,0.474712110256398
435,35,1.62276310428555,-0.429752670757784,1.16730007010297,0.641111110168932
436,35,-0.705025808910638,-1.03772728035986,0.485245552263874,-1.3756410922509
437,35,0.0911901352017382,-0.19498204190236,0.165610019518983,0.230250147916033
438,35,-0.339268311277389,-1.11391129583713,0.354837380055937,-0.082734433754088
439,35,-0.442210719395877,0.176234989355159,1.26093578362241,0.141684923766549
440,35,0.419920096148608,0.437928628645079,0.963427086190007,-1.6552199025748
441,35,-0.0457066164732523,1.64402304572261,0.437428022563402,0.709448273972592
442,35,-0.615678643848662,0.477431838012794,-0.620188611338575,-0.0902175787058489
443,35,-0.326114495113501,-0.07907805791718,-0.112090611096578,-0.352404721288179
444,35,0.299164466840345,-0.657403123794004,-0.224924639765445,-1.10340067109552
445,35,2.13543975188219,-0.479531723155133,0.929422874338709,0.0367451782801416
446,35,-0.484956086328373,-1.46158322875587,1.4680659029098,0.140604254857916
447,35,-1.35915128053544,-0.432619717270654,1.54724287239447,0.558888113634873
448,35,-1.73571053006281,-0.0768529432991749,0.493267795311238,-0.335055907946156
449,35,-1.80066722747924,-0.153479357705622,0.463402655858914,-0.214911774336422
450,35,-0.861357448326918,0.176941942713185,0.371351478360562,0.126776483795995
451,35,0.498798158903845,-0.43584137811459,-0.000223673956168081,1.58666512368472
452,35,-0.72647788618396,-0.47784821196341,-0.598970291831675,1.17474836219059
453,35,-0.176600133847437,0.806604385476678,-0.725570598507924,-0.353409511954493
454,35,-0.499959520815166,0.186801736839078,1.04879263808641,0.361995609202841
455,35,-0.971488095382795,-0.97950981075328,-1.77690263301887,0.926372080324919
456,35,0.0062236245994097,-0.382316487496134,-0.463434542050325,-1.42194409829768
457,35,-1.46168770126005,-0.145205626289326,-1.84136818681639,-0.259361272239675
458,35,0.354870215651103,1.68389602504027,-2.23755436333563,0.663397842867651
459,35,1.21500358644938,0.934476159778956,1.1679569922096,0.243413023487827
460,35,0.74641097402226,-0.598528001835916,0.124031157982817,0.473305791216647
461,35,-0.274120267610444,0.313994339775125,-2.66249426674133,-1.02288145226505
462,35,1.5285945336912,0.541385018235559,1.31096342649621,-0.671952118012469
463,35,1.94775602227227,-0.519580181581941,-2.18738851038608,0.408169788147921
464,35,1.53033043492955,1.15980442100579,0.814218610038799,-1.34627311610463
465,35,0.841684659027902,1.30403241205689,0.0645526491098412,-0.819299406303915
466,35,-1.39430819436172,0.284145547673573,2.76030045157147,0.520944920811705
467,35,-0.69897525037777,-1.75021428221251,0.486959729762922,0.63223440757891
468,35,0.820247750672139,-1.15547220869553,-0.406553388630567,-0.671782746556243
469,35,-1.17339651099475,0.073045319817259,-1.8331370069692,-0.112891374083307
470,35,-1.06715819745071,1.7850742237476,-1.12065945434859,1.42027078634933
471,35,-0.890291649024566,2.42161090528626,-1.39855422870923,-1.34301656139049
472,35,-0.191649915384171,1.00637719140346,1.12625979296625,0.918086364823445
473,35,0.236448003710515,1.56913360425824,0.318393295514319,2.2164444148743
474,35,0.0998791028597384,-1.4507126294136,0.808982095235216,-1.17794233349963
475,35,1.84902748929697,0.423596153729937,-0.252936981252927,0.29239749604597
476,35,0.431925308897382,1.20519882151591,0.0790818241997874,-0.524905051201037
477,35,-0.414691246452488,-1.71431943833627,0.413803968776115,-0.118847477281374
478,35,-0.802026023143847,0.277097422829591,0.831790833065464,1.27278936149398
479,35,0.0549545123087017,-0.402695303064058,0.315554028179798,1.96561003541349
480,35,0.172174788524466,-0.0455411462008547,0.240997149094012,-0.156381523236391
481,35,-1.23447404510707,0.736428641388748,-0.314873076878473,-0.600346445564223
482,35,0.557396176800614,-0.661758976076269,1.61858623513234,0.914854360265672
483,35,0.189421843610631,-1.21441358919038,-0.763662857679955,-0.274062891981429
484,35,2.6117846220802,-0.489934521753541,-1.28044776644574,-1.67108329145644
485,35,0.485573564048548,0.212038194191394,0.0635844514425385,0.382839881104845
486,35,-0.942128487074055,0.580975366929965,-2.11304283080424,-2.33839875050438
487,35,-0.530000591800901,0.173481427023576,-0.969622631053089,-0.100677161170075
488,35,2.59457634943909,-1.14768788612198,-0.107112912725446,-0.530594435622114
489,35,-0.340360276090488,-0.256283379279433,1.77590772946753,0.92789321813387
490,35,-0.574497146478315,-0.735624890162594,-1.24855490025335,-2.05135899333348
491,35,-0.223284125924575,1.50649786279648,0.262122596229031,0.655478594617688
492,35,-1.12344039906769,2.61333622922357,-1.65833983232738,-0.0141013541696584
493,35,1.80077907476436,0.744007870172415,1.86641845244766,0.654859990373449
494,35,-0.84960568335489,0.0836981538783381,-1.2337671086357,-0.0758303350006061
495,35,-0.732891805824979,-0.485203310677104,1.70621243929821,-1.41289219064763
496,35,0.409858322804695,0.906597042283217,0.660759167615475,-1.1943314042595
497,35,-1.18511345225451,0.0995974066728333,-0.482102942646698,0.647048060030087
498,35,0.543841865810793,-0.908922046676134,-2.64941468491254,1.57392646939605
499,35,0.5417033690395,0.44732779185438,-0.228234087202237,-0.140198625712959
500,35,-1.24381585199448,-0.707436725797015,-1.00410025935758,-0.984321477636866
1,36,0.333246245651715,1.71880805548475,1.17770162161889,1.03338794024088
2,36,0.787245495151223,-0.548354077879685,0.542163349262427,0.737908910132096
3,36,-0.109492862897375,-0.136096123195063,0.894585769229563,1.77552632065131
4,36,0.063306947518341,-1.46403449794343,0.86276921274774,0.396611386487731
5,36,0.454728239682066,0.166229080421005,0.549395421081147,-0.0829833011711922
6,36,-0.592792924295785,-0.573023127776055,1.05679417589945,0.184208557677509
7,36,-0.9283558515198,-0.792621624312874,-0.656256372203636,-1.15490421393196
8,36,-0.164532279160158,1.47873442566697,-1.10343340224705,-0.750019363098293
9,36,0.225418211299801,0.811134792962741,1.60190310208881,0.401642948194227
10,36,0.481677014970901,-1.83219957334819,-0.779546933085527,-1.08317515598234
11,36,1.65277855232904,-1.29537078773378,1.30119153678035,-0.811023424976891
12,36,-1.55076781467702,-0.136686889983273,0.080672118350233,-0.242889124047816
13,36,-0.237548923235939,-0.754446760716482,0.542922235873652,-0.600654140639895
14,36,-0.107616626970718,-0.25601508980145,-1.30467267663627,-0.0410961122014665
15,36,-1.17895208376988,0.650859695736866,-0.539040897076597,-0.287887541168887
16,36,-1.26862106293414,-0.422624394315265,-2.50279757306209,1.06482774913304
17,36,0.459043927015197,-1.19086472017405,0.278123656062909,-0.916613407945346
18,36,-0.369025167575921,-0.0774277032198619,-0.39073277623522,-0.949633350729486
19,36,-1.44266546701074,-1.46987265151421,-2.80727024860988,-1.14637884714245
20,36,0.58768811729768,2.12636208035263,-0.430326147849399,0.175442680943212
21,36,2.00899654497936,1.14010126651506,1.89849815847465,-0.638849372790058
22,36,0.0590472431630703,0.571666272542896,-0.484955219021037,1.78033029784841
23,36,0.15850609897871,0.0824345740913526,-1.11804896675948,-0.545968291721461
24,36,0.740715122889767,0.323908126115626,-0.789617186587682,1.27943954760586
25,36,0.374112342299348,-0.390301945752224,0.845281292877679,-0.83988284972327
26,36,1.06831287229283,0.632204683274578,-0.179502688668145,-0.417494315750533
27,36,-2.59801274115697,-0.234428416854164,1.86324578805086,1.78869643758302
28,36,0.0046543786267774,0.518059892861578,-1.29446157568929,-0.383219672000749
29,36,-1.71161535923898,-1.57160402845795,0.254667129161168,-0.605547580381089
30,36,-1.09395025461282,1.53248607120087,1.12647770322294,1.36190559177917
31,36,-0.184035736294465,0.798537867425698,1.56591588977451,-1.85487807724018
32,36,-1.28289266677062,0.00434746862292558,-0.348647088972818,1.99844403016206
33,36,-0.427760096096291,2.01426276970412,0.055120480517981,0.824807314502132
34,36,-0.951284933078642,-0.312390127293572,-0.180416034618914,0.804758909400699
35,36,0.108069764255933,0.634607294612045,0.0298931018723301,0.408610018887808
36,36,0.125416085933153,0.771706032610434,0.696388484800741,0.34998035889386
37,36,-0.164780857105066,-0.88503276404022,-0.617636148787589,-0.873920964058627
38,36,-2.10118730612365,-0.66219060129809,-0.998873130465826,-0.978925583425664
39,36,1.87121552102773,1.31208543051779,-0.298407128490668,2.64087192049497
40,36,-0.0998009967723317,0.679957601284922,0.844433964116937,0.722167818328524
41,36,0.722429534941884,-0.746543684064386,-1.51810216105817,-1.16401738512157
42,36,1.65238595478126,-0.277593345964507,1.34391234444192,0.45053627400497
43,36,-0.394154490925197,0.649346535857997,0.694768626765639,-1.07938117468735
44,36,0.761294730859781,1.16146187422118,1.58522443096252,0.638760422256885
45,36,-2.06815698899558,-0.239738557779379,-0.964050457109485,-1.32983726664089
46,36,0.0456731999272608,0.871786974157105,-0.551840991738873,0.0871911971901446
47,36,0.475910120268237,-0.57384894556635,-0.093954644873065,-1.24271512097728
48,36,0.742178266494379,-0.105528750762777,-0.24054007067057,-0.88640038707512
49,36,0.181998212627047,1.17142834276928,-0.212938479573127,-0.941932156068348
50,36,2.08218058082995,-0.942007491995149,1.35026421819676,-0.697493886802639
51,36,-0.337917417926116,0.440600491181684,-1.0846638048917,-0.944771786479288
52,36,0.00986056568136025,0.679363016701849,0.958184290960443,0.117078781599651
53,36,0.281690264973946,0.972365236851774,-0.284320268878749,0.416439659157835
54,36,0.32492744149323,-1.79769962892893,0.490493339716102,-0.267781011325657
55,36,0.562343226968971,-0.292687023321045,-2.117056088702,0.645195272907264
56,36,0.0659215555433139,0.467099250458063,0.0142371077673045,1.13394666997181
57,36,0.38872716055248,-0.0385631257055704,-1.12840911132067,0.357428282632483
58,36,0.500538240210387,0.601400133723037,1.15703249288994,-0.213504297860261
59,36,-0.630938764406913,0.467462707431936,-1.64347635335806,-0.203770512944446
60,36,0.964276855239079,-1.51910238405953,-0.606274899004222,-1.53080146394065
61,36,0.603430669867971,1.7736303137206,-0.838212481299037,-0.174584229024829
62,36,-2.28860310764327,-0.997105084002643,-0.127408808838643,0.23552668339893
63,36,-2.88100628976598,1.13357340891724,-0.855774270712995,0.198074765491318
64,36,-1.70623823539144,-0.960316392909114,1.01207052265675,1.65257162376511
65,36,-0.506541852070135,-0.205060742783694,-1.23504395168856,-0.339128032616592
66,36,-0.532362439849993,-1.3944076270358,0.165477499641661,-0.261600166682536
67,36,-0.162062053139909,-1.70738462477251,0.973052434863613,-0.795783191544679
68,36,-0.505164311722753,-1.20287892035873,0.835372377453174,-2.42653228391169
69,36,0.27196255576009,1.03308275667713,1.41680763691357,0.475374788732872
70,36,1.25399789378357,0.770007655860102,-0.21244599832685,1.28590569607419
71,36,-0.706694819098297,0.48451275011233,1.68505731448038,0.0178626654555755
72,36,-0.263510047910602,0.49539189088033,0.680250012495934,-2.1191456362153
73,36,-0.519288672123596,1.09483503276066,-2.02906116208979,0.18919439695763
74,36,-1.77524343118929,0.0225075611138614,0.277699228151105,-1.36711579668056
75,36,-0.824193713107553,-0.43010020386067,-0.759031244122595,1.02344375489247
76,36,-1.27946120155333,0.497017234075807,-0.994684853045071,0.391470559654847
77,36,0.495958234736068,-1.72595598569018,-0.4618416908877,-0.933572683473541
78,36,-0.245750780636047,1.58705679343837,1.44119407276949,0.574332220532287
79,36,0.233973979552098,-0.731305423740507,-0.0244394398257669,1.0470553502587
80,36,-1.22426982788994,-0.650705328991003,-0.581318213837829,-0.966227533769824
81,36,0.219987372034993,2.02803489083685,-0.406274018111335,-1.10560249340438
82,36,1.37445690460324,-0.107182446050282,-0.203251515864255,-1.17558771459068
83,36,-1.20284917127826,1.92004316457027,0.476537219804293,0.886689748518863
84,36,1.05118276514484,-1.09133035576509,0.554369148600825,-1.05163863153001
85,36,-1.18429048604999,1.17705181610738,0.677453314820706,0.600357120696459
86,36,0.762518299316356,0.424660295452394,-1.98495319460564,1.4929030843279
87,36,2.10036767647857,1.20167809220534,0.309834688590361,-0.216254109721054
88,36,-0.585555074278491,0.379968640109701,0.850964495939452,-1.36592683019681
89,36,-0.395654414448983,-1.68456201638075,0.135823805576417,0.165398336213179
90,36,-0.387837772720295,1.08338646306628,1.33281199591942,-0.13841099708489
91,36,-0.0331265606322247,-0.640890303088647,-0.638787674547929,0.0550932449613126
92,36,0.221785739227184,-1.29624381922385,0.562787983778413,-1.07694626297214
93,36,0.186738896394532,1.06941639188502,1.51799342386084,1.28247302572387
94,36,-1.63693678687903,1.07558264482904,-1.05497852809199,1.13124258629353
95,36,-0.366515494094303,-0.194980214466087,0.798179939228802,1.2473116170868
96,36,0.352152056126173,-0.06317769473959,-0.49296156278006,-0.156045299442867
97,36,0.344170502734966,-0.613639228970642,-0.514479067860873,-0.649158949933795
98,36,0.381244386007449,0.507097182922454,-1.23200627528283,-0.0665944131022315
99,36,0.438299378160234,-0.530605243460502,-0.207997092497473,-0.180488392891906
100,36,1.91318253429625,-0.126728918768847,-1.26782023941828,-0.186673186962183
101,36,-0.862551090310525,-2.47482004654796,0.233753662958307,1.11190047913183
102,36,-0.088985202881697,1.91575624282309,0.492387588229944,0.0305268709240658
103,36,1.86222101074741,-0.279410051450755,-0.405183958700479,-0.209339188648735
104,36,-1.73944289332665,-0.00405125694079578,-2.13337589160803,-2.21764222174782
105,36,-0.546726569076977,-0.274457943212475,-0.351728159528336,-0.64587687523599
106,36,-0.417056913692568,-0.476154838727042,-0.470188545980313,1.71651550065622
107,36,-0.428880249265994,0.599019890116675,0.174013996863339,0.247992732662419
108,36,-1.29121185516083,2.54881044228109,1.41653570734009,-1.25897212952998
109,36,-0.631592736187279,0.149504109604993,-1.55982352184479,0.462438593518325
110,36,0.557606994893808,-0.175540768287289,0.187313942172622,-2.10863360084647
111,36,0.236071667046224,-0.086432888922632,0.838756008216875,-0.656525032668499
112,36,0.526745193590666,0.776539450484091,0.0273884048193191,-0.580830524609431
113,36,-0.564350653680884,0.144204254248111,0.396406728474245,-1.10262935510071
114,36,1.50766835916645,0.235160183268025,0.155788783300984,-0.491532924088287
115,36,-0.00303235006124282,1.90201181800259,0.492437642851282,1.059946536268
116,36,-0.436613334239233,1.80095848448292,1.17581115929475,0.576350029603112
117,36,-3.20172454235107,-0.471607544983549,1.30422197854778,-0.931189837667572
118,36,-0.704104925455667,-1.26352044870287,1.1252340805038,1.38489240188575
119,36,-0.0800832933320968,-0.0403778948778005,-0.913417582981612,0.537166262490392
120,36,1.86253843296075,-0.128068091970059,2.21180015748993,0.642141747505977
121,36,0.50409845051702,-1.19773224983641,-0.358567418019573,0.423682779882473
122,36,-1.16734942948861,0.0726402837034603,-0.434873241462769,1.37023707268682
123,36,-0.0908965549464201,0.286262533877414,1.06332490376197,-1.98025062828366
124,36,0.810190350530836,0.874135905176544,-0.607681093440272,0.0400887840333453
125,36,-0.13346176872917,0.389270705825524,2.37933260256745,1.6863753393664
126,36,-0.0755232504779937,-0.7176279557434,0.305261909873685,-0.452963862221152
127,36,1.37193095618914,-2.17459195158724,-1.35594340870265,-1.61464655542737
128,36,1.87298462641789,1.36552194504474,-2.13830945115526,0.136537923019506
129,36,-1.57937712414022,0.704663657968583,2.4070598369998,-0.443349038435932
130,36,2.93850307459741,0.528803720647697,0.461255904070014,0.179512647538962
131,36,-0.93745698627163,-1.57317756551362,-0.875522548037183,-0.162711380393293
132,36,0.452909168445797,-0.511218412195879,-0.591545427454533,-0.434959067304674
133,36,-1.34771145999301,-0.790194201233025,1.38179564651903,0.418075421435907
134,36,-0.873969040755825,-0.00802350176012388,-1.50545623770101,-1.82007524794181
135,36,0.211641783366854,2.07014887110174,-2.14193212003723,0.164760389944514
136,36,0.18699279285746,-0.721214165675571,-0.61321681102595,0.737574174188506
137,36,-0.304878414520802,0.173496290223875,1.89107483517265,0.746537887916783
138,36,-2.20269377424011,-1.27392294056401,0.565434621447231,-0.492358338029959
139,36,-0.398140668506072,0.883632178128507,-2.0635119277911,-0.137933398337087
140,36,-0.318514240960315,-1.08385310944406,1.06284188766988,0.00725937641137491
141,36,1.31981152657655,-0.471188558805048,-0.480393441084719,0.47985000002539
142,36,-0.208113730099661,-0.904347555409985,0.45126689725947,-0.430502687786802
143,36,-1.796741216853,-1.53215125191414,1.56993404129699,-0.984507672816457
144,36,0.637907340393396,0.867823914415357,0.278233384190413,1.05190636802636
145,36,-0.0419018086707695,0.641707985303499,1.27638783992184,0.177872758621194
146,36,-0.527127418055467,0.0340818159206867,1.32062907799389,-1.32357741127576
147,36,0.653896075696223,-0.447953917233359,0.987631229621124,-1.23761475722755
148,36,-0.115517494797185,0.140937685645018,0.213845991374858,-0.527371926052809
149,36,0.126614666427854,1.52934200043069,-0.57363345518773,-0.331488502595025
150,36,-0.0812811077604203,0.299373259208862,-0.798054234288735,-2.38020860351968
151,36,0.0541371752532912,-0.510418497629341,0.0285233108532459,-0.494539014029465
152,36,0.615194903517166,0.693463395620096,-0.421037720732472,-0.853362324126933
153,36,-0.449174622490728,1.03858128013022,-0.356946533145471,0.157589718551196
154,36,0.00393334227794117,1.08261817860591,-1.72146996171561,-0.745212192214426
155,36,-0.145757493361067,-1.2900414274102,-0.142891149723927,0.95055679068962
156,36,-1.09872156166834,-0.58973577778314,-0.0453378861917266,1.49508115365371
157,36,0.899808122584207,-1.67346838360821,0.625150400486801,-2.03905393098943
158,36,0.147898988004313,-0.136866899218764,-1.14769898261131,0.728759740770088
159,36,-1.26204102079944,-0.354386782994643,2.05736914033263,0.399954951136903
160,36,-0.139619587963716,0.593460438781542,-0.208028997461591,1.41523578519954
161,36,2.18007300843099,1.69429947333145,-0.0523785763387142,-0.303109904649884
162,36,-0.358619363754583,0.31006783298753,1.48330969091993,0.239900714087927
163,36,0.629178370765023,0.958460493506121,-1.9679763477067,-0.0182975017241016
164,36,-0.985035376458581,-0.521504354553259,-0.741012211115394,0.483080397672157
165,36,0.662157618243879,0.525222919028961,-0.296929691141696,-0.331381673027099
166,36,0.468118166857654,1.17949282546081,0.235299431199602,-0.697511667033724
167,36,-1.00687398260315,0.40983242380972,-0.46843254433718,0.570215035074051
168,36,0.797740575687284,-1.55253741261682,0.10798176990933,1.10012266301444
169,36,0.199410642295959,-1.40855420031077,0.22880289254541,-0.402264840664244
170,36,-0.133840617677562,-0.516234956220209,-1.32377414804485,1.76024490941917
171,36,-1.5864756544687,0.99013680562044,0.159694078980525,-0.47947122042161
172,36,1.2550795920476,0.442856826819971,-0.787861127736773,-0.225564929478061
173,36,1.52546709765714,0.28076328815498,1.07787479857421,-1.0333740041234
174,36,-0.880495110290305,-1.37923195926475,1.75777281269949,0.39980977394128
175,36,0.465193585836589,-1.89622704188765,1.35669226198912,0.194300257598728
176,36,0.488867485937459,0.719303525161415,1.29068358551944,-0.174247215760159
177,36,1.27902405079696,0.916834915136785,0.694912043934938,-1.3113150911953
178,36,0.809920366489738,-2.05315105638534,0.925455456465551,0.656465695682315
179,36,0.0229672463167635,2.14359983667988,-3.2200379377657,-2.20864644081739
180,36,-0.578195739930506,-0.480171953030284,-1.67246393683887,1.02065964811609
181,36,0.24043100989522,-0.153946427391482,0.715309020865709,1.91469332630992
182,36,-1.08100705138676,0.0762179772421632,-0.113963767518825,-1.43841443374025
183,36,0.333995804559441,-0.9777081535346,0.810971700243081,-0.949675854295931
184,36,1.09364283294109,0.302211595662316,0.365962433609979,-0.690446015297755
185,36,0.656937015733735,1.76038592133862,0.305198775203819,0.0787695828800851
186,36,-0.379720022444489,-0.289010961538927,-1.03618760579989,0.572263473316169
187,36,-0.820063219824745,-1.77824264645603,-1.57220838760205,0.40872290186337
188,36,-0.117684969068684,0.756555219360981,1.27961265352289,3.1996932431692
189,36,1.51602476524019,-1.34249692364921,0.364418960826669,0.165028490039342
190,36,-0.711034921601193,1.730722393784,-0.794468523452773,-0.174460603539633
191,36,-1.93513522137099,1.43723262260979,-0.406699029378574,-0.278412251993317
192,36,0.771815206597408,0.507960946388911,-1.20751366799198,1.3743681985905
193,36,-0.985061926874937,0.340766651724732,-0.966411391455238,0.0455569755878043
194,36,-0.254065452243021,1.72698331714338,0.314046578896048,0.22523033535444
195,36,1.50043040807394,-2.03491692504134,0.374000139999542,0.731412171099858
196,36,0.157068480526413,0.767441768254911,0.906672497447125,1.26816101946383
197,36,1.2951751410721,-1.04150227397395,1.48338932021058,-0.141402733581459
198,36,0.124106046470823,-0.116710095603172,0.714278783759726,-0.508961107195932
199,36,-0.241941698883419,-0.621202805283138,-0.329735279259684,0.134814513978526
200,36,-0.518063231053677,-1.62155100958866,1.37488680296268,-0.755112693858535
201,36,-0.206423349130772,-0.399030420325249,-0.920084536643765,0.0704837229499061
202,36,1.00738269471668,1.85054427509614,0.576276927711077,0.623938884264998
203,36,-1.26201383772375,-0.363844211337124,0.532284496983837,-2.74042137802317
204,36,-0.305549426480054,0.406920591392778,-1.51418585817468,1.72205510113962
205,36,-1.91445592206676,-0.653262259656931,0.102911701069074,0.651280935132663
206,36,-0.0316957732628144,1.31586248193619,-0.568952450198917,0.169253533246765
207,36,0.292443059065495,0.288034237614917,-0.581073883219314,-1.21572323306745
208,36,1.01485393677771,0.155754150413515,0.146229532723252,-0.501934332005518
209,36,0.218930051407654,-2.01078510283064,-1.95658458512746,1.79773892309747
210,36,-0.29305620239915,0.0376877993199658,0.477410573399123,0.105631200984231
211,36,-0.608201811045365,-0.0532205586145588,-0.774374146941469,1.57470396183496
212,36,1.34329734548168,0.240311926556127,-0.48605837727995,0.081853592120009
213,36,-0.160761518293276,-0.297846870477111,0.329263008987752,1.13983308728331
214,36,-0.833929757711839,-0.160959373244792,-0.991757674374306,-0.129487046113958
215,36,-1.0638941376642,0.955003973514915,0.906628005883161,-0.873914944768994
216,36,0.942974091464952,-1.11060721400213,0.418657531351788,0.654049288248139
217,36,0.410406280886502,0.748627444156858,0.893620220037157,-1.82625289857329
218,36,-1.04080993545483,0.838901117168303,-0.461474555316875,-0.197162370843213
219,36,1.18060492376781,-2.22067078090793,-1.7857403607939,-0.532782552024782
220,36,-0.249105395353192,0.15894000417157,0.0949353387947802,0.834188282796916
221,36,0.23517282164018,0.918470618058981,1.60719944372432,0.187129926885482
222,36,-0.100800722570719,-0.853275917125212,-0.842360203563563,1.35688182304888
223,36,-0.241525559113774,0.497646507046266,0.031320656433119,-1.61272755220474
224,36,0.321249218054332,-1.03637812920431,1.08428085026251,-1.2497481230544
225,36,-1.29539290335712,-0.015608241269852,-0.410813409839656,-0.616151302062096
226,36,0.82241897803345,0.76969928854736,-0.839486203950097,0.614947254361762
227,36,1.41297744433995,0.680562063055819,0.518631613222132,-0.436854749186492
228,36,-0.328804640472655,-0.748640508154588,-0.475901578312292,-0.457164221380602
229,36,-0.361575903468617,0.6715770731225,-0.312976273991065,-0.613049825086571
230,36,1.72426718932527,-2.16339302341061,1.53249701560526,0.882464860950036
231,36,1.13193635952742,0.228088110398385,0.0586264655344471,-2.67545067597082
232,36,-0.385021897489286,1.05176503629849,-0.304862856243984,-1.45172456091734
233,36,0.00363324300973034,-0.567694259568413,0.344057730637652,0.902072131312645
234,36,-1.47880786445921,1.24174557322269,0.0178870894537389,-1.87098642389188
235,36,-1.21765268499945,0.898064689360249,1.16887971270386,-0.803116136941938
236,36,-0.429802831530605,-0.394776849420598,-0.0219400491733813,-1.20748609304465
237,36,-2.03085461703391,0.367642888177522,-0.628176976349028,0.574384326460655
238,36,0.216544166746622,0.204970217791716,-0.539267305829218,1.73516930314431
239,36,-0.612998796520663,-0.621920471683312,-0.116345976976253,-0.404493821870614
240,36,-1.47740144974345,0.536753957067641,-0.95118314171467,-0.197988701927662
241,36,1.27135969979938,-0.602032883044532,1.91840528031619,0.67996367145141
242,36,-0.977174933489007,1.17540190155421,0.386491775825012,0.203541936355349
243,36,-0.698653989822567,-0.631963425181421,-1.32144902298086,0.131730586873109
244,36,-0.693927752962031,-0.988246054765212,1.15168427301485,-2.08925734394686
245,36,0.445592202310389,-0.136491056586945,0.00494915511536767,-1.05612490065582
246,36,0.996540967028081,0.531240331393251,-0.95354545091275,0.524992526415728
247,36,0.46820508119384,-0.145774446319455,-0.316502608631031,-1.53552775874456
248,36,-1.59132993858913,0.251908260951625,0.704904810913226,-0.33544292153104
249,36,-1.35648742839871,-0.658454394656025,0.599251913372509,0.700917509382123
250,36,-1.07049721693953,-0.528943014668811,1.33342551537323,-1.74128860298998
251,36,0.972873700709732,0.00925674759631285,-1.21235803155313,1.08449038094952
252,36,0.405894525058478,1.19126992703156,2.16534167692485,0.693921749979621
253,36,-1.31245093289557,0.711448934148483,-0.921395373433987,1.52042298703507
254,36,-0.784000075754943,-0.440507072136407,-0.0848701774876627,0.130089176231069
255,36,-0.454403717253458,-1.01408401542589,0.577920227255791,-0.46803043991794
256,36,-0.557330936814497,-0.432244269933455,0.899363242506415,-0.469207749549656
257,36,-1.18370127255492,0.781469945933005,0.221008861288302,0.968121638704917
258,36,0.506475959074373,0.734665990827999,-0.00938402072946659,-1.03834815847271
259,36,0.670756566859891,1.70650364667584,0.285499397762846,0.973985827888338
260,36,-0.476337563411108,-1.97406699220074,0.0523864155706329,-0.752993742457402
261,36,-1.28454850421823,-0.202337025755861,0.209385886131955,0.820993861731754
262,36,0.547968917270474,-0.583327213717073,0.335343816910709,-0.478125672988817
263,36,0.179783724004354,-0.805128445960006,-0.753338829001533,-3.2596600903956
264,36,-1.03859112097182,0.499759824214686,1.23749837056817,1.15493170785891
265,36,-0.403118068997326,2.20769220863918,-1.0224315698595,-2.42791961190835
266,36,1.65783772648055,-0.899995302582452,-0.625585981864393,-0.469577965798154
267,36,-0.445476764971961,1.65998045551337,-0.939895025949674,1.83367758860414
268,36,-0.738021885545558,0.869699709587987,-0.688390537809921,1.4205381912251
269,36,-0.645865469329937,-0.46473031230618,-0.851924158858077,1.98312893082969
270,36,-1.05039210294782,-0.557278151931358,0.900192057718199,1.15242954348269
271,36,-0.660680428264392,-1.51634183743481,0.433973182680772,-0.789809953372303
272,36,2.07376545977547,0.511715550038784,-0.440301543464036,-0.133701481913099
273,36,0.00502124398735773,-0.730517011272222,-0.429414001192476,-1.4078107779323
274,36,-0.911861348661414,1.05270263258747,-0.259004952019526,-1.64471374828634
275,36,0.861563179553692,1.876658641935,0.485713749501278,-0.691715831608731
276,36,-0.987291644233696,-2.51215730252217,1.21928990261366,-0.775396074551811
277,36,1.96441401360499,1.1779675018149,0.124683417020201,-0.877670687644479
278,36,0.534398366555465,-0.702658469193321,0.0240107498679018,-0.922393215730574
279,36,-0.191430489731219,0.066557549229396,-0.968918213225486,0.562782081108961
280,36,-0.536566276710964,-0.385193782013442,0.798366167241032,1.0317241677918
281,36,0.348581859878211,-2.35127595179338,-0.609413310667525,1.39193405354939
282,36,-0.183456514444225,0.568001009349391,1.3289747187692,2.69717468026652
283,36,0.57513927464705,0.678428385419638,-0.750821457743777,-0.185259791768959
284,36,0.511256747837161,-0.013420904461446,-0.473570530445645,0.818310428842982
285,36,0.495832207408039,-0.460521974494626,0.375599022346741,0.393689213750541
286,36,0.330192783135772,-0.598735528757351,1.69073914776603,0.328438519152163
287,36,0.0958559509567086,-1.24647829904016,0.511806258671878,-1.34474010977153
288,36,0.367637656706052,0.184863819842554,1.37005893528213,0.270427220453259
289,36,-1.16988993655561,0.534821420093087,-1.9393856483721,-0.443900938063479
290,36,1.02663185643613,0.743156677678578,1.79915883766435,0.184702308866361
291,36,0.616036072249063,0.618134201439453,0.112634784165065,0.462852868745492
292,36,-0.809118579927055,0.681131072365427,2.01481630165258,1.22955538403531
293,36,0.265465460432335,0.54072050053252,1.26796892570878,0.785968108297405
294,36,-1.05134927836484,-0.573975990096415,0.980253350362129,0.688068648907197
295,36,1.5131185654619,1.45055057266549,-2.78024644209028,-0.776290946326852
296,36,0.693851602772885,0.0265559446229064,0.657323806930707,-1.11953264216915
297,36,-1.77291854309211,-1.26573200736655,-0.516255742447607,0.966604445715088
298,36,-1.29119358711621,0.520911894795937,-0.208831993854537,-0.821436837281518
299,36,-0.99923457685223,1.41807906154874,1.00119047961804,2.61186386941438
300,36,0.00688712403209548,0.452753755340103,-2.23413157605616,-0.0458332880516336
301,36,1.40307436690587,0.02017190546588,0.389659861110813,0.915775261171653
302,36,0.443511003584806,1.51102280644117,-0.356174281279721,0.100948840292273
303,36,0.204558628042309,1.08120238086467,-0.393214210808496,0.203711211652055
304,36,-0.264746440063124,1.07324523210302,0.608290940176391,0.0082156669553111
305,36,-1.53124986991572,1.81750225344249,0.0209164316340964,1.43558391180075
306,36,-1.0685217624416,0.244581126337298,0.438739759957929,-0.953444616129173
307,36,0.213709611479667,0.0968226697024703,0.793509276291952,-1.22805138013638
308,36,-1.04876167854784,0.427802608856286,-0.0372614471360858,0.421317686697497
309,36,-1.60588837810394,1.02176217652575,0.145662216033508,0.507000824261586
310,36,1.81679111437872,-0.852207939741728,-0.914584184134964,0.0905155139982008
311,36,-1.38043817227239,-0.16061395020537,-0.56079461354849,-0.0827692381314982
312,36,0.696612690466522,-0.49718154153463,-0.0727239178831133,0.762692791467034
313,36,0.0488727969225896,-1.34918461289805,-0.0590195597547045,-0.708781649645853
314,36,0.456484854549628,0.227721380937306,1.56890637511068,-1.03304403436582
315,36,1.84618440145261,-0.290680415297904,0.100076270442096,-0.0460398784834484
316,36,-0.106715691152497,0.168687610593327,1.18704198633527,-0.744139211068712
317,36,-0.349755986757116,1.29778412382374,1.83873290278075,-2.19341118363024
318,36,-0.673286058090808,-0.093863964871582,-0.0410353408427625,-0.227658469154661
319,36,-0.144973271705929,-0.234117191338892,1.37933460201027,-0.486724228849316
320,36,-1.14352625137256,-0.1057700583877,0.65518621503584,-1.0003000350797
321,36,-0.237940550408563,0.784258883724873,0.990200431981458,-0.955873842209023
322,36,-0.522868911218064,0.365025191857199,2.14515355571189,-1.0085055269013
323,36,0.121207163450279,-0.385530319997339,-0.0617409596696968,0.909777729191899
324,36,1.45799741069538,1.97709234483428,-0.296013136336666,-2.06097304215779
325,36,0.308333602436888,1.48538705208028,-0.0398402166857489,0.380069515541332
326,36,-0.130561325200856,0.580895724001838,-0.746871182258341,-0.657076773340854
327,36,1.02045073812378,-2.36318441754677,-0.579281618388544,-0.666165804308397
328,36,0.161701056298149,1.71032777711229,0.579678915673854,-0.65356400938093
329,36,1.23355461380212,0.00510493180536328,0.488067089554282,-2.67215711607571
330,36,-0.383503966039748,0.604652000875548,-0.542031631365254,-0.194060717466882
331,36,0.336907462173848,-1.31831275355746,-2.16299914439812,0.292796531082924
332,36,1.31571556615441,0.389986590900999,1.29396754470172,0.879392185119303
333,36,2.52567354346003,-0.271464558076194,1.01623636196227,0.026608305951558
334,36,-0.223866825881356,0.165716935857494,0.130606655153901,1.3899072783575
335,36,-0.768723501557014,-0.890264820103348,-0.73292366000521,1.62582716036835
336,36,1.24499804301252,0.44425178690557,0.538026936790511,-0.666502644327281
337,36,0.114974717728456,-0.253305344794767,0.167178876499024,-1.00296334049374
338,36,-1.00909636505503,0.987630808933744,1.99551824879545,-0.657355826432435
339,36,0.635105196362889,0.566742389887224,-1.31005765755675,0.692187088617754
340,36,0.60813864822737,-1.10547893565477,0.0138470436958174,-0.0765911940830669
341,36,0.4332755572638,0.275111575881419,1.09003692373235,-1.82530297837997
342,36,0.0832539579877701,0.649381213369858,0.409189889827836,-0.200307379453654
343,36,-0.230348310583804,-0.341079517658441,0.19746122700513,0.263406915027778
344,36,1.22707337047665,0.505750815342477,0.247319345292128,0.578036019828292
345,36,1.58383030910389,1.68520808494564,-1.47257127835388,0.16815618961228
346,36,0.935217701832276,-0.375876851904612,-0.560285270011228,0.639801378771327
347,36,-0.150878272761611,0.0441945227308723,1.48372595741796,0.295122419100136
348,36,-0.961991366147447,-1.39152270655493,-0.0651898451091791,0.0470963184043124
349,36,1.42199320933537,-0.790777697196439,1.18302163447446,-2.10615529628427
350,36,-0.388795718544631,-0.202935292753513,0.971853546455447,1.51990379394955
351,36,0.797376255366531,-0.604093109776878,-0.307091904916716,-2.11037799195552
352,36,-1.87625439464472,0.915826745218654,0.548677068850502,-1.91831846993892
353,36,0.835986168336538,-3.11994034196939,-0.804090413990839,-0.241911249711931
354,36,-2.00059440345062,1.19256357399284,-1.72938116909346,-0.806918224744115
355,36,0.642250620293597,-2.07536577879067,0.560295744563407,0.0229760665783845
356,36,0.346120601509566,1.60724750964456,-0.571167852307424,0.564065350213854
357,36,-0.217155252256096,-0.0127160223420365,-1.42911320093512,-1.50143601295231
358,36,0.205068009149017,-1.74335160023424,-0.901133935030416,-0.234951478824694
359,36,-0.403473272262741,1.85152855700119,-0.647907696098419,1.77730821149497
360,36,0.410233833193543,0.745586928451376,0.114621141806077,-0.110916752603243
361,36,0.537865185198653,0.442421560316645,-0.354322561112049,1.38668706465132
362,36,-1.78766879567134,-0.458395654886147,0.400849584802009,0.42990065196627
363,36,-0.293886493504557,0.605110105232704,0.35496375632581,-2.09032332817473
364,36,1.21440344573452,1.18525326860111,-2.06616453005124,0.717967546807189
365,36,0.0692043192803078,-1.10839041597925,-1.10231005321992,-1.06549303550155
366,36,-0.831751951719344,-0.0306792337757396,1.81643788422319,1.78593509070672
367,36,-0.0845968191466445,0.077424095061457,-0.21593945142422,-0.829967104150991
368,36,2.49362193890677,0.401949914761349,-0.637743024204626,0.533029989760239
369,36,0.703218576078614,-0.985314075996365,1.2542168802978,0.678039320230059
370,36,-1.65099522930424,0.633656517313952,1.052704624068,0.858102636134785
371,36,0.409909396338469,-0.647214119787537,-0.371690997421597,0.190336187962973
372,36,1.34881255204588,-0.339259306885087,0.510540054256857,-1.8936455663489
373,36,-0.956065119535406,-1.70140678892027,0.573259694244264,-0.0777814347199404
374,36,-0.159171083731763,0.68869078648037,1.76843159076112,-0.549691976367701
375,36,1.54846842167143,0.0508211716340646,-0.383169856588198,-0.0529913888743205
376,36,0.734107728907586,0.268907205831322,-0.418428499437346,0.460670645465688
377,36,0.52345656619408,-0.325641125394997,0.0905112570135109,-1.24582810581788
378,36,0.671533821442603,-0.539965827049084,0.230785519803555,-0.399193024773811
379,36,-1.30028900729013,0.0558279510879039,-0.302729198978294,1.90340659235716
380,36,-0.353489302257648,1.37501814521806,-0.390972240144346,-1.28393704437191
381,36,0.480789416799733,0.972787802102075,-0.606595132396492,0.752538039905892
382,36,-0.573217677219924,-0.647570879020454,1.79251507789555,0.164585813500726
383,36,-0.851168242666257,-1.56664957870353,-0.212604204453141,0.297947582125182
384,36,0.623019521685912,1.39820730324299,-0.29334375333675,-0.304033350021777
385,36,-2.0244676740851,-0.0508963214397425,0.297334493658683,1.39961348205015
386,36,-0.465530249458237,-0.595058217694944,0.270678072720091,-0.773385116476162
387,36,-1.27896449460282,1.08621697640652,-0.688324208746085,1.10037459661675
388,36,1.44419596103154,-0.601458098550907,0.193146335314389,0.230342569323332
389,36,0.844875390659361,0.643174596999148,-1.39222753700389,-0.119864610503185
390,36,1.20706874266002,1.71152930122413,-0.236393057486059,0.439679693014988
391,36,1.46298218835962,0.275147840010579,-1.36243061452743,-0.0789645751784041
392,36,-0.37829719926914,1.24966274554248,0.690427415222972,0.159636756281309
393,36,-0.705539319714888,-0.0313427674971259,0.0304151475570648,0.410813440553335
394,36,-0.802549578027499,0.224187943182619,0.744674804890282,1.39419131526295
395,36,-0.627752923777668,0.92430677673715,-0.462325512101451,1.76462336926028
396,36,1.36427550158683,-0.448604423731788,-0.558045607340228,-2.81425400232412
397,36,0.805729461684101,0.3841602416578,0.103713789049478,1.1583757184684
398,36,0.469520648245533,-0.960857238101571,0.498404231465509,2.34779238424227
399,36,0.711213159271022,-0.631893060330286,0.852529970953022,0.605448820342749
400,36,0.120894499868057,-0.926355856007092,1.30076567720963,-1.48733485212762
401,36,0.548757511943631,0.119559002459958,0.0199646214002247,0.18055621065252
402,36,-0.0805485212651528,0.356122074692383,-0.351489331202679,-1.06961917110639
403,36,-0.402968157237816,0.196233190331222,0.538300518164627,0.119568277973578
404,36,0.179474714781023,0.673730192835771,-0.521392698636243,-1.37362419310796
405,36,0.465612732726244,-0.516619544394313,0.449445510688427,0.721872343717736
406,36,-0.380293998099135,-1.58931689877681,1.32957331064986,0.635891193189127
407,36,1.1323137917368,-0.644933358896856,-0.879119554601831,2.27571663101254
408,36,0.833879563561233,0.617420142263878,0.176457895517837,0.415125610456578
409,36,0.194080391224462,-2.67379899195976,-0.900978007453909,0.84800033644088
410,36,-1.24566553021061,-1.74224662465337,1.16573884249994,0.389146241815297
411,36,-0.824893517117679,1.17885599879533,0.790454616995704,0.282755782625567
412,36,1.39542932195342,0.824907223637872,0.830762397233313,-0.40304427339276
413,36,0.259745243212025,-0.216773995247442,1.77488424456716,2.12358174534657
414,36,0.287225587783628,0.516932573341083,1.57739970772545,0.872682434268575
415,36,0.862666423742748,0.0848737170703424,-1.00996512762736,-1.26886877267155
416,36,-0.278110196220854,0.0340311412640388,1.32550155893338,0.107595664151083
417,36,-0.698418132600414,1.32832944880779,-0.938624642787286,-1.30884004975309
418,36,0.155555477432794,1.78253001081011,0.169492255580482,-0.11089622771024
419,36,2.05079713990878,-0.794582136694953,-1.60881862069933,-1.9265609820232
420,36,-0.135501399595476,-0.669900330931467,0.561869573117874,0.14830304421776
421,36,-1.63746450694599,0.228640844285629,0.141121837044134,-0.531524476860719
422,36,-2.56105528047224,-0.665041536677051,-0.525035195388259,-0.564533281791031
423,36,-2.0495746734847,0.994999144941625,1.29254127108429,1.47668204741961
424,36,0.233659805536563,0.59912242204012,3.63366237139174,1.45282214339413
425,36,-1.56932664731203,-1.39026162753786,-0.878515161533427,1.12206340161605
426,36,1.34402078256296,-1.0460512750176,-0.557329578739125,1.60208618515262
427,36,-2.30655966428254,-0.623916752531269,0.838280243146433,0.490438866023679
428,36,1.08547963533561,-0.637018635632521,0.226274844878282,-0.799732221357296
429,36,0.378817295561275,0.601131152113537,-0.0131466535949908,0.383296261842516
430,36,-0.98304066055345,-0.374290899504248,0.562034124643048,0.423217373887534
431,36,0.870480174985398,-0.16646890000154,0.389447444128226,1.57351459118507
432,36,1.07857873320663,1.09873705452708,-1.10196610228977,0.579764932776247
433,36,1.22493364122477,-1.0179594609175,-0.0463659760120771,1.10531791422281
434,36,-0.832205501385059,-1.07801803179474,0.417973839891486,-0.143822940734855
435,36,1.070684233584,-1.52019639029985,-0.389262752440026,-0.24553398082231
436,36,0.567704139672687,1.38125040597841,0.583800563733459,0.881644530731452
437,36,0.309286654142147,-0.604749284611518,0.787388596721226,1.02493243322551
438,36,0.0118386513531563,-0.18811157789666,1.63107304351238,-0.59743055422526
439,36,-1.7533270454073,0.103901883050836,-1.33636665733209,1.30071700201827
440,36,1.03251978917264,0.740637137163946,0.660318558300193,-0.156822191608109
441,36,-0.762410332377863,-0.805564901131845,2.00166907747282,1.1887906690491
442,36,-1.64379654950416,1.00751719321867,1.17044771615312,-0.443727505304757
443,36,0.158867492955173,-0.16620010881032,-0.97392664118206,-0.342121843572494
444,36,0.991990572308644,0.565858526449931,1.15734001493944,0.273693198074777
445,36,0.592915247412027,0.36354511175212,-0.0893880693763119,1.96019417500703
446,36,-1.04417540576283,3.02626012935657,-0.137268298926441,0.123120155934316
447,36,0.00102199803484049,-0.926552445916013,-0.77071650779955,-0.811133971821433
448,36,-0.1536979167356,1.388226788411,0.388884005405465,0.00199381669101578
449,36,0.879665734861669,0.366791940319354,1.04431281533244,0.123326593177388
450,36,-1.19050329712414,-0.903324059471265,-0.239369959668788,0.167243236661178
451,36,0.506702899501862,-0.358866424593777,-1.57718294160899,0.721574789110353
452,36,1.31186254016329,-0.0184147768959842,0.81042844458274,0.341851472676027
453,36,-0.799649378493563,0.0121217602042565,0.697210659540933,1.16274495701162
454,36,-0.322391999745332,0.755970843377469,1.08381650416854,0.0430873889261615
455,36,-0.324501943837582,-0.344165844482944,-2.05709167534826,-2.56252461114948
456,36,1.4459664712644,-0.241379409217479,-0.190462829561708,0.109302032826557
457,36,-1.27634051393629,-0.233770437258391,0.985625988278994,1.52094701179583
458,36,-0.82822502810466,-0.629977677067888,-1.9134113630136,0.713270376293918
459,36,-0.258952802976282,-0.254493191978361,0.75964363427943,-0.612108812528942
460,36,-0.324425481915191,1.54520318912913,-1.36958660590042,0.622479190414831
461,36,-1.89755394578883,-0.995364723883085,0.701286690237759,1.6759922377637
462,36,0.975451847685909,-2.04445777339586,-0.155148298295732,0.66792348574332
463,36,-1.78838192094439,0.598004456683399,-2.69218222453352,-0.863327530532486
464,36,1.43265409753055,-1.61167346771278,0.289048966078782,-0.0545929563744501
465,36,0.359072356429548,0.171307722133999,1.70598960245379,0.828452491187961
466,36,-0.294575559190947,1.13894256148209,0.818997344217589,0.290849702713478
467,36,-0.495516866852803,0.297350368721156,-0.897752790679185,1.45803331919905
468,36,0.316958670142034,-0.270861386421851,-0.570869522866309,-0.641462962013907
469,36,1.70819364832155,-0.332793014314996,0.0852157464402996,-1.27780720774301
470,36,0.915661405977467,1.09405398408582,-0.572418334228502,-0.207991464995065
471,36,-0.466832476934209,-1.86016230768076,-1.06463105556949,1.11885776596429
472,36,0.266733227912238,-0.542599440312889,0.433436772912272,-0.378698071631083
473,36,1.26745493112277,-0.346802444761231,0.662690358430438,0.0781604761582249
474,36,-0.0640687175643014,0.57535950228331,0.107274977451264,1.57350764707999
475,36,0.887140972374234,0.408502068907844,0.143910321443599,0.507167605310658
476,36,-1.09130418452101,0.995802123980872,-0.727722668892749,-1.55835934647339
477,36,-0.751199526586591,0.933117673098821,-0.102369251319361,1.68563885817296
478,36,-0.554237403020339,-1.71720613273775,0.286045419724266,0.680601027350905
479,36,-1.22444785564103,0.0186210783338731,-0.535621065223391,-0.342582487472487
480,36,0.386287640691546,-0.249301720805077,0.528474940603589,-0.78158331677689
481,36,0.687760048289588,0.170402389965454,1.04668281025404,0.627068072367827
482,36,1.81287764493035,-0.742217151177632,0.372785786609096,-0.00440132675344191
483,36,-0.469167131788203,-1.72641362872371,0.0786710076950979,-1.90593162562601
484,36,0.60894606838086,0.508402064920354,-0.829954519288431,-0.651692064293112
485,36,1.35975831802751,0.335653518242945,1.70399050563104,1.25824243137797
486,36,1.65876364817011,1.76411111568563,-0.670790934978185,0.621209804229115
487,36,0.453972034854569,1.76063555342667,1.83405847799931,0.032049493088354
488,36,0.22432169711696,0.3851997106434,-1.06487481735703,-0.963743383437838
489,36,-2.04895276724128,0.30323576213036,0.919308395007953,1.74598726010428
490,36,-0.547361286317604,-1.04353967141251,-0.00305321774196575,0.394037709657915
491,36,0.327523424433087,-0.376091463411868,0.933748577052869,-1.86123553705173
492,36,-0.505483712732281,-0.737240867342599,-1.04810977998469,1.17643397232253
493,36,-1.08420568827157,0.533450026460561,2.52295318811808,1.2578803685627
494,36,0.763768837257194,-0.738841353430142,0.0838871289404276,-0.0140372338715427
495,36,-0.181784591691095,0.662570508636377,-1.58228559818311,0.745871759686362
496,36,1.19952660137637,-0.947873867576815,0.527722221956733,-0.780082270844859
497,36,0.427819478320336,0.674865779328032,0.271140165809299,0.470773819494629
498,36,0.203930583168838,0.376223773274614,-0.552914498417822,-0.742924349479756
499,36,0.00488321005158235,-0.53708891628304,-1.55755544204371,-0.543615329463611
500,36,0.171852417531068,1.21400864450376,1.791738214207,0.511290084876464
1,37,0.788614035996907,-0.0324635027968488,1.9501700590816,0.535911872629089
2,37,-0.484298568863891,-0.182292623803738,-0.33384563379848,1.25485674356714
3,37,-0.673917033626991,2.41048011114051,-0.187174557326272,-1.42724033209565
4,37,0.467012234957672,-0.81888837793652,0.946585200910188,0.353929251840239
5,37,0.787874623445961,-0.985936473843982,0.213406455356386,0.13471807406385
6,37,-1.76038377806541,-0.600108466271507,0.171161110782591,0.568111369135652
7,37,-0.36876321297648,-1.47967294442727,-0.587654998326077,-1.38562832063181
8,37,-1.14201081877726,1.05664046994149,0.883403846910592,-0.955157561598585
9,37,0.695260289134103,1.01011285439201,-0.889845867826411,1.38589959123015
10,37,-0.423970684791913,-0.0863159064769487,-1.15169508658032,-0.980517698291769
11,37,-0.828060811878435,0.800867562251817,1.14456096098105,-0.493460454527119
12,37,-1.33279234647501,-0.47875359882181,0.774118975843482,-0.684522013466511
13,37,0.39456793609359,-0.373650352370504,2.20430746564247,1.61598605858058
14,37,-1.4546834808831,0.466647049299471,0.0507914077257905,-1.02677954832414
15,37,0.0199910974930399,1.68218573334518,-0.253549860942789,0.0628886981600924
16,37,-1.54324876765898,1.39185671781467,0.221469813869772,0.300248182888259
17,37,-0.122136126125317,1.0978459837534,0.37158940556545,-2.41728852101462
18,37,-2.44064293921705,0.714865203794823,-0.26049369431215,0.730520656313248
19,37,-0.467956933793946,0.902470646782632,0.957177818042683,-0.744416082585862
20,37,-1.03463504414802,1.12353148173437,0.617185991118429,-1.7452327342874
21,37,-0.787809337252425,1.00668699167169,-0.705413861663885,-0.162079033827674
22,37,0.0808070689514625,-0.17243979535328,-0.0834227610481903,-0.0217813468115508
23,37,-0.0700244129647029,1.10341597215315,-1.48062089128993,-0.482152452138418
24,37,1.95020472107398,0.117685565917269,2.01966754755884,-0.827656291218638
25,37,-0.98863633129694,-0.64961699804158,0.595050580602074,-0.100310138543647
26,37,-1.85292031142108,0.484331992573821,0.622592595566023,1.07981997110293
27,37,-1.92334655036833,-3.03207480451551,-1.29025431705885,0.506458711709225
28,37,-0.898802264676434,-0.38611818869072,-0.390174387327205,0.314795497306459
29,37,0.287384407781041,-0.412962347668648,0.913656281494641,0.518258867891269
30,37,0.470187792351647,-0.844926331037001,0.736663919693917,-1.20420361666301
31,37,-2.09290884948919,-1.07177564487252,1.73962309468773,-0.798960166983278
32,37,0.213396297425078,0.216748276128602,0.975285796721329,-1.09423382881729
33,37,-1.32923845664979,0.364483961436674,-2.13169183048192,-0.58284122141512
34,37,-0.455773652335504,2.86405711914544,1.38848878805035,0.0304941266243427
35,37,0.38316899045916,0.613298070135669,0.561503707668572,1.49376198527475
36,37,0.387643415648003,-1.04663355404464,-0.858379822915699,0.972317779201824
37,37,1.65197411489955,-0.317128303747308,0.119604889507743,-0.0734914354938506
38,37,0.361603030213488,0.0718413997965013,1.20191869586572,-0.70603265761162
39,37,-0.395108389858304,-0.32330483000408,0.375584808920411,-0.462241661216073
40,37,-0.554867383124959,-0.525665368364011,0.201676308869433,1.10014585405986
41,37,0.106611586069074,-0.322171120642301,-0.171930482549856,0.533944850198277
42,37,2.15449481644491,1.46258701853182,-1.08284519953461,-0.707645711886857
43,37,0.351317440877086,1.22892081827548,-1.64567621142507,-0.6421565283205
44,37,0.248047861035319,-0.129469649127548,-1.54450794129721,0.295959301069141
45,37,1.11474788469276,0.113123344938013,-0.896000694435924,1.30935209911068
46,37,0.0815072144981249,-0.492885350146677,0.74522329887348,-0.613481325294593
47,37,0.817190208940379,0.702822885435779,-0.361436776091106,0.231905574083839
48,37,1.0615248388966,-0.503107271983045,-0.249941047728999,-0.566794719880741
49,37,0.159342229648625,-0.0616208394097091,0.298300157412613,1.32238440213179
50,37,-1.01424992172014,-0.848737801284504,-0.168718988549827,-1.61095780903489
51,37,-0.751287766829359,-1.42389490176441,-1.74288477022738,-1.74028958779553
52,37,-0.667587653095914,-0.325438165318765,0.293062053945355,-0.750005253660457
53,37,-1.44060770804859,-1.68125962991841,0.443366352666612,-0.995434040742336
54,37,-0.604414996014097,-0.833941469172314,0.114448757776452,0.540463012806574
55,37,-0.353424378019736,-0.54624602793338,0.162440384903039,1.58231174719574
56,37,-1.31321209817437,0.249800665527007,1.76260282922029,0.159962686744387
57,37,0.049986533901089,1.0999484355902,0.0301789732316767,-0.186138730349041
58,37,-1.1816131038388,0.973169127109051,1.04332121494032,0.47426787041144
59,37,-1.11800133960525,-0.796139198227094,-0.667631535405405,-0.868972971498186
60,37,-0.712947354777065,0.537746411737353,-0.230726544682548,0.356095247491813
61,37,-0.0577825566269833,1.3591651778488,1.80471749880321,1.22508609421901
62,37,0.0663774691651038,-0.748270699133336,-0.0809948506331083,-0.774669393594301
63,37,1.59783904928641,-0.143668270706869,-1.70317713696368,-0.704698596211314
64,37,0.810268615709798,0.83087403946762,-1.49084604469222,-1.26720468665313
65,37,-1.29993130666371,0.0867520373199611,-0.97038621245513,-1.47033405850542
66,37,-0.880676127915697,0.520607456527083,0.434919598624167,-0.68410957596053
67,37,-0.187201675884643,0.468884628468788,-0.541262928898782,1.53990132874821
68,37,0.123595913122092,0.229988103356118,-1.45160758833632,-1.46123022749033
69,37,-2.36583343544834,-0.248216335128308,0.69680836553245,-0.625338851123015
70,37,-0.255427210483909,0.742422824073773,1.50365228819332,1.3763735583542
71,37,1.49707191330533,-1.25097740106113,-0.232427965497545,0.786349758544491
72,37,0.237891562016206,-1.34348169754823,1.09078372738929,1.01580995734375
73,37,0.645179556489122,0.604833780447167,-0.217411579585017,1.82841911175787
74,37,-1.75917861432203,2.21578801932501,-0.00487443990960039,-1.32407992629578
75,37,0.830391464352217,-0.177504029060261,1.00594300847525,-0.646201894002475
76,37,2.39234226188458,-0.863466777311065,-0.351641685467966,-0.877798844799548
77,37,1.36391624574659,-0.370431708737078,0.00342138729870265,-0.791034918946194
78,37,0.340078514459423,-0.127596524453992,-0.0982061369973289,0.578666483505799
79,37,-0.515665442186852,-0.91805853274088,1.31438974374375,2.17707388563311
80,37,0.975804971197718,1.96040584325231,-1.1829215200154,1.41253204995815
81,37,2.3122582535688,-2.03747535165238,-0.974817166482695,0.0332371670098373
82,37,0.686582630120675,0.644587319084543,-1.39682618418417,0.463279574625478
83,37,-0.0977698977072619,1.33529279372412,-1.27069244233464,-1.49540501826875
84,37,0.164150368125051,0.363383853171087,-0.0265850815688024,-1.05183225422601
85,37,0.113096537985405,0.126133853061029,-2.06095282129349,-1.87600647970243
86,37,0.140100290682033,-0.139682753203152,-1.65157246087769,-0.49213432654563
87,37,-0.744208569108264,-0.0980814088458564,-1.00170446648332,0.429098537712217
88,37,0.224811058934618,0.115961653890308,-0.0264321039070846,-1.54805310256826
89,37,-1.86871927458206,0.694791597232593,-0.920376697009552,-0.356017918470978
90,37,0.289534894838466,-0.217407749910059,-0.783819651821261,-0.899239165977186
91,37,-0.258253548244905,0.553388330250188,1.61285243915927,0.688279476193949
92,37,-0.73918605672075,0.197479270472985,0.235923418478552,-0.224749735744178
93,37,-0.756678956784567,-0.265409124194736,-1.32230870747786,-2.47620839730915
94,37,0.297953117406082,-1.50425936256296,0.186495725889182,0.0749770679874456
95,37,1.16095841983541,0.0428070137327097,0.587569103917604,-0.453248288515256
96,37,-0.57891795741549,-0.0817197682239682,-0.872054880161776,-0.100946532684846
97,37,-1.85442048308541,-1.80359703083803,0.34639332477896,1.00799751904724
98,37,-1.46651235615918,1.8061821485537,0.929842751898615,-0.580600914624598
99,37,0.605238619550274,1.13310399149682,-1.94913170476542,0.238800087395654
100,37,0.746377301069922,1.07218554185803,-2.37219963848844,-1.43496260256224
101,37,-1.23042618900248,-1.30365662121523,0.158727360153677,-0.818831004419341
102,37,1.27418986179826,-0.104511397373973,0.526220173968108,-0.376914393945498
103,37,-0.511084997651798,-1.34944054597611,0.822359263979808,-0.469047460961066
104,37,0.765897675498732,0.131067639343018,-1.9805201440432,-0.527881915405866
105,37,0.245441769684362,-1.56622309932271,0.945175048028107,-0.748471987975484
106,37,0.36229988094582,0.0523203155280965,1.17334252241596,0.905159241153771
107,37,1.3074587241218,-1.47316294875582,-0.449110907387101,-0.0299469779458942
108,37,1.03887695952238,-1.37225502945382,-1.29637598166442,-0.991797323801047
109,37,0.0359960584577188,0.104000184478932,1.03004384022595,1.40170295890479
110,37,-1.13307216841819,0.717530752345218,-0.524944435487773,0.289585843485573
111,37,-1.81581988370881,0.13976631425696,0.424267038151219,-0.0760162780483366
112,37,0.083845647400508,1.4195784429889,-0.193878861119077,-0.0217852766927603
113,37,-0.64286029108116,0.504946144763871,1.1072422842636,-0.929727897771803
114,37,-0.402613581998956,-0.915731820073092,-1.57349724624908,0.310901616580018
115,37,0.0464132702050293,0.877839579770101,-1.61240971580492,-0.840241265891387
116,37,0.945163810338425,0.531738313225324,-0.400939204712108,-0.87864718687641
117,37,-0.662882481089128,-0.800141800638574,0.0359116245028938,0.0997549007581368
118,37,-0.0272337672618509,-0.00602100077443169,-0.190719200643876,-0.278982206973418
119,37,-0.423260398522289,0.0447570204849208,-1.45941813509909,-1.5309249750988
120,37,-0.393814833051287,0.999009453267519,-0.703478521736301,0.210130056360445
121,37,-0.0970082169115118,0.181008613045943,-1.06055897288525,-0.205676343995023
122,37,-1.47618478371954,0.813530601630474,0.862868303307775,-0.301664768487409
123,37,0.0411747344858158,0.275267758674286,-1.09582636808681,0.54292945440319
124,37,-0.00340712976981249,-0.605455151442473,-1.65392615960817,0.413649625449135
125,37,-0.141883657043769,-0.162870727699948,-0.253198317045451,-0.240701784370648
126,37,-0.0348878719861015,0.657998159420154,0.814496411864564,0.223726591499971
127,37,1.39424237131529,0.134932877759169,-0.0441768190760082,-0.544180338839895
128,37,-1.71976150997504,-0.421335888372592,0.363819408368593,-0.469027508800334
129,37,0.731026979065246,0.781936439420375,0.258260469327106,1.11404156012103
130,37,1.12993350947988,1.71177433633761,-0.494798019287674,0.0157041851584522
131,37,0.37595824600405,0.479497763814364,1.24201218428881,1.3072498742293
132,37,-0.664525501986005,1.16562424255914,-0.490715723232724,-0.484721893605327
133,37,-0.493737059222594,0.918607057787378,1.03547702511047,0.577358858218922
134,37,0.900545469372503,0.336849634988386,1.01092707550963,0.759656397454354
135,37,-0.470289945343018,-0.415345477260494,0.228420257721518,-2.55530973699239
136,37,2.21912558147552,0.301556162867761,1.03218131179334,-0.107204587504255
137,37,1.4897660686208,0.960380012404132,0.87038647137129,0.226685628024505
138,37,1.43379692672523,1.32372462169154,-1.54484534417767,0.0985322655962168
139,37,-0.569029479875963,-0.161061020108104,0.0180167167039776,2.43215674035652
140,37,1.75994818940573,-0.295880900102082,-0.194960751805542,0.269671558155479
141,37,1.49596067417199,-0.223298475849856,-0.473937371973126,1.16408764046804
142,37,0.915743902730589,-0.6415243333985,0.574286846116143,-1.11438037206678
143,37,-0.750542383188478,-0.935750558037217,-1.18479277734322,0.301605507681423
144,37,-1.37358359957343,0.375181499634749,0.535343428565006,0.147834900292228
145,37,-1.24570658282974,1.25410092396494,0.900848057855508,-0.30143621937299
146,37,-1.75046135219233,-0.509809309705683,-0.139806710002237,-0.286223127752298
147,37,1.12955413098693,-0.656015928789212,1.99688099793872,-0.12329522576849
148,37,0.613059618408728,-1.11702363268723,-0.304028227042282,-0.644922560633158
149,37,0.748361269545817,0.275520791726355,0.892025335471921,1.45722495522695
150,37,-2.45567763380334,-0.0962937498104952,0.811740165668299,1.13029371413525
151,37,1.79773031660478,0.583557638978406,0.416321920731384,0.869665919418035
152,37,-0.579460160314207,-0.169971826880334,-0.684906514179167,-1.33486401414857
153,37,-0.580650217208042,-0.713924003540544,0.481100059914755,1.69988199680021
154,37,-0.411061975314075,-1.16013713808538,0.379067449422418,0.91163573766703
155,37,1.56269622671213,-1.2167574152262,0.681377157960229,1.01428002141317
156,37,-1.01192160523789,-1.27671120404236,0.737147786401568,0.815616574122596
157,37,0.559537044922858,-0.783893148111046,0.240041832106532,0.668112831153191
158,37,-0.994741124832894,-0.383166199822759,0.699360560813439,0.39850471174475
159,37,-0.77810868658071,1.00483406767838,1.2938699356289,0.53806807671734
160,37,1.77317169233855,-1.56986304601661,-0.118234631017258,-0.940364756486911
161,37,1.83235505357586,1.06055405638059,-0.141350118782762,1.08531258896834
162,37,-1.98297968254437,0.173475467434508,0.483321113995813,-0.276430617095243
163,37,0.49787019324655,-0.0727973981508582,-0.125393856189291,0.466218853379993
164,37,-1.38743619788263,0.937223948368111,0.384020535956647,0.822295318596503
165,37,0.939204365187971,1.3882579486008,-1.75618811748524,0.798482345052139
166,37,-0.753095044363016,0.489553485269029,-0.472853050664677,-0.738113331411556
167,37,0.59169657147795,1.1029413493999,1.64954759477727,-0.835753575045624
168,37,0.0321205581845338,-0.339775443033741,0.579336892806106,-0.371301033068992
169,37,-0.212328144696066,2.1087241226861,-0.501360023482058,-0.618508957901479
170,37,0.283393440661475,-0.301564236814813,0.348808840029955,-0.662217148650205
171,37,-0.353959912026736,2.45605091209689,-0.241804963768599,-1.25836280628164
172,37,1.12745216223715,1.27882862869745,-0.308622650214329,-0.959457974699573
173,37,0.833409497023591,-0.356608776498057,0.564300924211271,1.92552174782572
174,37,-1.80163402589604,1.22360736168713,-0.889734511824709,-0.240109727252658
175,37,-0.552637697213807,-0.259342163991317,0.130656001480934,1.33955567229314
176,37,-0.655542834917527,0.585686193512982,-2.19464363241583,-1.54041041864274
177,37,-1.66687622497348,-0.361095095841769,1.4996418095103,-0.626202654056183
178,37,1.14523477333208,-0.328704891714998,0.00981401013046705,-1.32202867842968
179,37,-1.11393096703068,-1.19325774585931,1.27747208474649,0.321894477401323
180,37,-0.0267931997651282,-0.891345626699489,-0.633067471264655,-0.436168546543432
181,37,-0.528318099979335,-0.170233685035596,-0.308780806571001,0.0993210842815355
182,37,0.24533558960176,0.317174234143052,1.12091046089548,-1.32042568617423
183,37,-1.8139921211561,0.16419761902087,0.873024549817399,0.299901062173132
184,37,0.699014982592964,-2.23715881560836,0.24059520493571,-1.73899158015605
185,37,-0.536629544529131,-0.572867106690528,1.91408338366967,0.952478812328125
186,37,1.49310101272183,-0.847437646862269,-0.108625861876892,0.980714414518693
187,37,-0.122293922076772,0.141945903759847,1.34571335508791,0.791770659851461
188,37,-0.194627561001362,0.344782094555238,1.82974545743322,0.0867590900712943
189,37,1.31672488357279,0.80174404572368,0.613044225147655,0.292071832837846
190,37,1.59226483043519,2.04971368576377,0.622459835018217,-2.3545056247794
191,37,-0.118218709154634,1.94471453582021,-1.79781688937619,-2.67795256257347
192,37,-0.0506107773196744,-0.941917647467007,0.131199062488873,-1.08675518295854
193,37,-0.160360313825605,0.0896548887277125,-0.385256189981325,-1.9523407100955
194,37,0.517213202882812,1.08358966130209,-0.568058961892982,0.553900053833647
195,37,-0.417346750772323,1.53613995387542,0.896358657706034,1.63516364077105
196,37,0.768230388417124,-0.299697275841397,-0.936239489936669,-0.264295257990631
197,37,0.590975888315534,0.619289161187589,-0.568134598030495,-0.237733508677032
198,37,1.78070712631818,-0.86240902393186,0.35895701494623,-0.786391503333783
199,37,1.4593766929265,2.40003130040713,-4.16496460311864,-0.902792307538805
200,37,-0.653598048897996,-1.32985372381513,-0.280731162614019,-2.23012935339738
201,37,-0.327477662899347,2.27401357826707,0.134772743800529,-0.269492743454257
202,37,1.0136446332984,0.264264518068334,0.446418255850519,1.22576157654595
203,37,-0.815875841462518,-1.38982259537244,1.41337346413243,-0.183588147805445
204,37,2.25383624199245,-0.782403954803997,-0.975623406262984,1.81842248352235
205,37,-0.113716420450364,-1.19264442577766,-1.17609014394254,-0.4386140467058
206,37,-0.261191060088041,-0.104539334150337,-0.21743308902006,0.474058615707964
207,37,0.654960019820232,-0.554140674306517,-0.426573129821228,0.792647457302912
208,37,0.641787824118302,0.147196824217141,0.0591571897139051,0.268829766432058
209,37,-1.79852421220306,-0.0239497472011674,0.756625028093989,0.425682162368021
210,37,-1.79511900430169,-0.0662759995705761,1.29753074321642,-0.0180766276843299
211,37,-0.577512971662503,2.25683054552295,0.720394923378102,1.19363455798185
212,37,-0.613525388915056,-0.244345054553884,-1.29857141331547,0.844643913821838
213,37,-1.22640875625453,0.886455535888455,0.526036839374313,-0.694185371443958
214,37,0.445661625484727,-0.109262128955576,1.04844190700661,1.57541392899028
215,37,-0.558720351600561,1.04893505504643,-0.181071624338266,0.742515478374039
216,37,0.353970305032344,1.10072942753124,-0.834756587973507,0.120525429748536
217,37,0.692948440034677,-0.668626659769535,0.215381321501117,-1.21150651182484
218,37,0.252804870982005,0.861069233332,-1.62889891113664,0.346073808212486
219,37,-1.12695114658087,1.64774029031974,-0.496821133335929,0.234804105848698
220,37,-0.553959703090472,0.0564385156063209,-1.49576787408155,-0.00110027372899585
221,37,-0.337509330333602,0.574039906191421,1.42856948077492,-0.517695966247396
222,37,1.38749889760758,0.519205328618191,1.13827593744657,-0.648888258760078
223,37,-0.923774037729636,-1.6523178449649,0.967232653802668,-1.04675990462979
224,37,-1.03263734803008,-1.49844154288283,0.408668333137613,0.039408182171859
225,37,-1.40510665414955,1.48506391056352,-1.11662928466202,-1.02782637269765
226,37,0.432841385619729,-0.159795789526034,-0.850127228503648,-1.56115670265418
227,37,0.66884211378778,-0.136028741457936,0.482880134738159,-0.434084831887459
228,37,0.0949644936110444,0.236554502243024,-1.90335747705445,0.627833633950385
229,37,0.0332514937265339,0.845315051245482,-1.08903263024588,2.11992781041017
230,37,-0.726432471733791,-0.874783378491672,-0.614009867920976,1.74714300099395
231,37,-0.110511831576079,-0.283420461744704,-0.0774091252415149,0.839030892589179
232,37,-2.08150132478267,1.87573497980559,-0.00615881008165028,-1.12327664043605
233,37,0.806030739716996,1.12176405778074,1.56330084137417,-0.553787697178098
234,37,-1.00720702461395,-0.973501125148666,-0.000521812154074442,-0.0316313387929697
235,37,1.08080949472373,-0.326272880914275,1.66718647289364,0.0369399679308849
236,37,-0.273709604534439,1.26949553176308,1.39240979099526,-0.618284335968375
237,37,-1.82281257827546,-0.0770955404702266,0.52154347800789,0.578235223429568
238,37,0.874976191171266,0.695831143962477,-0.30468942477449,-0.552441167424727
239,37,-0.0169399311817643,-1.36372439748609,-0.298999296730288,-0.297491708293673
240,37,-1.95820818346224,-0.0505103911989514,-1.88687226102866,1.36697928673993
241,37,-0.0790181215895853,-0.0404525795700934,0.227314375225875,0.378861618835166
242,37,0.334046883692992,1.59484960640537,0.0825931573415771,-1.12805786622083
243,37,-1.44161093792186,-0.843609791149575,-1.34839438074784,-0.361037145730131
244,37,-0.567470402932841,1.59887462270086,0.301170159846568,-0.248773327124298
245,37,-1.14997127086166,-1.2182608476999,-0.582302384504025,-1.95800336210584
246,37,-0.297192429636015,1.2522598493388,0.284055810993729,-0.3051988342618
247,37,-0.779444775496035,0.612500438957373,-1.24337395209687,-1.34704807560118
248,37,-0.325800055136674,0.213010372397075,0.638938217991777,0.323008581166835
249,37,-0.379734440089275,-0.954013812811714,-0.921324125737113,0.607347926353119
250,37,-1.01094243813495,0.295404733053097,-0.500013914908185,0.341281343693905
251,37,1.2294489771907,0.36869869680936,-0.339884010742279,-0.516311845483554
252,37,0.642071183786966,0.515191563830218,-0.798932523765709,-0.0577548969230406
253,37,-0.530850392352044,0.147773431548808,-1.99124338523868,-1.86379420475361
254,37,-0.258489033861753,-1.26213823966144,-0.765877125107365,0.784022020902622
255,37,-0.00690021437707873,1.16160415612654,0.855137863431485,0.173143230013534
256,37,-2.34828445528659,-0.968300279482395,-0.10813605612637,-0.761132635428472
257,37,-0.528373758836302,-0.974485737355512,1.44252225986214,1.6490255683578
258,37,-0.720516309235869,-0.681360277990798,2.37179747893852,0.00522189479346984
259,37,-1.20482898828587,-0.29519648312255,-0.0305457866656051,-0.0429562518911748
260,37,0.805422762114155,-1.35655032379061,0.261994621421997,0.577771035751932
261,37,0.124883141206294,-0.38941027189954,0.664539180575124,-0.87841238890996
262,37,1.29100100608675,0.780485995838155,-0.150075018530945,-1.08286349174224
263,37,-0.672321789808941,0.774422932858312,0.289811592278704,-0.53776681967736
264,37,1.1138978774366,0.365993213395152,-0.579736607155695,0.7893315953765
265,37,0.803198481259934,-1.13512701729961,-0.801580719964052,-1.13592039221097
266,37,-0.312282885356707,0.30626692305827,0.594926937939815,-1.05257672078731
267,37,0.119260188901374,-0.393982948011721,0.798557397479175,-0.33753125478401
268,37,1.38006787626914,0.718665049210189,-0.317300581619423,-0.490477666972143
269,37,0.468816139835144,1.99460892891736,0.373474137377058,-0.660009598710612
270,37,0.557152148963505,-0.881955126820935,0.950397948933474,-0.394488315034501
271,37,-1.28334702183753,0.921406952242139,-0.418455971257684,-1.04777880687896
272,37,-0.522534018517028,-0.520962742287276,1.54601330838557,-1.12667362320366
273,37,0.460562431917023,0.486120987949201,0.747522983060614,-0.126514872024739
274,37,-0.850430033575922,1.46140610571071,-0.446416611071266,1.22635058563028
275,37,-1.1711262183219,0.0665979463805968,1.02527999340602,-1.35775699770104
276,37,-0.624776355211494,-0.345853958483025,-0.101855309902847,1.05020717064914
277,37,-0.00327275289440702,0.132616779292811,-0.695375378139819,-1.26358403353883
278,37,-1.64902809284837,-1.60170522310268,0.452820034293718,1.78714193460742
279,37,-1.52200613995743,-0.34766205130444,-0.956759414993927,0.508675276137507
280,37,-0.9669925520977,-1.50228732818183,0.475388815658433,-0.03272729392554
281,37,0.224533748673489,-1.98167622172653,-0.176127749719335,0.359767962876004
282,37,-1.36027613379399,-0.622528022785244,-0.786623005511142,0.112771869452166
283,37,-0.31968402840372,-0.0644179865274575,0.0778428035588298,0.596712575550877
284,37,0.35528799485226,-0.150724337726513,1.48031559846429,0.344493945838287
285,37,0.62327210232553,0.948401100829031,-0.212338937356599,-0.0121919616199276
286,37,0.110289064044479,1.41293796481805,-0.198539385049619,0.527748352921839
287,37,-0.217424951269961,-0.0467763951988197,0.836648548540769,-0.320245960551181
288,37,1.71012669661188,1.35538506298636,-0.880029155399964,-1.01994376609156
289,37,0.33275401993328,-0.889698543265463,0.372687154401287,0.931893417843936
290,37,0.953848178494188,1.15177730771319,0.602115805591702,0.739789843394837
291,37,-0.890285925587963,-0.777162329340154,0.274939503311481,-1.54493730000809
292,37,0.474104192134337,0.135847610624322,1.13594501768217,-1.22601035289109
293,37,-0.667679117177522,-1.78304598581479,0.179333869725655,-0.142716180001155
294,37,-0.742651994784153,-0.0171963275300411,1.43298444357627,-0.0726658333565186
295,37,1.20823582948784,0.278012476303455,0.598314062312784,-1.40218604811659
296,37,-0.703300711758799,-0.158861806704257,0.461185449046779,-1.74166408318509
297,37,-2.32649267796078,0.807524713616246,2.20186949551501,-0.549363616504461
298,37,-1.90341950667167,0.967815118696578,1.27475708684984,-1.79324460564647
299,37,1.21930282519902,-1.0643644731251,0.273781067820504,-0.103351026492898
300,37,-0.890726194121262,-0.629058558430419,-0.112677953605477,-0.444409957552002
301,37,-2.40581790156501,-1.20431131863778,0.693854211214665,0.372435397216074
302,37,1.49505742505974,-0.650411378923534,-0.29915049034858,-1.22937258743135
303,37,-1.35597534002257,1.1290698406249,-1.45411481939852,1.27328357398619
304,37,-0.278104534555495,0.0589680931362661,-1.40167558236215,0.06799109844624
305,37,-1.74712501708682,-0.339393059245933,-2.65074393445938,-0.985097329748697
306,37,1.83528193258602,-0.133289820551174,0.288007250087674,0.290864305909025
307,37,-0.234268611363683,-0.720044090216163,0.601673979263451,0.157046126692485
308,37,2.06442502257969,-1.96987515451512,-1.20947187276055,1.54409545222804
309,37,-1.66570267630367,0.253134992224562,-0.894326998355832,1.20462259203253
310,37,1.86580829452578,-0.674662875772453,0.198964256777079,0.583498775685651
311,37,0.339801439560993,-0.587172191767798,0.794327898427509,-1.27883856016249
312,37,0.488912307072792,0.1673559986469,-0.932934595572916,0.718321566673278
313,37,1.09509287209118,-0.33002059589178,-0.772422913681754,0.054970987217694
314,37,-0.529701432752888,-0.512814012536388,-0.999552697473604,0.562000618149781
315,37,-0.373718483211405,-0.591148526495662,1.60834877881586,0.0451999923278038
316,37,0.503927276376822,-1.82077168491243,-0.411984641372295,1.57377744109153
317,37,-0.04063912990561,-0.399504321852776,0.926960401066161,-0.608985249748846
318,37,0.303418366726263,-0.128632425320364,-1.62509101253805,-0.0397996455251423
319,37,0.586035043381115,-1.17199159341046,1.98104150567359,-0.423633515137446
320,37,0.97455719627434,-0.466605482771065,-0.748985985487047,-1.58976848143315
321,37,-0.0642664349677783,1.03390961137191,1.19741187078012,-1.52163845659945
322,37,0.561798948609048,0.034202997100696,-0.285139408153557,1.04606181134559
323,37,-0.899249203236632,0.277341043174017,0.24626781569206,-0.195856733914764
324,37,0.0855236382522055,-0.0549284179670225,-0.961500288841366,0.353725569830538
325,37,0.563228480121348,0.0340316309373927,1.30295797622818,0.364287623299171
326,37,-2.78539961329233,0.157062584520428,-0.292475317097515,1.77299127792752
327,37,0.38380175333293,0.853541461236909,0.78555995585856,0.66834325734384
328,37,0.68225736181912,-1.29011157434329,0.576769432087653,0.826481328689602
329,37,1.16557077552408,1.67124100288129,1.32493485642827,-0.579453554548103
330,37,0.723132072752129,0.0468348532654193,-0.401838048670454,1.0243232844659
331,37,0.0499550978353388,0.42580953172473,0.459330455073546,1.30951806382138
332,37,1.64308974604754,-0.00231358413623775,1.55079754491901,0.845721979421559
333,37,1.3971470873549,0.231927813311496,0.268713458247669,1.523910661984
334,37,-1.88201160014181,-0.251082818935274,1.12760206154398,-0.328343221279468
335,37,-0.60856493496788,-0.343232879307318,-1.21049573065622,1.74955975626132
336,37,-0.137718470062613,-0.692400846456132,-1.25355107183089,-0.75799034911809
337,37,2.58968180986875,-0.655718569770842,-0.497182480017109,1.34348548244913
338,37,0.278754811366139,0.29493378740085,-0.352830464975911,1.38876682464363
339,37,0.774513143965049,0.805208192600388,-0.740316909411251,-0.445830352516953
340,37,0.369627089925152,-0.361314422270873,-0.706644400540765,0.295373333030083
341,37,0.636508242199179,0.088418226054553,-1.23396798531086,0.275202910646283
342,37,0.663286344837841,0.729321418340802,-0.746241890034293,0.459869483577296
343,37,-0.969422637421341,-0.104612000065613,-1.68148670127497,0.00717947090219029
344,37,1.38539583580706,-0.873509408865148,-1.63610250025289,1.32128746846927
345,37,0.56608155039798,-1.56293257895331,-0.572347735134225,0.587568486547508
346,37,-1.89460864733771,-0.943687819119071,-1.09101313612545,-1.21328762991557
347,37,-0.37864697865817,-0.639106768223713,-0.522884875220645,0.0551191608923177
348,37,-0.380783850110991,0.195235261901652,-1.15399113921244,1.08881322183712
349,37,-0.71874741246977,-0.673240221767624,-0.68266001701398,-0.846564871451068
350,37,0.396111037411455,-2.36074752809223,0.472983721589131,0.0292893061595586
351,37,-1.11093180399368,-1.23338952080182,-1.5738945062064,0.557809603633531
352,37,1.22325010327479,-1.1713232566257,0.322423909018764,1.19211911359972
353,37,0.0620054946050667,-0.56978759306068,0.261689183675807,0.0431176032316971
354,37,-1.26479982580431,-0.166154368208084,-0.560813279955658,-0.211556965780271
355,37,-1.0045121224587,1.60065507138059,-0.50556988558974,1.38126511607451
356,37,0.383877871231956,-0.464558439157191,-1.24436336179622,-0.915656292153163
357,37,0.747913691753285,0.0626557386714978,1.24326784547001,1.25239695129789
358,37,0.556618173556204,-1.11115566317726,0.391945581447834,0.466913719248112
359,37,-0.896130239032394,-0.556742204169522,1.06476664110775,-0.204274117285883
360,37,1.44321803587562,0.523240150281325,0.407756646953478,-0.546529126985382
361,37,0.35148450803014,-1.51279257856144,-0.783769130973149,-2.39530137026295
362,37,-2.9459847134367,-1.48408383958043,-0.740519631028596,1.30009729345882
363,37,-2.0028968521246,0.637057009511403,0.231975511463895,0.184005500979174
364,37,1.44014589837678,0.316014066280472,-0.312441878054725,-0.620707034777583
365,37,-0.901152082621794,0.977414774824488,0.351533827135426,0.164445885473688
366,37,-1.17974028445377,-0.767141281758803,-1.65395574559028,0.322554481811566
367,37,-1.35642343805855,2.27524783536214,-1.51174487653986,0.631342594155653
368,37,-0.32529459928168,-0.531163484283413,-1.3706307662524,1.64806551952055
369,37,0.0438397318641623,-1.75224258123344,-0.980644931064558,1.92234560815772
370,37,0.958138836559338,-0.411631737140898,2.50254510323269,0.41499348710793
371,37,-0.420225827652524,-0.904247824745405,-0.129938659005433,0.822688662086893
372,37,-2.22808664370818,0.593104302342728,-1.08328446159175,0.509629880720687
373,37,-0.450925857304409,0.190199505495621,0.953658679736303,-0.347409851486222
374,37,0.326238492735176,0.0247550040356563,-0.803497045763171,-0.853495011582913
375,37,-2.38916565516669,-0.796631235090414,0.630783796522005,1.40126590903891
376,37,-0.263050332624237,-1.37048911009111,0.940007738990194,-0.129603064491538
377,37,0.0288729345088456,0.0539464934175321,0.273778215319277,-0.0668399025723695
378,37,-0.40335272289244,-0.398865163400959,0.693829243484581,-1.73176180061813
379,37,-0.33222307543134,-0.731360885068248,-1.52252913858964,0.950998294552433
380,37,-0.997513746395844,-1.22335731652368,-0.344153698768911,-0.0423184507163525
381,37,0.0608380419314441,-1.38487601792702,1.80281473864044,1.48865244663675
382,37,0.413144049043006,0.495757865471934,2.17480968653976,-0.260514482491416
383,37,0.23259240901652,-0.622523675110036,0.552924465578657,0.624157486178454
384,37,-1.05951367327701,-1.15969596723712,0.708607305665911,-0.0637994415637679
385,37,1.00759816549159,0.399236233781479,1.40275254717758,-1.19257550789704
386,37,-1.25034907907076,0.0291568961749004,-0.707900006777836,-0.139499156464358
387,37,0.360489197639992,0.0654344398503278,1.47253768993665,-0.640354448575072
388,37,0.863710953034599,-0.16767374212866,1.58441882594172,-0.670996612087311
389,37,0.404505469550028,0.614256689428762,-0.37546076402281,0.675524892175312
390,37,0.125693877497653,0.0754111619158463,-1.16290190814713,0.599998092208494
391,37,2.60119155464111,1.64672854815045,0.358483229211883,-0.0284926670529763
392,37,0.360724534638343,-0.0965644288020065,-0.0597217639859863,-0.826993205147354
393,37,1.03807280120243,0.867951895567431,1.23116803195808,1.98352136603868
394,37,0.893043041333688,0.538983665545568,0.425979815344269,0.994173229529518
395,37,-1.69562700278831,0.544218145293072,-0.299839235533494,0.125033761332631
396,37,-0.339726440562806,-0.846129938057125,1.03241926676538,-1.22263093354999
397,37,-1.67670128804513,0.04055865608726,-0.89756009050071,-0.916569621255299
398,37,-0.292790754117727,0.44295195200678,0.208277095735,-1.44817402652619
399,37,-0.39963316124056,0.550445452135041,-2.05214044926835,1.99347915380164
400,37,-0.0796456429594579,0.030558739664941,-0.561253947999868,0.865891264880495
401,37,0.568286133005539,1.24420975512641,-0.276079129575573,-0.900399843933904
402,37,1.09223208940696,-1.75815425228567,-1.13547072624939,-0.99052128176955
403,37,-0.470418528352959,0.680960482238281,0.0994837257675452,0.591030484837131
404,37,0.0447919047072354,-1.87123523155096,0.13312785941388,0.386716480812344
405,37,1.35804225004044,0.185038719817688,-0.056142710518728,-1.17767050313336
406,37,0.73117813723315,0.326227022541684,-0.352330337146635,0.575279390346591
407,37,-2.12449927331714,0.892299197710579,-1.77517407229166,0.923436794796668
408,37,-0.411729084687484,-0.362818380195358,0.288874367191579,-1.23085210777336
409,37,-1.0337931773315,1.16730676225674,-0.501668996233792,0.311058509456331
410,37,0.0825296829014093,-0.43843123534759,-0.474434312955473,-1.20601821804305
411,37,1.39062415761442,0.394068699687533,-0.843163673247635,1.82745127729112
412,37,1.92098682982942,0.640727988140287,-1.78454224750011,1.0309222070637
413,37,1.05459805476238,0.519639270979041,1.28927588170854,0.760196439407544
414,37,0.336252727265712,0.316480936664377,-0.223102043420517,-0.548202654259409
415,37,-0.307449621561494,0.0651687893266195,-0.0560322954952504,0.895496462771448
416,37,-1.51574973124335,-0.258113406683934,0.10791210413837,1.00383954098263
417,37,0.364817053365313,0.701175055542642,1.368247218899,-0.942816163360612
418,37,0.53207669404094,-1.15952361583054,-0.396082087938684,1.28422838355942
419,37,0.847167056153163,-0.485379609885631,-1.36384841074833,1.31536016262271
420,37,0.916860162378205,0.0985122580733045,-1.85881768496613,0.218874150842591
421,37,0.618339143305137,-1.75971691482568,0.443923469722284,0.524588038098544
422,37,-0.693766584201835,0.347209346284695,0.262122203256794,0.315602860989525
423,37,-0.428603108627361,-0.988246293100102,-1.41310376339883,0.144597701349715
424,37,0.503084959396365,0.184084352540067,0.0882913528862544,0.114646132958098
425,37,1.25310124160839,0.572560425478818,0.154687641016695,-1.43962959423821
426,37,0.28950695869792,0.160445257623754,-0.0433580364094449,1.42486091429251
427,37,0.843777197587276,1.21600275006686,-0.926390468216202,1.47974295451153
428,37,-0.393705402373588,-0.619563031976275,-1.53981335309861,0.55406324688934
429,37,-1.64026899040822,-0.430382524034529,0.991440330758589,0.702356591548729
430,37,-0.751245552228047,0.0423721607883652,0.541984352323765,0.903767847581355
431,37,-0.653939241829146,-0.22051778906066,0.747005742871205,-0.35575250695029
432,37,-1.02540250802779,0.0553597688773475,1.16465241507867,0.394444014516661
433,37,-0.172380583508563,-2.07052700600987,0.124045453105232,-0.643189034660675
434,37,-0.785333331979171,0.992603719378151,0.774096842046625,-1.06248305712613
435,37,0.615758393058905,-0.628792639176204,-2.63907899882387,0.634149598445133
436,37,0.601995823316794,1.15468374547393,-2.57009813718104,-1.03975574697765
437,37,-0.57519438719876,0.575087927226874,-0.0637220546385926,0.243396969482928
438,37,0.87792251627996,0.42166353809173,-0.9628496165959,-1.08372632540021
439,37,1.53169926386708,-0.416862300743598,1.99050927169796,0.115112307154925
440,37,0.754706437830461,0.0313049394101552,0.881223924057437,0.0142774849214472
441,37,-0.0303698909395963,0.368562671214906,0.119762598706913,1.14407373647145
442,37,-0.268181014923597,-0.403710669187663,0.632491389197167,0.149369104362615
443,37,-0.551430897962223,-0.0567438164660959,2.03154037296277,1.19704881005781
444,37,-0.19498846954971,-1.06451503996048,0.541602637920669,-0.90770454148981
445,37,-0.665963024744282,-0.796103597202256,-0.570353945315156,-0.0462563807086111
446,37,1.57881036795514,-0.735899689294753,-1.21738138609968,-2.64845241787255
447,37,0.427620149513262,-0.950442163333558,-2.24706884818302,-1.74994946155488
448,37,-0.0779641642554629,1.39923382164553,0.085578047335018,0.433796718086167
449,37,0.647109803498296,-1.36228716558664,-0.472473069151572,0.20652418508311
450,37,0.0133900131462789,0.654087026647453,1.31824440526948,0.3394516038943
451,37,-0.821426795650156,-1.41797459454482,1.87715118794758,-0.232295249867452
452,37,0.934321202304946,-0.281769565483461,0.332372283809383,-0.286168475825147
453,37,0.420573363954986,-0.192962028043226,0.744596520371247,-0.138200750471239
454,37,-0.525384745609183,-1.62572767699795,2.38836136529054,-0.203658793990653
455,37,-1.00840362954261,0.323792286095126,-0.449164410960472,1.1342257520375
456,37,1.53708897352528,-0.422812875996031,-0.655063482477263,1.57824847851239
457,37,0.649182766262678,0.853415118080679,-0.639380357689751,-0.844911469722749
458,37,-0.745785468045705,0.798787310619432,-0.294866766360936,0.98927184596093
459,37,-1.56539250573449,1.32487821012609,-0.465576816498339,-0.0669041776296304
460,37,0.435387402763124,2.35827040458004,0.544988680134871,-1.34555762496971
461,37,0.334340829468142,-1.70468567298,-0.963660517436932,-0.72598958199067
462,37,0.449620339157211,0.982535138148208,-0.290266032140427,1.21219380969233
463,37,-1.57906243577954,-0.162413736450381,0.222961975714033,1.72237257178329
464,37,0.735472209908996,2.56346299800041,-1.14840133070595,-2.00178832387093
465,37,0.0945354681695892,-0.430059855146648,-0.537649771948298,-0.0779557206408354
466,37,-0.339504941950296,0.435756762540587,-0.277490150287842,-0.34231352399313
467,37,-0.728904052304905,-0.024051959809578,-0.42236229354711,-0.0930292544484172
468,37,-1.5331865216305,-0.278002897321966,0.261186989582913,-1.91863300688031
469,37,-0.204300270043486,-0.921357191575853,-0.948075664376876,-0.896318275736077
470,37,1.00242788685236,0.88710906279446,0.0654237364994384,-0.849847521567595
471,37,-1.00612579883433,0.0329433193270668,0.0568980627856936,-0.352154406144349
472,37,-0.257787158963692,-0.490452478409861,-0.952855740305682,1.95767383611053
473,37,2.07622905431696,0.206768036531313,-0.807418983796908,-1.17899294592264
474,37,-0.915280743051005,-0.169057044394416,0.522051735366844,1.82427763035759
475,37,-2.92671505136428,0.438867022031037,-0.096107523593367,-1.4308642913204
476,37,0.147933071514,-0.888395234744374,0.0208511200254001,-1.89828802585859
477,37,-1.24556249473721,0.677323317802027,0.551079318304959,1.05308561304876
478,37,-0.506043380129281,1.03749737617866,-1.41499721895941,-0.777086702501574
479,37,0.0374986194937602,0.0462798295394553,1.58580709847232,-0.182076046965161
480,37,-2.16974259725174,0.147218256053004,0.566104649688334,0.733889385824389
481,37,-0.284867928940874,-0.144390379706197,-0.416560530206097,0.781446847607522
482,37,0.115347890965508,0.131208770592273,-0.561763951394573,0.563790482447088
483,37,1.50085144990825,0.307915220611641,1.09594631916104,0.736363635511307
484,37,-0.105919652105673,0.135327790198921,0.191729258718789,-1.22407078581215
485,37,0.157027598304155,2.51805150436474,-0.120800041445194,-0.107038395246281
486,37,1.69004019895803,-0.727162443710706,-1.97786022524221,-1.21970369693931
487,37,-0.127478577845137,-1.44526515126898,1.00058499176594,0.420604491274933
488,37,-1.33534523019439,-0.252956032266687,-1.78892134815851,-0.51558070881486
489,37,-1.37729106381514,-0.380104437632317,0.955336889782975,-0.582943787421829
490,37,1.06056427404488,-1.34313151288819,0.12892024749396,1.18639077642501
491,37,-0.692015340702356,0.154182903985663,-1.28807886834467,-0.700293974363266
492,37,0.681430962364432,1.98916628764607,-0.09676865187931,0.866922693795874
493,37,1.79465764853219,-1.00806080202754,0.481295153923663,1.07362405827828
494,37,0.992227220509728,-0.465923340432526,0.705200532918067,2.28314525420526
495,37,0.484176468159772,-0.519474565675897,-0.665535978288725,-1.06809169751822
496,37,-0.470916990143282,0.665032588494598,-0.595853035640952,-0.0768754059695484
497,37,-0.787760100632916,0.392749759138142,0.00748189762108832,-2.45654367742658
498,37,-1.44379885108898,-1.35148434969825,-1.39936247827927,0.427395443116635
499,37,-1.15523587691171,1.58404207551023,-0.16184152285784,-1.23904813221877
500,37,-1.03892219437364,-1.35218792129841,1.17754115864605,-1.30217950414932
1,38,-0.785777921338192,0.288788126318752,-0.635926082201389,0.37667357801878
2,38,1.82023015180864,-0.138499295209012,1.2225484307629,-0.54922122674276
3,38,0.931365722322814,-0.348219360197926,-0.101140766361235,-2.52442771364068
4,38,-0.521421057466069,-1.01615863007444,0.26860976167269,0.201914282761522
5,38,1.19449198321934,-0.200098287182468,-1.88032087533929,-2.31399692902311
6,38,-0.37518975909249,-0.441860969700687,0.472740711335431,1.72938130023341
7,38,0.249855771071844,0.111761180947095,-1.78043023839553,-0.0346089031671471
8,38,-0.194209630402791,-1.54235427477215,0.625403032080481,3.05340192266541
9,38,-0.18687634245723,-0.226039192781558,0.594217034706803,-0.644143072896071
10,38,0.189012174564066,-0.519193518268667,-0.841943562458434,-0.135620947787288
11,38,-1.32158817770647,1.32245732035304,-0.231230528634526,1.80690019037586
12,38,-1.36963152743427,0.386481367479344,0.413771203791268,0.398704814550662
13,38,0.148861915887241,-0.469705587730911,0.845184734788374,1.36854850867976
14,38,-2.72523833658262,1.68197803626004,1.20012528708264,-0.130115188272695
15,38,1.38566132441098,0.905819624972701,-0.151430407350136,2.10591265387595
16,38,0.461316241825979,-0.656204272975435,-0.727673080804961,2.19666601640367
17,38,-0.0690724755629493,0.620306998327649,-0.433844246177855,0.655735260453984
18,38,-2.38334065105318,1.57456131411613,-0.281076834403573,2.00371139037934
19,38,0.881283615124379,-0.331617949016625,-0.413715709555199,-0.081297546469573
20,38,0.494908538296445,-1.1904019179055,-0.832267751298327,-1.3881269465846
21,38,1.09827723401757,-1.18371774539369,0.527891825788139,-0.413221519713119
22,38,1.41465299464437,-0.252509702412847,0.0720985479638939,-1.24353717502417
23,38,1.51990790368804,-1.68481611038696,-1.35222372395053,0.797641703238104
24,38,-0.285793565055396,0.537870747388232,0.198445690873657,0.867325190259023
25,38,-1.29470545858339,0.0665311039991085,-0.57709592884071,-1.16929248717133
26,38,-0.00573603409596837,0.818169565509262,1.00591829151305,-1.16643146738523
27,38,-0.644386790063484,-1.11818448539439,-0.812650381250117,-0.00850712670749744
28,38,-0.762065043385936,-0.235009537542153,-0.330635281831572,1.79902546835883
29,38,0.373504199704042,-0.40392544142382,1.02690428234313,-2.29889244434729
30,38,2.29484305733613,-0.199870713701842,-0.352139650631366,-0.822084825804123
31,38,-0.671571272316137,-1.49317269120959,1.48092768508233,0.530839512624692
32,38,-1.13756607907096,1.31983016757253,1.9238153247097,0.311362553294509
33,38,0.65469181142486,0.427159542542004,-0.513878559957218,0.0481279906265161
34,38,-0.96477369648008,-1.55319434323488,1.83928163453689,-0.101376888064333
35,38,-2.46297504174235,0.651028875882789,1.5941317473228,-0.169983531952888
36,38,0.450715459369959,-0.134207304835761,-0.0345103659856866,-0.592338584797582
37,38,0.0226749781039696,0.479483357928309,-0.81351937450047,-1.88570283484784
38,38,-1.59390168606751,-0.165306309109153,-0.899913656421455,0.113757571482034
39,38,0.0787346962465715,0.0941162898338069,-0.334447479424886,0.300156361081653
40,38,-0.705098164702004,-1.97479259353334,0.30918516868509,0.0754758804056663
41,38,-0.417735330182132,0.154900093652108,-0.609829764781464,-0.707070695312037
42,38,-1.68965262319012,-0.489031413531906,-0.0944443539500758,1.99715648384624
43,38,-0.376090411778547,1.18898035783017,1.79903439864073,0.00190739932075835
44,38,0.845338960237648,2.21320556857078,0.594208231625951,0.415946854694334
45,38,0.165522236688802,-1.16585904122495,1.79263613572561,1.20064701627321
46,38,0.203962503555512,-1.06787478356722,-1.19954725786555,1.31035484386891
47,38,-1.13360740724361,0.241602261180157,-0.987259372556446,-0.336268525035381
48,38,-1.32344759698883,-0.603311992548423,-0.420053578303725,-1.20929723580825
49,38,-0.648330493713719,-0.54341377618126,0.223974232014806,-2.06091468228953
50,38,-0.783482926209003,0.703992980399272,0.1659498644231,1.74873683398021
51,38,-1.89785443944307,0.257409233155934,-0.324911484669607,0.890665131033339
52,38,0.958886420365925,-0.522747545257923,-0.546159846792167,0.653774042912713
53,38,-1.17831509867382,0.339420365533774,0.549914522266734,-1.70252163361899
54,38,-0.97813986580482,0.88100074127311,1.74819774017894,-0.963888070586832
55,38,-0.206454740692704,0.475982692679388,-1.21634873089497,-0.0379124970426993
56,38,-0.75668139412405,0.496685818722742,-1.91296185228354,-0.793558970892498
57,38,1.35735995438958,-0.383404549882377,0.177505859422264,0.484743500800795
58,38,-0.860559174136024,-2.64407983986203,0.175812059142812,-0.47825768838157
59,38,-0.314955655160062,1.99587819129972,0.516439365082041,-0.28147057973632
60,38,0.444810160661695,-0.299789999764229,0.394515330457797,1.47513956176294
61,38,-0.177341326975714,-0.942965004230595,-0.521329180867144,0.519050640806857
62,38,0.903117065204401,-0.753899570312342,-1.36823268691242,-2.7017141102765
63,38,1.24538168423301,0.687810797528219,0.150773396791209,2.09022274198253
64,38,-0.463735010911801,-0.769544874324668,1.12785109612388,1.54441733279473
65,38,1.47988741894453,0.0221466505487179,0.643230774157552,0.0524584085856046
66,38,0.554051497692742,0.972173758206926,0.913500790926735,-0.287851477318721
67,38,-0.95156674927807,0.640320912825143,1.14526615104586,-1.88108849415364
68,38,-0.295637983039661,1.41678626490154,-1.56816863222788,1.02162971278141
69,38,-0.633743330738334,-0.303459420503538,-2.1164865652339,0.159841953127111
70,38,-0.775824649366862,1.6330378601011,-0.44559624419452,-0.0776679807316726
71,38,-0.703188827394706,-0.926422822882095,1.29604031919025,0.0606518389038899
72,38,-0.110956901566314,-2.11049133874723,0.656998159570385,-0.953170037410848
73,38,-0.473703919281616,0.103559563872102,1.7452867672874,1.30547438136992
74,38,-0.26660438947289,-0.381671591951499,0.0619613470055979,-1.08991143391864
75,38,0.336920215899587,0.756914713906779,-0.287203923733245,0.230047575017756
76,38,-0.424942168608614,-0.607436203421086,0.978318738916507,-1.53325312212978
77,38,-0.375852969162898,0.183138520924567,0.99439702911777,-0.931395768117858
78,38,1.1519203151661,0.262020826803638,-2.38244981752011,0.476368548729454
79,38,0.0109026150504979,-1.12654260768265,-0.431366614643224,-0.947039500019874
80,38,1.48520082379025,-0.887501180361001,2.03746794614967,-0.0944352785373821
81,38,-1.4251660144005,-0.227399810592341,-0.773444344387382,-0.707087036341117
82,38,1.34865455229478,0.872259502392203,0.304339320717954,1.50209750135928
83,38,-0.663428160437445,-0.000334292290856385,-0.542825349142866,-0.289819397379239
84,38,-0.0862005727636607,1.75021060700749,0.581408656177339,-0.463758470061734
85,38,-0.870784255521654,0.164722245793834,0.506752131214953,-1.78795005333301
86,38,-0.96760704948033,-0.428084188012362,1.08060300741725,-0.885021806777273
87,38,0.812768849369692,0.541535015471714,0.35350324498779,0.0464303229863329
88,38,0.931554550874027,0.856488043060634,-0.447396398921275,0.0358716207323271
89,38,0.629210632988373,0.858447626529596,0.983112680038846,-1.96194486026574
90,38,-2.04863596079222,-1.24775524508561,0.106538975322293,-0.311208205744504
91,38,2.85775433957585,0.837836711910322,-0.31267288380462,0.585078500286398
92,38,1.53535152834219,0.880570249399115,0.766817129733024,-0.186872420588937
93,38,0.81083972958559,0.88122226020561,-0.902685418586972,0.546128927509958
94,38,0.1087135713155,1.06352833394148,-0.257299978224971,0.439351697151412
95,38,-0.365382849922959,-0.511243374444543,-1.04723001840948,0.50279494591221
96,38,-0.858426394910007,-1.26816322891245,0.873495142330567,1.46037307785063
97,38,-0.67104379082666,-0.339369303772515,-0.485083362205583,-0.00444137537461443
98,38,-0.338812890100072,-0.963770554998306,-1.51054851053259,0.695090536536854
99,38,0.179512067394495,-1.44372455168776,-0.152811593863326,-0.167698930365061
100,38,1.47968427886888,0.945148135269606,-0.261872129778665,0.0848456063913438
101,38,1.76688530070284,0.42986697417525,-0.0632229111599433,0.135132981380908
102,38,0.0514903545168293,0.267811769268104,-0.0191819505281431,-1.04498508754566
103,38,0.559211307991298,-1.69740796148086,0.0288289475162081,-0.44256468564234
104,38,-0.183372035327253,0.768929855861468,0.337024949375094,0.941065488404423
105,38,0.494002629926683,1.38219323033688,-0.652989745850345,-0.723437476726884
106,38,1.15641467796848,0.580278711150539,-0.832390603153022,-0.256898838409968
107,38,-0.805881528689286,-2.07595477902946,-1.18706480752733,-0.140480390127368
108,38,0.369591856277236,0.783433123677565,1.47260738729195,-0.67519031709334
109,38,-1.55192333676484,-1.84057328430293,0.652624655498198,-0.905642985008559
110,38,-0.268129335732278,-1.31444597467535,0.99239067657429,-0.731157199753238
111,38,-0.308188835833839,2.0019637349842,-0.0122419770508213,-0.702129475830553
112,38,0.67998278125911,-0.146267933542504,-1.74844436348393,1.50415198674434
113,38,-0.129108631396851,0.227484918023858,-1.34920303136505,-0.194539985686985
114,38,-0.0797474912848181,0.230256077814029,-0.0311345684200833,2.04121810192735
115,38,0.466387479645218,-1.57930678414111,-0.354391222966109,-1.51992499172403
116,38,1.25622553105212,-0.801227199780301,0.875846941135324,0.381280398594745
117,38,0.899600631901561,0.322587095447723,-0.901848895938807,0.538260388492484
118,38,-2.0699222248304,-0.367239324597821,0.820417600612954,-0.696578015271456
119,38,-1.02897775999985,0.119490891002445,1.53460788442951,1.27683687838386
120,38,-0.383252373452193,0.0244136727850894,1.13972955779325,0.231708628195547
121,38,-1.57112903594191,-1.49142788026887,0.760045738411455,-0.429458129531429
122,38,0.454804794742029,-1.17144248840431,-0.288077535244801,-0.200142648458865
123,38,-0.485427554014275,-0.336411434903701,0.785345063578072,-0.815771800777739
124,38,0.545201851601779,1.75969409830465,-0.422934689325068,-1.38635613449963
125,38,-0.101602621952838,0.785758765820813,-1.43842780810728,1.44211671748837
126,38,0.726516384647254,0.250360302275261,0.43432182268907,1.50956778466792
127,38,0.497197398497855,-0.339546991901168,0.76756100857306,-0.363218538225436
128,38,-0.720035762355618,0.146410912271273,-0.504619346565406,-0.868790928291186
129,38,0.0428638673640853,1.54338911608707,-0.124610814976545,0.190801136218339
130,38,-1.36589521036963,-1.23574340457039,0.422672056035485,1.06312185226408
131,38,0.544973867432404,-0.475296445990446,-1.44924714336056,1.95648076119236
132,38,-0.0730303707265584,0.690240127739067,1.01757008458388,0.184396862988591
133,38,-0.520944102458956,-0.590480608681871,1.34161667957174,-1.64170313953917
134,38,-0.785008975545988,-1.80268710737518,1.26308907512233,-1.20348613138355
135,38,0.199535515662632,-0.48583924325172,-1.82266089267429,1.43924238576174
136,38,-0.288406660994797,-2.29396232064414,2.07599132187999,-0.944924224727327
137,38,-1.66917757507338,-0.153420395359295,-1.28160423756284,0.828103804009447
138,38,1.46512170071805,-0.669205908946647,-0.0541010139925043,0.265054749706933
139,38,-1.39753144947015,-2.82575375586821,-0.00813733711407069,0.0464047846323015
140,38,-1.78102285316278,2.04192590145416,0.149449010981903,0.273464378895844
141,38,1.47738003419811,-0.0545630826924444,2.41210895908563,0.273848942143413
142,38,-0.40517374563585,-0.603810206812187,-1.60330292369995,-1.36209025728192
143,38,-0.394616543671847,0.858127043122178,0.628068962232456,1.25856719815233
144,38,0.213813823004474,-0.416302669471039,1.75961507255659,-3.20033942957562
145,38,1.20017548989987,-0.495846423272825,-1.17402737943814,-1.29496475205625
146,38,0.126667938873161,0.00665186173862802,0.465661116674045,1.08318600482769
147,38,-0.94236086187163,-0.127820076962119,0.15960133884614,0.229614274226832
148,38,0.330995670863836,1.91554708306822,-0.669200058343513,0.0889806470911389
149,38,0.139964555327681,-1.48975177445691,-0.202744721548782,1.262270247656
150,38,0.0999457796711835,0.552006027613108,-0.481643870326285,1.102980850782
151,38,-0.0586981971001628,-1.24216214082321,-0.174635749541819,0.0982219986310484
152,38,1.28620685571144,0.519951972379823,-0.257016007943445,-0.370821115016947
153,38,-0.246975208464959,0.23343779716047,-0.787311134612658,1.77911217419566
154,38,-0.597781017321297,0.22369609800461,-0.650658116579006,-0.658233970927085
155,38,0.544237863680298,-1.6970397436905,-0.538222946338055,-0.45447847018878
156,38,-0.719748581780573,1.15552025752768,-0.376590161947652,-0.693974091066749
157,38,0.700709995613029,0.75085232552937,0.164561656497271,1.91193256715235
158,38,-0.629782393177095,1.10308306893163,0.092473827128249,-1.71303575113472
159,38,-0.743675749107757,0.523017048381046,-0.0201353454939831,0.37219382483889
160,38,0.853958291168964,0.35700863355665,1.60856592042088,-0.174703584424327
161,38,-0.49079386906267,-0.674878233058661,0.228965998435183,0.123543312097827
162,38,-0.381930241723058,0.196408030417952,0.613961785185445,0.598141187628595
163,38,1.57685098360274,1.70042726129764,-1.40112675954309,-0.0820995101031913
164,38,0.444580651297073,-0.418988752185267,-0.430867989420483,0.366474969676848
165,38,-0.788800354566245,0.915966596730297,1.66488265757501,-0.545786996304103
166,38,1.59747295844982,-0.230905594677928,-0.105721688361651,-0.0807458012093447
167,38,0.7114303773955,-0.526390116967946,-0.191348208556734,-1.31152063810776
168,38,-0.159220448829394,-0.179775991470157,-0.560109252994178,-1.71783197897577
169,38,-2.09161132952851,-0.558297193061495,-0.517308386159575,-0.487086792606
170,38,1.1717430926961,-1.17459719520551,0.921181402810474,-1.25458761356367
171,38,0.407398611200723,0.956216069758953,-1.11062408849428,1.3201005547057
172,38,0.281593770262187,1.41802938279711,-1.05817555518561,0.125122315321929
173,38,2.0703403015301,-2.01850106149397,1.22622570042863,-1.30718035419019
174,38,-0.344812511728772,-1.69003780233277,1.07869689192579,-1.42584549344267
175,38,1.50007064126481,0.961876536800763,-0.378540228772358,0.392383435851957
176,38,-0.36890091277331,-0.896343874309536,-0.879473195583228,-0.731089982083196
177,38,3.48301258038279,1.98087103411497,0.437324404152521,-0.561214301819926
178,38,-0.634758692646281,0.764871961650591,1.54149376026186,-1.68551336103318
179,38,0.0310836282540922,-0.991121138088908,-0.443735595996037,-0.960969066329439
180,38,-0.707777686375822,0.103157255289547,1.48127381138695,0.241368202308639
181,38,1.3316879416143,0.225995212447993,0.915503393443798,1.25268775927601
182,38,0.0961679031872434,0.0470539947817203,1.32798389846504,-1.04093559981359
183,38,-0.546539155076084,0.0409560681535383,1.0426620278359,0.205121153150827
184,38,-1.3409563486958,1.21720729136134,0.0068389033717824,-0.875997727493125
185,38,-2.16509332304812,-1.28389322896227,-0.660162779053179,-0.659164974657691
186,38,0.366749058073645,0.443473846008459,-0.618808782467829,-0.205868835290787
187,38,0.29646948023892,0.690967173898276,-0.335453343697274,-1.24000034814137
188,38,-0.974788286699407,-0.798273119364229,-0.222522021229761,0.975576192872471
189,38,-0.348708653141496,-0.575845893152445,-0.948211002171669,-1.74390136405988
190,38,-0.802629732310623,0.0771556296918412,0.829107371167268,-0.684315021094657
191,38,-0.772845895299256,-1.148848148481,0.873450773403782,-0.809290279321901
192,38,-0.238515302771089,0.0947997624736859,0.55066597346082,1.51541284968871
193,38,0.0169988831949963,0.476969233290148,0.199453740265605,1.22424726500915
194,38,-0.758693824769809,-0.215816556130909,-0.943700224662029,-0.875949411481248
195,38,0.605162775566163,-0.026398620309485,-0.0405851101522942,0.432362205775413
196,38,0.348725684155205,-0.878021543393865,0.032431235454817,-2.26726875091742
197,38,-0.699563149713578,-0.74165188802173,-1.63647346292725,-0.899692427887572
198,38,-0.741288019662819,0.443437064876805,0.688712533880508,1.97288834942285
199,38,1.70905383758327,-1.15663935891117,-0.789267076855495,-1.31748040627989
200,38,-0.0864104462092805,2.33648301723593,0.768705655387124,-0.286492657539151
201,38,-0.41986360955932,0.0461478200506525,0.181154390354133,-0.987585478790745
202,38,0.665510176560517,0.998406758981185,1.01982938157898,0.499774544837763
203,38,-0.864357498300918,-0.108920603907222,-0.0716282456043532,-1.88473126249581
204,38,0.801349362454043,-0.660827107640026,-0.0767380286565707,0.437885330871342
205,38,-0.144490507033679,0.965008655137572,-0.121770393443884,0.356417233257723
206,38,0.642450519192877,-0.403091232392202,-0.617678242876228,1.29205640733671
207,38,0.44387876737869,-1.85260900561102,1.06589829438362,0.0246458608468227
208,38,-1.67314280887349,-0.0247609892106207,1.1213731399885,-0.258754816104384
209,38,0.841653807702229,1.64980312660494,-1.42617130577138,-0.938183892266544
210,38,0.355168659861732,0.238939540286385,0.913740321418137,-0.412197931505336
211,38,-0.878177162576817,-0.675975766374836,1.92823724327671,0.449610238779923
212,38,0.958920746582066,-0.11227214085379,0.118673851730032,-0.0636801113801577
213,38,1.00979493931388,0.597843212915325,1.11846845668439,-0.258815006255557
214,38,-0.698767029539294,1.281921111559,0.238941117925993,-0.322769145456829
215,38,-1.27442740856337,-0.66258467264662,0.777199727538531,-1.55676732102769
216,38,-0.187771268338436,-1.08716100716922,0.445989330823178,0.0392200921614911
217,38,0.987265037540544,0.400428694088393,0.466908338074011,-0.844509907569785
218,38,-0.362663473348859,-0.383249220837537,-1.06785678456551,1.3756680379965
219,38,-0.0386535941003479,-1.07496460609659,-0.131557789138536,-0.507614308512856
220,38,0.328907987582037,-0.181201407243203,0.378237545233116,-0.504833998695133
221,38,-1.00473677754464,-1.39023455529093,-0.527733846117232,-0.40947538754582
222,38,-0.906791563013197,1.80397617019032,-2.09720923401884,1.13769447028156
223,38,-0.031895068906117,-0.966366422473523,0.339151615892612,1.84705365113993
224,38,-1.23274503692537,-0.159453519016578,-0.898208272563855,-0.593979827105734
225,38,0.547555288623818,-0.64856278058364,-0.757111851357526,0.037245591011186
226,38,-2.00094346918875,-0.261932093065361,0.519312803677466,-0.586840993036779
227,38,-0.208850554247373,-0.917673663770068,1.18284841475697,-0.209004457118727
228,38,0.491537247737781,0.644022244234219,1.34332210892207,-0.341132052615865
229,38,2.43387503396773,-1.82490158519594,-0.350605748290027,-0.661714578133112
230,38,-0.0765184180382091,-0.229085690082002,0.16826215130593,-0.641919602414418
231,38,0.396260173154108,-0.136288297211751,0.303130816406696,1.0260758305503
232,38,-1.04266920119414,-1.19736565837282,-1.22627236719895,-0.436110797431055
233,38,-0.300386606222706,1.59751662113006,0.866087846026081,-0.852614964389211
234,38,-0.948158275361468,-0.619339215430544,0.118100968258739,-1.01674700179253
235,38,0.524688802532993,0.0618860702332224,1.16448637479218,-0.858599811804998
236,38,1.16183998906165,-1.16682269326005,0.275571043794209,-1.43343810157888
237,38,-2.52506524160967,0.0906842595388246,-0.154415619184605,-1.16629763077476
238,38,-2.00701305435148,1.18720032676493,-1.49886024830742,0.705779684321862
239,38,0.899005199926769,0.70978820361713,1.42678940872389,-0.36348784961929
240,38,-0.251342315502414,-0.486997866417809,-1.28839227768709,0.420665510824443
241,38,1.2002838453073,1.29983059728106,-0.187039680117047,-0.326625842517298
242,38,-0.104467252076158,-0.121065988402952,-1.27263531970676,-1.38745679682021
243,38,-0.984277120708827,-0.288448148674015,-0.227375387815005,-1.41612107338043
244,38,-0.607550313384424,-0.700242400182295,-1.62159115708993,-0.803738835118115
245,38,-0.00325427903804771,-2.3216723473391,-0.15063392947709,-0.447813548237813
246,38,0.586080434417474,0.336721648349464,1.08066418583753,-1.30387145464376
247,38,-0.956325522279891,3.96232067731815,0.470963274923628,-0.209353884899422
248,38,1.59827933961688,1.37834508099147,-0.528981751093269,-1.3356494475399
249,38,0.119871766424721,-0.462383992055521,-0.540241658139782,-0.510217083578139
250,38,-0.153327414563138,-0.520328480018711,0.428617723869071,-1.05936287679831
251,38,-1.70424704182518,0.0828607364981554,0.02166988784295,0.651417787116504
252,38,-0.638165215476986,0.913384285721221,1.87831265813175,0.72757012683553
253,38,1.30300080082491,1.5949574380791,0.296990417714731,1.09986699279908
254,38,-0.945134033406604,0.365544280885383,-0.727244675917105,2.14913315967782
255,38,-0.254631229427561,-2.32571533014752,0.061422027347148,-0.209661856861085
256,38,0.290161712351903,1.72259528314831,-0.72232311510345,0.0207061214685441
257,38,0.773671259828702,-0.877118584503984,0.252693705012563,-0.141560607123343
258,38,-0.440035471732016,1.37584279424683,1.17928597887787,1.51414625335354
259,38,-0.871173948836396,1.10394869568429,1.2219525440088,1.87339726310716
260,38,-1.77369219372553,1.91280288925993,0.655654089931166,0.253146847306882
261,38,0.878738794835899,-0.858040675194119,-0.948048595745978,-0.283900124117498
262,38,-0.419457008093298,-1.08046704048035,0.980852453731889,-0.997644260723354
263,38,-0.723030474083987,2.69731116440782,0.245352076035831,-0.305010698460005
264,38,1.79432430902841,0.498913437706136,2.7606333096182,0.207379891552299
265,38,0.465364026385074,-0.748991694180126,0.387911224725763,-0.517507259868699
266,38,0.937533696916485,-0.47651980951237,0.0775107940757208,1.86637313879919
267,38,-0.401872095517086,1.10245318900764,-0.0474489667517106,-0.189255515457841
268,38,-0.231467753645069,1.3500094736254,-0.0958535704410344,-0.233534454584698
269,38,0.428073553016004,1.19224121658082,0.849640935164784,-0.533630947970161
270,38,0.488246514136607,1.29475069798169,-0.207726723459625,-1.80484190895116
271,38,1.16678135943187,-0.0878462158589561,0.558232279823688,-0.211586463032653
272,38,-0.942925489169269,-1.21706937617695,-0.0137506557139398,-0.970039437929536
273,38,-0.613723291746471,-0.551241557259827,-0.0404191089566363,0.883304214255496
274,38,-0.301265704099304,-1.18291766639996,-0.685944254520358,-0.617572104827252
275,38,0.0894482268674377,-1.11119729092126,0.218735102138246,-0.318528365954202
276,38,1.44343442180489,0.853270201635974,0.803346927426215,-0.72883236248004
277,38,0.0547621343895339,-0.43652507891144,0.796035813805551,0.314839560941208
278,38,-0.00933442879239537,-0.291879009112045,0.604053854675921,0.0836462407892261
279,38,-0.391478355048635,-0.410977198160063,0.536665753881891,0.168205301693208
280,38,-0.136167567884968,-0.418700450186169,-1.72216390243377,0.998899317140028
281,38,-0.438734750942255,1.75045064169873,0.115809813326788,1.6012188017891
282,38,0.561476110943064,-0.46532308841181,1.07026198647763,-0.817621249637322
283,38,1.10590456251976,1.029408826774,0.956057129642898,-0.451786840982204
284,38,0.815918405584302,-0.711153385423698,-0.324542911919405,-0.290789182057294
285,38,-0.991263545028655,0.000330485665265333,-1.18729121526101,0.755490134353891
286,38,-0.627031114587152,2.07829456167235,0.721754048510509,-1.1760575188226
287,38,0.775066073365246,0.566918451389724,0.138077898609477,-0.19900893193171
288,38,-0.610980216608647,-1.35714219683363,0.861604024184207,0.221952220305168
289,38,-0.451573235272157,2.72825432929923,0.37874061497529,-1.82149302559665
290,38,2.63959167767341,-1.06724094785888,0.675748739264495,0.291725552742005
291,38,0.75519219707056,-0.0448035480790372,-0.57682195674527,-1.51906057026087
292,38,0.120745328868363,-1.03291526872946,-0.717881241685207,-0.693995070518773
293,38,1.6552024294614,0.311331042191878,2.02412794883441,-1.20712646402115
294,38,-0.732615737602387,1.36096059033487,-0.524662397918136,1.04212062363003
295,38,-2.14552446829536,0.564070717345631,0.347004151693666,0.325992674902656
296,38,-0.771108507230572,-0.86641010806429,0.165481254382553,0.848057270475236
297,38,0.343882120305834,-0.35620114401659,-0.445827220561503,0.610302189676851
298,38,-0.797589858931545,1.4020915975205,-0.835538121676044,0.161035892390616
299,38,-0.528977500020945,0.816288453691697,1.32250723166572,1.92552831736931
300,38,-0.612968285610749,0.518944903501937,0.528686820735672,-0.410660110539195
301,38,0.483365717015728,-0.41133075882356,-0.289496629050412,0.774856329936749
302,38,0.694227165741833,-0.595007494464468,-0.911621340263128,0.754751975088786
303,38,0.444795081653074,-1.72277498167839,-1.67320955180624,2.31281443743714
304,38,0.00178088676907801,0.285069540579252,-0.875141982417869,0.14798154893905
305,38,-0.286945160335759,-1.02759153219449,-0.650149784885633,1.92049788472988
306,38,-0.164482603574273,-0.574968865015892,0.634493291416986,-1.16265807532461
307,38,1.80985220045593,-0.0443081914677737,0.496782695321153,-0.862394762086429
308,38,1.53784610961393,0.216476760609382,-1.82665181143466,-1.17574893560147
309,38,-0.821305095390507,0.203294787861624,1.50427842551899,-0.140864267283005
310,38,0.686627074883348,1.68299910270399,0.443109617309364,0.868804478083813
311,38,-0.291139127841713,0.100435495273982,-1.23209005998861,0.325469408412707
312,38,0.392584939213166,-0.0269065153384438,1.72372489073032,-0.931572180968147
313,38,-0.158792767749485,0.348813743762515,-1.6235571222134,0.536489144411886
314,38,0.422377008835038,0.401422509694935,0.0735020599022913,-0.993207307268486
315,38,-0.216191606229509,0.766252480805549,-1.16788468614595,0.0156905811594752
316,38,-0.920289370049473,-1.27920669802347,-0.60010158296022,1.54576924198669
317,38,-1.07790251252859,0.346688711617558,-0.943825237693888,-0.619807069036165
318,38,0.00512270910651996,-0.982540834682658,0.266427564545364,-0.795690936560924
319,38,-0.763264223869016,0.102702911316323,0.585278952550041,0.123874319541072
320,38,-0.865698462693022,-0.585588263145344,-0.724332972623164,-1.4757605242035
321,38,-0.285813035253373,-0.214513517222905,1.4738061911295,1.29763356289272
322,38,-1.52754713599388,0.0833326844168597,0.883209561915425,-0.294736969843989
323,38,-0.508698961682548,1.10628209290249,-0.0761706811315621,0.351655316727146
324,38,-0.280885780884597,-1.34856417478819,1.65151281920058,-0.0247508201656219
325,38,0.145007944741148,2.13270713870135,-0.534516492910949,-0.500974046954211
326,38,-1.41750333745108,-1.1474089435196,-1.07311108153897,-0.929611774314395
327,38,0.0354373133185917,0.550269015202115,-1.05048710777121,-0.494470873056683
328,38,0.628488972321532,-1.19748383111348,-1.8614601161595,0.280741007335891
329,38,-0.24115692575204,-0.871837427957378,1.40023193576384,-0.447809847481637
330,38,0.144955354783242,0.956528932118457,0.257608390133717,-1.39165782047986
331,38,-1.2379447200731,0.378693523246037,2.1028448916451,-1.58378099136875
332,38,-1.56465216348717,0.0420750609317559,0.302606949050802,-0.46333525218162
333,38,-1.49254597160512,0.074319858712924,0.393085080565472,-1.36727356991339
334,38,-2.08047867436656,0.533611108523467,0.0232739401825614,-0.24969240607078
335,38,1.55191174570012,0.745953660358973,-0.763945945090484,-0.771472289511379
336,38,1.30970174498075,0.367612496167251,0.142731659694048,0.72418635337909
337,38,1.69259539484468,-0.235009599304735,0.576673311461128,-1.57775827161306
338,38,-0.400166295727064,0.477263468274803,0.531630589633383,-1.05631782791593
339,38,-1.52053262596439,-0.311033842286802,-0.341188188174404,1.3221165496206
340,38,1.29745196805226,-0.9941718040971,-1.09773384395492,-1.80900435123049
341,38,0.751124943159612,0.0953413977991732,-0.5392338940999,-0.892142537986748
342,38,0.64311929532832,0.352593796240493,-0.154205519364082,0.0255166938244162
343,38,0.0302480111437507,-0.158679009909885,-0.180237180910863,1.25583753442954
344,38,1.02318147075644,-0.783604094632368,-1.29774351560782,0.0396533592940043
345,38,0.298559895672203,-0.098180475730148,-0.219417756154687,1.72415346281132
346,38,0.235073841819756,-2.38120925913279,0.439565825055853,0.263352332321902
347,38,1.24377030441291,-0.237560811638542,-0.779537570443437,0.776022443223877
348,38,1.30380941579331,1.0230105789417,1.54439623651849,-1.88290709416315
349,38,0.00735851486395023,1.44372951614902,-0.280119102133882,-0.47461059739307
350,38,0.36497794704271,-0.0262370328978917,-0.0626909664649844,1.19565728924048
351,38,0.481455188217346,0.172834596743635,1.49853415441831,0.951073434682891
352,38,0.984201845726085,0.89104429470297,-0.823210635463413,1.82935488351719
353,38,0.0755405028818318,1.08793901393092,-1.41276486585696,-0.03380893789117
354,38,0.751792243347224,-0.15657467040283,-0.833296269225043,-0.702961696246085
355,38,1.00665621384693,-1.28954361349855,-0.136501412274059,-0.41290910828902
356,38,0.773929905843727,0.297961530736243,-0.488039110599116,0.62976342660714
357,38,-0.0722324713340258,-0.268842850130346,4.28897055512005,0.569709762772855
358,38,1.62515764380391,0.714277191861346,-1.25228989460265,0.713284604883753
359,38,0.506022578289263,0.388814092277622,-0.717804765996487,0.0721766899757465
360,38,-0.509693934261608,1.42793658539793,-0.0550725417848682,0.69195527709624
361,38,0.128957090250432,0.497772023407889,1.7271477802934,0.109556438732483
362,38,0.372221585130863,-1.41653884650475,-0.813394798341927,1.93374406300301
363,38,-0.643218236420638,0.463299514642613,-1.88522842169343,-0.109679687164664
364,38,-0.223946727058512,-1.09573292311466,0.810999611924758,0.842845019851232
365,38,-1.17569443963825,1.19360678896647,1.88928512380316,-2.6413582324107
366,38,-1.57661747717082,0.289995082281652,1.86304996064075,-0.207087870732786
367,38,0.0262427552262264,-0.0206882583486264,-0.600657407501706,0.237307602551582
368,38,-2.40960149552247,0.984880813718647,-0.15186771642445,-1.79417559334162
369,38,-1.01185775010568,1.42148808094257,1.30347094395455,0.644514638754906
370,38,0.161844937327085,0.256275413625453,-0.475122595920487,-0.279571804297365
371,38,-0.0357214519671719,1.34650185047799,-0.755097096979238,1.02125885254674
372,38,-0.298785259721276,-0.154865759284813,-1.98573597704182,0.540750098991974
373,38,-0.115199262460407,-0.578252988890067,-1.06756144435463,0.807291277082648
374,38,-1.46109325121902,-1.2229350213392,1.43192271417645,-0.498381095452447
375,38,0.118985513750071,1.59423615761013,-1.17178992435136,0.0277777645647914
376,38,1.38474429457525,-0.0157159286717531,0.341323198331975,0.16010753424913
377,38,1.10269804744374,-0.21474503170681,1.40209944041428,0.653680662740888
378,38,1.9922403110203,0.55933753212751,0.430565317301284,-0.321121078787358
379,38,-0.718970809290981,0.115755832943878,-0.471368526830957,1.28279647830587
380,38,0.120875676845517,-0.456201027254154,1.26082874146669,-2.00479223715423
381,38,-0.587927724071961,2.14660751630759,2.14056773064257,1.34272753111614
382,38,1.34206690064692,0.174682394538019,-0.61142285106664,-1.33688483584842
383,38,-0.661332495893238,1.02622117678402,-0.463389046530356,0.512391787069177
384,38,-1.12106884041517,2.50930358604764,-0.723290996824674,-0.890518176479566
385,38,0.485474981380429,-1.04859046228721,2.00132024575642,0.673419217862042
386,38,0.582401975060561,0.882219289429107,0.665022593856689,-0.91138244252935
387,38,-0.24384987477413,0.527017804381293,1.32104422305372,1.49021425628508
388,38,1.82520973562554,0.446682564071125,-2.3566209587272,-0.880003211629049
389,38,1.70316478210284,-1.51401281950656,1.43275324555012,-0.287386398367806
390,38,-1.28990252967612,0.364973082125891,1.13381349366894,0.0121619632713909
391,38,-2.45261306316556,-0.430971159239114,0.669293952980027,1.0958029008667
392,38,1.22291933696959,-0.207404636587561,-1.12211151836182,0.810003603802048
393,38,1.14845240361056,-0.887059865662686,1.46052773546276,-0.355525401962457
394,38,0.472432683522647,0.590023641395654,0.820179217675882,-0.606264871274955
395,38,-0.15031868458827,-0.924756872221283,-0.836685754138594,-1.10879117554124
396,38,-1.0433059827039,0.00159113105097281,1.21359574153403,1.25885664446529
397,38,0.176200238113156,0.161714299550664,-1.0923773082131,-2.55797289237998
398,38,-0.941367341564359,-0.7432214744911,0.569102223419776,0.659981848845917
399,38,2.63768839619732,2.37441944808651,-0.744055079885143,0.387939744488936
400,38,1.04166815499757,0.311237256490584,0.527038083373061,1.35863128328088
401,38,0.420254378717111,0.655298555482639,-1.77097553491734,-0.893226170642657
402,38,-0.293215960227973,-0.662348432966354,0.664384892245678,0.0380476436065798
403,38,-0.107392257129222,0.433931401610295,0.155344113567957,-0.517423377837223
404,38,-0.652343510093474,-1.07641774851499,-1.6728781433416,-0.153092382312704
405,38,-0.0285124470742171,-0.984887223456385,0.349814625528978,-0.683709003857312
406,38,2.13706846037694,0.265867762749466,0.64492914649718,0.955875911338823
407,38,-1.05402613270748,0.518306353375304,-1.117101594994,-0.810838790427685
408,38,0.702076201904109,-0.951295230253609,-2.07402011661832,-0.602306026004309
409,38,1.70031987297112,0.665705543421846,1.64238726691618,-1.94594409640586
410,38,-0.468297789331079,0.272876496153414,1.23510144979835,1.27640521947642
411,38,1.40159474479804,-0.00717106812503851,1.56288006883004,-0.776586631827423
412,38,1.03942640801157,1.22908660816132,-1.76146063773347,1.58803146268332
413,38,0.457972260909038,-0.125526209102937,0.173664767968765,-0.260801031368282
414,38,0.529929662899785,-0.615195706334945,0.356829914280185,-0.268154532655899
415,38,-0.901412696350313,-0.203019611170137,0.0271481553959902,1.06679603734168
416,38,0.180914971146711,-0.481193815606779,0.529949467020575,-0.852435073126736
417,38,1.35804084528029,1.30966765094913,-0.402938040163202,-0.196826272733588
418,38,0.803105421058704,-0.110818254759569,1.14234527824156,-2.49159678446461
419,38,-0.145909455099068,0.48813871390065,-0.330922087045486,0.293155336743369
420,38,-0.410450848922151,1.89952896753686,-1.99383775833415,-1.7321754443913
421,38,0.483067632150913,-0.599948193479863,-1.88606126618262,1.20963005967075
422,38,0.0120095189127724,0.760245388972469,-0.23508492185176,-0.466897387003189
423,38,-0.109486383939009,-1.40723514818938,1.51511634262944,-0.190347636839485
424,38,-0.919142006038694,-0.610527274492359,0.738599951727542,0.761818311765917
425,38,1.51221790261151,-0.815028582622949,1.03332046208054,-1.0356617975237
426,38,0.879871935774587,2.21263469844916,0.0526883799071818,0.754151939013089
427,38,0.387688102081977,0.730671026889075,0.716710071319011,1.27299794045288
428,38,-0.231543176342367,1.03937023129512,0.669386158187586,-1.61447809916273
429,38,1.38510991059199,0.0514018846999368,-0.852938853038536,-0.728723724099876
430,38,-0.531041946697785,0.093360416255661,1.47430904991305,-0.932843223739012
431,38,0.411650809788393,2.30207795173663,0.272606861835246,-0.167970332422309
432,38,1.18427275335794,-0.447792195000831,1.17006420885015,-0.670052785648498
433,38,2.38353870191079,-0.82544931499206,0.217063354584791,-0.123478796623999
434,38,0.72364378235124,-0.563087430034929,0.179823565050305,1.11739432223042
435,38,-1.39482008595922,0.700961307851327,-0.0787861276306603,-0.279217169530396
436,38,0.424164581531883,1.26365331796708,-0.027186541284978,-1.16295416784228
437,38,0.195103645265726,-0.35070070474483,-0.711063673411619,0.640412645010667
438,38,0.0658372494459624,-0.805227615984871,-1.08434965997182,-1.94891188323739
439,38,-0.077178582225114,1.12165126457363,0.581317670693616,0.187587382963001
440,38,0.663081954325824,-0.535136387452453,1.64552850404462,-1.78470677283334
441,38,0.0860594194740921,-0.316553135627728,-0.822398026387597,0.359515384953956
442,38,-0.231022951325913,0.225593037103009,-0.929832090455521,0.570438871524092
443,38,0.207010681538524,0.682131946530754,0.352128039234111,0.160358142250313
444,38,-0.0991143410436331,1.70625779352962,0.243158728331207,1.56484546094991
445,38,1.27831865968174,0.831286300842146,0.725882583741287,-0.0251323997365122
446,38,0.964470640805664,0.992730024327578,-0.656506930177952,0.417942838199248
447,38,-1.10275688400742,-0.837880161251113,-2.57974119864384,0.78402787472579
448,38,-1.32429345224555,-0.891231752416591,0.40707695042814,1.27285307327714
449,38,-0.432225341591642,0.300089839591129,0.896300463622299,-0.928752790429796
450,38,0.0973396350423202,1.55112590608919,0.400748960826918,-0.941346750207098
451,38,0.0346606076218749,-0.72086313480181,-1.61269638987727,0.295686067892432
452,38,-1.11056272011584,-1.11573273136772,0.120334792654182,-0.47726794493989
453,38,-1.13557214761703,0.138516257299342,-1.85257378218527,-0.100843297066176
454,38,2.22998862146081,0.887326069831898,-1.64499090051503,-1.29021336303667
455,38,-1.00110371202002,1.23457664974397,-0.112212369623496,0.678264713166837
456,38,-0.317567658790285,-0.483069198623763,0.0824165831920478,0.941021108777637
457,38,-0.643353573983229,1.06376815469633,0.212041372212107,-0.203841277746446
458,38,0.248195533512843,-1.61381787825169,1.67765319340324,0.0885346671961871
459,38,1.5073941009813,2.00552297186493,-0.402632249264729,-0.536524223471854
460,38,0.208052201349423,-0.331697466722224,0.510478561843345,-1.97028114261483
461,38,-0.936700456698468,-0.204312145269594,1.8770940800636,1.48709556922928
462,38,0.0784610933059944,0.917653791210928,0.578392709366711,0.370483882883792
463,38,-0.674748875589044,1.19626008585602,-1.0006729037384,0.877236259044758
464,38,-0.357572976618488,-0.155814124188559,0.0815781919227716,0.00852895425313613
465,38,-0.433906471214825,-0.197605913070735,1.80152970694695,-0.373191681027797
466,38,1.053740044911,-0.8816288838454,1.21699979005256,-0.506484128802464
467,38,-0.666288714436308,-3.44702753371489,-0.141432281025368,-0.182874716562803
468,38,-2.47623691993931,0.791675182157015,0.475415911808495,1.41531541166918
469,38,-0.834085791042682,-1.39534324211156,-0.428473021463702,0.974233521476214
470,38,1.53581776708652,-0.796957345141464,-0.149461726205422,0.119154963172621
471,38,-1.43607627364162,1.1960911922141,0.446736541706663,-0.241144150450453
472,38,0.394509843829117,-1.28060137468652,0.392355141343404,0.939172962059756
473,38,-1.13677394245442,-0.665163599237776,-1.07233524958004,-1.52865336041657
474,38,0.298872649147597,0.877561794885855,1.4898563336817,-0.800806906846091
475,38,-0.650293975903973,-0.492153226278432,0.310564520007782,1.73231527021352
476,38,0.7589895357613,0.432652258334045,-1.64669086499294,0.483219103157363
477,38,-0.415090723477147,0.412295441985502,1.24883664792593,-0.629482538482091
478,38,-0.00390023446804291,1.9321682595216,0.600233398605512,-1.13956459725149
479,38,-0.82186658486226,0.956660229032065,1.19901195640731,0.0651620270316404
480,38,-0.281857898995279,1.73842490205362,0.00141336774446052,0.931749754797198
481,38,0.587901889276891,1.90979121898816,-1.67222406676518,1.48241394779002
482,38,1.14913154802202,0.400593892919418,-0.112470537731579,1.82626359006075
483,38,0.785025341036227,-0.0773396445519461,0.416559152923042,-0.421271557211502
484,38,0.327377219858627,2.08691503785316,0.0212520890829516,-1.83500534159072
485,38,0.192883229549836,0.107023070941751,-0.830099460199066,-1.10284282336682
486,38,0.0632341909890731,1.43507761096498,1.16639153315892,0.976248518768354
487,38,1.76667981412516,0.146143394894481,0.175315599153135,1.52132411466692
488,38,0.353706349178335,0.409923272563381,0.628868495976598,-0.771997417870724
489,38,0.463656914192613,-0.230178973690408,-1.42065006318612,0.824539036308046
490,38,-1.3257932414103,-0.617433083473928,-0.235362939187474,0.0344751438265861
491,38,0.302701344405294,0.696830705375371,0.224172073299957,-0.707005451439711
492,38,0.688992330089107,0.797532063294591,0.0117481518437551,-0.798972479515435
493,38,0.277458103582135,0.169133141334402,0.521916017506268,-0.261543753686627
494,38,-0.686830403356984,-1.20192918677882,0.715396272069601,-0.797063742547361
495,38,0.511479480985836,-0.195432842154538,-1.41356647790224,-1.03955532010397
496,38,-1.65910534986349,-0.935788949838884,1.04078293059029,-0.482817268549454
497,38,0.207837480985435,0.638227900246783,-0.0865435758623112,-0.531378304523576
498,38,-0.805249151298664,-0.373046596233967,-0.363981741847289,-0.791388969225517
499,38,-0.750276449001039,-1.22497408432322,-0.987828569166268,1.06937439343699
500,38,-0.00638891152883303,-0.260302264274108,-0.553498908300738,-0.30874105579146
1,39,2.33939634828651,-0.713609597304577,0.139408285331549,-0.503408718400461
2,39,0.164013720872602,0.171536990913634,0.0726807362740716,-0.536483602468503
3,39,-1.56200702649837,0.803801735257982,0.627772461843735,-0.0727493522159314
4,39,1.02739959345078,0.281457408730685,1.03278528104258,1.66772296165256
5,39,1.36558281636014,1.66824936513756,-0.826540660367464,1.5296044736963
6,39,-0.00480339523789844,0.753829123104097,-0.354657731396395,-1.69134486022304
7,39,0.883555018781066,-0.173216067479719,0.781596221938761,-1.68172551830519
8,39,-1.49993926662361,0.21899594331987,1.2412886580343,-0.0806808652174918
9,39,-0.469653535996607,-1.28703862370575,0.249836939854574,0.351670764441612
10,39,-0.513414211290966,0.341478776160021,-0.701182271750125,0.193518049156443
11,39,0.701611359790854,-1.02544291139837,-0.0564727380662128,0.683521276762796
12,39,-0.0432237444922698,0.276998315506906,-0.403392475902639,1.76304234314922
13,39,1.58116523163773,-2.34176237915152,1.39467853107809,-0.607689147305024
14,39,-0.385795133388629,-1.59349315506069,0.034609607519182,0.359433249080227
15,39,-1.51196906170161,-1.71271975152928,-0.765789708231071,-1.55484508381568
16,39,0.782890796016574,0.736947348296043,0.427898317114531,0.235272638391794
17,39,0.021343768114775,-0.863712637193602,-0.230124603985741,-0.431870968492793
18,39,0.567669219864815,-0.691797678950402,0.14664338833788,-0.493668673237703
19,39,1.46394416031256,1.53882699747793,1.3215850945402,-0.326237774247151
20,39,-0.449497821698162,0.199144874236056,-0.572021795265641,-2.25696567452457
21,39,-0.0094674025803024,-0.10005035046544,-0.841042717219652,-0.193505180339966
22,39,1.19149988402691,-0.22379412127991,0.942192358634777,0.9861496999726
23,39,-0.100000348491138,0.54033300083214,1.2083330726613,-0.411667061129679
24,39,-0.163921926674217,-1.13066102175083,0.666048833844012,0.600577179314235
25,39,-0.612589627351801,-0.165970906407236,-0.725583000817465,1.40555084152654
26,39,2.83737876059039,-0.768578359383114,0.1989264960676,0.730878468173855
27,39,0.120286946752241,0.472617596443189,-1.5492242962073,0.0380457462370344
28,39,2.12525867306167,-0.861173356402773,-0.418170283508381,-0.654383140638105
29,39,1.80958680286451,0.510622231878095,-0.600289024516276,-1.49460512809735
30,39,-1.04698342330883,-0.568148472926047,-1.37129954963441,1.14974320484638
31,39,-0.411222570650327,-0.0816713075296386,-2.9909867799344,0.382394717454455
32,39,0.0869378218626118,0.605716265447298,-0.182001810668022,0.0904163388071047
33,39,1.11418054053249,0.371952123195067,-0.191360291877983,-1.37516674862863
34,39,0.289035708817592,0.217931510742566,0.94199495580709,1.55101202287781
35,39,-0.321255409941784,-0.594390712553556,0.499172433551926,-1.98082685197262
36,39,-0.771913675503921,-0.216153694493654,0.0748972164166347,-1.27289290565719
37,39,1.30179742666488,0.170126601582197,0.0350591301738537,-1.03853270802879
38,39,-0.729087450803402,-0.766584094961509,-0.552420820174919,-0.528308261271751
39,39,0.199068169486922,-0.411508172270102,-0.982351858695533,0.168722116700143
40,39,0.596691039799445,0.0739946829156797,0.591014918222222,0.285653353710691
41,39,1.24329131224715,-1.07888202701409,-0.203041005393046,-0.600593429174374
42,39,0.713793620374982,0.434383147312838,1.91782185269649,0.0677455367043787
43,39,0.431174539060576,-0.584397081883257,0.491130306707288,-0.229610250775176
44,39,0.560754823911328,-0.527220863581527,-0.0607778357804355,-0.993791142509985
45,39,-0.819101489457002,-0.61729238482184,-0.18912489552136,0.598972902939633
46,39,0.415341494899823,0.316303295181228,-0.402640752826348,-0.0889182152933865
47,39,0.559688687222273,-1.09765940218707,-1.90092960535493,-0.493103499351815
48,39,-1.72926397234684,1.1656997601329,-0.620755583074109,-0.848019759367638
49,39,0.553102539870003,-0.77114844050818,-0.202974151915994,-1.16733185271037
50,39,-1.84538779632101,-0.0932632494183196,-1.03511223033413,-0.799697927475836
51,39,0.792958751015163,-0.772822123061825,-2.28493035509637,0.661402422151782
52,39,0.45208965896292,-0.932589023063601,0.929341751909809,0.402799964799932
53,39,-0.52742694655341,2.27645967899244,1.66857765912382,-1.60345021015046
54,39,0.523557082289767,-2.3921799725946,2.19725009069083,0.655578989353258
55,39,-0.126669456822236,-0.433736026984822,-1.17489616627742,-2.09043551622814
56,39,0.737828388581665,-1.241521307732,0.783054939637499,1.93817304171137
57,39,0.546402707301527,0.423436626636462,-1.98210233051145,1.00805398365159
58,39,-2.67574529411566,0.838874817852876,-0.299039955019868,0.335233792108711
59,39,-0.950891832699229,0.276567190743369,-0.682412790361309,0.768401748916071
60,39,-0.925227020111745,-1.1682562664431,-0.140343342443929,-0.161907308824289
61,39,-0.441895555262306,1.42554859865314,0.232130502135755,-0.0314962618940954
62,39,-0.353444167173485,0.320479216669999,1.14361483579832,-0.595124299592673
63,39,-0.687017674360753,-0.894156286824209,1.05188332600429,-1.5566853887877
64,39,0.929050947772148,-0.337398717746219,-1.41019841691582,1.36395333733509
65,39,0.876949692924027,-0.0817998576876786,1.84927699034352,0.358677100570265
66,39,-0.122643821020227,-2.43802244961555,-0.474261225436935,0.18516932174214
67,39,0.422086270674336,0.293280502647208,-0.12883211780436,-0.4611827773642
68,39,-0.0746138442912892,-1.14563403569029,-2.26511935012786,-0.920956170462896
69,39,1.01158688983741,-0.426596258717046,0.266519256490846,1.20602346459952
70,39,1.9940974483855,0.175670731626268,-0.1222651145592,-1.77702827713919
71,39,0.709361674801952,0.178822655119245,2.02560567869217,0.0894698620951969
72,39,-1.23778725690671,-1.22923109124674,-1.40595929501014,-1.03408729962564
73,39,-0.879306753734658,1.62478748819465,-0.644151856588131,1.36086083345766
74,39,-1.87865883687241,-0.374392675907838,0.0156553141829876,0.658713898123681
75,39,0.421689336082866,1.7019870586478,0.839046761666199,-0.285637627671009
76,39,1.4486829121029,0.440224092786737,-0.93743498689775,0.708603601668209
77,39,-0.722760958812948,-0.837089443518366,-0.216676041843916,0.522693681143975
78,39,0.0612119288994771,-0.569559914090655,0.315822991737862,-0.424466278048167
79,39,-1.54873588110242,-1.33138422065324,-0.465329920381763,-1.19383424853686
80,39,0.519470269598599,-0.734191308165461,-0.496749204036279,-0.218975782123569
81,39,0.556281202615046,0.180396478974116,1.42216893739231,0.176264910907791
82,39,-0.0902812864864943,0.788223104883592,-0.00483145962901755,-1.17536992078891
83,39,1.51109925226503,0.428221841303989,-0.0368905813806924,-0.808528238294356
84,39,1.42396289566276,-1.42123761844252,-1.65142770733514,0.100860462071003
85,39,-1.40916753070936,-1.10018743608315,-1.15455008924079,1.77452908410366
86,39,0.615127977972426,0.949622809597262,-1.20408804126294,-0.84399510351536
87,39,-0.613751933517462,0.648581107506178,1.05771522267186,0.816440837198001
88,39,-1.39279687797112,0.414866686817529,-0.138758051230704,0.173931013661588
89,39,-0.700868978559482,1.35127521355802,-0.696892616658556,0.448815229048611
90,39,-0.636113562513716,-0.777278011294647,-1.11786442199781,1.58543541900214
91,39,1.37141859691903,0.428326184360144,1.42056737299351,0.798490595101791
92,39,1.43028660441012,1.06390623574229,-0.222785702914367,1.54189305867193
93,39,0.548034387186725,1.12187300244867,0.880134706678485,-0.57341328990203
94,39,-0.203075135249411,-0.675850320607069,0.173755916579967,0.62200081322958
95,39,0.378459405946331,0.856761988757734,-0.919953545760423,-0.595737615295518
96,39,-1.18315366075382,0.34421016265929,-0.107409962703248,-0.584977981887037
97,39,-0.1394411316818,0.554954896544784,-0.39890847943372,0.648572925317653
98,39,-1.42290543105018,-0.530588043344757,-0.647199580657994,1.01857687757908
99,39,-2.6994248948428,0.434204538260605,-0.671111795317285,0.281438686441351
100,39,-1.11989679657069,0.958837761500613,-1.47300755370803,-1.87239995003783
101,39,1.04471951807293,-0.0581629821206346,-1.28539094822903,-0.698127494346128
102,39,-1.83036150484494,0.509635835653646,-0.248023607000439,1.04010108693322
103,39,-0.291384354400184,1.4670056888944,1.03878939101464,-0.685626021086103
104,39,1.07731263492638,-1.48210256962849,-0.81757350483884,-0.184167846557913
105,39,0.707424352673455,0.101466491721921,0.938261927210047,-1.27279744404079
106,39,-1.00690074170142,0.337859381774061,0.599520254896875,-1.16412794745221
107,39,0.134041998440906,-0.548810839669462,0.361155678997272,0.645015892998887
108,39,-0.331373547580584,0.647976640332057,-0.714620367061642,-2.43027848013029
109,39,0.769907296932474,-0.196399689706346,0.404033002009183,1.25819421105831
110,39,0.0189356798653567,1.54316847216154,-0.137638675880889,-1.09560701738455
111,39,-1.35746285189687,0.0178162584525303,-0.346157325633541,0.703267389431843
112,39,2.12446202695598,-2.50713201920697,0.627097915343276,0.657901010350283
113,39,1.8282105421631,-0.9409611621167,1.86730010588445,-0.753077672937004
114,39,-0.113621020864865,-1.12920863268931,0.64600397567341,0.325077380783826
115,39,-0.122096200354618,-0.287486750309807,0.590410979677323,1.82002838815626
116,39,1.38208327384249,-0.749639519593613,-1.31980138916472,1.35555598927603
117,39,1.15111263024444,-0.589909006515564,2.27719098484865,0.885256758111428
118,39,-1.86890061581897,1.40736825830328,-0.621075375959646,-1.35926602876551
119,39,0.231429385828837,-0.76952193054884,0.919080738203844,-1.40972358214949
120,39,0.108738138365353,1.1642405234068,0.0825584055080532,-0.172515342375708
121,39,0.973799761399024,1.13564858149607,-0.287469735407342,0.0219952710967982
122,39,0.84878478989578,-0.942392288297351,-0.0104724849682363,0.24234943340799
123,39,-0.0903112373030355,-1.05284679799562,0.138464546903288,0.284405829782421
124,39,-1.52791296504392,0.785169674195773,1.29809340644779,-3.24555130041975
125,39,-0.929077202669651,-1.03420432420603,-0.199380289575827,1.70753793987457
126,39,-0.638072332503332,2.5593180374349,0.093266780584674,0.953003070153901
127,39,1.78916703175576,1.07748680985204,1.19747033013978,1.37416691789965
128,39,0.610417456665025,0.063900902958089,-0.0204450230829296,-0.0405218789593575
129,39,-0.593739660696835,-0.619269487737074,-0.35920086421959,-0.60273270463249
130,39,0.631792703178481,-1.34350765718091,0.209185840968903,0.108921811553493
131,39,0.949033932398526,0.466064631378767,-0.416152168626065,0.56858923989934
132,39,-1.15391654995581,0.33557463166008,0.0402102970255509,-0.449628885177788
133,39,0.291463229360385,-2.03095096359847,0.842906364404158,1.51274948302146
134,39,-0.181690033876077,1.5962714416081,-0.999481317269954,0.320704064967477
135,39,0.876474203129486,-1.66893442688971,-0.553575808901939,0.366105091781456
136,39,-1.0671788889993,-0.689618049779071,1.06146948919659,-1.54010054507921
137,39,-0.485167245194931,0.553939127564382,0.467484274323017,-0.229202238602849
138,39,-0.693549818616479,1.08202059080557,-0.651652662250029,1.03449128840698
139,39,-1.28434149236448,0.226731366960055,-0.903848014973998,0.0596073564066741
140,39,1.17911610158048,-0.719959989702033,0.549342989415321,0.754366930501442
141,39,-0.0434758419744211,-2.00801226018857,-0.543241816989033,0.127031528501556
142,39,-1.48890810136553,0.635136065716478,-0.249549660141858,-0.812896445811532
143,39,1.27172078623472,-0.109413764764531,1.01311063287492,-0.101673091541342
144,39,1.0167661713739,-1.31985471489562,-0.418818763468757,-0.678831825342105
145,39,0.528907116532316,-1.09247500123754,-0.868607372689744,-0.749312070642337
146,39,-0.687868169774606,0.269785908306813,0.691416276969666,-0.0424273742420219
147,39,0.972632899701539,0.941263085889437,0.656042030037335,0.575642747695588
148,39,-0.530985456510967,-3.4545017035446,-0.602794185554628,0.481384373030088
149,39,0.147081709674287,-1.43422618256159,-1.42402806205421,0.274289121765326
150,39,0.164325440855256,0.87305414957496,0.0723560585804559,0.481555887396475
151,39,0.223152727556808,-1.36891477279413,0.00569406386507598,0.215235503000989
152,39,-0.741317922336336,-1.01726619839171,0.562741198762411,-1.18390108823879
153,39,0.822583367721764,0.610999146571679,-0.63780551066172,-0.332488859757835
154,39,0.22946598386418,1.16149691539911,-0.0219742241767809,1.74250705007116
155,39,0.654646183105703,-0.393549970213481,2.82560876102159,1.19285820785642
156,39,0.686495257989835,-0.00269325436120772,0.515203456330426,-0.921365307929851
157,39,-1.39242455980238,-0.0107726566407952,0.965125236643702,0.390474091053687
158,39,0.745176052443897,-0.577874219281428,0.755658707161346,1.30406281930855
159,39,0.511800602288719,0.200773725629644,1.05378240524093,-1.68007469223607
160,39,-1.3189123959706,-2.43526540823076,-0.578172273512969,-0.631878615225355
161,39,0.0953857569858919,0.0724031051885433,0.716089222011565,-0.0820806625986136
162,39,1.82117889595873,-0.655870279356908,-0.571536006013915,-1.20369098995064
163,39,1.18288917559998,0.0659774042678041,0.482991166499387,-0.329315021359335
164,39,1.76939424052992,-0.763124054565265,1.47147802735197,-0.564228091294823
165,39,1.02666827364223,0.510834750609225,1.02415301959319,-0.202559575678052
166,39,0.66096424795781,-0.327545360648434,1.5772837927583,1.99365650136988
167,39,-0.515389274748601,-0.260319274385325,0.577781803558328,0.593009493839933
168,39,-2.5024757084315,-0.9183045404034,-1.11295645195778,0.307000975233461
169,39,-1.79388715912972,-0.608275263046379,-0.333029724311325,-0.126138620253824
170,39,-0.844000086412146,-0.83966412399846,0.723077610035471,0.457026131589452
171,39,0.773154926298064,-0.132838284078815,0.280189045078617,0.186859829681393
172,39,-0.654201982699865,0.0437462263545228,0.702230746480658,-1.00311926568712
173,39,-1.53739502213445,-0.976906583211513,0.0229322994450756,0.636806113038823
174,39,0.602500342197898,0.380688772012567,-1.15796659382949,0.141195577741786
175,39,0.803391626275682,-0.714142511007794,-0.413899131011631,-0.605957742260382
176,39,-0.460486674668741,-0.738351995981794,0.344082995833818,-1.66998054125489
177,39,-0.207385463519503,0.584664842790113,-1.27051215903954,-0.60703423645967
178,39,-1.21865138450368,-1.0548537266601,0.941023356123244,-0.637521250061572
179,39,0.687682145961683,0.48288898820796,-1.10054155950536,0.84672583698727
180,39,-0.604137626603609,2.24476509982072,-0.475619862865446,0.373631043973961
181,39,1.13249305563533,-0.409575584111479,-0.363892865374226,-1.10091249820727
182,39,1.91848520473879,-0.302591542762505,0.917093048848467,-0.381954608869706
183,39,-0.665121835072914,-1.01824649626524,0.0892889173511631,-0.121194492167399
184,39,1.13462553033482,0.553270287089168,1.53113990530712,0.344492651907433
185,39,0.828750809903725,0.0421916884730201,-0.489022269088337,-0.617846196138529
186,39,-0.295056416002491,-0.104433918322702,0.451914681889513,-1.66412645206657
187,39,-0.58220754601641,0.836078180152653,-0.0669646088556706,1.70859921553333
188,39,-0.274911398802964,-1.6229466664237,1.71853864881873,0.120997769584798
189,39,0.255960356345117,-0.436275377474581,0.794103066842889,-0.672656415632725
190,39,1.49937373505773,-0.782426053454958,-0.247130688917161,0.948986415511006
191,39,1.01276216386939,-2.68085989956581,0.611217682099297,0.766302695822002
192,39,0.850553279817371,-0.545528194389481,1.48539770116222,-0.128188839850731
193,39,1.38928098339619,-0.0105895752553319,1.51407482043868,1.03623220366649
194,39,0.103537935328094,0.272414885607936,0.420865503030011,0.914564332207347
195,39,1.19739494670535,0.640008558576399,-0.240368999203048,0.193409240609076
196,39,0.172003335151965,-0.761198424282575,1.08710721891576,0.855545865101573
197,39,-1.33064077796502,-0.459003704099499,1.18723049196243,0.389555593763733
198,39,-0.584286437801718,-1.48855783890383,-0.621401061227325,0.440332206396407
199,39,1.15792755415753,-0.897706692674691,1.49615854108864,-0.152018560698943
200,39,0.58407043592362,-0.820068755098516,-1.28468998474868,0.45093998864632
201,39,1.77895716292079,-0.612053887900597,-0.912146661385412,-0.8426924741492
202,39,0.44799187041747,-1.6124734966846,0.540757652357925,-1.28745497490539
203,39,1.41173061706465,2.49241157001246,-0.537887304885282,-0.411890517729365
204,39,-1.23271311446057,0.724126948317396,-0.125382992910345,1.48053122747152
205,39,0.0560891290629562,1.40913761857184,-0.986945799869168,1.16808763759848
206,39,0.787863980598048,-0.371680670073639,0.472503464930535,-0.0292794120639316
207,39,-1.39998131060569,-0.707336626348684,1.74279851276336,1.75064128355099
208,39,-0.886625775137317,1.44547247180208,-1.61794507385305,-0.534381024565769
209,39,0.838971721423024,-1.62693913975122,1.14501779277454,-0.232741884602877
210,39,-0.275435380319508,0.0193440750524117,1.03306647504694,0.72747211375729
211,39,-0.0833813401094883,0.0932341753219481,-0.755407140326835,-0.379614936897089
212,39,-0.397596421205401,1.30519975558872,0.569193924658478,1.04150748297363
213,39,-1.3893657921513,-1.02919940931321,-1.35829530130521,-1.24717003948771
214,39,-1.21010902872259,0.86523650755283,0.0347213789315273,-0.280267343598468
215,39,1.34819116407092,0.903911870928637,0.682846605534618,1.85269933287759
216,39,0.397334948443916,-0.375919819146156,-0.00699048763813004,-0.585256147431149
217,39,0.0344600295582916,0.394214891726307,0.863468844677283,0.460045348019416
218,39,0.428566150827724,0.874085346909026,-1.17299838213797,-0.288706034681104
219,39,0.460661582021874,1.31617171039492,0.532750351054572,1.9163153329632
220,39,-0.637599433815259,0.578585206877163,-1.49720568895126,0.0865301831999438
221,39,-1.42823459658762,-1.32170469765322,1.17734577130387,1.41529964185577
222,39,1.17692257970335,-0.87358362270963,1.32981453483577,-0.161419707014983
223,39,-3.23227191351542,0.0226097326528524,0.218321527026634,0.682674674525533
224,39,-0.698399083794276,-0.913242025719574,0.00313755587929788,-1.6892350305645
225,39,-0.0464965754962025,2.05345599239724,-0.520015367030143,0.849796888979345
226,39,-0.236600040942123,-0.285994405104803,2.88202071270501,0.446961129578439
227,39,0.878426851124262,0.754425028049681,1.60420666890182,-0.788120432242592
228,39,-0.295514469636775,3.41882122813308,-0.021359451638385,-0.0747463553448162
229,39,-0.178127180418921,0.0923729545217453,-0.671996494065864,0.472606836907691
230,39,0.0283565605947914,-0.641744178420856,0.751406136686237,0.577125877095318
231,39,1.18205105259693,0.489410218752977,-0.193964969367294,-0.285788755879338
232,39,0.274523318738641,-0.359082216000907,-1.21412864493931,-0.611825848022839
233,39,0.237994115008708,-0.745533768354597,-0.85202118850755,-0.692290953013607
234,39,0.849222367241676,-1.27042626001133,-0.682364111903101,1.73239922248372
235,39,2.92376916918106,-0.166288257394941,-1.05586636625518,-1.57890344930631
236,39,-0.116342322574592,1.60698149132091,-0.848563705213132,0.625368904770332
237,39,0.183959826955456,-0.845015045683851,0.438637728537336,0.610177951722479
238,39,2.53476669828664,1.80619311572448,-0.569537424635736,1.18130562618979
239,39,-0.189027951353696,-1.15006445956517,-0.479954319173982,-0.543196464394059
240,39,0.261932466520229,-0.478581240967417,-0.00080602602261436,-0.190833389898804
241,39,-1.28305813045103,0.843664088469013,1.05151058180413,-0.27314806356352
242,39,-0.464087964860465,-0.573897898938436,-2.86995243765988,0.377012045832918
243,39,-0.133727809676223,0.741839312118027,0.949783850044973,-2.15326040383086
244,39,0.187582166561286,0.173574332523528,-1.16289189534174,0.225613841358131
245,39,-0.579821558409185,-1.68317819366205,0.459634138832157,-0.194969490111947
246,39,-0.19431074244259,-1.03671342066536,0.214366399313479,0.896504207820499
247,39,-0.357947211876537,-1.89507159844867,0.429991882751804,0.241405466986316
248,39,-2.14984416661726,0.546343922616711,1.0287308808292,0.65038739379983
249,39,-0.174143201652885,-1.12178401861113,-0.355467837579965,0.745215177461993
250,39,0.621910630327257,2.56600257812613,0.684974803417433,-0.687750810892818
251,39,1.20418396358475,0.451708299832819,0.973008444332915,-0.568815863843944
252,39,0.0738173207317681,-0.800913001904161,-0.322846152440492,-1.84826653103732
253,39,1.90230520321304,-0.315526543187789,1.76511829742727,-0.134023714093329
254,39,0.648534286833282,-0.727638619898349,0.218104251695768,-0.944446556251136
255,39,0.851834967964397,1.48316783629425,-0.539463301018945,0.604737435458148
256,39,1.31872278027655,-0.414750460488589,-0.322452376502174,-0.681403860319478
257,39,-0.949851904014006,-1.22992135052814,-0.96020534222715,0.750682786665627
258,39,0.761944709471479,-1.60681282733261,-1.41467362290332,-0.154294507528018
259,39,0.54146686810522,1.36675140601224,-0.243109958047148,1.30010029624884
260,39,0.463284398213196,0.41187226923383,0.695328676339651,2.13851750087108
261,39,-0.753311703084717,0.206859847422414,0.0757081921537089,-0.151973307377889
262,39,-0.337035567759479,0.513405526768146,-0.0841992225265927,0.108283770643496
263,39,1.23372332859003,-0.103336821495068,-1.40341127013758,-0.816188476070781
264,39,0.0194872712130409,-0.757764815862489,0.515564824854755,-0.249778929196906
265,39,0.400380542366707,-0.566719104034895,-0.902609100615353,0.896510661287132
266,39,-0.378172989747949,-0.0967435671540902,1.74443856700546,-2.3403513731637
267,39,-0.991319755393841,0.47774456330545,0.278799172643935,-1.14156411742708
268,39,0.0970214827352515,-2.20121604101415,2.01728514286322,-0.0344169088590512
269,39,0.546230397094852,-1.80844226674144,-0.12531277001452,1.31289830311195
270,39,-0.654786483038707,1.79728434085219,0.932540866822452,0.281597152515448
271,39,-2.35759670689122,-2.9423212560253,-1.02123924808738,-2.1855773838907
272,39,-0.0461111416566633,0.137565478636925,0.690158298042338,-0.0169985866922674
273,39,0.0468795085985716,-0.147010138584356,-0.0459554348910092,-1.27659011961853
274,39,-0.260147498640375,0.795004622228634,-1.16825803223153,0.494511894597244
275,39,-1.44925820641849,0.0705656436048939,0.357757350282484,-0.788609669170725
276,39,-1.34750903066845,-1.31390783180919,-1.79918374090548,1.24458477806486
277,39,-0.841949213159813,-0.760889348594648,0.00472306886283094,0.341025374750749
278,39,1.73091025779177,0.634257256919555,-2.66084048967706,-0.876714296972937
279,39,-1.54002169726633,1.10321458210136,-1.21114233846727,1.00246469000422
280,39,-0.233310317473233,-1.66660890897351,-0.158365754089436,0.318835292818654
281,39,-0.186846178521976,0.41943127957953,0.392736227449285,0.404881206279249
282,39,-0.474739574829546,-1.30304412862336,0.0181808765027164,0.141805158978686
283,39,-0.0665921172657598,-1.49992061070704,-1.69086040732164,1.7794301355624
284,39,-0.50160249355894,0.0586337345562187,-0.0732160732825323,0.390898623264581
285,39,-0.953847127873389,-0.943679468288856,1.01050864264661,0.394474512476368
286,39,-0.0314557671493185,-1.64324427889746,-0.242014313147963,1.55001997264564
287,39,-0.370768148260115,-0.812790988818214,-1.25062761243907,-1.11478611553223
288,39,-0.483486860048575,-0.575900744661954,0.0453440800915159,0.155408316550366
289,39,-0.401520023313334,-1.98090554833152,-0.792531213795407,0.293512686189081
290,39,0.854340191000066,1.6549800002036,-0.409889268343249,0.829479051607317
291,39,0.424309661784703,-0.851057398855656,-0.287515340410803,1.66465058653587
292,39,-1.39599466896593,0.943692978230035,-0.450396249060049,0.510688962849383
293,39,0.712843366410809,0.116166777322616,0.336085743622728,1.62814811672742
294,39,0.0472976738324224,-1.31181263277532,-1.02459297618641,-0.647600937122395
295,39,0.736538624109713,1.09693353815439,-1.60905125258708,-1.43114808947202
296,39,0.104236604479483,-0.0608827166774167,0.175228930348324,1.4328257994132
297,39,0.164773138868722,1.54592252002514,-0.893114678007098,-0.0632178215636372
298,39,0.951808436180646,-0.240895698161631,1.71108948427221,-0.520955421728183
299,39,-0.292449593421861,-0.18725364177799,-1.58130707741791,1.1521626992725
300,39,0.991677759803924,-1.68866615979481,-1.56309413785861,0.802147969361291
301,39,-1.08709425137387,0.406711950622095,0.292401068049577,-0.974902746419284
302,39,-0.781019576733723,2.49979517707715,1.44745089454002,2.06995223916907
303,39,1.34022539408937,0.67021924803258,1.41208190243553,-0.407969585592188
304,39,-0.104108178684055,0.30549009448625,-0.140471881812721,-0.531516887458226
305,39,1.54822483164217,0.594964650938027,1.35524844121617,1.0097450460035
306,39,1.56998813406591,0.128319921018144,-1.01542739090613,0.717675981651292
307,39,1.1627550122331,-1.08439999208477,1.28898548459576,0.867371224305724
308,39,0.789598941142997,1.13203991540488,-0.0118113622921947,-1.43074635893138
309,39,1.80685410890033,-0.285116628999231,1.10679259197179,-0.139113119351283
310,39,1.62190398290158,-0.783336811773509,-0.788974378827878,-0.0533792290366891
311,39,1.12960013166819,-0.477177611162206,-0.583313416284732,-2.62894144398114
312,39,1.39161079309044,-0.390314849101874,-0.546630363610304,-0.651085198439194
313,39,-0.538471318047055,-0.823346308594964,-0.108400286498046,0.000976790704054767
314,39,-1.30040037931178,-0.348279346082172,0.734275381654648,-0.235900852503697
315,39,0.28387053727218,-0.33900111916674,0.123376792554644,0.794821130614483
316,39,0.139634961342858,-0.603824298158948,-0.389633915095284,-0.839769848272176
317,39,-0.70653406984646,0.761193163607104,0.465329751122667,-0.725971779711247
318,39,1.7554653176604,-0.110604332585207,-0.573088859473117,-0.693182302264633
319,39,0.43363351046573,-0.664039253767989,-0.437234466606454,-0.546915825241134
320,39,-1.05416367956509,1.70013746814647,-1.10714258362412,1.44628268960593
321,39,0.721775125417147,0.37233385117292,-0.154357967532707,0.0954330405989301
322,39,0.0306426427567213,1.84813688069867,0.157383851068219,1.38284584108106
323,39,-0.190076933632909,-0.10991068882612,0.108917979222841,3.05293382397385
324,39,2.11462860821407,-0.988806209650855,-0.272326972255557,0.867915440656248
325,39,-0.146786053920672,-0.632657390541736,-0.864128013705846,0.274805616183747
326,39,1.0372767061583,0.22834491718182,-0.659926492406089,-0.339832293955803
327,39,1.12867346554049,-0.251973538473211,-0.79158854009158,1.13989284826277
328,39,0.604214134048626,-0.748615005047677,-0.540509042572411,1.58313340812033
329,39,-0.0438170086172652,-1.51703990784525,-0.411337489195267,1.58259058285304
330,39,1.09607623612848,0.507815358652111,0.951396502316953,-0.272043830852069
331,39,1.6062252938983,2.11274212342772,-0.337695621940087,-0.670952308273304
332,39,-0.0430228502240919,0.846556391265458,-0.228173045331531,-0.303792027171451
333,39,0.235635811329719,-1.13702928576491,-0.499762106012664,0.647466212163937
334,39,0.629941744595683,0.960769188751644,0.277281932501712,-0.298522963370423
335,39,0.359976657883862,-0.901354134561501,0.989660339492757,0.921970764262064
336,39,0.881411682564554,0.71813181930895,-1.27701404151642,1.39108423316715
337,39,-0.278204971951429,0.409127038273562,0.127971601509342,-0.261418982892477
338,39,0.675906612918255,-0.790100298216047,-0.342549317651536,-0.946171247116282
339,39,1.05008195653523,1.04540363639178,0.534443132445485,1.53623650218747
340,39,0.0169842099784897,0.962391872581922,-0.149977644185281,0.0163287180666562
341,39,2.27550767356239,-0.0347251968892087,0.856634654862956,-0.688467148654414
342,39,1.62681328228061,1.28049981291556,-1.47138067172816,0.279327003150687
343,39,1.02379256272573,0.314205337892271,0.310111542518214,-0.197167868762216
344,39,-1.46675642945411,0.885341129259418,0.534823767441813,0.357668947341915
345,39,-0.00205697570550417,-0.449528726987095,-1.0687398248948,-0.436554566605021
346,39,1.68511153483052,3.19108722940179,0.871695583185801,-1.26607604924337
347,39,-0.420512984452752,0.154692396902135,0.429981215780375,0.285994573349856
348,39,1.0948722233698,0.347478938199913,-0.853336914021731,-0.283286922492953
349,39,-1.5007558163835,0.932376937736308,-2.28213239572876,-0.607018687033679
350,39,-0.722662516709971,0.233072752617331,0.910614862869616,1.51746197655354
351,39,0.307728225564702,1.0817163428037,-0.261601868885482,0.489327287162988
352,39,2.00478714389205,-0.497254249547747,0.628059778488176,0.261056417313799
353,39,0.983995152042798,-0.469449706334717,0.0813312977881105,-0.365838531422342
354,39,0.804147748151426,-0.789879680661781,-0.163826253567337,-0.329067608384446
355,39,-1.41376526835506,-0.0567103807532444,-0.601255934451313,0.483112001329033
356,39,0.726679100059471,1.4270892784199,1.14072601227582,-1.19771182946632
357,39,-1.56615827110137,-0.843549131022564,-0.687641814238884,-1.14367671023983
358,39,-1.54866069276576,-0.411641449102333,0.60506754310303,1.76186601664242
359,39,-1.34442556701232,0.672847191895136,1.00898167408117,-0.308897746952536
360,39,-0.615250950004728,-0.78923619969604,1.03191704328499,0.456765346273288
361,39,0.217772902453837,1.18200967745108,-2.13325997290078,-1.3819807845347
362,39,1.44245347671981,0.37428714878206,0.916230086457542,1.33018336473785
363,39,-0.779643207257229,-0.108026388690177,-0.823577709599941,0.202860614848596
364,39,-1.45736620998846,0.195633242784189,-0.375136539222723,0.81343382090044
365,39,-0.206919233446558,-1.44026701401304,-0.516059718388833,-1.03434116370138
366,39,0.46326766755999,-0.036751928884788,1.90658825938686,0.281986520220231
367,39,-1.42610765689938,0.800298197691498,-0.351421432350539,-0.549700478384451
368,39,-1.36809603572021,0.142719487697719,0.868959000692726,-1.41698243842072
369,39,0.526436744608027,-1.39322001700857,-0.740989726044838,-0.188852340858204
370,39,0.581896529189917,-1.3560216716607,1.53624714176496,-1.03286175951614
371,39,1.24096063108114,0.367591060063109,2.38004851360134,-1.50710859504066
372,39,-1.27488950206957,-1.7345859884217,-0.521347362723983,-1.06811143420839
373,39,0.854672615260766,-0.175939748082836,-1.82433875730694,0.81259032690046
374,39,-1.46218201651192,1.01960347672345,2.51302166784424,1.24948700979356
375,39,1.37207345931463,-1.28248654648265,-0.145728914751323,0.42623145989449
376,39,0.478426093024346,0.412997153422888,2.64531194927615,-0.66554901481382
377,39,0.750250233688265,0.625596389952489,-0.237222163782078,-1.40892574894268
378,39,-0.551899964785465,-0.302858932348517,-0.248643554796205,-0.360227519584249
379,39,-0.532519945380853,-1.8406343293818,-0.48544582202755,-0.672162084096683
380,39,0.0754021529017587,-1.09125772744319,-0.497487762171367,0.464020934697569
381,39,0.78515170012882,1.49790311582768,0.696919897164086,2.16525421995455
382,39,-0.336400315778051,-1.73441467485875,-0.932346531958879,1.05019894976175
383,39,0.687905229293066,-1.08676541679723,-0.635395842515249,-0.494088590366604
384,39,1.0190012000997,-1.58805132532564,-1.43144262484534,0.436036056362258
385,39,0.196957142141171,-0.104755487979817,-0.893473924223777,-1.41597699335006
386,39,-0.204889292794982,-0.314347059943561,0.094890326039425,0.227544654763633
387,39,1.2434422075743,-0.164356553950198,-0.379314455598622,0.893281789280463
388,39,-0.512219060458741,-0.293301468006757,-0.593283437015625,-0.658656810812855
389,39,0.864021104041488,-0.058793203688116,1.54503162075925,-2.13670813706154
390,39,1.19711790752095,1.64672842252259,0.623354868608526,1.54205913294652
391,39,-0.750190453857281,-1.24312610135964,1.09502419778118,1.36596564601904
392,39,0.58446155194025,-0.5453359682614,-0.126153821271193,-1.1106111693641
393,39,-1.195253073201,0.4652564381771,-0.437977824528662,-1.1193097948377
394,39,-0.780373183180925,0.669524769245212,-0.565914956523483,2.00634870209114
395,39,-0.79764473392475,-0.606011185392912,-1.40594741411915,-0.903354607088746
396,39,0.461212921759128,0.0151727519781249,0.104559188543777,0.275897705571035
397,39,-1.09311297644501,-0.332611994862865,-0.853687564669148,0.286150172872835
398,39,1.781904100349,-1.15816003018882,0.217711167401954,0.054198130207578
399,39,-0.766197060208471,-0.242446040260488,0.408938200395421,0.342465375301931
400,39,-0.144297244922001,-0.121146957912147,0.937082416740054,-0.317612310072731
401,39,-0.578336294575487,-2.12399977435471,0.460657383756853,2.14028450807391
402,39,-0.759455619370496,-0.45389988842326,-1.11643864963898,0.097130551672016
403,39,-0.208833799755197,0.848640278115035,-1.08710001543967,0.0660219981666696
404,39,0.634875940462451,0.00939163651947548,0.137485677209616,1.15523374409777
405,39,-0.257023812511443,1.71847835670035,1.51559555453226,-0.97157182334444
406,39,-0.545599132353746,-1.22780638421474,0.552665857385206,-0.932606473730162
407,39,0.975330027489578,-0.255427096125189,0.936836003914493,1.12482653121115
408,39,0.0879638552120826,-0.609564495359232,0.49260504668513,0.131992607611408
409,39,-0.0284135000922846,0.416908674571358,0.0661584134368874,-0.272811235066928
410,39,-0.242109234038787,0.970338367095392,0.976367877045014,-0.445356203685854
411,39,1.16631682164357,0.194585207611746,0.948619809811767,0.629354193070287
412,39,-0.606368431438721,0.415675412879332,-0.123219916313578,-1.43223912017652
413,39,1.1066269792761,-0.197301249438601,0.171663304238976,0.769261534228693
414,39,1.66443692429679,-0.00755138278328043,-1.66888954437873,-1.49794590066992
415,39,0.314310147972943,1.64862780640155,0.460676597367651,0.732033438255865
416,39,-0.224162065765999,-1.07406366980872,-0.0734706604833374,0.137403556232805
417,39,1.45451826063632,-0.878587280082326,-1.31267186801571,-0.451556956647872
418,39,-2.06797069251745,0.149306456895577,0.991597923100532,0.349005799174428
419,39,-0.325847980787133,1.0062656142035,1.35700375982163,-0.266872625106308
420,39,-1.15010112406278,0.131658633538565,0.859690649861038,-0.946240482253181
421,39,-0.467586011037745,0.451871685374545,1.54933996570194,1.00169101685092
422,39,-1.13538881676426,-0.144031735907707,0.136739681158282,-1.17154861626308
423,39,-0.276534534363523,-1.3102967715402,-0.674031167750959,1.20088027071635
424,39,-0.753942913264939,-1.04530282816794,0.540258452835413,-0.244531844772319
425,39,0.334677739893963,-1.49608895480659,-1.80837875870248,0.582067392334322
426,39,-0.730327786117329,0.79884026518098,1.19404373723621,0.623840871956924
427,39,0.430548242988779,-0.821532930916554,-1.21910073359875,-1.10065694373605
428,39,-0.0990735029605105,-0.120245092230187,-0.62064449932999,-0.97013732306941
429,39,-0.608131959918844,-1.60957525398395,0.453504959992128,-2.02254434345243
430,39,-2.20575294059058,0.12085345903803,0.114207398234189,-2.34565011329331
431,39,0.000786667409140349,-0.327525644371743,-0.615819186404671,0.153200440484908
432,39,-1.72415462499541,0.605612150630476,-0.742353441625853,-0.460343104516324
433,39,-2.39221603732354,0.795969305989505,-0.382855392326259,2.02403852353711
434,39,-0.252458712634289,0.167549718100461,-1.9802077590287,-0.774068584403392
435,39,0.059532904810237,-1.45863367398673,0.966421766750063,-0.149287907140543
436,39,1.69937891429211,-0.525307011205609,-0.156044032936129,-0.0239242436201194
437,39,0.394706274251759,-1.18452194922477,0.483276393400005,-1.44345023007084
438,39,0.0772893134719209,0.441084700635446,-0.294976503643671,-0.314132754331219
439,39,-0.142847645705701,-0.386052536998402,1.18500399455892,0.319240899175762
440,39,1.21738219075049,-0.115221729946375,-0.553623897538653,-2.01859502188722
441,39,0.110006561644183,0.525850205128485,-0.739683620547015,0.893175393848672
442,39,0.940032405067287,-0.254508679364968,-0.00445528193627943,-2.56539191107389
443,39,0.0836667234410414,-1.35330437780855,1.00818736592117,0.532718012721148
444,39,-0.0194397238889907,0.142408381394455,-1.33677141519365,-1.24040291408477
445,39,-0.891001506709823,0.100292480148415,-0.553651873398156,-0.465662796342123
446,39,0.828973225418726,-1.17003615700559,-1.11763617967821,-0.896789692137104
447,39,0.58935023563325,-0.745236693180163,0.230951850274794,-2.18608183337963
448,39,1.22911541416376,0.682850653540476,1.61510980582655,-0.323591804605506
449,39,2.18710634217694,-1.8001235348573,0.574823511182434,-0.336581379269562
450,39,0.15887240457899,-0.233171682195874,-2.01411952961436,0.936201920488531
451,39,-1.46362044701168,-0.239434405532913,1.09336359252338,0.426657451627691
452,39,-1.21436443825721,0.534997414745654,1.35145848386091,-0.548462273432008
453,39,0.354773196765244,0.252115115551956,2.13794901438955,0.788636146631176
454,39,0.776324369204741,-0.548215674119146,-1.78573087826687,0.545898363767832
455,39,0.297588951205932,-1.1071587784714,-0.264449797411532,-1.22252792565205
456,39,-0.683704480901253,0.694367275821518,0.116427525510475,-0.316158265926396
457,39,-2.20018930793344,0.0140137513629447,-0.376890830200908,0.613630431570101
458,39,0.725542002172529,-0.5576578318913,0.935072797141923,-1.49397277647713
459,39,0.0425354575743752,1.5124365786809,-2.22681504047062,0.0875740341632944
460,39,1.20400557324936,-0.0658573986610065,-0.119932320187515,2.34262986475948
461,39,-1.92659251320674,0.291762809835749,0.471414240957231,0.606220502501742
462,39,-0.32352400524317,0.876494751596915,0.779326903180591,-0.702490258844835
463,39,1.30234488298481,0.811711336250502,-0.868275525841172,1.33736759676661
464,39,0.389501240211561,0.155007410324297,-0.399514489867893,0.123728887997715
465,39,0.217552976033736,0.508883561606652,-1.62768715433986,0.263862867787965
466,39,-0.634184767638381,-0.0705602400443125,-1.07566503550903,-0.840429092391967
467,39,-1.36867361851862,-1.01617391713285,-0.70026217078778,2.04460284237075
468,39,0.175894106048723,0.0474154455818814,0.180363951304462,0.755659320628266
469,39,-1.48805147680873,1.45793534047347,1.93120973106238,0.444210741749832
470,39,-0.285746125971178,0.520866274237046,-2.40834771763151,-0.259567760985995
471,39,0.34040946855524,1.91345874260004,0.877029860459669,-0.719585803611803
472,39,0.139034399770022,1.10070499486025,-0.250380894820834,0.598801913371284
473,39,-0.758477426775202,-0.657775531927265,0.223874292911912,-1.56551403034431
474,39,-0.993666375557305,-0.0636942433471724,-0.455239832671505,0.14902647925482
475,39,-1.81129849441091,0.206267358381948,-0.24568065990905,0.304044303251298
476,39,-0.196876998549757,1.27015612872682,-0.826599569008758,-0.212653781190365
477,39,1.01085575205214,-0.597464096492533,-0.029870480414762,-1.51735259582284
478,39,1.29973431324327,-1.44133500949157,-0.29517758665132,-0.950140358485832
479,39,-0.690482140642387,1.17279324740323,-0.523893593386121,-0.858025522873948
480,39,1.39148152547182,-0.310005824200106,-0.0442620605708586,0.594765405326092
481,39,-0.0571817498277439,0.863934527668061,-0.0770495620786613,1.39513663279772
482,39,-0.392137956542972,-0.561805454962254,-0.899076519377832,0.212616015356963
483,39,0.155319552890484,-0.0877362174011155,-1.65329052503822,-0.651551317707073
484,39,-0.738880446817974,-0.505258538277089,-0.697864925122159,0.397489174789209
485,39,-0.275478665402443,-0.18358257130286,-0.93355801473036,-0.471412512738303
486,39,2.00036848723045,-0.807612042093242,-0.329041341353361,1.46214931215051
487,39,0.584826133941579,1.01129844561053,-0.123511941228821,0.291132811394534
488,39,-0.546075333018741,1.39364245614761,1.41342924771951,1.11502426525393
489,39,0.794247838380889,-1.57919564963234,1.09565618152929,0.134630230615318
490,39,-0.385655582785185,0.356344208002178,-0.513031659977322,-1.86966617806
491,39,-0.20197324281253,-0.591112729080629,0.464344751942169,-0.480226216116192
492,39,-0.504660213669657,-1.04200950624482,0.10549480634581,-2.56555441271774
493,39,0.882404822083988,0.852603103892917,-0.855401167464596,1.0065159752765
494,39,-0.56476486693216,-0.414815535936045,0.181610739457111,-0.214592750615497
495,39,0.806148627784825,0.357474763903057,2.25087892631592,-1.60775863976855
496,39,-0.106891024661713,-1.8196225154269,1.1676891837017,-1.29015842514414
497,39,0.680583666045843,-0.943940486240222,1.14319845889534,-0.77871231569966
498,39,0.0486476124516395,-1.29126840839653,0.510925614936782,0.772331178630458
499,39,-0.181384425573316,0.949002564605189,-1.00791534526179,-0.23994346157415
500,39,-0.519841557118473,-0.258791809305373,0.678002166832575,1.8094678109609
1,40,-0.763520959898168,0.117326554405546,0.434488695560306,0.3344021984221
2,40,-0.235297841211503,0.108005967885277,-0.630466445705403,-0.274718311590227
3,40,-0.0187690263095001,-1.86369713269098,1.96266371884656,0.483744273602248
4,40,-0.356451268531128,0.225929643787087,1.88390403923504,0.251555839992467
5,40,0.339943713180198,0.985486794141345,-2.32526653382314,0.469891835099136
6,40,-1.57273483370064,-0.00367849340445802,0.307606213130762,0.218126763426861
7,40,2.2172819003627,0.00342624253906637,0.87592613000461,-1.47743152276402
8,40,0.0308042849400208,0.101009959865747,-1.01318103797972,0.402544481652462
9,40,-0.0425017348309097,0.0341911191115247,1.53007128534094,-0.101602113428325
10,40,0.531827841257736,-1.43343248300031,1.27630556866106,0.94783427401822
11,40,-0.394126004677548,-1.06016043632375,0.199041345079279,-0.71472373259417
12,40,0.60323597936764,-1.04705280314494,-1.33463602048872,0.0299997013607062
13,40,0.552995666864465,0.902724688316161,-0.125976432003453,-0.257845681458135
14,40,1.45182399371225,0.5547101542367,0.397392833065204,-0.553718837685849
15,40,1.39791791926144,-0.272354104750555,-1.05616994948232,-0.42408233916204
16,40,0.607948219771696,1.40355457098439,-1.63600187379662,-0.915980622940675
17,40,0.688298598503973,1.2756069836142,-0.723438814032591,0.015495280857202
18,40,0.815252939266206,1.12523536506854,-0.196782720921562,0.594824157593114
19,40,-2.37291677401441,0.0037726538137713,-1.15419695659587,-1.5632100297978
20,40,-0.94242502947563,-0.0502853036820463,0.740722395289725,0.698273467671276
21,40,-0.698139936010786,-0.563660657859574,-0.70722641634062,1.42114012328807
22,40,1.27299027320632,-2.13433369298766,1.73371568030213,-1.43867939642109
23,40,1.53746208158588,1.86987569275592,-0.024129546529669,-0.913238087507994
24,40,-0.206572724556712,0.162819150473412,0.282235183430818,2.36842065430291
25,40,0.625624521933752,-0.585838149810279,-0.427237807202337,-1.18014056173069
26,40,-0.357198557725017,-1.4193314280962,-1.92529409268627,2.22364055723049
27,40,1.22346447190997,0.472251362311664,-0.558139199534408,1.40078140082392
28,40,1.1584482382096,-2.07032206216319,1.0050795268709,-0.714769660809212
29,40,0.236583291759139,0.633601612265137,0.372770879492638,-0.46375693505271
30,40,0.437163934716499,-0.667814878412909,0.135750031640079,-0.622741325991943
31,40,0.493394487255521,-0.0193921287991905,-0.383601574671405,0.087472055677882
32,40,0.549249932562773,0.76418045872059,1.41029942557432,-0.894170986685925
33,40,0.636973240764979,1.12582357537366,-1.5446542631901,-0.679222553335535
34,40,-1.21357441200127,0.516932640484458,-1.78560770868648,-0.939795874845611
35,40,1.35866449403691,0.466316328028518,0.465688211761057,0.575641132327722
36,40,-0.507465477774297,0.783635889467434,-1.27540473640845,0.0140477030250033
37,40,1.98561795097571,0.959521942631824,-1.77064616976769,0.947093609521835
38,40,-2.70007275052407,0.548603139154138,-0.627073791417998,0.494011764349841
39,40,-0.440002076894799,1.07325772350106,-0.95973494369656,0.58524633171131
40,40,-0.603862112815822,-0.49839301274927,-0.284165956124882,-0.0841666310591825
41,40,-0.0031449748812254,-0.71055786962203,0.599457592599264,-1.64928244476267
42,40,-0.405149929947473,-1.38775116140597,1.22744641548869,-1.73668496671921
43,40,0.7121175665022,-0.0587131112082744,-0.615073726079338,1.44975226047578
44,40,-1.75161648725227,0.123126311565272,0.323969124712891,-0.314434160723685
45,40,-1.77909346744912,0.512219353837686,-0.511438541049817,0.162349580267602
46,40,0.687478883630441,0.349294807670718,-0.0458265740417218,1.51747815784149
47,40,0.49636442112359,-1.43235670179933,0.204168706072948,0.495566577277862
48,40,-1.56523369644136,0.468290202026289,0.576414743798268,0.89542687233334
49,40,0.263283550987363,-0.503218629586805,0.321602817488321,-2.38385816302705
50,40,-0.524696781122891,0.104979904211511,-1.13847011176748,-1.38255371198622
51,40,1.08009582813944,0.278827151322798,0.412057638921672,0.0145427452542865
52,40,-0.178930560878295,-1.10918560961464,-0.524059721234253,-1.08714473500999
53,40,-0.270215182482186,-2.34100186603243,-0.914764244995036,1.15505345885086
54,40,0.414689026527967,0.675632171730179,0.00316963281065321,0.0535493556562065
55,40,2.43480500077922,0.123932182891037,1.62718988394976,0.126932976514397
56,40,0.151984395510629,-1.35812706295672,0.0258225774321515,0.297529205484112
57,40,0.910638694087012,1.04609253565329,0.277460642615435,-0.988764917790245
58,40,0.458395948108511,1.14314803964238,0.308077068882096,1.95513440876494
59,40,1.28799007777035,-1.03426400122955,-0.212220355176235,-0.400806504157646
60,40,2.0658069155939,1.0783864659838,0.771753501619187,-0.407535734374004
61,40,-1.73917267334465,1.40558387739068,-1.11333048212322,1.05448437619189
62,40,-0.578248453806399,-2.39680000249744,-1.20944733622553,-1.61283034750889
63,40,-1.25327053639211,0.836432640966823,0.00528422084612274,-0.0818689879493917
64,40,1.11873233863493,1.72432063315071,-0.609439294933957,-1.02620539508427
65,40,-1.38046721429142,0.790429119121053,-2.97991857695655,0.263665547334121
66,40,1.62672811736217,-1.76610306370304,-1.33151038239475,0.0683805855936441
67,40,0.336968419720171,1.39251146603147,1.44220088204885,-0.714757672714228
68,40,0.454818980728446,0.410118092456208,2.43158292179772,2.39649404166535
69,40,0.300006081319484,0.340273716353166,-0.345799630230923,-1.87376722500542
70,40,-0.642575148085307,0.179494394350291,-2.56062577291372,1.74655717578095
71,40,-0.115869437794565,0.231459326876969,-0.663776743747318,0.893934421529724
72,40,-1.52631282711038,-0.65189742835857,-0.385407490766808,-0.440177752259441
73,40,-0.981545877216214,-1.4181164757091,-0.765092930158207,0.718951826347111
74,40,-0.801152011645881,-0.438968986451685,0.0955477379959158,2.19137434337449
75,40,0.510642401129237,2.09543053419661,-0.0276975388964403,-1.9559983886279
76,40,2.28144518378463,0.858192438244203,0.23251532690448,-0.177306531286834
77,40,0.332956596309632,0.489821186186292,-1.12292097870402,-1.4757284960426
78,40,0.428254111059362,-0.743326463405637,-1.28678414605822,0.290193551638143
79,40,-1.18169356818221,0.166173578567288,1.52016708987703,1.10567346813268
80,40,-1.01122477955843,-0.291417598206793,0.832328270139811,-0.985648207249577
81,40,0.764053336807879,-2.500494032692,0.168465629268168,0.859398451629206
82,40,-1.02664535147135,0.882206540061724,-0.0874930024576988,-0.521164804537367
83,40,0.323012554133934,0.663641505645376,-0.748309078531727,0.00903595358134392
84,40,-0.582855671598651,0.622224441164713,0.94934140108594,-0.460774211633247
85,40,2.09652351208662,-0.245224999360494,-0.61742134592285,-3.17875081785067
86,40,0.357358210732017,-0.35068037107791,0.572364755164896,0.499432235098165
87,40,-1.07949433139905,-0.402880415940201,-1.57970797844373,0.863326058522852
88,40,0.136692896353855,2.21001835760115,-1.62481439696922,0.609946601432054
89,40,-0.54711410896521,0.612417612019159,-1.76895946533481,-1.21435187745894
90,40,0.141023848226664,-0.174124745958563,0.474099049400876,-0.796115451394493
91,40,-1.22991336495074,-1.37685008566964,0.620429033100576,0.640426058898286
92,40,1.8824860054073,3.19622015175377,0.324923055004609,1.34975456943708
93,40,0.809362678004084,-0.969526051355939,0.474869972184326,2.27047758418713
94,40,1.14176423360799,-0.203504328191409,0.51923112273942,1.21689536972568
95,40,-0.148679715185847,-0.345485590468464,0.935148051020086,-0.0430208037640533
96,40,-0.194580630150667,-1.01152114812267,-0.332323065571549,0.545187383556063
97,40,-0.532508777252236,-0.89281694609024,-0.72347941276758,0.225045374922666
98,40,-1.71231354314783,-0.200537550077793,0.242655802355713,-0.062631157674737
99,40,-0.134109735639088,1.19312664741745,-0.898186418531057,2.33982240922573
100,40,0.528408544320409,-0.790348109424727,-0.791628983841026,0.666786970715687
101,40,-0.453539341828843,-0.290812100734696,0.492277728917813,-1.1488861691923
102,40,1.5533421454597,-0.631166577091822,-1.5186308750547,0.396191163223258
103,40,0.342220708797938,0.633359339770744,0.186180404177656,-0.158549847266313
104,40,-0.205255408804975,-0.0463089198908221,0.815547580074797,0.875517710704939
105,40,0.0636893189498311,0.664529075287948,1.20184617212203,1.28798057540423
106,40,0.902026280669619,-0.609643125537235,0.637152880337578,0.419916653586808
107,40,-0.128308736744446,0.24944168778932,-0.0515367808457915,-0.707510436260347
108,40,0.629810008063912,0.354986727152927,0.607565766405367,-0.249098655997223
109,40,-2.20898617584118,-2.71337072067058,0.944720642603948,0.0758187592782389
110,40,-1.267528052279,1.24477787736605,0.497045942801943,0.637608876330798
111,40,0.00639061951765657,-0.849853311419869,-0.804062607952137,1.16509000537698
112,40,-1.43076621464307,-0.00764695547758491,0.682528932399846,0.346504942970262
113,40,-0.350001620770093,-0.668043653250789,-0.154437765087589,-0.734818100431422
114,40,0.444553798107359,-0.165670394951016,0.754669642562806,1.68038007047155
115,40,0.214259149781261,-0.434550408226683,-0.00873297755166725,0.146590865226092
116,40,2.32412145151981,0.640499482420721,-0.834855631841863,0.430577593464282
117,40,0.0886233177357364,-0.1903721570864,1.86299073499445,1.53600841348267
118,40,-0.596041195091129,-0.241014869447746,-0.990352622028753,0.126563599652544
119,40,0.0963816687393566,0.352056726035223,0.79093525978032,0.320442061731678
120,40,0.673862689168542,1.74913668032162,-0.230555536868139,0.368266192547862
121,40,-0.171165768265249,1.35588963890624,-1.11845480048046,0.355425076475648
122,40,-0.762481444847518,-0.289426782552594,0.444635406200707,0.209176640890675
123,40,-0.425083896656326,0.512327513159831,-0.476990773373164,-1.07410237208555
124,40,-0.861535902478643,0.346202436390906,1.00554287440876,0.886450135811839
125,40,1.486888695414,-0.0906024437574433,-0.236093318264923,1.18748638366615
126,40,-0.371486895141192,0.769217044272391,-2.16616899106331,-0.0312404358395254
127,40,0.409047166147333,0.935516227447937,-1.0395028716337,1.02165951607183
128,40,0.536193593458117,0.0131071230166601,0.0614884258973861,-0.609946424476595
129,40,0.830333651378995,0.804854787777425,1.48193560469927,0.790363116166829
130,40,0.867029217062404,0.515645764640155,0.0388686681921135,0.938666107603513
131,40,0.639292875700582,-0.299657148193941,-0.771036273621461,-0.0108670251439224
132,40,1.2093626401907,-0.802686721395289,-0.403635854580131,2.74740491891379
133,40,1.710086366229,0.233037480865043,-1.07287309550727,1.39958458469775
134,40,-0.771401779760323,0.753654176325072,-0.199869023174251,-1.5229253308067
135,40,-0.290697407460915,-1.28164656385462,-0.032532463927934,0.523186104124229
136,40,0.915812091614945,-0.646262179820254,-0.735332038893367,0.749765069074455
137,40,1.15775390100757,-2.61413362746209,0.9490181869984,0.144838366481336
138,40,-0.989069732950511,0.650353923522456,0.291148716553608,-0.385840211472555
139,40,0.120068228339384,-0.963342947871287,-1.51287366310775,-0.231991077697156
140,40,-0.584086585034025,-0.98690492352528,0.818004739313125,-0.370359011632919
141,40,-1.54400321939404,0.614407460223803,0.205528131290594,0.814240128421892
142,40,1.06018536063925,0.254184134667568,1.11017760339354,1.34537554220225
143,40,-0.508120592744935,-0.749516856028841,0.878494558325505,-0.219663645416594
144,40,1.51916615449882,1.50998132791496,0.33095887617385,-0.402657525572818
145,40,-0.346422070968869,-0.366326993205314,-0.746488873439541,0.576822280127319
146,40,-0.549245566431654,0.385912515840153,1.01604764097982,0.795245001595988
147,40,1.03689895380159,-0.139376149408014,-1.13966184098756,-0.0725489937944843
148,40,-0.476397091458729,0.0565813117599649,-1.85842299711296,-0.286338691134541
149,40,-0.716016283914621,-0.509960569092279,-0.437613516929337,0.114591148460366
150,40,2.06616304425048,-0.200778108626482,-0.110321150793672,-0.416170644561253
151,40,-0.0696102508396556,0.20761224677702,1.07986651680651,0.40133804362522
152,40,-0.0570989850023957,0.659034617834686,-0.00234429191640267,-1.14337491940429
153,40,1.60751589815923,-0.205410352907014,0.293181570710737,0.0350083460442992
154,40,0.62176093136302,1.02948850475732,-0.0424018369803316,-0.0262622347428225
155,40,-0.363194226060563,-1.368225613165,-0.54813542054486,-0.251854102069807
156,40,0.448820032512267,-1.70884926411073,-0.758881320224907,-2.26083343056317
157,40,0.828392916217991,0.100282988284081,-0.14160096534613,-0.617862669024344
158,40,-0.627709303362647,0.0239572404545334,1.05338937524654,-0.259868423754104
159,40,-0.545550770327096,-1.40078031125464,-0.644935037836242,-0.700512596084843
160,40,-1.05692397111357,-0.506072524625077,-0.690013518233819,-1.4660361685026
161,40,-1.095081333493,-2.06580040369899,0.144171157017251,-1.73186521813229
162,40,1.06492416258227,0.959226052833787,-1.17812777305468,1.00286461002402
163,40,0.599277520567833,1.25431588059441,-0.328428244953574,-1.40929751893495
164,40,0.453645751277839,2.08907647723305,1.30156009315102,-0.522344787191536
165,40,-0.352451253150151,1.2104974030246,0.656284972034575,-0.995494681972542
166,40,1.45500774890569,0.268143867183551,-1.7109655702602,0.0398353893783032
167,40,-0.774563418444603,0.674751080637556,-2.03655686840065,-0.317028352249164
168,40,0.171960325921181,1.78428876612835,-0.601004796795233,0.85742731478721
169,40,-0.955503042840409,0.246977303934144,-0.0659529315478684,1.45152423523698
170,40,-0.970292776669364,-3.16485665963363,1.14000360525145,-0.0058594310843497
171,40,-0.629173294760909,-0.0158066161960895,-0.0572341427704632,0.787031474754418
172,40,0.180861462281229,0.496413723056916,0.432064326400921,-0.467474505459048
173,40,0.800436073922,0.830811497296461,-0.0837251604535805,-0.398094177214722
174,40,-0.00588485546982504,-0.236353119631089,1.92015750265886,-1.19445010318578
175,40,-0.828180169914502,1.73651354636125,-0.0540853479743114,0.445073617952641
176,40,0.565183243420318,1.25050354636702,1.00104934456654,0.642979886531055
177,40,-1.21152638174093,0.085131553273851,0.938926474973576,0.86937655628519
178,40,1.72804981096524,-1.11261637168956,2.91272064570935,-0.316245923799922
179,40,-1.24592704785426,0.23607163132665,-0.0909833509871871,-0.514247251679717
180,40,0.618589496288533,-1.36965048046288,1.83193118519551,-0.725395872915687
181,40,-0.297294228049734,-1.12903925757674,0.0266350282232299,1.44473302164266
182,40,0.554017153042113,0.551496207144772,0.396433044648038,-0.0662874311668822
183,40,0.224984415292871,-0.975839895630561,-0.638223738549152,0.163542320735197
184,40,0.0702306200513053,1.01687863205502,0.688334353537173,1.25902222694821
185,40,-0.703292473378167,-2.83742355522508,-1.00752376015682,0.877329303055709
186,40,-0.53923240268119,-0.715527967911711,-0.579809595248912,0.759314217373924
187,40,0.206993217606314,-0.298586132112619,0.186303502137229,-0.663054325043952
188,40,-1.31269750108825,0.747767893450127,-0.445958327070547,-0.0460169503502236
189,40,-0.782785628032035,1.12720602417864,-0.556586222909346,1.03467534239273
190,40,0.019973006029544,-1.16172763312771,0.428077040974044,0.978189203622384
191,40,-0.963303156150946,-1.13140644604934,0.653877575714381,-0.47230703420233
192,40,-1.88097063283776,-0.948640348667438,-0.695716402358105,-0.960350413995107
193,40,-1.56708484563363,1.81594125061112,-0.136150058922242,0.113983499799359
194,40,0.246958518431315,-1.82156226084683,1.07905476996632,-0.066128582816675
195,40,-0.283218487015739,-0.149234308684519,-1.00509246591872,-0.174282746530181
196,40,0.677302766796891,-0.0733113639306419,0.384545563395289,-1.4033865363445
197,40,-0.344371144925274,-0.301456875686741,-2.32765307355001,-0.594192725949464
198,40,1.5669815650557,0.795136657788685,0.616418783247779,-0.263565453415301
199,40,0.394423511563496,-0.406972702737779,1.14228870385292,1.71953125314992
200,40,1.02234649300586,0.383956422434686,-0.908766781301299,0.159138641037813
201,40,0.235456498694356,0.19741686460897,-0.287134935445035,0.345693111101408
202,40,-0.452777959087644,-1.1895337424299,0.0701870625201789,2.96283887508025
203,40,-2.05034613228812,-0.820881605273617,0.15871187820005,1.23656772317116
204,40,1.46579095623934,-1.06824526277718,-0.206952106914531,0.178556059130565
205,40,-1.40047938903191,-0.478460768802672,0.372664543429013,-0.39258970262088
206,40,-0.304679214021956,0.999474024780182,-1.56120877835157,-0.218303463697965
207,40,0.614544087811859,0.445105145092563,-0.300447638565279,0.157057096169473
208,40,-2.50541150741135,0.663203998255162,-0.112116335074383,0.313138791046699
209,40,-0.473713400783215,-1.33360641855371,0.03856408793621,-0.0132244083934536
210,40,-0.337706286978926,-2.2710096855081,-0.348476481706048,0.996607830436875
211,40,0.765793684034087,-0.98040286895872,-0.179572546203474,-0.676742379286689
212,40,-1.99246387088901,-0.383691681828751,0.0109757221315168,0.233559357373211
213,40,0.878285979060256,0.667543414454751,0.0281463896285785,1.14610433160424
214,40,0.55167222548136,-0.19330254952368,-0.903423811091921,-0.244243967504653
215,40,-1.03654628296445,-1.38814845909337,-0.65320724812134,1.08635716700694
216,40,0.0192003042836875,-0.722540599605666,0.87104618033613,0.876082712711348
217,40,0.418276174235481,-0.311215366691086,-1.35973384035912,-0.9088491146734
218,40,1.36262136132425,-1.06688219266143,-0.444799400303483,-0.205981014415617
219,40,0.0914320015888019,-1.58464753911645,-0.360470038813591,0.841022502927022
220,40,-0.0702587179177953,0.20947522277759,-1.39284802626566,0.667445550652939
221,40,-1.58081046692929,-2.14488311279872,0.045976282511055,1.15216750964074
222,40,0.207159292505257,-0.835619007043118,0.386021722965912,1.57469744138447
223,40,-0.553676702330816,0.827726358220098,0.939612911477754,-0.487008289417709
224,40,0.204292744934883,0.397159906491448,-0.451399524568349,-0.792978560669176
225,40,-1.24474629904029,0.344660234808953,0.347529256376597,-0.875021978594629
226,40,0.438513125787288,-0.997734542893918,0.701965157811133,0.33707760952686
227,40,-0.472151666342726,-0.910568373946978,0.0143015233506301,-0.298017932165639
228,40,0.639246860917681,-0.932005249582747,0.946463497100801,1.39114243178358
229,40,0.785357840512976,-0.674457551169655,1.65586539257885,0.0652035309767405
230,40,0.429655925072106,-0.252926478892691,-1.32897763970061,-1.1852404625927
231,40,0.270941802402464,-1.66066747401978,0.273124173746825,-0.183321641999691
232,40,0.0735095291166995,0.368436461723471,0.76370464091331,-0.579955155421701
233,40,-0.44313697135519,0.0823521651711316,-0.583230202741294,0.621450728329104
234,40,0.460914742269959,0.438623268990587,-1.21801684460699,-0.49144968552961
235,40,1.418153057001,-1.55737573270639,0.00922006225724578,-0.310759580818471
236,40,-2.11707403050644,0.140953636037046,-1.82863018061263,-1.27202820880492
237,40,0.26571121050049,0.504887762035799,0.392721518122792,-0.907597213889095
238,40,0.309186259208597,1.00127667957833,-0.199739013100135,-1.27591923564813
239,40,-0.56601136687559,0.30510335615281,0.790933990426771,0.0539198714754511
240,40,-0.365894225024659,0.623588023956288,0.0599228343198873,0.469976123545
241,40,0.323933418999468,-0.136741784801276,-0.640815446679547,0.117275243897887
242,40,0.412289263538526,-2.05755338704398,-1.50402872254853,1.01095838918338
243,40,0.967019396473489,-1.52636780568734,2.7185669685883,-0.330642265311154
244,40,2.58887687899479,1.61166205206929,1.38552364503326,0.118030988475891
245,40,0.164616057176854,-0.947551522450228,0.0675472028779662,1.39777235225685
246,40,0.460646358107176,0.96778946250642,0.507969258233979,-0.0248629953242448
247,40,-2.8895925299076,0.0174648899467733,0.248802393313707,-0.900253329672541
248,40,1.35470221697584,-0.762975128458177,-0.151303916076068,0.424047396832028
249,40,-0.0762176277392927,0.128405559808111,1.59677660579478,0.54852159468398
250,40,-0.886351830436386,-0.77841722848983,-1.05714665827726,-2.05630736324207
251,40,-1.36304044617495,-1.05722224641749,0.679937514968504,-0.0277546070871323
252,40,-1.13120052062999,-0.616583052283793,-0.122648048386747,-0.0678712442976416
253,40,1.41690881027521,1.13631287291837,-0.291582746624351,0.144125165821813
254,40,0.750012912438646,-0.257720280605142,-0.198470726462658,-0.658400858364866
255,40,0.171023240145776,0.92535973182001,-0.0789300755001136,-1.3800923146421
256,40,-2.67167673792889,0.206818628400153,-1.20047207834049,-2.01832521490488
257,40,0.129590937008961,1.62213004171068,-0.681611424260937,-1.27965912494976
258,40,-0.58593713512649,-0.350982811793408,1.52682733383035,0.833323934319882
259,40,-0.261198413897422,-1.03426516904192,0.749320949048529,0.528896388045804
260,40,-1.48992684805477,-0.714607299182683,-0.268465369623623,1.55298508488902
261,40,1.34646270150032,-1.05354818766754,0.0553945891271141,-0.917437406577399
262,40,-0.120928147934486,-0.799001467998253,0.807668455133088,-0.767818117134876
263,40,0.317448412613713,0.381551853474318,-0.347548861704174,-1.1798029037783
264,40,-0.928806956742591,0.351707123046977,0.131642598411871,0.503307823425868
265,40,0.481239011501751,-0.0951722498621411,-0.818475194848559,0.504132722005228
266,40,0.227762162497181,0.619645051925002,-0.511799896380215,-2.03943151556902
267,40,0.341997390994764,1.65113905441622,0.0661209296352173,-0.217860866184572
268,40,-0.828222188080821,-0.449221855907911,0.975163336285036,0.425895935675263
269,40,-0.588851037987602,0.474982242652287,-0.209633549870881,-1.24694903125175
270,40,1.03030056339258,0.690911886184887,0.88013740352661,-0.0806504824376784
271,40,-0.74272412069078,1.89341141962599,-1.87468264227035,1.24708349838252
272,40,0.487783089735026,0.151270578316419,0.274589877895197,-2.64435015163738
273,40,0.60237232266245,0.934834380883622,-0.741275036643593,-1.00911443098448
274,40,0.9457783126231,-1.58703481709041,-0.304568499609546,1.59574287091142
275,40,1.33430324818943,-0.593007600264072,-0.435789421459749,1.39885940586226
276,40,1.25652917201611,1.53074889853425,1.1174236528456,0.651993860686335
277,40,-0.169526121587421,-0.492647157997231,-1.85474270393241,-0.517041431635458
278,40,-0.511032193281892,-1.2761986246607,-0.19492969703782,2.57791471602927
279,40,-0.590501726739747,-0.676604890982764,-0.553135791451238,-1.20283419831168
280,40,0.75275206594784,-0.393590092480264,-1.00190188303478,0.777317399019441
281,40,-0.691107426222063,-0.0571351207795098,1.13718900425521,-0.180156192297481
282,40,1.40557705477414,0.677850626263838,-0.104274619062783,-0.384808084284819
283,40,1.6663871677245,-1.19613928542139,0.180065412834845,-1.13555083561125
284,40,-0.292173597145543,2.1219143371216,-0.364069143880797,0.542845524493029
285,40,0.32067357133989,0.364661613626486,-0.976465243509315,1.96222910512865
286,40,-2.51552419082949,-0.312137886802869,1.14337338232233,0.492766687200591
287,40,0.823005665995102,-1.46856705961118,-0.822211297251646,-1.06153641472181
288,40,-1.72357562937284,-1.44817603565527,-1.01411410352121,0.881506400668436
289,40,1.20125070120448,1.55302706301864,0.791890861637075,2.10144001369807
290,40,-0.775996943227841,0.677815591021787,0.460244020856024,-0.602902745308204
291,40,-1.95653690393199,0.262608209430395,-0.455132678092209,-0.170962798885982
292,40,0.83566772115663,0.836473777022277,1.16415850026442,-0.382377177610548
293,40,0.213923205451216,-1.63866502662797,1.74560754749575,1.25917722339186
294,40,-0.338585478902825,1.09650537561984,0.0341798583843198,1.31390327824836
295,40,-0.446793599552241,1.79325943827901,0.19481680837422,-0.688820533109439
296,40,1.0719234586597,-0.261186085008761,0.189249834052974,-0.0971281910153311
297,40,-0.320049071516345,-0.315469189496286,-0.270166865759527,-1.55935552732395
298,40,-0.798860373422538,0.775939119928722,0.0398829914233864,0.942607672785975
299,40,-0.751420444653846,0.172670049580578,-1.68353274656212,2.5262328253585
300,40,-0.0889280837963142,-1.54259520159572,-0.555261307583145,1.45500045227241
301,40,0.284941991283806,0.479102362465724,-0.716760403548271,0.72944750619751
302,40,0.811790969621181,0.798995485312854,-1.38405185119921,-0.977450844190614
303,40,-0.508652673608643,0.341441769153242,-1.48635951709917,1.6082864237014
304,40,0.338170306030849,0.0846599586139831,0.498146064988952,-0.735640055905422
305,40,-0.360352521754257,-0.547764177708726,0.318726541438306,0.70718790554852
306,40,-0.374241116951383,0.644070138412301,1.47784569658822,-1.2614520503428
307,40,1.07721702838345,-0.630936636043968,-2.43169653585298,-0.00124599854556168
308,40,0.607681510286988,-0.703928015998155,-1.31166665838374,0.0483416270735672
309,40,-0.36943155515877,1.25384232924048,-0.347327977009451,-0.265805499501775
310,40,2.21421417453092,0.685413088692551,-0.00292166876307115,-0.876826192249355
311,40,-1.47475538787722,-0.380583877300086,-0.140323866521192,-0.485400223997073
312,40,0.0896496871879997,0.619283655240656,-0.0935037518427701,-0.150338706699303
313,40,-1.15105546330952,-0.657149342995939,-1.60789091579784,0.0144581696987377
314,40,-0.270796445054236,0.648712015229549,-0.848557501865536,-1.72472698177875
315,40,-0.228150127612703,1.94732096173156,1.30902031231354,-0.310296158610718
316,40,0.360153729862349,0.0340179439312395,0.305898355166617,-0.697010812934769
317,40,0.51278165169777,-1.97939329459454,-1.14051423405167,-1.06605396569658
318,40,0.764318952064542,0.174949736627884,0.886511867527349,-0.392162486937373
319,40,0.131225173943462,-0.633880269744646,2.15819371836849,1.38792520144951
320,40,-1.12185726029833,0.772647188591875,0.8644761729669,-0.318837876898197
321,40,0.725750646162286,-2.70425533942865,0.815269929833979,-0.284898639428404
322,40,0.48039351547964,1.18427993550886,-1.75106322478598,-0.655209390088216
323,40,-0.516985767746576,-0.977192417241566,-0.574343003676143,-0.334781633129561
324,40,-1.10200229042552,-0.538048569028711,-0.415851979220086,0.642714785021828
325,40,0.124426271052892,-0.309652683609517,-1.18001130073461,0.970414576393818
326,40,-0.418934743748854,0.94384774602738,0.937448830269142,0.00941865301813343
327,40,1.14554133461533,2.07755459630098,0.0604487079424495,-0.585248880633402
328,40,0.637044561191016,0.310421704390705,-0.399650231777274,-1.45097837029052
329,40,-0.959409311405722,1.18580335087122,0.447600695007663,-1.58630207723641
330,40,0.606704101247372,-0.211826493845903,0.106822137192485,-0.52103295319089
331,40,-0.0259983988812145,-0.635850085783058,1.32394046496976,0.0726368951726215
332,40,-0.516794760941952,-1.54427363080416,0.431452346278812,-0.578095415269355
333,40,-0.3729246828375,-0.393253015775595,-1.07756226054719,-0.547507304818913
334,40,0.614522118769998,-0.627051654176504,-0.340421523527743,-0.58133827122525
335,40,0.638495893788165,0.672970472335844,0.00857230355998302,-0.0767450692852731
336,40,0.0550048209681104,-0.900392497181508,-1.34007145949828,-0.597095706369821
337,40,-0.928055557488103,-0.948431734040948,2.17233681648031,-0.834022147752758
338,40,0.120723611939133,-0.846897927568612,-0.648104115918293,0.32864365623231
339,40,0.590996627942369,2.17902767971391,1.3980807433929,0.0557824431839702
340,40,-1.57942672762248,-1.60847265214675,0.943014810120237,0.858678715247361
341,40,-0.184095707864396,0.616354422363893,-0.182957950205163,0.231480908494641
342,40,-2.27619431072488,-0.801444921052058,1.68867184752665,-1.24669289837206
343,40,1.15485106912548,0.737187724372307,-0.682217841970113,-0.549838707331866
344,40,1.37613216326316,0.13184128560217,0.381325304979463,0.850159490143809
345,40,-1.08493788293854,-1.77418670619737,-1.20379069872137,-2.07956853055271
346,40,1.66843616673514,-0.838146319001381,-0.325344117248309,-1.75643903955997
347,40,0.224455184550115,0.744140223003965,-0.3819168857083,0.824863520367772
348,40,0.0351522550995895,0.675340611696539,0.811674864428986,1.29577708015244
349,40,1.02547375611979,-1.26253929271983,0.808988827633416,-1.47570971130797
350,40,-0.36390466847117,1.47887848803282,1.54629988414493,0.428321143286315
351,40,-0.185398323878625,-1.20160802788758,0.637817314879622,0.989505030341285
352,40,1.70026750779923,0.0662714564836743,-0.416761244556535,-0.726084782177004
353,40,-1.18632960776178,0.0789046903456039,0.222422827294201,-0.594752904373497
354,40,0.444560484748273,1.34500891411352,2.58372223840128,-0.270253975415279
355,40,0.738500263218059,-0.312683921653086,0.772137084409025,-0.0131695328509158
356,40,1.05277482458412,-0.134228000566472,-0.854800669146989,0.915408464745174
357,40,0.739403699083875,-0.226234531831197,1.06564675283656,-0.996797765013871
358,40,-1.1440740181323,-1.54287640638091,0.416468386995383,1.51508815739217
359,40,0.793768960747792,-0.762448656040578,-0.0250629176056062,-1.08669462969365
360,40,0.326065524606221,-0.628744917360454,-0.143021672812622,-1.69854807973118
361,40,-1.66742303237467,1.42250151093465,0.420708354722722,-0.260644916002888
362,40,0.411423923386603,2.45113087683156,-0.121805012082507,1.32411090507844
363,40,-0.0885481218840484,-0.639690347686686,0.66966499894695,-0.229801043340199
364,40,-0.432593921597637,0.335796299896846,-1.5429029858045,1.96546913622906
365,40,0.417496721451712,-1.54175128721523,0.39612269922552,-0.493331095054074
366,40,1.67018409814683,0.0571450228236738,0.637421761356028,-0.225820106115593
367,40,-1.8986780138219,-1.97883584837328,0.514388047745004,0.605982327689863
368,40,-0.00770521958859861,-1.41250389728836,-0.299207665265643,-0.514544895975434
369,40,-1.12690640511083,1.70333157867576,-1.1655174706234,-0.627647715105996
370,40,0.807194776748299,-0.242247044489959,-1.0239638870322,0.498875040085132
371,40,-0.385758642891085,-0.853477758944547,-0.0512879538655723,0.770139463693023
372,40,-0.2329529188897,0.108532851775552,-0.623322119677274,0.179993133268398
373,40,0.179399634119643,-0.771489032246448,1.2592731796273,-0.135793321013641
374,40,-0.536469974760728,-1.57856844871673,1.62743996488506,1.26769388869446
375,40,0.985958648152663,-1.1686583657087,-0.20872949863962,1.10778549955748
376,40,-1.01960073451953,-0.860350775660915,-0.619564011106496,-0.76027485704437
377,40,-0.824644073648925,0.949484259018098,2.23078621847724,-2.20027987805272
378,40,-1.37697114843164,1.24435740437102,-0.721335104618019,0.815665566068863
379,40,-0.433859246593544,-1.0298520238047,-0.548812748345952,1.11254226385231
380,40,-0.967710152632858,-0.504882839580744,0.14927195147151,1.08863823442496
381,40,-1.09109023173527,-1.49619369185685,0.212826923384509,0.644239956872214
382,40,0.993597812647641,0.608465716731523,0.17587812761132,1.08210711453164
383,40,0.855621020649291,0.153875204099893,1.54754175361008,-0.346612956968539
384,40,-0.759292865743934,-0.411289789930787,0.855046635942701,0.511123893398061
385,40,-0.651961495716861,1.74091372999254,-0.153758097442111,0.217622139585053
386,40,0.533801819951479,1.0204701226821,-0.920822198428568,0.0261750197452946
387,40,0.408017157316954,-1.99832413453333,-1.14576597769295,0.531377930748131
388,40,-0.578866904100901,0.402231018620701,-0.209692014341678,0.479331984807802
389,40,-0.264323402701062,0.324610500385597,-0.508857439832185,-1.62472452033578
390,40,-1.59122494032914,-0.989000281429642,0.428007700169935,1.13611409992732
391,40,-0.225659177300354,0.358813148635661,0.226554420273533,1.83955324139613
392,40,0.455177173353089,1.75233219802414,-0.10756241833824,1.79167964657258
393,40,-0.139378622745087,-0.597608212527997,0.359819996898291,0.88202524331997
394,40,1.24787847515629,0.970603000965321,-1.05332985327552,-1.23253129524438
395,40,0.186158276643727,-1.20129956953739,-0.869986464842467,0.830222293802709
396,40,2.2573661774022,-0.153729633595403,-0.137412728727259,0.369589699136645
397,40,-1.55789049604965,-0.040365799016843,0.809851919323569,0.0855431698523429
398,40,-0.623374440493871,-0.339065361885982,-0.375076238113109,-0.964175722082125
399,40,1.98972604434944,-0.270247715923259,-0.511845859730717,-1.29821079634091
400,40,-0.0576448260274974,0.45673160695597,0.707003030842366,0.310498193970053
401,40,-0.487220666664305,-0.118136967401823,-0.0576750722905852,0.0720397325087197
402,40,0.544776229584418,1.37684882419679,-0.14082341224098,-0.201388972946143
403,40,-0.00719623583843158,-0.691083338947924,-1.15116193939601,-1.07702911531752
404,40,1.23044616038424,-0.265634440339582,-0.351575965608942,0.843639907621509
405,40,0.241801975596613,-1.28720906287377,0.733297728992026,-0.049693455031673
406,40,0.54719836457958,-1.49058280513314,0.188202739044092,0.901008256112299
407,40,2.47978070502133,-0.105794523493484,0.367908976855403,-0.132546595446707
408,40,0.190887483502065,1.10249818391357,-0.0533949282078079,-0.276542530161046
409,40,-0.260846299671081,0.0621682801789662,-0.143239379219114,-0.389983436973875
410,40,-0.0627057651425483,-1.04430699773563,0.620887112774469,-0.320809351600281
411,40,0.515265362438814,-0.926965869912174,-1.12943274563055,-0.155286162429052
412,40,0.125315327456968,0.73338606111262,-0.00917863827249784,-1.04053291356191
413,40,0.671190948068729,1.24467196934658,-0.386011148621356,0.433483603358969
414,40,-0.389140789911282,1.20973596971144,0.91268871176507,-2.89006347014874
415,40,-1.14999606103252,0.0940654710975072,0.728392052891558,1.136000285796
416,40,-1.22517660516646,0.362224891470349,-1.39629594502968,-0.243926542991938
417,40,-0.534101793754888,1.02685229852636,0.410921181392568,0.866539156517136
418,40,0.170508098802497,1.76974189059008,0.750068858048671,0.769439527865085
419,40,-0.817966721516188,-0.34346056297394,-0.853872006876405,-0.542645188723528
420,40,-1.18176771991661,-2.19997171447561,1.13237293681355,-0.594317664513878
421,40,-1.10844548941276,0.203703482183825,1.17835789401459,-0.923444364369469
422,40,0.407062780544,0.608214599770109,-0.441463594700139,0.889301084095496
423,40,1.8606103483043,0.467348652873003,-2.14269299057844,-0.024798508939342
424,40,0.00890228227140653,-0.248589214344424,2.18944463634431,-1.2601337901397
425,40,-0.3048136798032,-0.688998336493356,0.00670047639966678,0.220763531804289
426,40,0.234268468539167,-0.485198915614072,-1.00775034363885,0.844145655375825
427,40,1.3841469455774,1.58146508664947,0.080518792308106,-0.7588865518515
428,40,-2.09330407448954,-2.55566781702313,-0.913021958047099,0.290597770301649
429,40,-0.219545816418316,1.31074585085363,0.156300014722559,-0.450491843637188
430,40,-0.396294505390469,1.75728531043809,-1.02077710038141,-1.0293604820898
431,40,1.90319806190154,1.5839355198727,-0.385437136932374,-0.274857891570335
432,40,-0.36924673856592,1.08718870947787,-1.62736061716883,0.76531361733883
433,40,-1.36230322831358,-1.56436309682557,0.404794645117193,-0.0617276520844125
434,40,1.56982376886807,0.153787789829309,1.55888486313789,-0.849508224988574
435,40,1.90550892010364,0.587147458582176,-1.28639084466707,-0.539392804238907
436,40,0.606095076592904,-0.13602917232647,1.53980396056581,0.47382273175617
437,40,1.01663726312364,0.808487855721951,-0.115243100882331,0.0781244975925311
438,40,1.43622799878351,-0.488203196288977,-0.0326788580726227,1.97759138057828
439,40,-0.0976521698228822,-0.0476790839322137,0.11195995908677,-0.276827692108158
440,40,-0.411406491091154,-1.75916705759333,0.715454059476284,-0.693540891869271
441,40,-0.281169640290311,1.34456959008225,0.738231970202821,0.0291522113281303
442,40,-0.829629466229048,1.08769430559485,0.405489413441328,0.678606449566873
443,40,-1.68181973385285,-1.11270402243445,-0.0380916537508649,0.452350638588281
444,40,1.27478922110817,-0.028455375058533,1.2030378318838,-0.853200736641648
445,40,0.970280486915885,-0.773576127589003,-0.385459609478296,-1.09570695724484
446,40,-0.422807928711523,-0.080872927683054,0.603860637015517,-0.57800927080174
447,40,2.18444507392738,-0.859544409148131,-0.118841664142311,0.511817235297858
448,40,1.01205140999089,-2.30607038728838,-0.812911479847259,-0.297276978533172
449,40,0.0699546472306039,-0.0630594466727207,-0.257673071655378,1.76545488475439
450,40,0.795900156543792,-0.110314428760229,0.885605518543776,-2.07095286902695
451,40,-0.159899858209681,-0.027887016267555,-0.0208470890556992,1.43191007989892
452,40,0.0913678315750296,-1.21285706574708,-0.24979340334315,1.47920579275105
453,40,-1.80912318478501,-0.0791342550523011,0.407580045521361,-0.632244648032933
454,40,-0.0814478951230179,1.08767110530999,0.583529565742143,0.484352853114816
455,40,-1.25309371991765,0.241846302246234,0.923040951555562,0.260415833251933
456,40,-0.690877916624744,0.593889526088668,0.229353211988055,-0.21334132586854
457,40,0.935120061917917,-1.17565056251504,-0.581577546766982,-0.0427368218283661
458,40,-0.0872060882711249,-2.11645879709251,-0.27784804353756,0.84136024769189
459,40,1.19184700283174,0.183639832463885,2.03268162857949,0.796794458332112
460,40,-1.33684223449506,0.292561996600404,-1.28389495637165,-0.833981852811267
461,40,-0.261981075595808,0.351465879197623,1.10829295855114,0.642288867072197
462,40,0.0811494130670651,1.61355186361481,-0.5965473888202,0.851839692827599
463,40,0.517133705479054,-0.0902138594510672,-0.924370061505205,1.96236912975306
464,40,1.82666121750442,-0.485697172186809,-1.49298851083017,-1.34262781154667
465,40,-0.229103687149662,-2.48842955172655,-0.745948381613705,-1.11993398094871
466,40,-1.19142451825004,1.07194955003201,1.29836511208723,0.791966221596228
467,40,1.65873812262238,0.0474628329949048,0.377584446144608,-1.18478378590252
468,40,0.662902196813815,0.809051751435293,0.725477328426677,-0.141860034367084
469,40,0.391391598545131,-1.008252452463,0.867751818243669,-0.0142539460823218
470,40,0.716933455261676,-1.31834980185859,1.45048504202327,-0.381284658872447
471,40,0.0399804948416724,-1.12513973014442,-1.64810514373289,-0.321240335862145
472,40,-0.855815111491885,1.66619990417052,1.68842338535687,-0.519858252315417
473,40,0.432367949170105,0.0043765194989779,1.25250530635624,-1.28860691765781
474,40,1.10461790524227,0.40568599373681,-0.145656266718904,-1.38923877904934
475,40,-0.862925113454339,0.365285906509316,0.321542958804993,-3.39394058427612
476,40,0.60174619235772,-1.49534950874143,-1.23277661786822,0.496907617860468
477,40,-0.117563153187165,0.73006031420479,0.130646300533171,-0.967807998600749
478,40,0.503204851295168,-0.600208349266824,1.1346103774174,-1.30703894636414
479,40,-1.72944679938304,0.364918858273884,0.0882287871918648,0.0406769194861888
480,40,-1.91257038327819,0.337059612194662,1.29959977328429,0.5084261751519
481,40,1.52345235427085,0.554648073565109,-1.8324684994424,0.173572775223923
482,40,1.00212129438629,-1.68804369940664,0.568814961771552,1.75171922356107
483,40,-0.51458732369251,-0.536571360813272,-0.170531080858223,1.23585953457271
484,40,-0.771891631403838,0.93198480460845,0.869592276853048,0.150397706531669
485,40,-1.09123999203546,0.532228057510236,-0.243510725872789,1.18831359930391
486,40,0.193426998022015,1.00580302059504,-1.31805045316065,-1.55005607441092
487,40,-0.885572339603714,-0.143887287437612,0.122207675256402,1.05873810203615
488,40,-1.17647128163425,-0.0618332769116731,-0.347385972805311,0.8900054115005
489,40,0.13787099977977,0.582658237975981,-1.7274491176233,0.766050272777143
490,40,-1.09523475139153,0.784588808950749,0.828238620339972,0.423186817158207
491,40,0.422274460352215,1.5921675228392,-2.44400571527014,0.258560696222021
492,40,0.334007134293035,-0.741139431023735,-0.849569358057845,1.50851327059138
493,40,0.102352072736406,-0.436542595277207,0.669619674600595,2.12995604746536
494,40,-0.371533750832206,0.208637038783292,0.615572729781892,0.527367315388988
495,40,-0.495941866780059,0.286732097047426,0.681445577709946,-1.11170222715159
496,40,1.26845065536098,0.066841572203086,0.525057455936767,-1.33545793214336
497,40,0.706199337853503,-1.78957784678437,-2.08292026381001,0.0973977589062642
498,40,1.70931714737032,0.315146961952165,0.141794116210878,-0.928098697182802
499,40,-0.407179439712431,1.24165875594445,-1.48242063036353,0.13196281290138
500,40,0.0553309421659678,-1.7414287187437,0.966051483730861,0.45907371364272
1,41,2.68857418742346,-0.940006246211532,0.523951807770706,-2.4054349595649
2,41,-1.11928037792379,0.711944715093793,-0.422465740635205,0.385755447333761
3,41,-1.37745206452199,1.21958024859238,1.86731249447139,0.89878299714857
4,41,-1.14598153983463,0.320002697244922,-0.969599069742484,0.350945375668496
5,41,0.123336164701872,1.59366902803549,1.28377886063579,-2.34578904797777
6,41,0.643932029488742,1.92244637221072,-1.01409152397283,-0.397266770796972
7,41,1.03136759574967,1.14262704371941,1.88355614179173,-0.1844150411538
8,41,-1.45288289557984,0.801285242013014,-1.61486655897954,1.42393702656424
9,41,-0.385707445762364,-0.772915702919839,-0.0695666440146541,-0.099748981915039
10,41,-2.89095762528626,-0.632033539286938,0.273546791474329,-1.40750295100681
11,41,-0.161785376754886,0.570915490584132,-0.590087364693441,-0.308891774854027
12,41,-0.234616191444419,-0.738574755853693,1.45225867740361,-0.110636854077523
13,41,0.0811180913762452,-1.86457657565059,1.25486768744929,0.747217545186719
14,41,0.429305456804898,0.171135753119081,0.462797027938035,-0.397972245967782
15,41,-0.422756025957817,-0.120128183530526,1.22801283829017,0.515875742409062
16,41,-0.488055501294268,-0.314694752233439,-0.0280343679931608,-1.00923621000578
17,41,0.747175701459808,0.54286904790083,0.427801112390274,0.300288749919778
18,41,-0.858250182354904,-0.00364721873148951,-0.520229859645663,-0.630835533272194
19,41,0.496866162001031,1.19868945242796,-0.174243599056417,2.0547162843595
20,41,-0.0424971709342251,-1.41334677221051,0.489601167178141,-1.27277996795794
21,41,-3.10123840253882,0.455891142465777,-0.589540337530002,-0.341795729329049
22,41,-0.00022175741644964,0.299864661825758,-0.812072980118998,-0.19307909468695
23,41,0.0345333929471521,1.5498385009306,1.42880702159686,0.420517810034646
24,41,-0.881136046763624,-0.262404154927633,2.24791881818312,0.341257098290375
25,41,1.32858346286648,0.844599294082033,-0.0529682897132469,-0.810305297508364
26,41,1.76221541139154,-0.636060641952556,-0.320015948850638,0.400524266668087
27,41,-0.725541754820548,-0.849078001568149,1.30438360433391,0.160478501138211
28,41,-1.08057518235719,-0.135162834678221,0.493977712090364,-1.00519130142797
29,41,0.262823694052062,-2.16253962980467,0.364899864170714,-0.82695395170415
30,41,-0.609798824057641,0.0964743904301037,-0.518270211495155,-0.0353376325057878
31,41,0.122700737494085,0.464547757218574,0.192346639120287,-0.685018245211211
32,41,1.34184757981955,0.544446636885856,-0.456685180122104,-0.269316764164211
33,41,0.522272320641404,2.00670312028427,-1.42470881039418,0.491034266649854
34,41,-0.601138277416589,-0.803382929541023,0.970409334101294,-0.940808454748713
35,41,0.223790568920741,0.427189545082997,-0.566422151203632,1.52889304651574
36,41,-1.46845447080231,-0.892187054822205,2.43992013677297,-0.542073294576367
37,41,-0.993476191011268,1.54858791922514,0.346212052847653,1.76022531228665
38,41,-0.450767763608666,0.203603590002285,1.0661317702283,0.773692087365146
39,41,1.01536951060591,-0.306924808815562,-0.663545453919784,0.609954057035722
40,41,0.995387890581398,1.53132763020341,-0.944170782383426,0.831306978102546
41,41,0.309624484028347,-0.528676493361894,-1.51213907457883,0.129465553356983
42,41,0.586689199070823,-0.60701134327884,-0.13988675104467,0.617761124158809
43,41,-0.475333812332207,0.138013961709501,-0.660773317568965,0.856355179351955
44,41,-0.591532446862541,-0.936090504056052,1.73630788928654,-0.37903047948025
45,41,-1.24567700220385,-1.31202820713806,1.67262022116565,1.11712053229773
46,41,-0.190766326052129,-0.550121243358009,-1.45585698386256,-2.06667171865763
47,41,2.5546575305859,-0.931688799376786,0.619809372218632,-1.06979396605483
48,41,-1.14015866522799,0.41794822951332,-1.13866361381321,1.20593656606157
49,41,0.932804923653139,-1.21263992369121,1.12469683454499,-0.807710582119209
50,41,-1.23506353800561,1.95311982698549,1.21927793791402,-0.107324418007295
51,41,0.773745664176688,0.744777915932999,1.35449145948231,-0.217448785799147
52,41,-0.505279348377921,-0.0781670120377121,-1.1007361373288,2.14154957460401
53,41,-0.12708104692164,-0.145835053033309,0.149879368671868,-0.558714248668657
54,41,-0.710813688402128,1.44992264062791,0.351187667365312,1.55691498269389
55,41,1.47416132275314,-0.276465384174877,1.68014919070184,1.55531506607381
56,41,-1.71686841319487,0.816876225726784,-0.107418123452394,-1.03031437871244
57,41,-0.484828580729338,-0.772952690069563,-0.165448381325163,-0.460366648518164
58,41,-1.23797095968454,-2.09069819275299,-0.545940768001923,2.38193351455001
59,41,-0.131857448294501,-0.613152544995811,0.0302892026232138,-0.815404105702288
60,41,-0.850710751969887,1.21182408695237,0.226286729028707,2.12003846197108
61,41,-0.183047164194247,0.452408029551261,-1.15128965821582,-0.0218010660322161
62,41,2.43338063680506,-0.664177141557987,0.210748015949949,-1.61606640013066
63,41,-2.20637165750334,-0.40405860444275,1.98933226057073,0.744677808659042
64,41,-0.500521342282261,2.08173620598417,1.74705102518112,0.449300726689486
65,41,0.331534746096491,-0.952816911212322,-0.331303585758332,0.612789478236288
66,41,1.42165707582882,1.27048815789674,-0.404916162926398,-1.22277054795983
67,41,-1.82638166661338,-1.28277605523873,-1.06842401786459,0.862847080729445
68,41,-0.811581821311722,-0.717612923789234,-1.01884472129693,-1.36473618660917
69,41,-1.33788392067446,-1.94974313282546,0.417689938699827,0.727344277130781
70,41,-0.836575426259687,-0.829766949552354,1.083695727473,-0.241321414499388
71,41,2.45593663181492,0.237040592826046,-0.842864883185635,-0.420219816695203
72,41,-0.403452133601763,0.295447738839203,0.811638897909448,0.3083078663152
73,41,-1.01927416452584,-0.899953368975337,0.314489899524118,-0.688613187814827
74,41,-0.0499276709545394,0.190358803551407,0.260409829731272,-0.878554330674217
75,41,-0.588484637167319,0.881156258134392,0.367151627445331,-0.0828860404098068
76,41,2.92474258418073,0.366886285252449,0.992218231308123,-0.118648552604156
77,41,0.433488202177822,0.512229185117,-0.586016148137295,-1.04529115195385
78,41,-0.372778979091351,-0.654227684939577,0.188021687196633,-0.170433143019611
79,41,0.353694684274546,-1.72427909203752,-1.50668029487864,1.22561242291418
80,41,-0.578591489823298,-0.837814972036102,-0.550878038729824,1.17401639316211
81,41,-0.351111663678794,-0.800023051243589,-0.75699490990642,0.499451121727475
82,41,-0.799964040986887,-0.0894521550671571,-2.04255755570792,1.3113161273325
83,41,0.115307350658207,-0.399966621658151,-1.58341217893969,-0.395384571927869
84,41,0.693277671764377,1.76214105782198,-0.904537806391725,-0.209569604042795
85,41,-0.288386566720045,-0.532255803142315,1.86955779016461,0.0576366528117046
86,41,0.96100999620439,0.655216513114847,-0.657911395613603,0.332980259648777
87,41,0.327814063056287,0.346032391037554,-2.3049088675426,-0.853025692915187
88,41,-1.00869617465055,-1.06350785604069,-0.133601068675811,-2.1053971015738
89,41,0.552130778407044,1.4007074702436,0.457045721715341,0.470705613791449
90,41,-0.983333867647909,-0.0928595579414541,0.704860382113917,-0.19078874732222
91,41,-0.00771436169256521,0.69009335228873,0.214810200629968,-0.33138409457228
92,41,-1.54612871922397,0.4611911779554,1.83548138682677,-1.13660543213558
93,41,-1.76431342658363,-0.902575337479623,-0.627504690095247,-0.300355910595772
94,41,0.070340428751927,-0.659004421848057,1.81300767081283,-0.169733143328026
95,41,-0.50860892284686,0.832927809497783,-1.23944885416465,0.447381555106611
96,41,-0.299847868593443,-0.873778034390858,0.972705301035646,0.720608091814425
97,41,0.511646182528322,-2.15185545184784,-0.00662713632159042,-1.58870846413646
98,41,1.09178932646371,-0.599962013167921,-0.101567022425607,0.181054558574241
99,41,-1.50551369645046,-0.51751911191679,0.569442007839015,0.115443431122441
100,41,1.13466915621523,-0.89340240125902,0.102219921771787,-2.10183297368837
101,41,1.29469352268937,-0.362680639735369,0.854309000715367,-2.55614259057557
102,41,-0.361153788877179,-2.61437131057921,-1.42731364712783,0.778382703349812
103,41,-0.181618128312343,1.02146474762743,0.884222192037749,0.266405993278846
104,41,0.0195171693909875,-1.04261962728231,0.942565684925907,1.01018663810517
105,41,-1.17126079161357,-1.8012864035862,-0.841895936783826,0.260555785608378
106,41,-0.504388793159485,0.380785484858509,0.329756627649522,0.96838190706869
107,41,0.858385673568227,-1.26432985796939,-1.31703430599621,1.00190263755272
108,41,-0.390427857813789,-0.274960399780998,-1.11033524960324,-0.375795574807382
109,41,1.1921062723211,0.403324411174451,-0.659864942944937,-1.62004057229369
110,41,-1.34758372123552,0.399116523000764,-0.395623344237087,-2.18041473231637
111,41,-0.479622819551063,0.680294654419965,2.86166148385309,-0.253474501515484
112,41,0.521531839915281,0.592948709134285,-1.41130162875827,0.129570017708481
113,41,0.0530633886026672,0.726476579417567,-0.64072096240602,0.85968844623514
114,41,-0.794646577827358,-1.07116409568862,1.67702911700054,1.67591749094282
115,41,0.403972003154268,-0.302617804119442,1.02363748382588,0.194151786620148
116,41,0.42016268549655,-0.983163365736509,0.557449221169153,-0.915058341737247
117,41,-1.36974083035322,-0.651617173847536,-1.19841528119675,-1.11600168059401
118,41,0.425298806462002,0.187525953353695,0.358905419477133,0.499829706331811
119,41,1.0200795529171,-0.933745362383994,-0.55547708698021,-0.281427390783073
120,41,-0.30414076648918,0.91054757658484,0.0647017443501137,-1.07950486243887
121,41,-0.0781513520278362,1.46473306454985,-0.891950760947941,-1.81093164070543
122,41,-0.45229862788854,0.880003671027239,0.524024656474621,-0.882220932458133
123,41,-0.934944491896887,0.913739236969171,-0.526617773795358,0.979494141665364
124,41,-0.10513613301961,-2.13167019727991,0.0278253610290982,0.805058378090268
125,41,-0.874218351761973,-1.73745256951479,0.907309520167601,0.0465141216963503
126,41,0.63587038933724,1.22447336845681,-0.807978603462452,0.219541232525241
127,41,-0.317224199663789,0.530977638934747,1.13622238488382,-0.823371625244396
128,41,-0.640049640941991,-1.53674767055973,-0.672382076795499,1.40669821368676
129,41,-0.779687388888078,2.69851683930269,0.361749985153261,0.166184757395226
130,41,0.109819773798634,2.42897239878026,0.495723016932418,-0.67773338759661
131,41,-0.606649666748357,0.662114894421234,-0.608683479457401,1.79019433498782
132,41,-0.647557177708385,1.15998929297059,0.800815951784926,0.552062255385511
133,41,1.68344132996691,0.747150262622948,-0.587741795893853,-2.62697125321703
134,41,2.4861816758258,0.13329774115126,-0.571556976015215,-0.885696358172283
135,41,0.434733439960979,0.0724577134787405,0.57285182670432,0.871821103606996
136,41,1.42580901909148,0.380529566112963,-0.992965603104594,0.00656015675875138
137,41,0.445283894596537,-0.37957261181422,-1.17245813405387,-1.31851365595497
138,41,1.03530202418288,-1.99323098421269,-2.61668675354984,-0.224439620922101
139,41,0.00297244568148305,-0.0976220332214908,0.699399447301379,-0.0326477271839973
140,41,0.178817403691987,0.699471976523957,0.370918770211663,0.0548097255443598
141,41,-1.35282227655603,1.79916190162524,0.412280908451813,-0.804512053286311
142,41,-0.735785102294107,0.635869319290707,-1.65787626217554,0.259774829302191
143,41,-1.55745496955657,0.126166755817336,0.716314401909206,1.06094256460729
144,41,-1.39307008857601,0.379718808704928,-1.23501109235239,1.6365299681781
145,41,1.70852055840977,-0.2726045214577,-0.879379290532461,0.197090586799127
146,41,-1.58594165936384,-0.169283782861216,1.91826136912228,0.762175212783491
147,41,-0.577525871187279,-1.49085129720761,-0.0193246756046931,-0.960377837130814
148,41,-2.50499287905542,0.369510604397268,1.08059437527604,-0.46963264906651
149,41,-0.207211241880812,0.720032704682317,-0.738363225451398,-0.890082542471575
150,41,0.313066919756663,-0.161062396776985,0.0647330067364048,0.591279793196267
151,41,0.30756547929614,1.01240010474012,-0.0428512325224089,-0.245128517458327
152,41,0.535790603242076,-0.778699085358506,0.141346547629736,1.14397834519678
153,41,0.371123185581158,0.891997792403784,0.957542874216197,-0.451537827485455
154,41,0.107145010628254,-0.430695817913015,-0.87066758496081,0.994679159994621
155,41,0.422582598350369,0.728655201151091,-0.331071089883128,0.654399601134387
156,41,-1.29855845024708,-0.789017435912955,0.360040840833825,-0.319711775433213
157,41,-0.0378292325564133,-1.86221887067932,0.340364278928716,0.125992370469052
158,41,-0.914357787299041,-0.566075394955431,-1.0655251418722,-1.38864915714762
159,41,-1.58721826000819,0.281580039185001,-1.16437034986768,-0.884806515687436
160,41,-0.507636354746189,-0.300539801876382,-0.191475997585049,-0.556440640777389
161,41,-0.250162621209106,-0.948706096095371,-0.356847571231625,0.997775996839437
162,41,0.231087722277974,-1.65292368981932,-1.11688142006349,0.437646823562973
163,41,-0.420154230347428,1.58839964068569,-2.0890364519858,0.125112506402163
164,41,0.318950985045667,-0.283504216302849,-1.63704770622324,-0.604080586910044
165,41,-0.878536125345381,0.183741085355374,0.511571432188432,0.0235505480399049
166,41,-1.259292465214,-0.149480145170058,0.588280140020281,-1.23338849604788
167,41,0.407189152593035,0.195608529378045,-0.302102085574907,-1.47117880628802
168,41,1.99346790878504,1.49590787586928,0.853556588633631,0.503390899856367
169,41,0.289785246035001,-1.03491872304048,-1.81823638588227,-1.11686330198465
170,41,-0.463070915794668,-0.12971290651182,0.208573476178381,1.0284223626754
171,41,1.45996598472247,-0.584990547407175,1.89027101980235,-0.370437379895183
172,41,0.122119436934065,0.978742280714447,0.232069455468734,-1.09405637284795
173,41,-1.23972777754441,0.97905876294795,-0.843176431545733,-0.0212967416730032
174,41,1.06483616944058,-2.45342523690237,-0.0720968429811068,-1.44600353706194
175,41,-0.7715139797402,0.269603440308052,0.16229894058361,0.199671826040897
176,41,-0.0742388937415173,-0.0443847605942942,0.458500722746081,-0.838876399182229
177,41,0.605910962307434,0.845670147313917,-1.28038521411892,-0.273427993693051
178,41,0.907000453439792,-0.0340927931976058,-2.42727662543134,-1.76717825483805
179,41,1.07911539728517,-0.964797973573671,-1.44034511958721,0.821741101590165
180,41,0.241504956378664,0.301334542894048,-0.0647102055815802,1.71348053362446
181,41,-1.91862453381285,0.311738240194398,0.595689857783601,1.09801196048315
182,41,-0.156876156104316,0.574232458930973,-1.01049380602374,-3.30696752598773
183,41,0.930450586670847,-0.547136351329209,-1.22698483979895,0.214120648714008
184,41,0.61150652300202,-0.0358249045904415,0.324903885360874,-2.7135675598086
185,41,-0.266683519048446,-1.7919303205994,0.620378572340014,-2.8376843427145
186,41,-0.762033098376515,1.47991845218677,0.421608677938725,-0.606848193048052
187,41,2.14681419327178,1.88725633564132,-0.979975367656134,-0.204817074582506
188,41,1.63003548351211,-0.52394495952514,1.005944900844,0.585833791365284
189,41,-1.09894880993658,0.29351303281188,-1.24160117767447,-0.503600472739543
190,41,0.583609127237862,1.38667109693102,-1.39890911955485,0.365540663148416
191,41,1.32258957604014,0.169437972251439,-0.22242342273954,0.688640266014772
192,41,-0.589354745544327,-1.00898530328108,-0.0151734292814979,-1.31060027876923
193,41,1.53138898228174,0.213081283180301,1.10983673136865,-0.962746049244941
194,41,-0.574422488246977,0.635705050822385,1.68345602811303,0.342175488541846
195,41,1.40269556505594,-1.00301127491882,0.127936893476046,-1.34399449099602
196,41,-0.223648045011191,0.513815145091824,0.393553024250713,-0.302016969843914
197,41,-0.0680072879673694,0.547072308074357,-0.101513618943394,0.179061834370835
198,41,-0.0687561658404755,-0.0830050759460644,-1.32989912449216,-0.330770293144352
199,41,1.27317536825498,-0.0666243576611849,1.76893254791198,-0.119361674601696
200,41,-0.202943632557273,-1.00883855606975,-0.119731338522059,-0.0317490602455174
201,41,1.11510754896482,-0.129140975493985,-0.311936000488794,-0.164386109234733
202,41,0.554766999858939,-0.155145884904097,0.13268304648569,0.793747987377423
203,41,-0.441110527032691,-0.21058612555863,0.718763418731602,1.13073835464854
204,41,0.166311078945389,0.17495779966518,-1.37368201609053,0.836142605467465
205,41,0.302252127687137,-0.341265837929052,1.85720921489722,-1.53495461216109
206,41,-0.622122648658259,-0.70947849505632,-0.740481486473957,0.0335589408675713
207,41,-0.546778584966602,-0.0995520728745942,-0.131624501743115,-2.47937169369534
208,41,-0.228931534071633,-0.641829980629001,-1.12983210160409,-0.900258033779371
209,41,-1.32136382682668,-0.0687494665166082,0.0421592237416798,1.27208566717078
210,41,-0.86143367812976,-1.29536314724472,0.203316025224138,0.556450751231556
211,41,-0.366988878844744,1.31374910690165,-2.89932492469079,-1.51724368982524
212,41,-0.983238654477978,1.18804512168897,2.62415163757847,1.79740757968779
213,41,-1.31264783500362,0.129647361171136,-0.710359396811542,0.280928720487263
214,41,-2.11087023301188,-0.834731687517239,1.13223621978722,1.64235367881363
215,41,1.4035554118706,-1.10194676163107,-0.110722889717701,-0.924485776136817
216,41,-1.72027687055819,-0.111386981604149,-1.23603326205754,-0.508842476896152
217,41,-0.775682095174086,-0.0178536184460436,-0.330125270712693,0.678950522942969
218,41,0.980314947961095,-0.262626059217775,0.662385641850716,0.873240664525803
219,41,0.416317991608241,-0.650339321210434,0.48174553335841,-0.930560848331488
220,41,0.524590598107849,-1.56078204528217,-0.570371262009924,1.72658566088683
221,41,0.623711285678442,-1.90009617666039,0.429772022556286,0.246851226865001
222,41,-0.435992426289203,0.369604446169039,0.0544579041856468,-2.34665087546588
223,41,-1.27436689633956,1.24583066020715,1.14152546468761,-0.383087313128431
224,41,0.499993246590875,0.411294448887177,1.29492145296644,0.198671733959739
225,41,-1.2574109890231,0.300729307999116,0.638773631355975,0.215364662737529
226,41,0.632757604156571,1.29163845606593,-0.402662583535111,0.366092418575603
227,41,0.125330362280136,-0.563069503047368,-0.534231886541614,-0.582510330224824
228,41,-0.105348893122056,0.521640883687357,-0.244120147000983,-0.449922149783405
229,41,-0.836641252402348,0.0980258315706378,1.75207097727013,0.218643382984584
230,41,-0.180395300269553,-1.3097720941638,-0.0523878626725959,-0.521484220918476
231,41,1.15098576333386,0.647267157170572,0.52545487266026,-0.148207354861309
232,41,-0.048000190675488,1.5175071707883,1.06521250297441,0.82170714643879
233,41,0.941546577004596,-0.238374266503888,-0.309392343941251,-0.282140415415158
234,41,1.22124268250218,-0.232935041247118,0.105960563958149,-0.495840268927142
235,41,-0.607385767597411,0.921542562483598,1.24592657161588,-0.079663828771337
236,41,0.824514140696187,-0.290718835086912,0.691721382307014,-0.368308064142989
237,41,1.17709098272059,0.727153989977701,-1.23820007373331,0.627638375563326
238,41,0.485292835821805,0.680896531302805,0.478430789315266,-1.14643479323646
239,41,2.21597701396164,0.0662299497507094,-1.48389739943303,1.33549918706933
240,41,-0.636568931877004,1.09916420794208,0.0330419893508356,-1.11858414204707
241,41,0.184355988587866,0.733650554082865,1.36217763655076,-0.116763012922329
242,41,-0.381958020967424,-0.460683584886955,-0.801405839516909,-0.3658548659864
243,41,0.0827439665665553,-0.957571654750724,-0.458314258272833,0.00873752569871112
244,41,-0.146423034223941,-0.188951791233415,0.618607799305134,-1.18822302598157
245,41,0.963368974899589,0.774953574781473,-1.36835509050225,0.567228934282947
246,41,-0.414876203955912,-0.390709504525362,-1.13934970216345,-1.19990691896839
247,41,-0.71837350182702,0.197838058138846,-0.846323854860257,-0.0703212031575691
248,41,-0.54812349643369,-0.514760869968963,2.60986582131943,-0.100436357021174
249,41,1.06879757178335,0.778311356395685,0.1622621110712,-0.10776110181698
250,41,-1.07198052141139,-0.169385705904254,-0.868739494217805,-0.393299377074722
251,41,-0.901144302126963,1.75228388712078,0.306806640421201,0.715984788459116
252,41,-0.273641588287305,-0.0216198187048493,-0.836569860255001,1.36965330696028
253,41,-1.15134700598081,-1.18555696757247,-0.694848906651978,0.135158117590045
254,41,1.00648796605503,1.37683220579017,-0.216861824491231,-0.419489063751656
255,41,0.681029870492273,-2.57665887153842,-1.68547245676351,-0.273874897570594
256,41,-0.141137146767666,0.752453427488855,-0.202503625611613,-0.808296325315079
257,41,0.770742192865332,-0.0639862754707808,0.279428789991918,-0.133177746265696
258,41,-0.296049923193167,-0.862441731168591,1.20142417814444,2.46482485733162
259,41,-0.475329129396144,1.27999830411555,-0.756055698220758,0.935096250117061
260,41,-1.1546534223429,-0.173280915072393,-0.540135902971264,2.0679534514544
261,41,-0.473023021300564,-0.0410114859759931,0.150600033540741,0.687832253049656
262,41,-1.16795924914096,1.73719991744014,-0.706292408522209,0.304937829126802
263,41,-0.461062809883903,-0.253011246748466,-1.42434300238169,-1.52160170558621
264,41,-1.3028687812594,-0.341091681906074,0.504209827610727,0.479567288678861
265,41,-1.13192377443799,0.801277168008278,0.263216171245468,-0.135130514589846
266,41,0.927800982142656,-0.349332400198521,1.49181236665654,-0.174935674097338
267,41,-0.462619064788923,1.1703535992369,0.628692311476499,0.415692069696574
268,41,0.83351643250565,-0.38457759745397,0.157271154765434,-0.94542420375133
269,41,0.63382746669979,1.99261824871797,0.216424772440013,-0.720907465505666
270,41,-1.01489046862799,-0.109870326657971,1.04708839465993,-0.241240705179407
271,41,-0.0517786257364379,0.353970479784923,-0.0498381786443425,-1.63164254687206
272,41,-0.049711301840279,-0.550025033168779,-0.558008794368031,-0.80777979659577
273,41,-0.331787147506703,-0.384304656503873,-0.699588076131497,-0.764709726253357
274,41,0.0490083022314032,-0.318605690640384,0.628860487193852,-1.28995893398515
275,41,-1.21384768351664,1.11376862623618,0.327844632841981,0.299233062189518
276,41,-0.381352085054928,0.392890050044394,0.658287861269992,-0.404887619797807
277,41,-1.08995636422065,0.607946643645672,-0.465086512852193,0.650126857005344
278,41,0.697831668442113,1.38284896707527,0.0973048406769375,-1.61342166959783
279,41,-0.0901406590836266,0.586961846631407,-1.03890235446675,-2.00511961357512
280,41,0.237918853948044,-0.693048418795462,-1.86271597501105,0.250202691519958
281,41,-1.62919638560258,0.993546800903835,1.22284791065524,-0.318700248165388
282,41,0.0895200278046041,0.244924054929074,-0.526192847601628,-1.18888379823139
283,41,0.217583056998072,-0.611986846162666,-0.0822407904684642,0.442351323709185
284,41,-0.0741070232398153,1.36144598867069,-0.491461407105662,-0.040028229248143
285,41,2.2030462524211,-1.91355081079564,-0.0325924396825026,2.50041679485955
286,41,1.14468624382092,0.159801318633275,0.0170242146139109,0.0440604532699109
287,41,-0.511672923022694,-0.0897437639863982,0.103314130132303,-1.99947864758435
288,41,-0.989156674750995,0.818041611160777,-0.451101439222283,0.0992634257453401
289,41,-0.568533350320641,-0.0767950718975258,-2.40593545604845,1.57122795006571
290,41,-0.348274569896883,0.78993770799102,0.224392729180403,0.72529144417091
291,41,0.0483460182117506,0.85508348784078,-0.112552972050262,-0.825491095681754
292,41,0.126139096802947,0.398489710887413,-0.321255269885142,-1.98478033760713
293,41,-0.854812946627819,0.143565462511492,1.95376059969572,-0.251529520083697
294,41,0.523377439779379,-0.704018282762916,0.376503026081632,-0.683053793263083
295,41,1.25641444470323,2.26591571258265,1.00820985144674,0.299022504761149
296,41,0.515336857881931,-1.17222664632622,0.895828161345352,0.767767170982894
297,41,1.30224898380617,0.21927121478879,0.991490657786928,-0.664507298271612
298,41,2.28577632825035,0.250965855483017,-0.721344764015923,-1.26849651142258
299,41,0.190763853546302,0.261518685878218,-1.33523885355129,-2.22444184745189
300,41,0.343573983070276,2.45535904038907,-1.00824646140401,1.55553034572369
301,41,0.511591222144402,-0.0930487943700106,-1.30123403317766,0.318394784609397
302,41,-0.759448967815987,-0.970862000127514,-1.71676665379784,-0.317217742143963
303,41,-0.270972977720954,0.229936434549808,-0.700642517363262,0.635096795129343
304,41,-0.870557575159957,0.767143498784487,-1.58919984892941,-2.27821536794377
305,41,-0.361488969859956,-0.425318638682152,0.0567319865730939,-0.146110808712387
306,41,-0.406154773419258,0.448187450000301,0.883308990509796,0.731087191161048
307,41,-0.49262211495327,-1.47459704321446,-0.77047645021228,0.520819982002481
308,41,-0.866022803059507,-0.795317057398295,0.896130542400651,1.0290962507874
309,41,-0.395268066414099,0.495124686795109,0.742208166894768,0.34566127265648
310,41,0.572743977743057,-1.16644303867567,1.63616787040054,-0.0477038045503994
311,41,0.222478286110581,1.50167018236164,0.853576817262859,0.723260988043843
312,41,0.0394027726191429,-1.28135409717728,-0.81646872219502,0.193498669766683
313,41,0.421583704750261,1.21888393158089,0.142149650197328,-0.38799051309277
314,41,0.995477049623773,0.864414776526973,-0.688821239924973,1.39061947318181
315,41,-0.273823102120022,0.281597121165292,0.611537903381079,1.97417127946857
316,41,-0.0926577846407008,0.271375641895866,2.3637611963192,-0.140825633573165
317,41,-0.167876146805503,1.98663122854838,0.518886139246643,0.273414376589549
318,41,-0.837832312705433,0.0107208953850267,0.665298858849552,0.134620629247894
319,41,-0.241020844326718,0.439996973438419,-1.0113530400014,-0.875280729672559
320,41,-2.24710632607974,0.814046253449528,-0.901766395789933,-0.679388487503483
321,41,0.40511560167927,-0.42865925008274,-1.50762033218003,-0.434521136453409
322,41,1.82695037309348,-0.0158690007192837,-1.65484402785487,-0.196841707712282
323,41,1.67442561596141,0.169389365816227,0.6989847580462,0.906993581694685
324,41,-0.325114204648059,0.780967219098042,0.38190542174103,-0.98096116372768
325,41,-0.910863590365778,0.730491591246905,0.763681229556898,-0.595375366368637
326,41,-1.55610653292502,-0.427567840579943,-0.856313863202915,-1.23023897352153
327,41,-0.967093221019875,-1.15944389988606,0.269592142279706,-0.171353090346235
328,41,-0.119335096392176,0.740358904668173,1.02903451469442,1.40487635639803
329,41,-0.531139912426099,0.534888595525677,-1.34406873271744,-0.0579275941526793
330,41,-2.17907090165717,1.03570989344588,-0.398335066073976,0.591091991986368
331,41,1.02275127741716,-0.367674203154178,-1.72893545590061,-0.549819986953958
332,41,0.435973584150241,-0.602587887378614,0.459640921051089,0.954801263108603
333,41,0.859642991219981,-0.853903971808716,1.0524027482721,-1.09956561835336
334,41,-0.86678344587202,0.0124578063929782,-1.37231850349663,0.109158362075888
335,41,-1.03855559154107,1.40087386528034,-0.291621719507118,0.622374521708303
336,41,-0.404761968795934,-0.333951140488178,0.550387278214881,-0.368148010343725
337,41,-1.93262547523637,0.200870947295219,-0.730075033251251,1.76438603445281
338,41,0.144343735586526,0.558594552133933,0.931825370630749,1.63411703967958
339,41,-1.093555816371,-0.406808217072462,0.983260775464897,0.847579327510124
340,41,-2.98600856791893,1.93078846980559,3.20937521256362,-0.743642419677503
341,41,-1.29947248973841,-0.529447162862474,0.681018813091277,-1.63898057465479
342,41,-0.0255254949438946,0.953198943740689,-1.34953577313043,0.0144917007318026
343,41,0.785678110679998,-1.03575990205351,-1.59987499416751,-0.475610498895985
344,41,-0.441401838915437,0.0848151303106112,1.26130099469607,0.70254003547763
345,41,1.30031479222771,0.740480826664241,1.04333329242145,0.189982427495812
346,41,-1.44116514909335,0.450229303341872,-1.77915290229662,-0.79090181064843
347,41,-0.397036361780546,-1.96670036864144,-0.405487448338466,-0.539791858322795
348,41,-0.362553730847002,0.0983648481928835,0.384064382538868,2.15526698282337
349,41,0.203523803324991,1.15603565093494,0.784435685441604,-1.28683924712855
350,41,2.28765390070489,0.0870865705922347,-0.661952644613807,-1.58412439474296
351,41,0.416052645872485,1.46815692655927,-0.0484922199807976,-0.608190063576532
352,41,-0.419548681987517,-0.23158272632716,0.206705512002524,0.577076714693755
353,41,0.542915077679141,0.693177484646408,0.0915876019611267,0.687889039484134
354,41,-1.24838711279146,1.73604556122849,0.991891360476028,1.68391010679507
355,41,1.28054689494871,0.518233938711702,1.03810828200209,0.725253396621037
356,41,0.50026332979895,0.691949016568883,-0.960423385132003,0.240235110158955
357,41,-1.17915829839395,-0.307903705187558,1.27590729551893,0.188866874541699
358,41,-0.421535134379998,0.827995695636438,0.739787591138559,0.559504858063931
359,41,0.400893579914565,-0.124881030724862,1.04003785042286,0.33588053199793
360,41,0.148334340109085,1.87906643426018,1.45378688445002,-1.23634363765912
361,41,1.01326119449465,-0.663151965596881,1.95278807847557,0.0932816977460198
362,41,-3.11655757722724,-0.873867832581357,0.0473662875674632,0.862090112003095
363,41,1.07344812003158,1.69720183705068,1.29167655878652,-0.282081039593717
364,41,1.18268616711083,0.0639029898920117,1.73580186598028,0.24610396384296
365,41,-1.15055108660603,-2.0292569990688,-0.473415238132397,-0.491334703565512
366,41,0.849522026023095,1.02991481451332,0.595412342386483,0.708072371720225
367,41,0.332387177957969,0.0165333604531565,-0.219272998908641,-0.314044449691732
368,41,-1.50926693726767,-0.899141852552326,0.984431795222516,-0.317732034353836
369,41,0.433492712423099,0.700030477066658,0.0154954928126462,1.20652075097775
370,41,-0.745113273114347,1.50678664893399,1.39837418748221,0.556641083148988
371,41,-2.41475535354006,-0.145742586278598,0.504202914077411,-0.183392841775932
372,41,1.46675210467114,0.456721447692819,0.114347342843317,-0.533853704958318
373,41,1.09485402836707,-1.72826414637665,0.623145798552621,1.74719302511768
374,41,0.519091858707878,-0.0632184291005493,-0.99144567055515,-0.0157589830509364
375,41,0.0664763271477614,0.972356370440572,-0.103663425883125,-0.829889016976636
376,41,0.700142454694962,-1.45762363483062,0.0952608638634319,-0.933452414927126
377,41,0.141162140849699,-0.564387229536412,0.109904452186544,0.199554253200773
378,41,1.38881816975784,-0.745050664544131,0.0962274401250915,0.921527005210499
379,41,1.78435678299536,-2.42140272881346,-0.0471961900887927,-2.44796795045847
380,41,0.460902130929079,0.0965159722575133,1.20756322979441,0.304239023023701
381,41,0.441376089197061,-1.16182345613918,-1.72717825480922,0.659134553714104
382,41,-0.0917906500797156,1.06166229842062,-0.280727586962274,-0.758127319053385
383,41,-1.08389128139868,0.49776341572572,-0.00624674903751415,0.646553148317446
384,41,0.113730833371185,0.409683869583437,-0.422855897443124,0.703250515185882
385,41,0.2624136708823,1.29870005115137,-0.661074991088891,0.333118573712903
386,41,0.957572656258407,1.19232349341779,0.154020370436403,0.675120486328401
387,41,0.588879978841286,0.788795739019,-0.0761684854209541,0.794917481202494
388,41,2.54585273639601,-1.84856047797125,-0.517271394385397,-0.240524247200096
389,41,-0.40147638088754,0.586629308295191,-1.78061407802724,0.114504333086115
390,41,-1.00809484299373,0.245010949129393,-0.113351729856692,0.701748102432449
391,41,-0.426889769522415,-0.435485943782237,1.14334574362406,-0.281263709941422
392,41,-0.656194900295323,-0.977835748911067,-0.168301943940331,-0.437883636880943
393,41,0.149834127114942,1.69636991183445,-0.796935894821975,0.899619382978107
394,41,1.06946095996453,-2.23389098579491,0.918141961635149,1.7028854870942
395,41,0.780354268987328,-0.5826108952544,0.641189341114944,-0.370346254450671
396,41,-0.0371342341166769,1.438194982272,-0.976974509390964,-1.5955421764526
397,41,-0.433225587393093,0.430247319314592,-1.54435967139121,1.05907548205407
398,41,2.38970716606765,-0.0660951255320244,0.775280343361753,-0.455608441867042
399,41,0.864613876778008,0.089544770100979,-1.14908785861997,1.82996263848173
400,41,-1.11947913963992,-1.04191308046818,-0.169598724946736,-0.966267284377491
401,41,-0.344478446920562,-0.149331935895921,-0.58338721047785,-1.2736465448726
402,41,-1.12682865452935,0.8497627515459,-0.0651174243400012,-0.301508429606032
403,41,-0.205480158162535,0.838739595003017,1.68049559698503,0.454244883680659
404,41,0.0666983023230807,-0.0849256115743298,0.339107428519245,-1.21884325349441
405,41,-0.251891406807647,0.220771408904781,0.935385821858976,0.456103784609551
406,41,0.471090811646577,-0.16501324126881,-2.87807023114045,0.577246681163965
407,41,-0.909469967368984,0.120520370113133,0.168252660862728,-0.564602604184341
408,41,0.194323792780068,-0.246157339098209,-0.777677917439603,1.55106264006588
409,41,0.50970609188829,0.192576887948805,-0.0427773158840904,-0.936284928127949
410,41,0.572117043247766,-1.34512807733697,-0.448549830552621,0.620085296436717
411,41,-0.783641486653345,0.471953273701994,0.591745261254339,-0.159709646021067
412,41,-1.072389995816,-1.04618947954692,-1.63711182693301,-0.32303099213222
413,41,-1.40880792522749,0.946794138475614,1.84037558027903,0.352439533520672
414,41,-0.712685801697302,-0.675661846769438,-0.699323152331443,0.920004805146177
415,41,0.810978432100699,0.20209615427878,-1.59109379586132,1.60996668748208
416,41,0.444960421146449,0.626238619887401,-0.086133179889673,0.915624642154876
417,41,0.22423889856468,-0.761038489868207,-0.982877677263915,0.485022525200192
418,41,0.336790551138859,-0.994053000907522,-0.50298036220657,-0.781868730528805
419,41,0.0934021987506709,3.6217738734281,1.38755197375063,-0.172197201976413
420,41,0.0836419225044625,0.909536282479691,-1.15267931869766,-2.24607540773971
421,41,1.83223084277,0.767620785093482,0.378669156895515,-0.378750501012022
422,41,-0.511312561725737,-0.00586378022887617,1.65091247798063,-0.899826402040415
423,41,-1.11551750361497,0.160219746750602,0.953009661176902,-0.588642010397888
424,41,0.164525430123151,-0.173786243905922,2.81921794777617,-0.236718251440539
425,41,0.030881744397097,0.394848363799537,0.0973744456249567,-0.0146376917863034
426,41,1.25401800414669,-0.658011555735282,0.574806083309247,1.12446947143482
427,41,0.334317554522494,-0.750608269427558,-0.0581907165038487,1.10808310440375
428,41,-0.0827324535560245,1.87102079222247,1.13649755911413,-0.237775479410897
429,41,0.479973571260121,0.0906109282036495,2.53611317761333,-0.500682722024148
430,41,-0.0734139384808862,-0.529050267974142,-0.258194623210419,-0.645867764093246
431,41,0.0299999298991556,1.46638306549001,0.564026084454059,0.172093641417368
432,41,-1.88648802744389,-0.636024750350808,0.51661433813062,0.375331807084456
433,41,0.407549985175615,0.645439401801341,-1.34969388554142,-1.10430268718784
434,41,-0.752022220498334,-0.832875609125814,0.0529847182087598,-0.33673990887286
435,41,-0.438030681993246,1.31766318131179,0.460749790448236,-0.0729929051881082
436,41,-0.793689660779045,-1.66339341150319,-0.36446605446691,0.822659447242622
437,41,-0.418600509543724,0.813773140879229,0.891597838183518,0.494680212486688
438,41,0.32068559713512,0.364612470284648,2.00213119230836,-0.270594498529415
439,41,0.250648223883471,-1.59594345655168,-0.0338331344705701,1.38477008109179
440,41,-0.345487483914489,0.455559941712779,0.151629562551871,-0.539041580808379
441,41,-0.50361961126999,-0.150053836111094,-0.432111330249726,-1.34121565949099
442,41,-0.777822267331342,-0.315326189991261,1.43769227438461,0.0971964952778469
443,41,-0.145840845248817,1.75651686825365,-1.52606997365511,-0.101420489445386
444,41,1.47008397044416,0.341866388140023,-1.1953978588324,0.568095566116329
445,41,0.300802505473435,-0.648451204016899,0.147906889866154,-1.0090591062462
446,41,-0.107782859340576,0.503308322320539,1.18541744207541,-0.6317027530811
447,41,-0.465442381006212,0.222902048838436,-0.670372688005247,0.177687517382398
448,41,1.25535857714824,-0.395687145678089,0.281291765902566,0.25431015556872
449,41,-0.575964466839739,0.216338902083501,-0.318480883112951,-0.410136272170282
450,41,0.644391459519664,-1.40152705093192,-0.180484311087887,0.367583390598988
451,41,-0.150094653552169,0.0903707624041058,0.521836584527449,1.04513283942078
452,41,1.36666173872226,-2.18686286337706,0.702903646611495,-0.0314053887796337
453,41,-0.747733715640724,-1.16973423638314,0.949825712204577,-0.170454826652073
454,41,-1.15136232501761,-0.336364237056572,-0.16286485775785,-1.41569046616231
455,41,0.310695370433192,-0.437377981593792,-0.500038528042229,0.0999483869227422
456,41,-1.09272730541104,0.725065179266872,-1.17379829850096,-0.854704241447693
457,41,-0.404517854208176,-0.194886565651203,0.153699930371279,-0.258962710190904
458,41,-0.356163970507407,0.428444313726226,-0.358985480401838,0.435889329764446
459,41,-1.77457309006563,-0.641099053081089,-0.0289378336655698,1.48742664816717
460,41,-1.95381681820103,-1.63668099404862,0.0731656920428374,-1.52181476243484
461,41,1.59110586480224,-0.683872696989379,-0.248809144166561,-0.921771328364486
462,41,-0.359247821210917,-0.696506620652982,-0.438650307988916,0.7463913012605
463,41,1.07246386975544,-0.0673274415614576,-0.924968829475853,0.948740870865245
464,41,1.35517839185031,-1.53349363003987,0.628221603121016,-0.923820731347473
465,41,-0.195708138467501,0.498229413968758,-2.22847876514078,-0.627716180203878
466,41,1.03526543135585,1.24405311438418,1.80722768123556,1.00841229215349
467,41,-0.214818620871847,0.954717607743571,-0.835580219749968,0.855446773890916
468,41,-0.0711880244600936,1.88605863222779,-1.18939119451463,0.293127507391836
469,41,-1.20503087145137,0.818173368154271,-1.36466455336098,-1.02161208514578
470,41,0.339412702744229,-0.464745963423709,0.710701000821143,-0.0819477344189784
471,41,0.462882247179331,-0.0665182688183198,0.657060669903361,1.01140560073705
472,41,0.433168585025688,1.27042050594554,-1.04663973238785,-0.958219073756506
473,41,0.601706530536676,-1.78261320721076,-0.473239462305109,-0.603072220621153
474,41,-0.295832810255934,0.0808793718876,0.955034094034536,-0.658910329885875
475,41,0.119459681461971,0.425574252765383,-0.910040386353491,1.38558203138824
476,41,0.0454223611759776,0.230341203008448,1.12521021061814,-1.80998326947877
477,41,-0.71234750574038,0.956595342868858,0.678482813026088,-0.689476298846446
478,41,0.756683478941212,-1.3952535255868,0.202517123358656,1.47647739496606
479,41,1.42076296859098,0.301380649665426,1.18539327493292,0.631080813734028
480,41,0.0676391997136949,0.953037550941713,1.21534279078549,0.773349047611602
481,41,0.435808698063722,1.17616193226388,-1.30753700505653,1.6593807866587
482,41,1.63929018954771,0.517382636751749,0.0740154020954418,1.14182535108381
483,41,0.567389354000001,-0.896871823363178,1.77820939893386,-1.05254339051295
484,41,-0.55184321750485,1.09369543633234,0.378761658609331,-0.0775715375583223
485,41,1.67731473844799,1.19691580352058,0.870235897817488,1.68026633189635
486,41,-0.404449559252096,0.331139373406971,-0.511386618886262,0.74064751077705
487,41,-1.24729976607854,-2.64370636504633,0.379450208273664,-0.0868583213816863
488,41,0.745321090935227,-2.36603590134832,0.544413772101812,-0.418291276254637
489,41,-0.302537877997481,0.752724163913262,-0.391323019127837,0.773293931419399
490,41,1.06390011774634,1.37425600894382,-1.62615528773263,0.0207351968382358
491,41,-1.66164210211819,2.94991352455413,0.267572884619077,-0.140319425061813
492,41,0.978452862723547,1.21635974691781,0.4162606560287,-0.159514219090116
493,41,1.93532816021686,0.387849217126276,0.489930538160023,0.165780947767043
494,41,1.8041513749707,1.02037619765963,-1.72105215070201,-0.541405048811235
495,41,0.908992491060283,1.49639563093217,-1.43725250718974,-0.0392316926607155
496,41,0.290978551616204,0.400305524087722,0.601444631653492,0.728243221896525
497,41,-1.03117799007867,-1.22781742563078,-0.215379389665074,0.466599670537435
498,41,0.0772379840998371,0.911013862083532,-1.05496045357538,1.01271789385031
499,41,0.423482156634518,-0.60480363529826,1.49898498509694,-0.788633939491722
500,41,0.872820529386082,-2.05270743956315,-1.06303105436104,1.21680855680001
1,42,0.707137753919312,-0.960122140312369,-0.897931424977858,-0.276301584688875
2,42,-0.328731818542211,0.672703018588492,0.860240483944995,-0.625395985179026
3,42,1.52635933589724,-0.697470101771641,0.0697894610792478,-1.22484226380837
4,42,0.302072944707602,-1.1040576660684,-0.286261160174731,0.0915810351509567
5,42,-0.123352573209734,0.816625159098943,1.28564942315555,1.80722384491607
6,42,-0.154729202974448,0.0586365828504917,-0.927718528845824,0.86006158899092
7,42,-1.05863566573193,0.57487633082827,1.75320659809222,0.0566581056239154
8,42,1.00047965267416,0.0650121818581789,-1.14889937347751,1.26534925113861
9,42,0.00771002559180081,-0.171752082582916,0.0236938970147356,-0.940466936596806
10,42,0.497881991985997,-1.14851270099549,0.381224390291661,-1.08238735601991
11,42,-0.870151479629867,0.789236512124977,-1.78081368074348,1.50666860027193
12,42,0.00354024967319709,1.83466460013994,0.377138098260277,0.795578923795562
13,42,0.020846448122114,1.22918938050322,0.462636668429396,-1.90093947288734
14,42,0.814689565839203,0.585958594055306,-0.41060220223227,0.608024324585334
15,42,1.39673379044245,-1.00713287811631,0.433736803590642,-1.76640200241693
16,42,-0.809783264025653,-0.309643560800769,-0.673813191451046,-0.34714690582145
17,42,-0.895170269479401,-0.443832699518825,-0.351405114248949,0.696676534601948
18,42,0.116462132194615,1.21595207680539,-0.00193699357450343,0.25150512201839
19,42,-0.383717594110412,2.09901420220162,-0.434461969519793,0.029151639939824
20,42,-0.287662939987153,-0.276958385797855,-0.807217584951298,-1.70453420482268
21,42,-0.942092438893517,0.420389045354058,0.815883437807192,-0.861869811556781
22,42,0.885435861866507,-0.713234381714975,1.1746030886573,0.109888419545988
23,42,-1.25329799519869,0.286945833919177,0.0232277243852082,1.65905452265909
24,42,1.37688837746373,-0.760407345367307,0.682611799935123,-1.42865450922976
25,42,-0.493551343598516,-0.334887770750338,-0.620346211494059,0.175923607598252
26,42,-1.16811955200267,0.34458792221108,1.30690912858673,1.24841704911643
27,42,0.756271251914757,0.139256745108855,0.647931699587733,0.648124360011424
28,42,0.258202262844856,0.501908579709139,-2.13572892210681,0.445452951203851
29,42,0.597991695830779,0.331873999873737,-0.148878392129335,-0.597878077261613
30,42,1.12998981317366,-0.454678595716806,-0.335821296436405,-1.73491389790423
31,42,-0.021125270975353,0.455565226592935,0.610012305985565,-0.0461477077015543
32,42,1.206655599032,0.802165126049784,-0.976973243521362,1.27052468005136
33,42,0.540420889970856,2.32701694867869,1.77695453183016,0.821139340132113
34,42,1.50982612080839,1.16554577556119,-0.421182471755314,-0.198029366826126
35,42,-0.607342417545762,0.285647550591219,-0.356432439042782,0.396046975571753
36,42,-0.5241041441623,-1.85179917036228,0.227521196379854,-0.211308440073625
37,42,0.0448127693119062,1.49550370991492,0.10932166008772,0.125705701878874
38,42,1.58736755843014,-0.433789842574299,0.152497636177992,1.08586658599597
39,42,-1.63355160162489,-1.70449755313674,1.19265047698099,-1.31427785543024
40,42,0.0527123580922194,-1.20099595881036,-0.284521082735272,-0.502892871133469
41,42,0.104308483449222,1.18486442527018,-0.382497634437969,-0.432336736586852
42,42,1.01676570046925,-0.0366624228357071,1.63339383617792,-0.408950198995401
43,42,-2.14882015575002,0.662248833845839,0.441616910922377,0.47492269092407
44,42,0.40958020262749,-0.566427009349278,-0.984715417590912,2.37956426073375
45,42,-1.06637554537326,1.03008783421568,0.890132212021596,0.543354259097544
46,42,-0.328191571886426,-1.25198544894705,0.677692975729242,1.58093409406112
47,42,-1.05509161567614,-0.258340826290376,0.438834087261632,0.345043492357542
48,42,-0.01719547617114,0.426821866820993,0.789739680860468,-0.237317653974215
49,42,-1.5075050057053,1.47772031264736,0.0716288195770071,1.26062003078478
50,42,-1.7343746233726,1.46619727020906,-0.850057235272455,0.0321061943437277
51,42,1.40315072559606,0.762092926318375,-0.132449208857238,0.987086365072211
52,42,-0.101178372716441,0.914811654044338,0.86361765030062,0.366080045570125
53,42,-0.516775069302348,2.03655050410994,0.796737667194712,0.890768874915874
54,42,0.427840071899292,-0.0759688452555915,-0.0653808053936753,-0.032580300971741
55,42,-0.666853432185918,0.390312409347361,-1.59514219168935,-1.39157538218667
56,42,1.10639098251709,-2.26345903706448,0.397853561000685,0.0847127910586858
57,42,-0.585120011068746,-0.0949234832474616,-0.397806187453784,0.188469088367091
58,42,0.183486193496204,1.27579213276444,0.494875361388719,0.538560814949888
59,42,0.563835152467482,1.33544712701458,2.22523008232829,-2.53243620189218
60,42,1.13304452630534,0.576160111521181,-1.62019910498471,0.464928616488422
61,42,-0.394137049699103,-0.276288326070352,-1.36137313157794,-0.2710050814736
62,42,0.815490750542423,-0.936453827044187,-0.549065576880828,-0.226324828185274
63,42,-0.900718229485052,-0.386114022962229,0.76115960697616,1.78919575069746
64,42,0.270718149120127,1.12285372841731,1.60270884803816,0.0554622106300505
65,42,-0.139165254426686,-2.04463450775688,-1.06093401644062,1.60305910594541
66,42,-0.372849084972809,-1.21790331639576,-0.453194230579446,-0.101984084143358
67,42,-0.556298945151559,-0.232642447558567,2.40506550594552,1.96040064806603
68,42,1.12567453799375,0.158096107924941,0.782570647890324,-2.5303534929594
69,42,0.320918371694973,0.897826471010225,-0.290905113465011,0.50394575148594
70,42,-2.99365539605206,-1.49858855159693,1.27326396665381,2.24310146075574
71,42,0.265268926597254,-1.15272015438024,0.0979948910578456,0.202726713561094
72,42,0.77670930028198,-0.436451924309131,-0.660415895543751,0.0996143720241612
73,42,1.57128464281002,1.05674856945772,-0.96184010516365,0.702835147239355
74,42,2.72642048202532,0.250412050097683,-0.167830209726447,0.157089078775153
75,42,1.69373920818871,-0.837545027459501,0.797256930724816,1.13515840437912
76,42,0.562444318170802,0.333602346966117,-0.9443608721471,-0.286059856791189
77,42,-1.0875493660086,0.903129984043124,1.37030901089315,-0.45217587059843
78,42,-1.17833957539754,1.17545710841206,-1.54884734627321,-0.36462175610493
79,42,0.882470081596983,-1.3472352177468,0.153993929593405,0.0503212102180656
80,42,0.958148593487444,-0.106521847418018,-2.23287165848575,0.0772603210902511
81,42,1.3547117758208,1.39134451686617,1.76470398318128,-0.292044777009915
82,42,0.258045684286671,-0.517161792034536,-0.111978975923047,2.65469131781346
83,42,0.0690321459165355,-1.177471144758,1.79931783652439,-1.13571290746091
84,42,-1.72829904878399,-0.815659724411068,-0.570497184814575,0.249136756249247
85,42,0.160462891545576,0.678675860064263,-1.72088522929381,-0.622419724211391
86,42,-0.640896778509658,1.87084427851512,-0.0618599165495972,0.360789359565489
87,42,0.124241901716917,-0.143991272580275,0.91192158587485,0.326375229894399
88,42,0.652196545677568,0.317045364576264,0.0705389519722666,-0.230969745355731
89,42,-0.995175986469389,-0.713923702356148,-0.410154295149014,0.308912336966163
90,42,-1.19226837010579,2.74113461159593,-0.319929559345976,2.08670467190156
91,42,-0.931376391470464,-1.52859886880835,-1.7075186212708,-0.931643070633487
92,42,-0.579814640450009,1.32700828030375,0.0112417590088175,1.06646181815631
93,42,-0.0444921023680504,1.35977717307246,-1.95128783029793,0.189572931194121
94,42,-1.574488011533,-0.151810896121585,-0.654878742693109,-0.268098833121195
95,42,-0.443771392349115,0.504310613574325,-0.66692700949816,0.993011290628142
96,42,-0.566746580856995,-1.17549655287268,-0.427241472289954,-1.14913362795603
97,42,-0.472752348570442,-0.815282564119423,-0.0905715941037462,1.41020931370107
98,42,-1.53699883763379,-1.5070539722652,-0.783449942598109,0.165118333270661
99,42,1.93692331584445,-0.624513851540806,-0.433293850354039,0.336448938699135
100,42,-1.59063762249528,-0.566545237192266,-0.936810181535016,-0.233313670367566
101,42,-0.610641712348063,1.00297127987621,-0.0971041233835395,-1.38602096788639
102,42,0.270772034624766,-1.58670360422491,-0.245721933443973,1.37092388345551
103,42,-1.55779652516901,-0.538616157509346,-0.314897504725308,-0.918831088919023
104,42,-1.47009738227622,0.258544252388869,-0.550466667775028,-0.345200906214284
105,42,-0.106869590838104,1.58244135730382,-0.913079383621343,1.16721951734781
106,42,0.251223081886134,-0.457597866691636,-1.07081008933509,-1.20026181041193
107,42,0.613368427962839,-0.183915517760343,-0.434253472882376,1.06871280130821
108,42,-0.107566582673417,1.17465501092409,0.127447665423687,0.160711765476394
109,42,0.687421969777302,-0.615286226560531,1.29126630214859,1.56658724988111
110,42,1.04545575799118,-0.338296559509619,-0.692005639615586,-0.676787148661809
111,42,0.876032769789109,1.60863289792376,-0.482181253829828,1.18864498018112
112,42,1.00432044258046,0.896155148681556,0.348130014377342,-3.03941180590324
113,42,1.24907049312566,2.12922022395422,0.549828706163521,1.01659509788722
114,42,0.80720752120795,1.43460163702858,-1.6678868136215,-0.442408068031371
115,42,-0.125724439636199,0.406161443440991,-1.7068129982779,-0.50370555675979
116,42,-0.521180102312106,0.135604805942887,-0.0697540097254263,-1.33535409007014
117,42,-1.14008474782542,-0.378216520061597,-0.526866714637752,-0.0335632294494809
118,42,-0.363865213166987,0.363351770297229,-0.281760191290154,1.31801299205199
119,42,-0.559250219823938,-0.285854000113188,-0.1002577657492,-0.428658707483327
120,42,1.07703770486048,0.703143305373323,-0.711777214576123,1.82754998466642
121,42,-0.679476704908512,-0.113620204606974,-0.613160785618109,-0.711504455476121
122,42,-1.2692571607322,4.95145638847702,-0.226578489533166,1.74976372235319
123,42,0.338229085922855,-0.767476237777194,0.579651908672439,0.0527894654188378
124,42,-0.547800560499975,1.26368340966256,0.545001677284647,0.691139807995897
125,42,0.467189445235767,0.56007478494257,-0.360487315024566,0.932828005216214
126,42,0.733359164155414,-0.120130197457359,0.324082313820466,0.339388309119557
127,42,-1.09114856708141,-1.41023025333139,-1.4899781514828,0.395016091098628
128,42,-0.249927978982009,-0.327596487579029,-1.45572320644964,-0.218764577050441
129,42,-1.85309410271627,-1.71295380801202,-1.19042057374881,0.243498534231824
130,42,0.82444176934247,-1.05121657194527,1.33539375273723,-0.233211153974241
131,42,-1.17517524847095,-2.30313826723712,-1.0633754121308,0.269937522741129
132,42,1.68672959743034,-0.497640416125322,0.0312371097934509,-0.254420322765714
133,42,-1.37938710247151,1.54626023810295,0.883135288494017,1.23378087258628
134,42,1.35221804700743,-1.75650893489595,-0.3559594208387,-0.0406439227786705
135,42,0.649416953154372,0.436541676388541,0.453874696606733,-0.791756645986059
136,42,0.840715878237423,0.53385427521539,-0.117234930547585,1.89620546147597
137,42,0.388432799228373,0.321964894765977,0.724263677155967,-0.586378283927201
138,42,-0.25889925987151,2.14757026185655,0.225261312053372,-1.2251759650038
139,42,-0.903745727027489,-1.3159297262623,-1.38445595791166,1.39811387860433
140,42,0.0559333069429662,0.0447847864538956,0.591687302440511,-1.1924433768259
141,42,0.538346052175507,0.872047049338735,0.489249248189651,-0.411749914093968
142,42,-0.425297062451336,0.556096996374849,1.19495395517933,0.210477506051354
143,42,-0.983733124469611,1.57357480906797,-0.313229410631402,-1.48632605832504
144,42,0.923563052524538,-0.508834905594118,1.7776759846648,1.0651018706604
145,42,-0.0501320136158044,-1.97464968429038,0.752889449329648,0.61273967328616
146,42,0.41576577792195,-0.789735927679102,0.754986240909056,0.114066814956453
147,42,0.185961944780318,-0.26001446450462,0.0903320304975243,0.78515959051578
148,42,0.25512239070735,-0.109161772735749,0.607552071893839,-2.44601297718461
149,42,0.27573291891641,0.178012749258457,-1.64619955945293,1.33182327480056
150,42,-1.36296765899472,-0.397635675841535,0.507739401873852,0.200213937121341
151,42,-2.06085386031428,-0.290615196337229,-0.537810183970012,1.21255232985281
152,42,-1.12579771009307,-0.514430060430482,-1.4264948181008,-1.21969705733118
153,42,-0.988615800483721,1.19336253835735,0.143495170001646,-0.839189261817475
154,42,-0.755258941875226,-1.82076362078661,-0.86986147608522,0.00576002362254388
155,42,-0.679083296164043,-1.49510676695501,0.235382893932955,-0.842173845844257
156,42,-0.586655524273872,1.81974739323887,0.223522467781495,-0.442193151638215
157,42,-0.717881917258512,0.498619196571757,0.675189866037246,0.385145647565993
158,42,2.88884727286021,0.914988166418609,0.220549369050425,1.59876249859069
159,42,-0.365132593399021,-0.510648656179603,-0.185851485507309,0.391588023573979
160,42,-2.00852292860641,-0.661298687646554,0.815381321695945,0.652853013089274
161,42,-1.82344192443394,-1.08474464844297,-0.457131544257103,-1.50531427162407
162,42,0.358007913444352,0.194672692233047,0.302862432598257,-0.216467100200884
163,42,-0.760860886656844,0.689624909700743,0.642944663368278,0.858931713932301
164,42,-0.91590517739957,0.392561718115753,-0.485461216652495,-0.430189385249172
165,42,-1.14232333559984,0.963135146986274,-0.253972531262038,0.241624445836435
166,42,-0.504605387823127,-1.46370766915183,-0.533013903737677,0.219748707284059
167,42,0.70686843328848,1.33075655624726,-1.06833088137018,0.516455108253645
168,42,0.13651676815905,0.479340894873133,-0.111304020187607,-0.544019816654049
169,42,-0.939001243698199,0.115813284581475,-0.565146679727629,-1.36059888523308
170,42,-0.46874139156867,1.11152119097436,1.88590516771318,0.675847313691447
171,42,-1.76889457499634,0.230925800459826,1.32835555825361,0.220796485262423
172,42,-1.1047714986871,1.76203901237978,0.531464474005412,0.663052219815382
173,42,-2.11760236941367,0.44378725655741,2.0083472346578,0.730563970670698
174,42,-0.0173762209833278,0.471443402722551,-1.75687944301408,0.0324919117443942
175,42,-1.19620689266052,-0.944052591918188,-0.139163699237295,0.949961299181713
176,42,-0.429866342738585,0.0218727265826611,-0.322601090941552,1.72298706019513
177,42,-0.300079663312484,-0.939425394722249,-0.90416865987209,-1.09692940246777
178,42,1.08981638010084,-1.13884244799882,0.369638400624669,-0.336138342631269
179,42,-0.971801707475716,1.46578274501833,-1.28596334584285,-0.877279745579536
180,42,0.630317828820224,1.04836671662484,0.019974820528178,-0.271474353034972
181,42,-0.861741884679519,-1.04161259781984,-1.20481725717206,1.11021050211564
182,42,-0.998966869424226,-0.732088172103629,-1.20775253974632,0.230656101302881
183,42,1.10036396817109,-1.59532515117301,1.08480982225379,-1.95484170901382
184,42,0.146751390536782,-1.87801530179608,0.105903172424439,0.174961582414258
185,42,1.62452341924364,0.674658445928886,0.106147824770394,-2.71152467298941
186,42,-0.0393003178609128,-0.444182706733391,-0.956512221764364,-1.28680120911647
187,42,-0.427794981441177,0.522555135521293,-3.23442743636485,-1.13473274122068
188,42,0.519471394203795,1.09181538765855,-0.179104025276428,0.563865149412124
189,42,0.700546345279073,0.137978914152354,0.883838808289468,1.86018572213131
190,42,0.389331605124717,-1.38880956792105,-1.82133189626882,2.11288174307507
191,42,1.57223150659626,0.242858654904452,-0.119672757104234,-0.638116589706423
192,42,0.414617047996169,0.772652460782221,0.174603997137326,-0.938750640942283
193,42,0.373580198709776,0.474002691837525,1.64656442560494,-0.406460067869039
194,42,0.905421232678308,0.200167233620565,0.399244518545947,-0.332550217904362
195,42,0.247024827118413,-1.01690153779047,0.628455890666446,0.49784018836371
196,42,0.864686918138655,0.564472414809841,0.542042883465672,-1.54929416489121
197,42,-1.73874514068544,0.375638566890921,-0.909391811736462,1.76731748403818
198,42,-1.23709175536087,-1.94299699997388,-0.898075831845524,-0.73513389196242
199,42,0.564843266915728,-0.776482758240268,0.241664622852394,-0.657538858018101
200,42,-0.47025373895206,-1.4345110340899,0.563573470638304,-1.42392918770101
201,42,-0.474120951213195,0.230604840841263,-0.0723809330598659,0.16090797401235
202,42,-0.740978339901908,-0.736759610881908,-2.96260934589932,-0.962888124447081
203,42,0.0986995436944265,0.300330224366519,-0.01704290430694,-0.406538461417446
204,42,1.27866101252659,0.965311902145286,0.592956863802281,0.690338949158013
205,42,-0.422141335003047,1.59351649884085,-1.10602424233713,-0.528964313168349
206,42,1.88861996305429,-0.104982106144735,0.66025630816513,-0.357472126790287
207,42,0.57839661765729,-0.882316641264976,-0.593982715562801,1.44614465562481
208,42,0.831580828270032,0.437206582120607,1.54085941607436,0.0827062510661728
209,42,0.447405193495312,0.845437039221596,0.277326845298462,2.01144251934648
210,42,0.494374521970821,1.52399434664818,0.545660406730356,-0.720037630264059
211,42,-0.600313084560406,0.201103872924375,-1.97989394481009,-0.840229675764137
212,42,-1.05190009371647,0.337983690857055,-1.89355384875943,-0.343257304440397
213,42,2.08510254804474,-0.352587457007653,1.29019393713738,0.0719279325550029
214,42,0.201415109582127,0.277138441317275,-0.501973261145192,-1.08407996471148
215,42,-0.345209819359357,-0.662436067729253,0.352645907472864,2.16555377972122
216,42,-0.21670897387716,0.818314962534674,-0.197737606065498,-0.635554790225301
217,42,0.123516212810509,-0.473569196650852,-1.28502345957062,-0.186430037888155
218,42,0.986485202040545,1.12580328759456,0.587931950144122,-0.30059765624107
219,42,0.817601273677623,1.41977582372993,-0.629851664803948,-2.21303519364769
220,42,0.199073064764533,1.7184068724922,-0.505694543807653,-0.233235479145679
221,42,0.905780545154638,0.848599594137892,-0.674359240315853,1.55292185799075
222,42,-0.180385710269756,1.51603881886266,-0.77293690863956,-1.11246807974842
223,42,-0.205306532125942,1.25155370210783,1.93223723960006,-0.824969595612352
224,42,-2.31682431905184,-1.89038175108956,-0.604020499485496,-2.05295485452098
225,42,0.820053935638128,-0.425886054630188,-0.0233943544681689,-0.649181310645339
226,42,-2.18242530621917,-0.721923633158879,-1.00427964598763,0.565957943554805
227,42,-0.766490978520171,0.770793723957026,-0.967410484794101,-0.848588320179719
228,42,-1.06141048616412,-0.311082032943754,0.688871212474829,1.10308719994623
229,42,0.277935728393434,1.03780272570738,0.787105427167013,-0.292824972047864
230,42,1.12293946859785,0.140581852591238,-0.156449780069103,-1.99298436464175
231,42,-1.06482416465986,0.985009780454521,1.37881565432883,0.0174721835507802
232,42,0.118281597652483,-0.196511609254651,0.575569977071077,-1.74302484000455
233,42,1.22827030962052,0.4853831560767,-0.723858602616249,-1.19941898149315
234,42,-0.862433642126384,3.20446108545834,0.119838035783448,2.12150218617392
235,42,-1.68072795024772,0.959814526898039,-1.35536654301073,0.422209928541994
236,42,0.93036588993554,0.814164748867335,0.0678327563015824,0.127840581785955
237,42,1.4791049799972,-1.91037603670786,-0.190767911122791,-0.528045687254293
238,42,-1.34907693178554,-1.62696820690467,-2.87947832016034,1.13304778036961
239,42,0.569293383143241,0.142427194400616,-1.83136826283873,-0.627292268797857
240,42,-0.238445684956227,-0.366562176900443,1.70232535154795,0.773667139081901
241,42,-1.21371237427697,-1.41963070468002,-1.37551678697363,1.64134109183517
242,42,0.166584892331081,0.529181400059382,0.552409475707825,-3.5659576379704
243,42,0.592328094349283,0.248996819938382,0.926389656893504,0.370375860177129
244,42,0.626525490066312,-0.758617459138531,0.256266003992618,0.26590878005401
245,42,0.500195121227262,-0.217876773979489,0.824549613483481,0.970393204751786
246,42,1.03242769941142,-0.244024796387583,0.323310715070186,-1.11373754523662
247,42,-0.232042696914433,0.0705244240921165,0.18710155943632,1.55650122093624
248,42,0.804719183105754,0.158938278409156,-0.358273089457786,-1.32640550911984
249,42,0.779036311212035,-1.44818125446302,0.492712376657733,0.012530967357603
250,42,-0.531053099790159,1.04700336948852,-0.478055326729823,0.490281522860408
251,42,0.338704620734068,-0.141188147671372,0.787707386822216,0.0865160152945903
252,42,-0.636662701424364,-0.870058532544997,0.819696304076789,-0.920072896546491
253,42,0.0794403430086709,-0.431947500732037,0.662602279318013,0.999555446055411
254,42,-1.75548921422324,-0.634844253670717,2.51706882308061,-0.917682441697509
255,42,-0.678243958311522,0.769043314425844,-0.380382643766001,-0.801143720582525
256,42,1.22723832756642,-0.446149496178018,2.41852950186391,-1.65842766587047
257,42,-1.75706499879238,0.835834799109957,1.56743227997039,0.027840239643893
258,42,-1.07832574871854,-0.872052369256853,0.115063473563909,0.762864191692728
259,42,0.364192776891538,-1.7245484973462,1.2907124794161,1.09664786086981
260,42,-0.455653733641509,0.00128408378518194,0.447902920367146,1.25697915927372
261,42,-0.752412133879773,-1.04075479976389,0.0983771044548052,1.01548070033478
262,42,-0.438853006189853,-0.917376316460436,-1.35036410891087,0.662489937816678
263,42,-0.315599256198834,0.984625702635763,-0.409531816727485,0.43371583858637
264,42,-1.01259130718688,-0.751522255649181,-0.695116628627288,-0.311820984659079
265,42,-0.59918518405962,0.0798355574853519,-0.0509541139447656,-0.492202279249005
266,42,1.37460044620423,-0.319801157475974,0.783947519117382,-1.49326182322757
267,42,-0.571118678762164,-0.133333403758301,0.895355477088475,-0.452468293525692
268,42,-0.095320445219793,-0.767519289231008,-0.582385003741307,-0.231363422929295
269,42,-0.0850513457144163,-0.752373907917464,1.92507811238324,0.32835986265249
270,42,-1.46115981452162,-0.348382242656931,-0.235213489851322,2.11033239398724
271,42,-0.597444300394357,1.57318626653461,-0.413662726235381,0.0315325099418209
272,42,1.76701349607917,-1.35619736286508,-0.629929930858584,-0.542843602369554
273,42,-0.575409823506547,0.625053601747258,-0.648057173852347,-0.0995742498145832
274,42,0.110171668168892,0.0124501864705301,1.06007321186392,-0.895694428975631
275,42,0.575595230082925,-0.159978528114732,0.59984127516248,0.848730810512508
276,42,2.64541785318993,1.35725995290507,-1.21267380870494,1.74904541348507
277,42,-0.360229672267687,-0.916742175987968,-0.792887803711328,0.226305254131075
278,42,-0.72604332590064,1.86765539720941,0.0865344059934282,-0.699622930564447
279,42,0.294907053791829,0.513089314066052,-0.907155323566263,0.333771697551456
280,42,-0.37522286773481,0.394265865644658,-0.65548613046737,0.478128522795019
281,42,-0.0200890613995692,-0.569102925022076,0.822573324214473,-0.0474500423533243
282,42,0.201795576072837,0.758162638003303,0.354481957769243,-1.14520450617828
283,42,-2.16128097492365,0.870021951619702,-0.318585328561683,1.67479025226546
284,42,-0.465309306386302,-0.0061851337585057,-0.447057562943643,-0.00137123772498373
285,42,-2.19004703307995,0.630563161468391,-1.12070770034277,0.340647225192814
286,42,0.177311440796298,0.45918004912182,1.16456957894683,0.874750983561379
287,42,-0.0386417699731418,-0.775226419267632,0.581682873596166,-1.06187902872093
288,42,-1.52823274270563,1.07515792632066,-1.52890987876902,-1.01144629968965
289,42,1.17158796379455,-0.863026429439299,0.965658498628519,-1.79271663168343
290,42,-0.653277371415737,-0.24122743966046,-0.557703398313221,-0.255092820223861
291,42,1.23679497724607,-1.62535668453365,0.244356576300831,-0.700574091855842
292,42,-0.871005679218618,0.545184035629673,0.0548868395139606,-0.988851730079836
293,42,-0.249117172735496,-0.455158852139052,0.15709234551409,0.146744652908299
294,42,0.168341128800781,-0.1016067172784,1.01201899788927,0.637910180256691
295,42,-0.951917940266744,-0.17292525475564,1.57650751397926,-0.000423238163682801
296,42,-0.362629470544953,-1.35202848668164,0.334167417961689,-0.0876877659634721
297,42,-0.464639390375311,-0.556164544498726,1.77080710748772,-0.907365220483881
298,42,-1.4265144004173,-1.41575943936251,-0.598957482920562,-0.756494054428382
299,42,0.752377588636452,0.0624264162627602,-0.160673418637429,-0.365508446409878
300,42,-1.71532807478771,0.214580524335293,-2.39722438068352,-0.387101937484549
301,42,-1.12978234153164,-0.843986388752166,-0.254514072443005,-0.134449374218509
302,42,-1.14876119677538,-1.14929414950827,0.979366985778164,-0.290178635625654
303,42,-0.249240782685149,0.461842108794122,1.27928196677208,1.68588862597507
304,42,1.35307469864897,1.24552123218512,-0.00905939510887151,0.895777446915984
305,42,0.208404214496149,-0.280452796929937,-2.0726188749094,-0.0371775340956012
306,42,0.461707708586621,-0.0457540903639431,0.566974410651628,-0.496156499887036
307,42,1.39767403344988,0.656289475838413,0.949940245200237,0.796414686217978
308,42,0.854614260965794,1.87366888753635,0.288817895905034,1.29725347063494
309,42,-0.492702791552154,1.2011425839822,2.40859285164308,1.24878942176407
310,42,-0.43577223188169,-1.94023974482993,-1.4259377934008,-0.316576777443925
311,42,0.374461493455654,-0.658335789969361,0.481754841467254,0.943421620605423
312,42,-1.04267375955159,-0.617392244333822,1.47499010173676,-0.429914820733959
313,42,0.946167273641855,0.630295327375981,0.695836775787392,1.49922438603408
314,42,0.253478705995989,-0.225430905311627,-0.901763235365506,-0.758864457373738
315,42,-0.66103037765949,0.781500029137767,-1.64248581665021,0.326741101053735
316,42,-0.060147354190103,-0.0748525710460031,0.64051862334955,-0.74775523227801
317,42,0.0613691769049858,2.28514803804064,0.0474253878838946,0.831550703860733
318,42,-0.203847166218346,1.34214089012754,0.297966759125274,-0.496328294949231
319,42,-1.48726080980027,0.529846277095477,2.07510251404542,-0.719205125164788
320,42,0.00704097096320808,-0.54832023907615,-0.743517615624282,-0.944518447045866
321,42,0.755324228114723,0.41165762754451,-0.374168579805123,-0.185321111763767
322,42,-0.201281286914156,-0.628082171237073,0.593607899203533,-0.446398805923854
323,42,-0.460691798944773,0.07536650017569,-0.0179698377085961,0.261141616281049
324,42,-0.5598097465167,-0.978099366097709,0.0597277987277125,0.288180225815979
325,42,0.856541468146631,1.18951076719146,-1.53027395685756,-0.375129502040134
326,42,0.851170383810517,-1.3397049741436,-0.244795456268273,0.304891341928516
327,42,-2.30346649757846,0.955131904814261,-2.13028259290257,1.96552072596976
328,42,-0.940028325372094,-0.0498591072946431,0.273390623278567,-1.36623222665899
329,42,1.64334578516679,-1.4277556484546,0.634069752615828,-1.10129397549812
330,42,0.303756050151497,-0.953488476608,0.911796043020818,-1.06869353725856
331,42,-0.660341459195622,-0.998180937358177,0.175772458031506,-0.72803235799066
332,42,0.629815372511464,-2.48230679794012,-0.704449984733908,2.56001499786189
333,42,-0.293723919911934,-0.862040438654299,-1.35950102358874,-0.217935260665017
334,42,0.524743625943855,0.662967398004392,2.22887076771688,-0.752027061826164
335,42,0.591116139017528,-0.54023159499933,-0.570441401649388,0.342340640415268
336,42,-0.474365938902933,-0.669460392184434,0.160225304243209,-1.94870537760398
337,42,-0.722633770313422,-1.76540284463387,1.29922021747667,0.582543569663719
338,42,-1.86304539630691,0.883139723391972,0.122604673236112,-0.108612847552446
339,42,-1.13828170291422,-0.35815889906364,1.73875418453957,-0.799304394393278
340,42,0.680255001317928,-1.05619286963061,-0.258735677432026,-1.46331571850604
341,42,-1.48966144959487,0.307503953049995,-1.79538447413415,-0.711608646004467
342,42,-1.18776621556649,0.781209360347073,1.0315257630655,-0.67464470146084
343,42,0.638219311262551,1.1230280124659,0.520522315241759,0.526048954773767
344,42,0.653843909166487,1.01242112493562,-1.82609516263771,1.90576671175636
345,42,1.08023321114979,0.392350472477673,-0.252380070931339,-0.41745318261433
346,42,1.80369967030123,0.346206913615017,-1.50251543682574,-2.31282373880228
347,42,0.190858535126657,-0.106763895864575,0.14189788712482,0.0499831915781344
348,42,0.787696818255083,0.0724961284972672,-0.0257547786911706,-1.31776328750252
349,42,-0.2774067981132,0.161867145263065,0.0292302301508064,0.136978693690763
350,42,0.257101298568484,0.246420149007852,-0.766044822167016,0.866633044070885
351,42,-0.903200438199261,0.248324005086968,2.99674578295379,-0.912615056564506
352,42,1.99560484996699,0.158278256337549,-0.0538340786162104,-0.214414943730263
353,42,-0.355369842181965,0.326585076403161,-1.12985942295228,-0.114771509954609
354,42,1.23533229165287,1.48865524243734,-0.326057023488145,-0.87221320583906
355,42,0.0840561333804652,-0.0803829660399464,0.644088347334949,1.68154141351307
356,42,-0.242632454224407,-0.701708011510551,-0.61499159221003,2.19674649683867
357,42,1.03457495129362,0.694258007620043,-0.369530476731532,0.375252534293618
358,42,-0.879101135734366,0.51647218773831,-1.19448296137139,0.0547357914855923
359,42,0.49488779923771,-0.46147195309003,0.764848131117564,0.0531685555979527
360,42,-1.39096357333615,-0.875863689755111,1.01985634147028,-1.72999689703104
361,42,-0.0918488013559103,1.24135067272229,-0.685478519507043,3.40661117664473
362,42,0.262584120627365,-1.09869342647209,-1.86551079561167,0.401066644080372
363,42,-0.36153888715047,0.660466884570192,-1.03403903994392,0.645939316658443
364,42,-1.05630540185572,-0.466947330193307,-0.420634316920008,0.612978770509578
365,42,0.197882035203548,-0.0402449279110541,-0.870128827750256,0.790954798656161
366,42,1.7465372902922,0.290763991938168,-1.60296670143032,-0.652359273969321
367,42,0.511360574058671,-0.898170421159981,-1.06949747314681,-0.718443154531173
368,42,-1.98396721429346,-0.157929234161565,-0.876166529426878,0.645484834145273
369,42,0.544156596797181,1.43987275792097,-0.750200129964775,0.885367470423097
370,42,-0.429814024932038,1.23186544916954,1.84733707968748,-0.354885089236379
371,42,1.26883959957295,0.521411061629908,1.7871344412086,-0.460945543190833
372,42,-0.488036555393818,-1.55149396327484,2.15995342089342,-0.395085534597749
373,42,0.702953472060262,-1.69762766942896,0.412513704171318,-0.984636936653455
374,42,-1.89488603085567,0.741022683783409,-0.157360218267204,0.936888541278442
375,42,-0.398660624441601,0.650994940814324,1.71365487136322,0.463563702171792
376,42,-0.629129208043669,1.45672286068354,-0.0544530764222331,-0.478632699592088
377,42,0.102582272126291,2.10356993914546,0.296302558769453,-0.424429242967401
378,42,-0.355168360633299,-0.215556750453525,1.24059913945881,0.0925151873334185
379,42,0.519278922874282,-0.0212182950091166,-0.847939397077894,-1.565591157552
380,42,0.296432645689926,1.25205650458605,0.121179056112627,0.313378885245836
381,42,0.0781566732273223,-1.68095409656501,-0.531007439179109,2.22974279381946
382,42,-0.641600874673588,0.491057483514813,0.696509689822725,-1.7931801149664
383,42,0.669020769023241,-0.0262394761104472,1.9680594002905,0.24152545628055
384,42,-0.362320424559047,1.64546357049821,1.20994738853343,-0.213655431950247
385,42,-0.270421354351326,0.235730190780919,0.375012882225241,0.00182669190957089
386,42,-2.60048589158744,-0.721488499079642,1.45227190332528,-0.821024637002259
387,42,-0.343988471085755,0.371347174986036,0.522381933093162,0.260380178556459
388,42,-1.41494043886198,1.70594355545404,0.118796804029965,0.0226563424130275
389,42,-1.10405294960818,1.43003541203743,-2.97994706010576,0.360038627222801
390,42,0.026780472865219,-0.930026609005176,0.539765432252913,-0.0514599579492259
391,42,-0.917993659015757,0.643014713433664,0.919187424041725,0.622120381398905
392,42,-0.359775372053964,1.37954950438772,-2.0282841981978,-0.788167683568729
393,42,0.118302515706062,0.532162898961672,1.47518740405973,0.0679866335016418
394,42,-0.257078159823998,-0.551914404664844,-2.7700458514404,0.586650292798967
395,42,0.405591078782053,-0.632083561399059,-0.248151401429447,0.131833509345721
396,42,-1.39872094902878,-1.05624612208975,-1.69919343889814,-0.421938999433187
397,42,1.56247498723278,-1.68131638157172,0.615368942145268,1.18825940093211
398,42,-0.201001130558905,0.0618410463047194,-1.06106517976073,-0.611828835928452
399,42,-0.346811845227669,-0.0206548804799787,0.206386900045229,0.302612099414224
400,42,-0.736581513428454,0.455427874939595,-0.470234921378537,0.0309343099562456
401,42,0.55345323627336,0.356434954969486,0.587520724613327,0.565802103687549
402,42,-0.0615109210433788,1.26232000128561,0.498903170336785,0.513689083969181
403,42,-0.40704267162757,-0.0225679597841922,0.542310785835231,0.868921336980499
404,42,0.292562006090029,0.383031690331846,-0.735024271758666,0.605332881504631
405,42,0.990473699863072,-1.09328174003632,0.626878204486093,0.159588955326663
406,42,-0.186575532859072,0.0563745255861413,0.243299924817548,-1.94066768601427
407,42,0.0472077835346027,-0.21014078197847,-1.85099137657562,-0.219931532236851
408,42,-1.31739011449239,-0.491472242234978,1.50407384164643,0.611352315060959
409,42,-0.226913755796977,-0.908855753978293,1.45877898054436,0.78345230610334
410,42,-1.86605641382896,1.04089939438275,1.15888127683663,2.30397977134173
411,42,-0.609350544671517,-0.129449860045594,-0.387602296077202,-2.4378271862936
412,42,-0.704465601546492,-0.230749127165757,1.47292539807397,-0.764916516883124
413,42,0.355123991737279,0.892566420788037,0.390705297814351,0.637689239038231
414,42,-0.609804669769554,-1.340468072733,1.70561660879061,0.0235514706884706
415,42,1.36790037497696,0.0037212582847264,1.09396665427577,1.88093933191411
416,42,2.02147632090924,0.0228725921945227,0.458637567437305,1.1870246040406
417,42,0.780064202438048,-0.557991658081251,1.21023687491903,0.347001381772199
418,42,0.623850811061911,0.422214565090542,1.27901604564381,0.357289233163954
419,42,0.0881227196466674,0.223252515795369,1.5446048595964,1.51644723703814
420,42,0.188207805739817,0.650566839174871,0.360887558981286,-1.02935366154204
421,42,-1.28992895338598,1.86637541371155,0.142023785057356,0.68145209197613
422,42,-0.548139703940454,-0.672149548380959,0.4832398221663,0.614491983527826
423,42,0.451565670069545,-1.67184760591979,-0.723919902234384,2.68454775788325
424,42,-1.15277358008655,-1.85211661940129,1.01377720522412,-0.313735084708306
425,42,1.48651162990894,-0.313725123240308,0.741625974334247,0.291318290369916
426,42,-0.550013982397271,-0.35318565605013,-0.878698204058126,-0.00451599264430408
427,42,-0.480720770769897,0.156041448109571,-0.0793734499232454,-0.0989447243893671
428,42,0.776701353913104,-0.166658611408437,1.65224607520195,-1.85863462441438
429,42,1.87412320551039,-0.941697173151172,-0.407212488291926,-0.583356876647771
430,42,-0.339713418815902,1.39331624971712,-0.160152177644349,-1.5681162185256
431,42,0.241366341756238,1.26271156363316,1.46477813978786,-0.765293134930701
432,42,2.31183718373108,-3.15726009648312,-0.0952317891610182,1.73932308642603
433,42,-0.434404702235928,-1.21240969639336,0.109588289297136,-0.721633754997257
434,42,-1.57133477372854,0.624186882824077,-0.0399589623711942,1.08944517954864
435,42,-1.6067813639791,-0.746302666234427,-0.158839961400021,-1.70614815946154
436,42,-0.331338490175382,0.884427997008664,-0.0173114706737387,0.542437644196796
437,42,-0.357811739936722,-0.037915137377282,-0.211424921190586,-0.142715066509097
438,42,-0.498387000696356,0.619860684570208,-0.112623124547838,-1.35703165416841
439,42,0.920827810207874,0.573155492009942,-0.584472301515253,-1.51891924962409
440,42,-0.177251430159103,-1.77181435401251,0.558811189060668,2.25490209323424
441,42,-0.152645232795442,-0.92277886418031,-1.39392670084225,1.74516668115495
442,42,-0.489402953065971,0.541903529705427,1.12308451804965,0.239059042718228
443,42,0.143794645798871,0.152018705037473,-1.11302664917847,-0.347701125993067
444,42,1.91662460689443,-1.51018049861499,1.24866002410604,-1.88247389040932
445,42,-0.108033363740972,0.735081442391471,-0.997171620286273,-0.7146789984165
446,42,0.420445684057373,2.02978913910867,0.127603666897453,0.0477127715225017
447,42,-2.20810772155234,0.806181544073725,0.589587745308198,-0.176397525738666
448,42,-2.30311687981639,1.62729914882359,-1.07948437985699,0.0227109474009933
449,42,-0.423810743948112,-1.6454940032009,0.318097682484036,-0.952728771251693
450,42,0.112391306438927,0.227233283778484,-0.632169466143808,0.27418681165728
451,42,1.20835134329078,1.02211817109863,0.418410804923073,2.13481979464417
452,42,-0.49450124663669,-0.021958198629576,0.53239983005307,-0.382850938904483
453,42,-0.741859361620962,0.424776504708038,0.111197943669931,0.972156408941945
454,42,-0.690808563559347,-0.950499810618663,-0.476808637152992,0.869754015000537
455,42,0.145528464123369,-0.379218231870804,-1.16708190207942,0.318285678232873
456,42,-0.0997006472973689,-0.557691536688395,-0.638169995384137,1.67572852604101
457,42,0.0272374585206068,-0.867452130036226,-1.06035297741595,-0.217116983520168
458,42,0.618433602184494,-0.922905871507422,1.29879361258366,0.434468778610252
459,42,-0.260005847597277,-0.975779722458183,-0.87948737745226,1.22408877425747
460,42,-1.02433031675795,-1.50219420577469,0.598993579718238,0.334796456601585
461,42,0.270250871147224,1.38341439017961,0.958988490287067,1.49424232199139
462,42,-0.870755691469253,0.341272146104515,-1.40127363706684,-0.667624714536017
463,42,1.56431347010497,0.680653127970025,1.52307393474214,-0.515637859459514
464,42,0.382606164358246,-0.198419087152989,-1.95504078056237,-0.911899819688548
465,42,-0.515390434370912,-0.241479212607994,0.038295481191607,-0.628947386084933
466,42,-0.0110739629041701,2.37975688000921,0.941915574678716,0.735836221998794
467,42,0.839122711047748,0.366433638271474,0.36629796237239,-0.288800483449234
468,42,-0.101460026771656,-0.742237032879324,0.63012923407275,-1.03296320039895
469,42,-0.259809066442226,1.54488691423741,2.08023071358395,1.06039044883433
470,42,-1.43506214085677,-0.439006566178314,-0.492218585905441,0.191932548289073
471,42,0.554097300734939,-0.00752093616791843,-0.772216401265726,0.406457551880887
472,42,-0.955228533413475,0.355175079454214,-0.00902477799271019,1.02004501284292
473,42,-0.623181044016768,1.48992598090483,0.116694715863643,0.216730334890355
474,42,-0.361921074656986,-0.887881514278712,0.561056806337967,0.441395714459719
475,42,1.54630761127434,0.50524234445583,-0.149122703201666,1.3985900075293
476,42,0.457462548796358,-1.75859757648338,-0.864136161085886,-0.781364348544816
477,42,-0.0419911480806204,-1.47079047540688,-0.818783797434946,0.867620502355295
478,42,-2.00090408944596,0.287142153126764,-0.207545490785376,-0.797338348056245
479,42,-1.15363172895627,0.491876385490978,0.128174585753729,0.711683369941664
480,42,-0.459977375543443,-0.799125230900965,-1.71980464116791,0.664460209111133
481,42,1.6280008310332,1.12361083607937,-0.185049458396486,-0.426956336660601
482,42,0.209291729526251,0.553835457882942,-0.526865665454681,-0.678784176277254
483,42,0.350619548576557,-0.179413027535248,0.819713518352207,-1.61081295463216
484,42,-1.44424595503193,-0.853317495319179,1.42586432405754,-1.18605626582687
485,42,0.335045912881987,0.137931587840016,-1.31283502599381,-0.0921528422059643
486,42,1.24926983047178,0.43856367484878,0.788702830316076,0.187104798168964
487,42,-0.444018324798673,-0.815029676229751,0.410189746792376,1.8311788659948
488,42,-0.980606309828908,-0.696647304306472,-0.390008653295333,-0.0405847978010573
489,42,-0.855040866904057,0.183600551411899,0.617484332031827,0.0329030983757597
490,42,-0.704838221127667,0.109963366057785,-0.898823844531791,-1.3393009353405
491,42,-1.28034433629855,1.84318072518976,0.988814478544031,-0.603970277747917
492,42,-0.848608154342344,-0.745336822537452,-1.29436568396011,-0.735495357010031
493,42,-0.908970040224217,0.879621481456291,-0.780426550171087,1.1305105935698
494,42,0.00660230725961935,-0.578637092558694,-0.326606432979583,0.302842531463385
495,42,-0.152663552106523,-0.519474243285213,-2.17980680495598,-0.4762104782368
496,42,0.457394514374948,1.12925671744966,-1.52050043531285,1.54368518534558
497,42,-0.435796159899879,0.14824873907863,1.28552684618123,0.886668646095117
498,42,-0.48699353692111,-0.524367178109448,-0.0998293023918113,0.25581776724795
499,42,-0.734084204343357,-0.105214232801636,-0.529304347996814,-0.789659106642194
500,42,1.06647611969274,0.174513815484498,0.248350553599621,-0.730540258974114
1,43,0.0352823881026164,-0.128137447225823,-0.737899328036532,-0.530477179183995
2,43,-0.837331611196255,-2.53784634126226,-0.667753539022559,0.0349900545453036
3,43,-2.03724954547067,0.468843710313152,-1.03925735794423,1.274208418935
4,43,0.70327415689396,-0.591888821903871,-0.679686206205898,-0.783838101808707
5,43,0.227454242828872,1.27549766317024,0.438360938974469,0.685099416659
6,43,1.38629672137925,0.935863124393425,-0.480311459482378,-1.01315060870012
7,43,0.213989332358458,-0.0844884023379046,0.0554749415676314,-0.540380210391094
8,43,1.05910760981023,-1.15737597754126,0.544429765861128,0.00512467974100036
9,43,-0.359583303340918,1.41372969203427,-0.61014771017899,-0.235065612689412
10,43,0.629200555057337,1.39181245937647,-1.10503505889797,0.510281000809671
11,43,-1.06548005252744,0.801401798369719,-0.37034522559453,0.030573377342984
12,43,-0.865069498505857,-0.0438381567045743,-1.24480227588855,-0.296510206186997
13,43,0.0252382837105378,0.230878941842796,-0.985883696876437,-0.229426110655924
14,43,-3.10268894614195,0.233614044687676,-0.644940390589736,1.02522061134723
15,43,0.14462235628865,-1.03484991751036,0.392575419483494,-0.482859687811348
16,43,-0.295969990873952,-0.0349030210760388,-1.5183612795508,-0.460847051985454
17,43,-1.06503977939134,-2.66738232829784,-0.833556748910091,1.74662641582072
18,43,0.12812699950479,1.23362211174036,-1.77072328764005,-1.38871059641871
19,43,-0.281337825731759,0.334015311721958,0.488806284049651,0.170759085679117
20,43,1.32101351340891,-1.97542743471672,-0.570686850639184,0.458802142254276
21,43,-0.0832976110315429,0.0452803668205158,0.363140601213547,0.556126779295153
22,43,-1.66984857738284,-0.16330384405878,-0.0132708997598602,-0.141601416116464
23,43,0.344526240435865,0.14088229398896,1.39279860525416,-1.52721105315623
24,43,-0.395090253169235,-0.735624090760624,-0.653446817674522,-0.439070524699442
25,43,0.737084220593416,-1.73812754862169,-0.0450093322561043,0.519646011766421
26,43,1.23680629459394,1.64138689724289,-0.603556143570735,0.973908940634206
27,43,2.50515252629186,-0.500259039317521,1.27863409221308,0.756675157590721
28,43,-0.567632723903135,0.99394264937448,-1.68182632022328,0.740179125965499
29,43,-0.412877941881917,1.72004946354445,1.04115200680841,0.606001036347437
30,43,-0.53472384807305,1.01278517519605,-1.19204020572,0.30502444214713
31,43,-0.8671112249824,1.25651729364715,0.445114016986524,0.0688661057388758
32,43,2.00777214348121,0.656747104032538,-0.727385150740563,-2.08886633609419
33,43,-0.533673210216927,0.941072542147046,-0.00977682611230115,0.280315630347436
34,43,1.00181339028332,0.408498637980704,1.01978790223401,-0.490099077116353
35,43,0.983573899854089,-0.708591371297659,0.165097885101933,0.388998564443253
36,43,-0.725432518740684,-0.977883201121729,-0.604354052332213,-0.731905667795311
37,43,-0.488503870307913,-1.06000626725039,0.255543004701697,-1.5735759530494
38,43,-0.0304717545104441,0.697102434136055,0.949504272043299,0.604165489234529
39,43,1.21171135588243,0.306922231051991,-1.75660892598251,0.825187550507687
40,43,0.664052460270294,-1.64654529540202,0.0495551658409147,1.33284389775155
41,43,0.410833440129447,-2.47983527725009,1.097403493396,1.06313214162445
42,43,-0.0812889270608003,-0.462118076682459,-0.486148627303403,0.778453324901688
43,43,-2.10499073646769,1.86837171313542,0.451579366802678,0.43275629755372
44,43,2.06365705815702,-0.317863575099594,-1.07955303828889,0.0641753406705649
45,43,-0.401479793206195,2.34966194941981,0.622136114650123,-1.39167066997145
46,43,-0.202054925320479,-1.34446252848851,-0.360044810142151,2.59477226506424
47,43,0.51513715640111,0.161042514855638,-0.401176820755425,0.651096267447374
48,43,-0.0430159435082324,-1.63031443964791,1.40462289206636,-1.38674189022637
49,43,0.53565547706302,0.605941070382033,-0.443015261441904,-1.15586878594002
50,43,-1.48276294911953,-0.198699508606434,-0.713771414639352,-0.893137878411746
51,43,-0.934189986408429,1.03936842978157,0.337807270567735,1.45853462495751
52,43,-1.43496574280669,-0.0432455691098933,-0.852575480271987,0.412719334363464
53,43,-1.8084397358216,-1.33326528594333,-0.57336032820247,-1.50436848213701
54,43,0.551435644124845,0.154866863096371,1.31546061175064,-0.337552901919917
55,43,-2.57857988744788,-0.590819365626765,-0.579067422794197,0.367169029434719
56,43,-0.0797109369136504,0.347848406060972,-0.243592066127107,-2.52681610408355
57,43,-1.07443139651721,1.38909183204476,-0.0381904158921961,-0.818192093920987
58,43,0.399933042889047,0.24024202969043,1.75038306303542,1.33293836314895
59,43,0.939579670797533,-0.209783254847685,0.896632791476733,-0.381006745688866
60,43,-1.83720935060528,0.944450408842484,1.14448298913625,-0.116444980470799
61,43,0.154831648882728,-1.91316254014323,-2.31902823077985,-0.849964312449583
62,43,-1.55750571637075,0.817220800782973,-0.578322100785634,-0.524917081627381
63,43,-0.301615181243728,-2.31989797996977,-1.92529470263187,-1.16686585951235
64,43,0.184617202675085,-1.16069337622481,-0.123552225625753,-1.61771302880421
65,43,0.469119941176592,0.142803283426623,-0.204478788867446,0.291423942402627
66,43,-0.0524646431188777,0.19697060485307,2.00757817802881,0.66870302853649
67,43,2.02019624009512,-0.658795509175282,-2.39732475173774,0.701000783194627
68,43,0.325800445585063,0.24864652048046,0.334797672846443,0.0444770146752381
69,43,0.837888273766182,-1.10874829220199,-0.799472238442514,0.227676929524056
70,43,0.617894335421453,-0.584954010613576,-1.10504050735231,0.843291140035914
71,43,0.830405593435842,-0.312671867477803,0.413258428092863,-1.84335897285638
72,43,1.40244413137186,-0.400676841727558,-0.176272170422306,0.410285989010381
73,43,0.403917501250842,0.909391576536244,1.01711653853316,0.216713808993795
74,43,0.961003123950793,0.586575068090025,1.80351821454415,-1.64189819909816
75,43,1.01418252283797,-1.28176600489851,-1.39750634338634,0.532583266326822
76,43,-0.631004105433764,-0.757637248709956,-2.00745801153882,-1.91661616788038
77,43,-0.363092545121099,-0.39377852478685,0.222554928576443,0.113661483632784
78,43,-0.45908512806714,-0.65603482241204,0.0499482884270055,0.92017559214285
79,43,0.409486849677132,-0.0671830056758914,0.721284260491862,0.831644466594368
80,43,0.250560559400949,-1.53711960737196,-1.54536857445898,0.408206869429088
81,43,-0.0099977585269591,0.235249461403587,0.33000102408153,0.140195716623029
82,43,1.44066081425924,0.622964104381002,-1.19498874441017,0.716229151338919
83,43,0.433458555009201,2.89072299161429,-0.810979589975634,1.14327932794679
84,43,1.40465691611061,-0.812681302532714,-0.436136111042945,-0.427247323617191
85,43,0.606638474378323,-1.56347975384557,1.18474636247479,1.28892736207372
86,43,0.0209988327324134,-0.134899982882508,-0.105006983841227,-1.56442292070652
87,43,1.3337530361832,-0.439253914515123,-0.981213208882629,-0.175456906641353
88,43,0.897834745886593,0.0782468393360195,1.21744118032864,0.121925893126845
89,43,-0.422479626461319,-0.837888085327193,-1.52460599756377,2.28192382365005
90,43,-0.375446781809152,-0.218590184746594,0.510963768634739,0.0153202665039528
91,43,-1.07232193615797,-0.0273710510594495,-0.954739644666684,-0.0438002894694327
92,43,0.375738344033816,-1.75389941235861,1.17984500614107,1.52297061771494
93,43,-1.01899694395538,-0.964147381054773,-0.150636091454058,-1.09219534008542
94,43,-0.291785418990504,-0.818695474490743,-0.649444837138467,-0.691679633148076
95,43,-0.76311615096666,-0.26053394702776,0.770696118018056,-1.31390444412763
96,43,-1.47961018219514,0.648683328497808,0.971321406455464,-0.496607850156454
97,43,0.244783564778195,-1.24489622929039,-0.0696381562640224,0.513444801972125
98,43,-1.39228747485668,-0.114148703731815,2.08809504086783,1.31079788384707
99,43,-0.235609658973458,-0.207188288395378,0.100625439582564,-0.987387570232423
100,43,-0.392325737296569,-1.23635731609388,-1.71256470994758,1.98095639863358
101,43,1.2033618660258,0.352547562453252,-0.84088068586912,1.31323734132295
102,43,0.50939302069078,0.0764360506057141,0.492717703395605,0.155094297627001
103,43,1.232417175831,-0.11530766336866,-0.563267259210409,-0.70908604292897
104,43,0.63269445230536,1.31155627587247,-0.870803235416836,0.239991404150152
105,43,-1.8133537400221,-0.31572823458176,0.913178665733381,-2.04709392880787
106,43,1.21816778605157,-0.83255032281246,0.122138450442434,-1.14924247200727
107,43,1.18751511262474,0.437720573836271,-0.439796295923941,0.247762247206979
108,43,-0.0915869665916242,2.77935850971782,0.655866138389134,-1.27736041829376
109,43,0.0996091651906092,-0.563445569930127,-1.10836789293208,-0.311591933985596
110,43,-2.82254319689448,0.552383140736663,1.3239545746091,0.752050995564692
111,43,-1.68502876587385,-0.323665361144898,0.0694884136082198,0.758506435813609
112,43,0.221304024986608,-1.47158107653022,-0.775580763036685,0.902630543973027
113,43,0.499586471955184,0.225802511061741,0.810371935527535,1.08637459764767
114,43,-0.0797259401512967,-1.28992929789631,-1.75305595778657,-0.696493437866784
115,43,-0.199513053687957,1.90606259266222,0.154834677025113,0.414978151717968
116,43,-1.1118661858738,-1.6611519665146,-0.87617294945594,1.69376545612441
117,43,-0.182211497687953,0.770600604140069,-1.03809402386947,-1.55024629588088
118,43,-0.146438753217981,-1.16778496625975,1.33793791232447,-1.10112356906941
119,43,-0.399374887074724,1.2792716228348,-0.0724588457103926,-0.958253642527837
120,43,0.317046814712704,1.25492505114663,0.662160561409226,-2.45692615253359
121,43,0.843722040230523,-1.542826836573,0.256981512903258,-0.250134041831855
122,43,-0.0263909283977664,2.72066551798401,-0.0708744732999788,-0.476043207769061
123,43,-1.21430879471526,-0.36666549141479,0.612112954662953,0.88003313859161
124,43,-0.141318295716167,-1.20095056572706,0.0796933995689301,1.16016602759958
125,43,-1.76334027991162,0.69588853173698,-0.0756121587791952,1.3489736869008
126,43,-0.140890896467892,1.00038472668044,0.234013520462686,-0.281025753015736
127,43,0.251498530950489,-0.448131751998548,-2.2914096318721,-1.13081266678396
128,43,-0.309770328514383,1.00084245069043,0.822374475956557,-0.167586075629472
129,43,-0.131783217517929,-0.900044215481157,-0.172978958411412,0.0097544768357087
130,43,-0.758306644807412,-1.02331401117713,1.03557888841345,-0.97424016987957
131,43,0.0246706572038269,-0.552456926868467,-1.89535371070958,-1.0126758601256
132,43,-1.20939058197276,-0.0747307194281716,-0.737629700707829,0.394855231568227
133,43,0.109921197958713,-0.398232610202418,1.2085162467546,1.17025562039984
134,43,0.0355826220014231,-0.563308020489688,0.737315186173551,-1.04151446186507
135,43,-0.839279475509541,0.22480200909243,0.474568574204204,0.582084871085264
136,43,1.52728119141969,-0.87381008738245,-0.18044891992839,1.20122815886337
137,43,0.71902238848241,-0.190611519987554,-1.08671946310863,-1.08800093873037
138,43,-1.31430108598906,-0.225177726073004,1.6873164740931,-0.408370706823065
139,43,-0.0511275293956537,1.7345591153248,-0.318324330724498,-0.630518723753663
140,43,0.168289874464619,-0.092507829488828,-0.127285115530019,-0.361827593979669
141,43,-0.579328438117721,-0.235590866685004,-0.0552238207740087,0.333051884172572
142,43,-0.3290118734386,-1.78877249029289,-0.465569969202629,-0.913118017586287
143,43,-0.334048712231059,0.368088525916301,-1.36327702120147,1.90550993600477
144,43,-1.47653292054953,0.356050207177741,-0.384223957197581,-1.02955710129363
145,43,-0.126768158822896,-0.934818600340049,-1.31431446840521,1.11553367020739
146,43,1.27957432862377,-0.629727158599534,-0.123203367094226,0.426132221235572
147,43,-0.292732236748353,-1.00050838064339,1.18319236207273,1.51226794786778
148,43,1.06178961268817,0.071438276428202,1.67316533624776,0.411727926377804
149,43,-2.3929782376543,0.522383891679113,-0.0923395126471587,-1.06390658751357
150,43,2.08351171794829,0.0587880719277278,1.02845750304686,-0.522947482504339
151,43,0.462531317700047,-0.650575594031894,0.58892748867766,-0.623917789052438
152,43,2.63829619687236,0.569651460537583,1.18219641205779,0.795648367486704
153,43,0.583776973224595,-0.337938325604705,2.98602127567364,0.530235901127707
154,43,0.553274131435598,0.520147437964167,0.433318950317853,-0.687706645559552
155,43,-2.23280175227917,-1.38630674532949,-1.67033973246912,0.644357914908707
156,43,-2.4784302798395,-1.59608263062399,0.302189605401299,-0.493219219645869
157,43,-1.47381667490174,0.256640531764849,-0.646519140509895,1.27793430576156
158,43,-0.206822755146541,-1.36279629272101,0.724649147793472,-1.44193805611103
159,43,1.3236068032793,-0.335170404989686,-1.17762194341953,-1.6121888854382
160,43,-0.103488348633108,-0.472401624912027,-1.40593592789714,-0.0891078946237159
161,43,-0.568472942608664,0.0343418892210922,1.11142037137412,0.30991108477284
162,43,0.151775907780046,-1.54031371185955,-0.124400908449251,2.10064863078525
163,43,1.69527352806279,2.18414851919064,-1.63543046359201,-1.22050458194048
164,43,-0.939286406396912,0.646484779913775,-0.497115588924373,0.77823785266521
165,43,-0.527399911711119,-0.193290259957239,-0.627741285647183,0.337539275059489
166,43,-2.38686274657771,0.314314810014358,1.65115346456101,-0.282278246534149
167,43,-0.135404075306203,0.897246782110976,-0.777505785296407,0.269458812975418
168,43,-1.57602870233214,1.2307233219023,2.13935972321387,-0.319476710817926
169,43,-0.433700943467372,-0.446003306682233,0.29578898677683,1.36614224883922
170,43,1.71903234751378,-1.36353929950715,0.506245339842899,0.323183978625033
171,43,-2.07024432310852,-1.2030561340503,0.520954656738997,-0.358402966428041
172,43,-1.26663388237113,-0.42485988075581,0.75826724526832,-1.66732506996344
173,43,0.0271732897217327,-1.30595922908172,1.59618336983192,-0.337478823951163
174,43,-0.508346905401283,1.79220341920287,0.729869205085159,-0.134812775635134
175,43,-0.793935698328688,0.336669935468552,0.651473865436034,0.295269466123263
176,43,-1.20600724076577,-0.0579968525677789,0.859712493732644,-0.0333349684504137
177,43,-1.16427756963292,0.304882897418678,0.141077884485244,-0.732561572034617
178,43,0.574605092744227,0.889984445240526,-1.53735626412234,1.02094055711783
179,43,-1.76958627501611,-0.810475175487849,-1.62262478816303,-0.613734351073896
180,43,1.06032366451447,1.09523530598654,1.59689218943872,0.427514514804419
181,43,-1.86392085111223,0.0737911029379383,0.0407477144487221,-0.423466423501495
182,43,-0.352383727926651,1.54259037774378,-0.509850543459781,-0.811461828013545
183,43,-0.126692159057795,0.808838656653546,-0.530459537203107,1.14295857492151
184,43,-0.20626759263105,0.990221660834416,-1.253479890168,-0.624638495453232
185,43,-0.134793616025771,1.28331351587846,-0.253347358952206,-0.0149566997018308
186,43,0.670968228720475,1.15713917656816,-1.3740981652608,0.941484673945981
187,43,0.836620212991893,0.498609087964054,-1.1549809687239,0.616332316099793
188,43,0.224658389273532,0.88597739803933,-2.14162614660388,-0.728849480286592
189,43,0.00734844669607304,-0.262652696896575,-0.330925827124262,-0.388980761468503
190,43,0.250682045836119,0.401647855021983,-0.0123122087080956,-0.724504022180982
191,43,0.0115605580179063,0.875993928691645,-1.1090313503954,-1.05578459060586
192,43,-0.287008029270463,0.817065850083741,-1.13672293669846,-1.37087457478792
193,43,-0.187186951513907,-1.65400720590541,-0.862078694643758,-0.0412785759823929
194,43,0.261034366029651,-0.0884497952428435,-2.23823485800055,-0.476384418765538
195,43,-0.470435005722453,-1.63481067454821,-0.918931964924187,0.482095529685701
196,43,1.06750686012891,-0.776571940350515,0.252370405573227,-0.893663220630027
197,43,0.124665369456559,0.332464394074372,-1.13894630761194,0.695668999252637
198,43,-1.02750105454346,0.459041377544108,-0.462616931891254,0.404003064643915
199,43,-0.770866028023449,0.101792551167917,0.0460357747325178,-0.596791676368199
200,43,-0.848810781234297,1.2317536461332,-1.34731987413732,1.89902825585286
201,43,0.576452712502698,-0.137584591127423,0.436568547776063,-1.26989853004429
202,43,-1.48343493624612,1.74944678043339,1.10431211830109,0.402764020972648
203,43,0.354584348763685,-0.296879179834398,1.26388756574117,0.39077273784291
204,43,0.320800076069142,-0.499963241048345,-0.508370142848507,0.186498027261824
205,43,-0.236098460205283,0.138049246223562,1.50385477726029,-1.07624523264212
206,43,-0.922211303000368,-0.790910016280759,-0.434282525007347,1.88803789065982
207,43,-0.0628728265043949,2.59005777484041,0.408727571951385,0.29814713916024
208,43,0.316214339182008,2.03283942602761,-0.369488532732405,-0.756777529919464
209,43,0.0849470328724177,-0.620554471793656,3.41320295564904,-0.731294327628655
210,43,-0.91013916987594,-1.26518654214838,0.825252880471602,0.231987775659193
211,43,1.20828561020291,-0.268018324174298,0.374363868017051,1.6871730000334
212,43,0.839134530192984,2.0630406111453,-1.07969761637213,1.46341650795395
213,43,2.8794423275624,-1.87662634913948,0.897861000600484,0.167624818048812
214,43,1.04213285234502,0.208727602034882,0.0323837896339057,1.01695249865259
215,43,-0.141970642622119,-0.160493164655676,0.281733640381681,1.17980155574802
216,43,-0.471773344434705,-1.18614762639956,-1.20073357832224,1.79493112225716
217,43,-2.17138096016805,0.322149836017224,-0.45301729848512,-0.696301392381406
218,43,0.164693946531629,-1.2641267181998,0.792958050813701,0.121669655505202
219,43,-1.50348002609244,-1.17925196287362,-0.401670078175965,-0.413586839418766
220,43,0.26807192480955,-0.320660466964852,-0.662226456680547,-0.304651898452433
221,43,0.195877846129716,0.051404540904101,-0.705421550556047,0.485790494708489
222,43,0.347636254184703,-1.52826699925309,-0.0205322997776283,1.22124782855029
223,43,0.368714826151896,-0.917263121961515,-0.641649801257376,0.203056781186622
224,43,0.764248519289063,-0.0308852175334619,-0.66912294398124,0.560539298782248
225,43,-0.438314091085512,-0.290512366367917,0.0455794201316838,-0.92164736675424
226,43,-1.23666261124272,0.750485815287146,1.57460828808821,-1.38597507200442
227,43,0.777426995857857,-0.37187943911855,-0.254505371685795,-1.32206524753254
228,43,-0.985919116458754,0.500135754234887,0.628216870947079,2.41523293308589
229,43,-0.00994633614979211,0.522412571429193,-0.805550781895398,-1.32114783988061
230,43,-0.728426271484657,0.82678194379054,-1.35218071211155,0.885896901165239
231,43,0.528383913178576,0.416023888060755,0.116127095626642,-0.541881385681142
232,43,1.35291674971516,0.858196091612271,-0.214780727369055,-0.0856130186577919
233,43,-1.29157945193465,0.573945689532311,0.193354687639644,1.12785673514357
234,43,1.39963980313729,1.06699726951921,0.576307236165381,-0.768820220692444
235,43,0.500313913818228,0.271573652951071,1.15999850633039,1.93572837113515
236,43,-0.0516594649963481,0.716347802297231,0.189892516951146,0.367310187624216
237,43,0.378016401387905,-0.226186056342597,-0.307499235781276,-0.555566354026219
238,43,0.38270509322115,-0.148758110726269,-0.400495795369023,-0.490998476030086
239,43,0.424668984157305,-0.317638872513401,0.0101588470942821,0.522378762238312
240,43,0.281143432418973,0.074508127994981,0.108839544042399,-0.515219749847204
241,43,-1.46991428029914,-1.05607547102689,-0.457503680737051,-0.621469931642036
242,43,-0.817999649897617,-0.177772554577255,-2.40849115749751,-0.984050383630027
243,43,1.06732831683574,-0.396729587637911,-0.848282683068316,-0.962142638891237
244,43,0.174906063033636,-0.0185799982391606,-2.68290336345129,1.61799747563809
245,43,0.502452251664932,-0.105665391340198,-1.26295879508356,1.309915279012
246,43,0.322502147821446,0.808043046067403,-0.163343427066541,0.185288533373009
247,43,-0.26626573674684,-0.893670842304963,2.14448219956005,-1.13659698390093
248,43,-1.20573231588625,0.309526667400469,-0.334422957940671,-0.157005489680571
249,43,0.957960155835658,-1.30160332182273,-0.508874224592745,0.835482345567259
250,43,-1.62624000483666,0.556606458878175,1.40195040169279,1.38799898255392
251,43,-0.522519156530862,-0.738672007916306,-1.34867329256107,0.751566211949468
252,43,0.737278220403421,0.259090602344902,-0.535630786341839,2.56715867946426
253,43,-0.678538798621958,-0.964926816158869,0.0231538591561349,-0.17762228440056
254,43,-0.68297947609357,-0.344651638471355,-0.271476449559478,-1.09977349252937
255,43,0.920187069964768,0.160135550375042,0.50868553829841,1.02198558737874
256,43,1.0950473808567,-0.0938222825016534,-0.582596199804806,-0.294078143998928
257,43,-0.175167961056923,-0.147750937388889,0.984511842555086,0.219986575746343
258,43,-0.495347137655503,-0.519212322097818,-0.47196842857581,-0.184518165093832
259,43,1.94790830306034,-0.17231735092526,-0.679446646628294,0.334189452853048
260,43,1.05015451486013,1.39852842592073,1.03521576117262,0.866074400858101
261,43,-0.488290610775224,1.22858095864728,0.545301685235386,0.0648209878163982
262,43,1.51431062316032,-0.449441876735947,1.78683163842598,-0.46815694719342
263,43,-0.125544716318761,1.48169476497972,2.54699228526012,-1.00528965800878
264,43,-1.0307841213364,1.07477387227842,0.698945293010535,-0.651852934725729
265,43,0.772518848103224,-0.0209548577929541,1.37693093030088,-2.22225396837564
266,43,0.63909559762161,-0.623206290396076,1.2531459166835,0.304410956097406
267,43,0.048379320490974,-1.46058373638065,-1.73760145922129,1.00905430563643
268,43,-0.154703829686459,0.984564063588251,0.710979287731778,-0.0408898379274168
269,43,0.691607934532941,0.479547673205456,0.433368157494087,1.64076848515433
270,43,-0.702599065217256,-1.03140757666357,0.362003343819174,-0.254693781653938
271,43,-0.574514472947708,0.183742049697179,2.77947161469437,1.07509112200603
272,43,-0.274771410946813,-0.690698792041356,0.304749211068468,-1.29030862820712
273,43,1.91571668821113,0.33202248901299,0.448881501509308,-0.37059697415719
274,43,1.38913562170112,-0.457668332130891,0.384284846548162,-0.423616429714065
275,43,-1.28823031290286,2.09425463400088,-0.765810241243714,-0.231035282222312
276,43,-0.512467927684406,0.444914056385592,1.53624605869217,-0.341511242673716
277,43,0.57594205589116,-1.64236540246228,0.313678548918047,0.833744495155667
278,43,0.785371482185039,-0.454673776228338,0.332743732431008,-0.121659818213174
279,43,-1.54026140926308,1.04597616206237,1.70388802468082,-0.337258106401134
280,43,0.518045148121308,1.63441268696506,-0.14116586634321,-0.881020940179884
281,43,-1.56799642998208,-0.407591124298768,-0.108878811269344,-1.25707912118786
282,43,-0.972244417782656,-0.592903863032821,0.166562719418392,-0.0402118711969906
283,43,0.267668291302234,0.133848724324815,0.0365558151248453,0.604701355316239
284,43,-0.498951887579854,-0.625916463850537,-0.637518304390605,-0.587436655603784
285,43,-0.46056299089326,0.0781461572971543,-0.26109885221878,0.926774767527063
286,43,0.841712888436923,-0.780598026269082,-1.55766943554496,0.916472477325783
287,43,-0.246177198466609,0.171529155622295,-2.00236838468164,-1.36618075434967
288,43,-0.471547259164357,0.35674299950206,1.70191082130858,-0.143813358675832
289,43,-1.74904649651482,0.247359241211602,-0.0177151516496874,0.475329228418852
290,43,0.222248453528307,-0.778917097424741,-0.134280284833276,0.797444203288165
291,43,0.367867981502642,0.880577684894046,1.94097130940871,-0.677487533246351
292,43,0.705538673736342,0.220455849012286,-0.0754304226649469,-0.477306680306326
293,43,-0.604347419929934,-0.159419729420291,0.211070634611673,0.0834039385754603
294,43,0.350202422872196,2.39438765773427,-0.218385639221326,0.125859247611832
295,43,-1.29349803667494,0.215161501061203,-1.09028963013788,-1.39933899107243
296,43,0.284534393365094,0.749133047024098,0.194177740093636,1.45793978529638
297,43,0.82639240633943,-0.364437266307066,-0.446572160060968,-2.16748770749424
298,43,1.89054063958418,-2.08445829516115,0.852506210449768,0.055124589099326
299,43,0.923595318977123,1.13498749718758,0.0629215382029642,-1.31254941645206
300,43,0.510227638743654,1.54184021265083,-0.181305878987382,-1.55853182966278
301,43,-0.192465244072257,0.0667133148544685,0.946967628833626,0.087363293292621
302,43,0.611148513125134,0.280768396609595,0.0580755247077071,-0.0825371996995042
303,43,1.39354449427933,1.54056540781669,-0.75168250701838,-0.54818473472462
304,43,-0.595361340001136,-0.254407393427082,0.304498253632025,-0.87065536480777
305,43,-0.150507386499642,1.86551298500303,-0.307242902342777,1.39599297891948
306,43,1.66931079221921,-0.0142463530895716,-0.860847403062475,0.655885836382787
307,43,-1.30396538265319,0.466874357142944,-0.85191547814779,0.733741160625119
308,43,0.782093337692303,-1.27385181942594,-0.155310414614548,-1.41118349744015
309,43,0.6834663547985,0.00541991175191828,-0.420110445456326,-1.0416696079512
310,43,-0.64726737111118,0.883346365727491,0.0963256352907982,-0.360684615765143
311,43,-1.83225401630555,-1.14925759513213,0.00779958438676896,-2.05360884593065
312,43,0.316974609515075,-1.50192751912332,1.61597401457797,-0.602176716503598
313,43,0.828787018021243,0.966808786812028,0.399677465980379,0.0835993644790355
314,43,0.709306477936705,0.0184976033573613,-1.16772894682225,0.961830230151121
315,43,-1.20014640696292,1.21366642540194,0.733110018260531,0.688459237814474
316,43,0.200060671725471,-1.39711427434016,0.583531007574225,-1.69233905094153
317,43,1.23695560656541,0.26090176608731,-0.212553381916938,0.668959513210827
318,43,3.5181136181029,0.575832999577864,-2.88707046545799,0.50959907369132
319,43,-0.952029419227766,0.140644406001666,-0.0787916158899735,-0.979244056552172
320,43,0.435843883490274,0.708956041620028,-0.708360897908095,-0.832313154917329
321,43,0.946357930757865,-1.01678563312177,1.24017431933825,-0.434547870682704
322,43,-0.884904596631924,0.297837262788501,-0.16965134901001,-0.302555958919762
323,43,0.900196805469273,-1.94916131454532,0.755613594077147,0.38727115370653
324,43,1.88662879699079,0.348334794316435,-0.0591834136552921,0.465775445546401
325,43,-0.557555861502546,-0.79442744535236,-0.549976735216408,-1.90390814948918
326,43,0.832958688232623,1.21262846929316,-0.52371791096349,1.70424169915821
327,43,1.46928288692592,-1.29511717525567,-0.014617879995101,0.0798077604884527
328,43,-0.232950816217169,1.02507178707393,-0.107953561368377,-0.896998272816785
329,43,-0.543373320228264,0.82936325872273,-0.116000677249094,1.02491833697366
330,43,1.21818194922079,-0.594641929817153,-0.683447142523913,-2.52324634462444
331,43,-0.446854562385417,0.401352844328246,1.08939909951037,-0.647311856430456
332,43,-2.29369889548041,1.10336455595345,-0.915091957573752,-0.516972435672869
333,43,0.756314171700531,1.36201819623769,-0.138923057326549,0.413497881412928
334,43,0.666172370719709,-1.51657832529515,2.03546790724459,0.166357568613262
335,43,2.66638678985702,-2.38928810642393,1.17034045395543,1.37626036389817
336,43,-1.06602547700862,-1.59770936086755,-2.07399114975327,0.215140906181031
337,43,0.205718825905734,-0.417884343914877,-1.25868460598452,1.51182372499561
338,43,-0.164733239217319,-0.337732742699936,0.58315477841605,-0.965888696935214
339,43,-1.2858468621041,-1.16450097682468,1.4748135832696,-1.41684276499713
340,43,0.96712573560493,0.634080812153702,-1.74900664270767,-1.17738623493058
341,43,-0.81404911926945,-0.522765799521146,-0.039823419148628,-0.583636820647319
342,43,-1.0584745595143,-0.567011078612115,-0.32762077638706,0.619982203304801
343,43,0.965386155267701,0.0176208568440022,0.300651940929722,-2.07092201697501
344,43,1.89750524814016,0.144318035407527,-0.0465277659824707,-1.83538498979546
345,43,-0.627314009954934,1.1881003522868,-1.37972042981582,0.167137319920663
346,43,-0.533865365466708,-0.483508327646708,-0.614289682702021,-0.640917234481992
347,43,-1.02334194400022,-0.932096063412818,-0.150983728258781,1.00886073620367
348,43,0.411556402130762,-0.487334319857172,0.18958221365141,-0.246245151523056
349,43,-1.09118856932174,-0.0175601791397159,1.90561201180537,0.573016701415938
350,43,-0.0481970448975939,0.762808117094655,-0.409029113404768,1.18433217317808
351,43,-0.71397466581022,-0.841874879202978,-0.584145771554068,2.00525444443274
352,43,1.27575468226673,-0.520471550372441,-0.795169802657242,0.964240491476154
353,43,0.784118354230114,-1.08110885073167,0.142658305673463,-0.752306078749053
354,43,-0.181032545385841,-0.619349580963839,-0.520388840300931,0.162438504940201
355,43,-0.637153904212135,0.138979872678151,-0.785555235616976,-0.934107248702607
356,43,0.672381199446884,0.350737092394757,0.386646426540962,-0.52898166844506
357,43,0.809791515003291,1.10131257395914,1.80826113242845,-1.23125669323276
358,43,-0.365591925041983,0.0710764318307875,-0.512434314581897,-0.44630052615293
359,43,-0.100093905755683,0.915118199361195,0.671091094337739,-1.4978829652791
360,43,-0.631177820259733,-0.136765901656791,-1.25405712118855,0.326405841059841
361,43,0.384358576248608,-0.462396549833197,0.9376027620367,0.598503143139308
362,43,0.660423016706337,-0.640911225538412,0.698210862643775,-0.798304701233285
363,43,-1.04935910917163,0.951383464274109,-1.56032072823714,-2.37829884669553
364,43,-0.12155872339149,-1.06475561909864,1.51475921159744,-1.82088185177024
365,43,-1.45228144907412,-0.442794716278842,-0.704954328137016,-1.32023014343065
366,43,-1.49437685116004,1.23627614830322,0.891135478749751,-1.52814760605255
367,43,0.428332732688479,1.46963753268806,-0.512925914967387,0.118812663588455
368,43,-0.0843801726482339,0.192158492720985,-2.12742249707253,0.386908218304387
369,43,0.263388824066263,-1.56261083176858,-0.539452958137973,-0.00443090285316104
370,43,-0.301782856378612,-0.784603348549702,-1.33065340115064,1.08442829354388
371,43,-1.31532815299967,0.704886697319099,-0.682360269409487,0.361811978700214
372,43,0.363578601135472,0.59111901579218,0.81109501007873,-0.568624948486008
373,43,-0.0334047619498891,-1.15179366394212,0.597092901066362,0.410232711392913
374,43,-0.141611410673445,0.486334244051418,-0.0821613783382252,-0.578641582898133
375,43,-1.12603355173014,-0.215525676290143,-0.261875038365954,0.338075504455485
376,43,-0.68603216078078,0.136060836583208,0.0213941374044485,-1.45128173633295
377,43,-0.799119895144303,-0.124690021711053,-0.34425807818371,-0.0262464392494005
378,43,0.286697806211491,-0.108178815771714,0.12238385372024,-1.66490376757026
379,43,0.71189527310687,-0.461279371804802,0.798550678201577,-0.166245721646637
380,43,-0.247628872036324,1.80979470027143,-0.446144217592656,-1.21893322786947
381,43,0.237471849547125,0.887414855785177,0.585331137618395,0.33013174087428
382,43,-0.286873280407446,1.81952536389717,-0.667671490237865,0.971301684758023
383,43,0.780260684902954,-0.52733209949036,0.214892137930151,-0.903287179371417
384,43,-0.154392521334584,-0.308185948966075,0.235123599298054,-0.0012085976688915
385,43,0.395325420000496,-0.909077430159485,0.243098776895634,2.03014352003072
386,43,1.44202226280116,-0.670611159375828,0.465100099458891,0.0347883082138853
387,43,0.600670409016924,0.651333285228015,2.04883387098544,1.69886535211971
388,43,1.43159721854527,-0.253301905375085,-0.529372124633057,0.678971512681779
389,43,-0.944492529759938,0.645925497654735,0.200428339539313,-0.196502346508082
390,43,0.589712170875183,1.09021687466175,-0.829640047674946,-0.512431930846735
391,43,0.84096552115136,-0.175837524142489,0.756757975478718,-0.73758798700897
392,43,-1.72903425706375,1.43370820455443,1.62406250988675,1.51305647787108
393,43,-1.96660514466361,-1.02833996705575,-1.10174540048321,-2.14346089189348
394,43,-1.23161804962013,-0.0381677913486762,-0.1701081945342,-0.594966344957742
395,43,0.216680923227954,-0.394803600936358,-1.08798030916334,0.267645611390899
396,43,-0.920894991889453,-1.03161843277523,0.385862249128771,1.23707844908046
397,43,-1.91903124719873,-0.0264493840455155,-2.20969066677095,0.649949104755496
398,43,0.0685475376119884,-1.91756204731494,-0.98565844291572,-0.594229124128651
399,43,0.0727189260929409,-0.639942687611782,-0.176854377067558,-0.468309179949628
400,43,-1.32874295785045,-1.43808633186495,-0.368231910212064,1.09993422293297
401,43,-1.26888949203871,1.38622398087496,-0.329405509370275,0.997700645675002
402,43,0.654060861263803,0.376428391965354,1.37645698808677,0.678365775682693
403,43,-0.815546145269984,-0.34831776835482,-0.0845499160193201,-0.070883346246745
404,43,-1.27030160991881,-1.47740344530222,0.108864550933123,0.937242130999311
405,43,-1.20864593995576,0.680199757874656,0.884462141226731,-1.29507638004813
406,43,0.0806404432585688,0.579328316731367,1.46105412631215,0.492357064108703
407,43,0.242703794655305,0.555211585279888,-1.18277987709708,-0.777003862250819
408,43,-0.549855347960057,-1.49328632709712,0.515076122432608,0.230598658872511
409,43,0.106272988442083,-0.131728733109894,-0.604187368622395,-0.173702147444147
410,43,0.865164187379571,1.79180059211587,-0.0667389163150829,-0.248651037320329
411,43,1.5383366974289,-0.188724962243353,0.681576526987201,0.986028666842525
412,43,-0.52630424797419,-1.57963798668337,-0.945680809374546,0.784222288447736
413,43,0.119820269596482,1.1174696767819,-1.11710100817146,1.35145158429227
414,43,-0.589379999264932,1.07037885551819,-0.647112980730913,-1.5135150118958
415,43,-0.250195949226018,0.0274499278774229,1.49645072319239,1.46181876762283
416,43,0.202774377123049,-0.74462371922287,-0.464523014903923,0.243521104988105
417,43,-0.792301261085306,0.318265007259495,-2.20520004885579,-1.44476343443111
418,43,-0.139112510276606,-0.775677781890662,-1.9336660353256,0.72106113432214
419,43,0.669013532081655,-1.82257817527579,2.24640326851619,0.598938310794642
420,43,-0.478644418842256,1.85983406297293,-0.243244702653395,-0.0917734039889837
421,43,1.96660147096918,-0.309714432003998,-2.08888351130352,0.109179004760959
422,43,-0.770550459732206,-0.381426769779334,-1.51252610601809,1.20905463158813
423,43,-0.446756966090957,0.52486264101846,0.404202671291054,-1.9402300075764
424,43,-2.23704253975266,1.04462177953352,1.26190604979903,-1.65778997565076
425,43,-0.0785274893514721,0.0882167273225433,-0.277077725006147,-0.972271062354092
426,43,0.69776024804417,-0.691514869148815,-0.423342847297492,1.18960563277498
427,43,2.09953414497861,-1.13045011120786,-0.0685382539544444,1.32706401158975
428,43,1.19169212545554,-0.0803372787814268,-0.823338083684726,-0.33725091203044
429,43,-1.60469713001794,-0.803027687628221,0.330639370136462,1.09319573579455
430,43,0.685311117809866,1.57511179445015,-0.900851537487713,-0.920635694605557
431,43,0.940502278433951,-2.12201574391311,-1.33502072564447,0.341307094534457
432,43,-0.685867083874728,1.21756370371821,-0.0593214053180597,-0.737420193179532
433,43,0.503056506374437,0.285248816334297,0.0260552406338884,1.27472729550949
434,43,-1.43168881880311,-1.06482664406405,-0.399308291313984,0.312463992516251
435,43,0.243184472320579,-1.34349385052842,-1.17832855162695,-0.0393335819875002
436,43,0.678467562136693,0.322843899953945,-1.25522592053294,0.115453063224538
437,43,0.352177169715203,-0.957456136880707,-1.28586296111882,-0.0110723195877614
438,43,-0.03617479090678,-0.521774994697814,0.603039876338765,-0.999358381836353
439,43,1.51154553695865,1.62196822403355,1.83456987189136,0.437923769006407
440,43,-0.244235256543852,-0.582199813479005,0.58785475120682,-1.06200638780227
441,43,-0.458800083984682,1.98277637169696,1.54723337126186,0.712945604181536
442,43,-0.600587653429797,-1.0027478064918,-1.97492812024292,-0.174641059442175
443,43,-0.74894683696016,0.500991500125929,0.861996764666943,0.956923805142446
444,43,0.544216342053712,-0.193517642155125,1.67097800620544,-0.681681031750399
445,43,-1.04226247471152,-0.312237329487194,-0.475157202555611,1.73792592255475
446,43,-0.393916036579731,0.431875796486584,-1.27296384989565,1.46822293315954
447,43,0.234364513946851,0.0879604690699789,-1.1579976930429,-2.46587893023663
448,43,-2.54616183427199,0.00369725033208241,-1.99115701129005,0.257232427976054
449,43,-1.01612179664216,-0.0987658647374726,0.546587444627329,0.0756939451702051
450,43,-0.592782641245698,-0.0195978724139573,0.8730530489818,-0.241996143660567
451,43,-0.794680094338421,-0.0313176278309294,-1.12389333030718,0.353994783732194
452,43,1.02523829252287,-0.211752108392978,-0.260058809879523,-0.334425438001054
453,43,-0.683084514066567,0.298364778377706,-0.662750690550224,-0.129753623113112
454,43,-0.197574686901219,0.259776262503033,-0.618252614250502,-1.2120752361904
455,43,-0.375288020672657,-2.41067143818414,-1.36841412314443,0.166705727307569
456,43,-0.414770283962724,0.880130671494318,-2.00019758860945,0.713524783589471
457,43,1.48242814794871,0.307643178985528,-0.555110247678819,-0.845547697658517
458,43,0.0338688801349602,-0.0549522640283032,1.17934588926285,0.210995659109142
459,43,-0.798986625403536,-0.982516192059454,1.14539781634628,-1.91144043777189
460,43,0.573950612248634,0.939828349257246,0.136141835094292,0.818450281393777
461,43,-2.42372237906991,-1.27775656194077,-1.07078399205399,0.267566552769627
462,43,-0.178281658451169,-0.650194268056407,-0.307138333533593,-1.21323159996626
463,43,0.620916983586364,-0.244474143077753,0.449769210649568,-0.233800134525635
464,43,0.45458193459098,1.93675645809054,0.288242004144776,1.52217602390275
465,43,0.731165167272998,-2.19663786183118,-0.0786680057923195,-1.57943940043516
466,43,-0.132778772741393,-1.11419563353129,-0.307309375885264,-0.675363046649334
467,43,1.50742189432389,-0.425311864613617,-0.596415555679411,-0.832329813416631
468,43,-0.307310549816498,1.803701435108,-1.08142326941054,0.943367647704636
469,43,0.0734397880260968,1.31809777665789,-1.27683014933711,0.273772705791317
470,43,0.490847901536471,-0.0829532442194727,0.0452570937663833,-0.841399667497001
471,43,0.649377908533035,-0.331788679633609,-1.92255059470676,1.6792279133173
472,43,0.50412284018535,0.00678020149614637,0.226166725243272,-0.0211789089517438
473,43,-0.864365447370198,0.787339956830023,0.0160959891621143,0.988970005645399
474,43,-0.640519305636462,2.15397330814071,0.086871979222795,-0.701177945729498
475,43,-1.2129996567768,-0.960955380277154,-1.70416208221748,0.443793539947916
476,43,-2.75946056322293,-0.322366713457285,-0.392751808580231,1.33719340461107
477,43,-0.55797159942757,0.697692457867733,-0.345457385326263,-0.571902608221767
478,43,-0.0176434206498444,-0.406912233595495,2.60487450242674,2.6829078465973
479,43,-2.12657258695532,0.736086869788119,-0.574242403678975,0.315133870878249
480,43,0.106751255129095,1.2867508775599,-1.02439616588313,-1.11645407242145
481,43,0.151064341799064,0.340149503933819,-0.500772186105057,0.386027544092325
482,43,-0.379857792044991,-0.0160789003469476,-1.21198502645353,-1.75675436280254
483,43,-0.184700361805449,0.188185113597429,-0.823758442795721,0.625669462244034
484,43,0.489824818172183,1.12203187755289,0.028013121852086,0.235501879345354
485,43,-0.0708335894728135,-1.28196939428879,-1.08156654369355,-0.473468313051447
486,43,-0.0105980995441487,-0.801585926592226,2.10852929288396,0.351889687082034
487,43,0.0989231296430852,1.64037226601693,-0.411718785893994,0.163999184103065
488,43,-0.454138796355669,0.505612751731246,0.42518807866614,1.5239042480219
489,43,0.345668369444362,-0.605850137119978,0.858132781113097,-0.643715021055182
490,43,0.272271494288215,0.0980488767607263,-0.36258372000161,-0.322559251872938
491,43,0.743186994994665,-1.00357852715399,-1.26849499725333,0.916832865774337
492,43,0.660220042706594,-0.476614249536664,-0.597936518223022,0.0327450129782167
493,43,-0.220926367773282,0.0817202066271121,-0.0913306740324411,-0.488754301208673
494,43,0.561087196761759,1.15062410596486,0.217674611085325,2.44920594657687
495,43,0.137046926181924,-1.66116892959197,-1.15399199759571,2.51124942327936
496,43,-1.39087461753415,0.305994545354498,-0.685429323266641,0.144609632333803
497,43,0.0160285174476603,-1.01875155031747,0.266738386586821,-0.484144335161977
498,43,0.176993232450377,0.469797981688771,0.180118745583055,-1.5037761824731
499,43,1.13840314902369,-0.381104759585147,0.679351457494657,-0.022374975283809
500,43,-0.460664320923642,-0.53043737039991,1.00257562009581,-0.653311008255747
1,44,-1.26110707368539,0.236443943912394,1.00553714379003,-0.178128219338837
2,44,-0.690054340460452,-0.985303629019294,-0.027228158742447,0.361512785105695
3,44,0.139759452877773,-1.1645948455082,-0.544068542598583,-0.470038073401157
4,44,-0.832315563500766,-1.26857657677226,0.74948753346446,1.86441106314426
5,44,0.407676087724628,-1.07063578165866,-0.234085122669328,1.10879349996769
6,44,-0.208817878143837,1.8985277707439,1.70982331767527,-0.596577928045732
7,44,-0.443509602842782,1.05266292299078,0.413170419670973,0.151193632172073
8,44,0.800156427889764,-0.754926428707601,-0.152960973660789,0.479137470925615
9,44,1.08850755404365,0.283578487219964,-0.611314789449009,-0.000519594900466391
10,44,1.04374987463553,-1.21504424840999,-0.0494379343664454,0.383921821402467
11,44,-0.960866704304593,-1.01860872559082,0.83529328081065,0.549038503849139
12,44,-1.28709074504554,1.22227755785652,-0.538161687457936,-0.84511233307988
13,44,0.573100313109863,0.615847804505099,-0.109128354415137,1.26568772186015
14,44,0.569678486944716,-0.463320881348341,0.432807632808016,-0.565582546394195
15,44,1.02738415706429,1.18885835195626,0.637723466958847,0.384251177745005
16,44,0.788728103433686,0.32908165261206,-0.87836181094939,-1.51561444266084
17,44,2.15642915975725,-1.16580310314239,-0.724055745488279,-2.16697809288585
18,44,-0.813150845078908,-0.201992426725954,-0.0222676933107822,0.346468578729779
19,44,0.246531042909558,-1.43320731912471,-1.61842664656953,1.3850666515219
20,44,0.361793056053518,1.39566383795308,0.876815502669474,0.221302456828754
21,44,1.30867808442578,0.178415295326043,1.09748886010973,0.671119764443429
22,44,1.26281740705288,0.621650308552025,1.14539088718657,-1.30521292750775
23,44,0.592118297998201,-0.115340090171738,0.104688757262541,-1.19940290606877
24,44,0.390286710107893,0.0206719757949681,0.221461961954389,-2.0294197072608
25,44,0.268811810637808,1.64481718766048,0.487463715076154,-0.229342292105539
26,44,0.635101541239616,1.28467406448399,0.483292534185577,-0.740723232426753
27,44,-0.889621548530951,-1.05374043848227,-1.9385093011089,0.0452326934466983
28,44,-0.704746465671506,0.22288521108922,0.266820175397337,-0.565786953361468
29,44,2.78009225834104,0.344481246923998,-0.737750812693823,0.991346265860141
30,44,0.0430183205247802,-0.0950804504851478,-1.55364289736536,-0.679938555186808
31,44,-0.07854476875192,-1.29555054513598,-0.059933867789415,0.508070551054375
32,44,-0.627780182312364,1.28109467541645,0.802367479696942,2.44604996451435
33,44,-1.06268749361015,-0.127869318475189,-0.953404595105454,1.62342525849946
34,44,-0.0257799558887925,0.416792133436877,0.168250942167507,1.54486844341361
35,44,-0.939276729926424,-0.935284521298263,-0.600389625339917,-0.583016711166424
36,44,-0.539435596476085,-1.11242852001055,-0.809599183373347,-0.123460135562019
37,44,-1.11643620981532,0.339638699677687,-0.615879224648758,0.75051501522928
38,44,-0.479701374305871,-1.05765821326948,-0.490288025021435,-1.98562392723489
39,44,0.761029834819762,0.286482862503729,0.547082095168584,0.41744702752449
40,44,0.118069209394829,1.80021238692404,0.062361510544824,1.83209981228097
41,44,-0.843065720734223,0.765727068767902,2.12110955599126,-0.00622883687562411
42,44,-2.12402357896631,-0.0313385865386018,0.513330101145744,-0.808740034323464
43,44,1.78096290110577,-1.03497994470895,1.61551034114252,1.59027832520098
44,44,-0.572634470627819,-1.37971147771949,-1.24147563410773,-0.829008058361739
45,44,0.473328780268446,-0.916141770800204,-0.548165147656639,-1.5236909363965
46,44,-0.729397257483786,-0.283572589730034,0.992424038888017,-0.0687988033434832
47,44,-1.04318566633341,0.0831941996812733,0.287157497075075,0.723033900747747
48,44,-1.16567717786141,1.61071072004964,1.97381496034183,0.736834058814329
49,44,0.463987284770376,-2.17846669812223,0.875582992824851,-0.687136078348477
50,44,-0.0530185800321585,-1.02099904164014,-0.521562965897139,0.573687885507319
51,44,0.430713567462831,-0.294213886358677,-1.20651042170987,0.534633759049593
52,44,-1.67500393920204,-0.800525105604566,0.0998829784987681,0.907883367205467
53,44,-0.00461103887640477,-0.741333310416682,0.143764354835569,-0.342661262619888
54,44,-0.0665726594880102,-0.458769252602899,1.16721126145839,-0.338463540592143
55,44,-0.962802110440426,-0.242722055775764,-1.65200588389293,0.192887551356319
56,44,0.269647689606846,-1.17175245615998,0.68710547371486,0.73310533551774
57,44,-0.337229858575889,-0.664483250332974,0.60501063779129,-1.58774132416026
58,44,-0.269256538556085,0.115528537432704,-0.0577926731043283,0.558467463041433
59,44,-0.0967442633849103,-0.129545689517306,-0.131599164219095,-0.172102542342914
60,44,-1.57334138508597,1.02443865779919,0.134842155033033,-1.0006925878851
61,44,0.0494520859218661,0.691259506241598,0.532342759377742,-0.678047327034312
62,44,-0.455226830594712,0.307581693187093,-0.1697942522437,0.764818345457883
63,44,0.694194642845549,-1.9691263515943,-1.64241578864661,0.0744768546685045
64,44,-1.50535309070826,0.752996538699827,0.701678859070917,-0.581446973453149
65,44,-0.506714656883783,0.889535355662132,0.643470684632226,0.586483894961136
66,44,1.33942022386315,-1.05177208161445,-0.999884215844137,-0.386606650641206
67,44,1.67242766206549,-0.0858634348903286,-1.57145282181648,-1.85144396151565
68,44,0.432596964573733,-0.565418485044422,2.69900385991501,-1.56831199136676
69,44,-1.55457869366746,-0.898241733427836,0.751792932322717,-0.436780903236962
70,44,-1.17154047298643,0.86497833147562,0.448198433608788,0.279070329508534
71,44,-0.486939426089637,0.153693885493138,-0.312532003225769,0.402784212803366
72,44,0.39865874510464,0.0094685484441778,-1.080151637938,-0.0795301063407462
73,44,0.141186544030598,1.82789482164731,0.429522094666397,-0.816431869215189
74,44,1.37338922067113,0.525197650565748,1.33663692323642,-1.85488290566101
75,44,-0.606223510759154,-0.791446536324948,0.407296973640436,-1.48212608489687
76,44,1.46237672366208,-0.298442248620963,-0.543572429445246,1.0776112898846
77,44,0.867628935057766,0.0528402303887659,0.0352386776421585,-0.216123484578832
78,44,0.875833679991611,1.47941752027761,0.190577120706345,1.8954785837224
79,44,-0.206800276277943,-0.595583702336963,-0.899287307495617,-0.383585445150305
80,44,-1.1699839273306,0.981678662722329,0.15783088866312,1.32152915059041
81,44,-2.72629417325357,-0.564816762747056,1.94117839392194,1.11864218311056
82,44,0.365957784250869,-0.362944800838455,-0.258812165568102,-0.965676299232038
83,44,-0.0875319250565382,-0.317779227421738,-0.492399460005826,0.0854401703850114
84,44,-0.589176353143486,0.265143423290938,-1.75463860909882,1.03036036947737
85,44,1.60800123993271,0.284141841877502,-0.471853260131643,-0.0395824402008144
86,44,0.0278452260944498,2.08123257738376,-2.30681360817894,1.07734627177209
87,44,1.33475831018165,-0.603525448212467,0.646980538902793,1.90879288823972
88,44,-0.137319728442695,-1.40140849635023,-0.852701083455868,-0.740514356091207
89,44,0.697386005706485,1.26124868338586,-0.459423746098232,0.31631956259115
90,44,0.179710600048979,-0.601611280672942,1.68898830194563,-1.52550886420922
91,44,0.202589905248801,-0.056512919990565,-1.67194143856254,0.112760958801996
92,44,-0.842466132243953,-1.25680031132784,-0.451742419886011,-0.240734634560414
93,44,-0.725083977603296,0.727747435178528,0.576351518918471,0.114263040219577
94,44,-0.818901411386525,0.208265614031928,0.5316308362534,-2.24082281854436
95,44,1.44312341929229,0.932892830543391,-0.932597833983967,-2.73161498003608
96,44,0.318514551143116,1.21839176957117,1.63416993331015,-0.117860890510102
97,44,1.30490210747014,0.303641410648921,-1.63879581280336,-0.928192467062751
98,44,0.145021036576089,-1.51841415054928,-0.486224816515745,-0.0595142893605413
99,44,1.11706856516178,-0.276929184358176,0.677329283514152,-0.343802713103483
100,44,0.0499028638089456,0.163097187570983,0.00519552948144451,1.47841850133077
101,44,-0.443951798763287,0.00972754153592603,-2.17668116201451,-0.763805922907405
102,44,-0.0114050188688572,-0.374694000472934,0.118452027240763,2.00999818502737
103,44,-0.804021332074108,-0.519254088420993,1.64789136869504,0.373061811726678
104,44,0.387316354610558,-0.511364206640614,-0.205948035359291,-1.72505004987486
105,44,2.50065726750262,0.6405487062896,-1.61072299973308,0.252193045027909
106,44,1.26885485102327,1.36041903206458,-0.594296474771225,0.0665371071971265
107,44,-1.65562647065749,-0.604845888610806,0.00830845179002464,-0.502041666079636
108,44,0.323074513298081,-0.407522748160206,0.0984351153173286,-1.7250243956488
109,44,-0.79426488258831,-0.478502849861047,-0.921131667263379,0.639955360316127
110,44,-0.598179182283733,0.679253467237424,-2.12009942671802,0.69347910762848
111,44,-0.545793685590427,-0.255421688688962,1.75605858631648,0.264767930502925
112,44,2.24938369888459,-1.29165599535366,-0.103435969481175,0.941144651351391
113,44,-0.18473464456876,-1.38965697173649,1.11822763130527,1.17019334417589
114,44,-0.256918244254497,-1.464415592802,-0.488094210894331,0.314976254109011
115,44,-0.365720137368214,1.060966276028,0.308048670837515,1.57577932929156
116,44,0.747646424599672,0.768065208020816,0.304242017036979,0.916250368959327
117,44,0.0472650393724077,0.315698985823667,-1.18843467259674,1.24391098730528
118,44,-0.786179320021822,-0.903244860804633,-0.0556268507425324,0.560850675840292
119,44,-1.82202181227861,1.58384601677723,-0.23634509893991,0.0280015212607475
120,44,0.928537351815478,0.36411268138385,0.612914568913144,0.805657850336109
121,44,0.905266235244818,-0.391925744048543,-0.204044728161666,0.415514902603966
122,44,-0.231349076237474,1.67074218443635,0.168510285822041,-0.951082935174133
123,44,-0.391834399772771,-1.08428490722336,-0.163231587838158,1.00623882296296
124,44,0.0916515686022949,-0.221390928595977,0.612316369292008,0.770490324738989
125,44,-1.75722253734344,0.939165597474196,-1.5372527841256,-0.470996128706377
126,44,0.182345567530437,-0.972355739822626,1.24353483736107,2.12555393809518
127,44,-0.550844484274249,-1.94479513990136,0.159198789862897,-1.14014216213949
128,44,0.554013027778368,-0.369509324089552,0.492705712081218,-0.940384961358833
129,44,2.06662532253133,-0.229904899609375,-2.27041829643659,1.35073730188259
130,44,2.44964226213774,-0.47080714877311,-0.561931568226862,0.929069952247645
131,44,0.373497276478545,0.0342716097926447,1.15502824130575,0.183246596194093
132,44,0.895403258188009,0.959271097490292,0.120905119402872,-1.65486660912067
133,44,0.997168786990771,1.61902675713557,1.51981482957008,0.168775188284951
134,44,0.953423654669968,-0.854401446411106,0.960470523421779,0.769552673169938
135,44,-1.17039398912152,-0.315639756835557,0.484801128882933,0.84060753043142
136,44,-1.51675839940658,-0.0717717115161626,-0.618562249528805,-1.08638031540518
137,44,0.805992663242636,-0.71703560085169,-1.14060798719378,-0.0207978460056332
138,44,1.27545602745978,-0.312505150379041,-1.97772358279303,-0.245818900879159
139,44,-0.453181730762524,0.951965915190308,-1.29316376091437,0.44204476932916
140,44,-1.05038778035113,0.331856344673585,1.46303156828775,1.71308785886261
141,44,0.147409555038198,1.3642126820983,0.613260563002508,-0.266182102372539
142,44,0.805912027813307,0.746610353325608,1.04279403102917,-2.51583628081567
143,44,1.6480236946495,1.18413270643137,-0.59973101580531,-1.43995316561232
144,44,-0.579394722481251,-1.02779301237873,-0.0549955941885405,-0.869243686720348
145,44,-1.71537702110241,2.24365299473669,-1.08865466944581,-1.39433733060184
146,44,-0.456680274735005,0.999157028722514,1.86120153003282,-0.175070343868997
147,44,0.146126023619851,-2.48903716013134,-0.392191566481904,0.548003309980966
148,44,-0.276334804661697,-0.637141274367038,-0.236480473308802,1.11274373732094
149,44,-0.71643684859867,0.955740982796141,1.07821626432132,-1.66501578963722
150,44,-0.307750254676115,-0.153609996802921,0.176188170997357,-0.630760284752659
151,44,-0.810739173037213,0.809161243828614,1.5471253245772,-1.74678112005777
152,44,-0.751619195462437,0.987030653151594,-1.00454283835547,0.0923576789210352
153,44,-0.990051968149493,0.568263929726863,-1.88280451028845,-0.499039367072327
154,44,0.685455264287963,1.20920604210399,0.393611051093053,1.38911723127801
155,44,-0.320897071472001,-1.06669424948908,0.551410997490961,0.328082969653304
156,44,-1.32492514831327,0.452990549915101,1.62723977568671,1.92921419117921
157,44,-0.231324975373905,0.155084721938024,-1.97949878613388,0.988189542074158
158,44,-0.353584771354337,-0.218532930240883,-0.581445865664455,0.290235339498458
159,44,-0.247442867111386,-0.0718428456819737,-0.333255658356363,-1.59906729452858
160,44,-0.777942308226661,1.10746392641901,-0.222375186373987,0.414836701428618
161,44,-1.89099200081343,0.397704196387066,1.54036781717394,1.51432036342606
162,44,-0.265042397013765,1.49505575255071,-0.503927806157494,-0.580253912787011
163,44,0.130026681532639,1.46530049272654,-0.434739206390756,0.0567758667995168
164,44,-0.988746846009902,0.479302140961705,0.482331983848281,-0.702467393618953
165,44,0.966381239359844,-0.574098421107485,-0.915892122643945,-0.159388620482128
166,44,1.46275548941733,0.847888369082411,-2.260234049123,0.479759645093887
167,44,-0.07790221490183,-1.96818084916264,-1.33843966124102,0.00665904050484498
168,44,-0.819174154126305,-2.10569272086113,-0.509498921268075,1.04559000663615
169,44,-0.181903639894341,0.309452290792525,0.39995197404122,1.33263297890987
170,44,0.725472265792639,0.794859492027746,-0.0602325849853271,-0.538781973326073
171,44,0.843700291773233,0.431136081528173,0.20308505933921,1.24203545883087
172,44,1.36381024327281,0.342340772731975,-0.942225249114453,-0.518687317819618
173,44,0.333681662091375,0.148273469373356,0.991511380897506,0.146552381862101
174,44,-0.356434138282569,-0.459930853891255,0.34805943373878,-0.698222044788548
175,44,-1.35593380172117,-1.35830150948816,-0.270778120232954,0.516206794318874
176,44,-0.380104302283636,0.372247708418297,-0.691728400027091,-0.574530600281378
177,44,1.11772817836472,0.615243069748917,0.824759767972456,0.0803704314888265
178,44,0.155701155040722,-0.940703599254654,0.466171295174776,0.325753294898042
179,44,0.310513213633443,0.589131535642479,-0.504385481530286,-0.8620072695426
180,44,-0.408247261874904,-0.192409508587375,2.38753394484345,0.0754451459482587
181,44,-1.01279400456496,-2.05009442800009,1.71109659731368,-0.728540298125821
182,44,-1.19349236669433,-1.30000520474723,0.217228771869082,-0.873072513723157
183,44,0.0811759170929886,-1.21947711892551,-0.751551712852865,1.11787058780591
184,44,-1.45219100241329,0.0693707570041889,0.0185524014676296,0.133991351918122
185,44,2.02599083711234,1.13466301326783,-0.627311112374028,1.76844293038291
186,44,0.257408272249568,-0.308204537625156,-0.123448618541989,0.966924413018608
187,44,0.797911404130282,0.674508516860171,-0.409216670569879,0.358101124906544
188,44,-1.25920310503599,-1.14137441834879,-0.427995508690297,0.19042793589945
189,44,-0.395660080563033,0.496398275587019,-2.39261756469292,0.458248794597772
190,44,-0.70803654816307,-0.663560868367984,1.21125883064464,-0.761665645658797
191,44,1.43053277716187,-0.457220132304731,1.14553274162054,1.10788030144892
192,44,-0.508861798774577,-0.852669160046148,-0.334288770295863,0.0245022790653784
193,44,-2.12551247284836,0.598300044972817,0.0480646016968039,0.178023606837178
194,44,-0.399445227826496,-1.07075030215958,0.156122695996622,-0.452524001522636
195,44,-0.509764792676657,0.250529201031179,0.856833567785975,1.77126507243828
196,44,0.89129536689467,-0.00849290167660273,1.09640072017967,-0.646708322234128
197,44,0.484759372883596,-0.187848684400181,0.512950277640864,-0.392359633890089
198,44,1.68696235732336,1.37118642087162,1.43141149597799,-0.378631082522929
199,44,-0.489197368763277,-0.723316579404505,-2.54650378543284,-1.11437651845774
200,44,0.276627405122588,-2.23016559603545,0.488120553498334,0.731766548947195
201,44,1.9365267856209,-0.139085586437638,-0.710816105825345,-0.365556110424861
202,44,0.126512745736302,-0.574758581739384,1.7648932938854,-1.97089387504952
203,44,1.69441400272507,0.0839242304235958,-0.247890706728111,1.1144812483938
204,44,0.0971459360295669,-1.26422895163837,0.552501631545397,0.999819299113427
205,44,0.638150717710895,0.700474441768549,0.374691872951458,0.218974515712947
206,44,0.496419892949938,-0.871531778271985,2.36679119749295,-0.44130291453696
207,44,-1.44773874640941,-0.185711457302864,-0.0606669253080804,-0.0800819483455174
208,44,-1.00545280923895,-0.382321884918432,-1.35893325423197,-0.19368347104842
209,44,-1.05130261813411,-0.529046549487425,0.368930305891974,-3.19357069354062
210,44,0.799811639850468,-1.88522937051993,0.865574173374761,0.00484939300953393
211,44,0.601130394845595,-2.39457471621031,0.630063514688868,0.000656199393766301
212,44,-0.275643612487463,-0.181874923052291,-0.69796085621535,0.529929120065419
213,44,-0.908754508860292,-1.09908347703967,-0.721730959565999,-0.0808832848135685
214,44,0.161732197825141,-0.128533683905386,0.343823425919724,-1.43185761693613
215,44,-0.158209081697971,1.20520003325071,-0.351523315872555,0.158728708893341
216,44,-0.342419901059012,0.42564922893817,0.810359969891963,0.736706012465927
217,44,-0.826039547010371,-0.10819636049017,1.17353628877035,-1.4119282693129
218,44,-0.19096063256474,-0.338470478524775,-0.819900380390812,-0.642515029171157
219,44,1.27670205472277,0.540937353448534,0.130929608522865,0.552717180536175
220,44,-0.408717999752024,-0.773244788286315,0.606048942157653,0.0741367764245509
221,44,0.741217878366182,0.168012723706011,-0.765911532311869,0.538217644465303
222,44,-0.302433058261602,-1.12945383876868,-0.564374224021915,0.953713207949341
223,44,-1.55166463235552,1.65626697424742,-0.493145000192,-1.42517618731945
224,44,1.17579872126017,0.322669601584664,-1.57598500619903,-0.0633110836259319
225,44,-0.200058726776125,0.789956106906338,-1.0413239648174,-1.77068073055088
226,44,1.25285215415828,-0.0481007144630144,0.283957672948994,1.19361805037262
227,44,-0.608101548182068,0.230045422140928,1.99178156902247,0.894107645818064
228,44,0.313740024687455,-0.909068540452547,0.434704671813784,0.265579897279086
229,44,-0.714242480162375,-0.826970728263942,0.239573857787705,0.528842473155749
230,44,1.01623905269468,-0.799338009061437,0.0500379133797315,-0.00927932885581059
231,44,1.0151211749728,0.662395147377618,0.496203730007516,0.0636445459275262
232,44,0.384398862517062,1.18271195034028,-0.811647075745784,-0.0777954436793253
233,44,-1.34406825423315,-0.778543037074784,-2.34759134543235,1.55947113296353
234,44,1.14708729369669,0.867964557686736,0.867558034920077,0.25499094747226
235,44,1.40616940810537,-0.28948359300431,0.931987294808979,-1.00803995345555
236,44,-0.169243133402204,0.240608440955058,-0.999059172595685,-1.47252399657531
237,44,-0.560856806065238,0.687269046570102,0.400959607392236,-1.06119806435962
238,44,0.587949672570687,-1.9495520636362,0.47457705807518,0.513067452016431
239,44,-1.25060210218725,0.12828173124975,0.0303004913880505,-1.08524831508551
240,44,0.112608209501924,0.282817222789858,-0.913932398203014,-0.558088850529101
241,44,1.51879973135738,-0.476447559208383,-0.447803186942338,0.0150975183203617
242,44,-0.967599520806167,1.71770185885897,0.067037486081658,-0.721296363817172
243,44,0.860434317214152,0.479764005060049,-0.724923390472126,-0.308584112338822
244,44,0.037514942446475,-1.57113498085502,0.860830803826836,-0.145956028626189
245,44,0.936720898319927,0.660634263663152,-1.70509325118034,-0.762789524622364
246,44,-0.673393697515908,0.952820077799262,-1.66770005549719,0.543508309135309
247,44,0.944313450487481,1.78401014010634,-0.292289090985152,1.38843874934026
248,44,1.12024805399491,-0.943690323709136,0.511638417235194,-0.177018189678832
249,44,1.05888572496008,0.30254412073502,-0.533762540462457,-1.3817477412643
250,44,-0.868268558333885,-0.210422525192777,0.452202065207984,-0.31643889949325
251,44,-0.43013251019624,-0.27775163633584,-0.0654914724391498,-1.30531655407239
252,44,-0.498891713773673,-0.382525941014305,-1.116784146366,-0.390997517370481
253,44,-0.218687842166309,-1.24731856974629,-0.668471631949344,-0.800497243376982
254,44,-0.857941544128839,-0.478710828679778,-1.11145401083082,-0.450005315904375
255,44,-3.57750183793743,-0.891436108979665,-0.250958143959326,-0.909321918862107
256,44,0.627595485121949,0.825771885324188,-1.85484517160046,1.42336778185943
257,44,1.6668590174219,0.606510296265472,0.0500999151401975,-0.901936024582576
258,44,-0.232783840107821,0.299107828625878,-0.521348843097239,0.645153897850406
259,44,0.172505496776014,-0.66720106894559,-0.81213054588163,0.330895584573086
260,44,-0.0610162975883009,1.55598801831524,-0.16311317987051,-0.335924376680054
261,44,0.345823985073539,-0.959526250056184,-0.0976993770283979,2.99858201602509
262,44,1.0266645427534,1.43659420885506,0.490077126141714,0.679531928350755
263,44,-0.536482775144148,0.61917492070526,-1.0415907869737,-0.954864625201658
264,44,-1.65564120141608,1.964852528337,0.0445202648995775,1.57817135959404
265,44,0.936504474475173,-0.306841541585516,-0.920672247391819,-1.093260265909
266,44,-0.632150963911533,-0.10189954327584,0.323188141141296,0.539754380436947
267,44,1.46048012241245,0.236745876045999,-0.830909249152421,-1.09813819920469
268,44,0.289875996800657,-0.690639585487494,-0.254168884749326,0.13988586893123
269,44,-1.00177257405344,0.253767211869489,0.72951017743127,-0.909314797174713
270,44,0.375757622063387,-0.872135598566526,0.0969148598488007,1.71745007436586
271,44,-1.32759600600021,-0.26919426407564,-1.82094184334544,0.0306407836103683
272,44,-0.83552706026624,-1.05782418456454,-1.2311858405191,0.232206180299218
273,44,0.104545881244935,-0.0541390815422814,0.889304675949556,0.233592902661618
274,44,-0.22135769136616,-1.07071238922724,-2.01254666524896,0.36156329620394
275,44,-0.599758777295413,0.836282522616838,-0.00251497385818648,-2.1327305663779
276,44,-0.146568564099982,1.7816779450315,0.121583154733287,-0.498129706597131
277,44,0.655125927248547,-1.08978450183413,-0.645149120511263,0.0450469254760723
278,44,-1.87950094672246,0.428359852815527,1.33063787483209,-1.12678716270535
279,44,-0.585597985347765,0.751532777108642,0.798865585582544,-0.229690896627807
280,44,0.377159468491849,-0.920131063824398,-0.0291011027306234,1.12350673104602
281,44,2.12279002899914,-0.888869057510607,-0.941268787611033,0.347198304808498
282,44,0.805592372233657,0.822232943956615,-0.525642460584104,-0.0985739390917621
283,44,0.586599335727597,0.520431770189164,0.941914669122654,1.3956723291607
284,44,0.974178260082187,0.102122039868718,-1.23332919613532,0.910476963697694
285,44,0.0708403699713538,-0.564699207896258,-1.6271850505224,-1.31629714025844
286,44,0.453692580726965,1.09549590320075,-0.598658908280153,1.06458820060948
287,44,0.794099876691579,0.640328964139929,1.55038080860556,-0.351576994440624
288,44,0.398730228262595,0.966646451117729,0.176321214273025,-0.912057872930208
289,44,0.468221586876888,-0.378093816984917,0.0657564091059289,-0.341993139873815
290,44,-0.98671957678565,-0.550597502215428,-1.00146815094072,-1.14355719890701
291,44,1.11754806494867,0.190881162649554,-1.36854697888572,-0.462698214273521
292,44,0.479615348742973,-0.667706935782526,-0.435300833189673,-0.266948803020118
293,44,1.68793095807694,-0.0562945979988107,-0.239049196144606,0.36243390696132
294,44,0.0197742510040509,0.575788019378695,-0.250309395215401,-1.47896934919749
295,44,1.12415934899402,-0.0355591618057546,-0.316028563865937,-1.10557108345186
296,44,-0.369430569927137,-0.698324424281779,1.72980234517322,0.67925016695652
297,44,-0.914574353329447,0.57847608889942,-0.115671020154823,1.29067905603171
298,44,0.163313308555044,-0.090158046625802,1.84506952378137,-0.764850196043903
299,44,-1.37728881019562,-1.24633310890618,-0.642575255977403,1.07996882127951
300,44,0.436618907359445,-0.0275533157065302,-0.537623796035723,0.585325494844411
301,44,0.0380163735089223,-1.13799795584793,-0.00842099335905252,-0.845091657829688
302,44,2.21471161902629,-1.2221079120725,1.4135445037858,0.0809871862081327
303,44,0.852974818552407,-0.053842091151993,1.98109349656155,1.092601946438
304,44,-0.609941667412663,2.21791473458508,1.2373204466961,-0.590331381536832
305,44,0.327797059568627,0.247521560114567,0.754307363059453,-0.155177322062949
306,44,1.59666553792289,0.836028609356051,-1.89294429538655,-0.880794942966626
307,44,1.83523364438298,-0.411714085588068,0.508362802611335,-1.24750966332153
308,44,-1.14297199856017,0.129142574930682,-0.598615470315788,1.08587606661924
309,44,-1.15204096454343,-0.23679873802147,0.623842399933063,-0.00951123998959248
310,44,0.452314317484555,0.195899520493024,-0.471322047558284,1.25278230080276
311,44,0.00908675693220331,0.171580476049363,-0.307310169322459,-1.02071066860027
312,44,-0.411919702037291,1.31017716387368,-0.246910938665655,0.920371189503399
313,44,-1.33032587815546,1.57894471870268,1.13810676449668,1.6005631155211
314,44,-0.682285686764266,-0.609385905222467,-0.0920957695230719,-0.682635568070009
315,44,1.05390295595655,-0.328351633826369,-0.989589728878573,1.31135575372091
316,44,0.525299565334868,0.206980305963948,0.177013391691636,0.302864314182285
317,44,-0.868546652896384,-0.284811155865868,-0.686563543221224,-0.626013507941579
318,44,-1.26834242668161,-0.859713487945281,-1.37685374888651,1.13443524918951
319,44,-0.0852799227405458,-0.870977853611603,1.5888064631367,0.710143689099407
320,44,1.01936922074851,0.835802369487143,0.963290252151411,-0.400532775248651
321,44,-1.20259915112762,-0.0272947262170893,1.98148726081868,-0.354912158983236
322,44,-0.0197057523441087,0.506253611608212,0.0104940786219932,-0.702914475492774
323,44,0.665614137232618,0.802647770901526,0.750248213446663,-1.22235573447842
324,44,-0.140439589699047,0.401337464248816,0.0657282893171175,0.64679736037864
325,44,1.24700292148599,-0.647095360353002,-1.28809067968185,-0.793025018723502
326,44,-1.36092875109213,0.146898199850331,0.764975181319474,1.47040245086765
327,44,1.41073258603972,-0.370201288810782,0.57239121101992,-1.17603381819174
328,44,0.316758347549367,-0.0361973962302063,-1.37689998881537,0.353207228540379
329,44,0.908664568307188,0.0730675184803481,-0.387830297485304,-0.337693326043911
330,44,-0.0230306854668493,-0.448571104818682,-0.139039960516815,-0.0165714700013348
331,44,-0.159661485135228,-0.437326194217455,-1.68329556976118,0.967267512548282
332,44,0.58666941274346,0.556713459817112,0.284306567366831,-0.014469689175604
333,44,1.49842257822447,0.139297868189717,-0.502467128067387,0.275951812522295
334,44,0.314573441838198,-1.66583240869471,0.54806616388781,-0.207161415440131
335,44,0.0739045713801351,-0.591379544956462,-1.25442547149749,-2.01678375101891
336,44,1.86610189155913,0.666333716761531,0.270787283696057,-1.74411347896949
337,44,0.700178402151346,-1.6120939485545,-1.12980432337179,-1.32345784861789
338,44,-1.23595444614368,0.00740737593869734,-1.39344426692831,1.00389174466189
339,44,0.755638673805859,0.409060547721188,-1.30050428759165,-0.589964518362744
340,44,-1.24382885880316,-0.264560313417341,-0.590782418807572,1.84171756974959
341,44,-0.233468078284909,1.2644469429203,-0.0614889855347831,0.541585151857148
342,44,0.068603659271574,-0.432969280902969,0.435551356120964,0.434096454597431
343,44,-1.5640735727856,-2.90492397658327,1.58431225132062,0.650893697073282
344,44,0.686736018492325,0.570478079878235,-0.739686689815511,-0.205649549714087
345,44,1.38599797509738,1.37603253538806,0.514513775206138,0.36875713569819
346,44,-0.894990300083296,-2.07725429207721,-0.889074511215307,-0.0546917332512776
347,44,-0.945653937844312,0.715797525724034,0.839566456496418,-0.0126486132715312
348,44,-0.812362592211267,-0.583709829996829,0.123180712379546,-1.5443438999986
349,44,-0.914804948152043,-2.2247123538323,0.142745640377268,0.741046621546803
350,44,-1.09504722137388,0.832745770814721,1.16231022711208,-0.143292227111715
351,44,1.07112301335891,-0.294303843811291,1.05003844732504,0.0422668732841868
352,44,0.205283015442327,0.426608481058914,-0.106192230234832,-0.410694098220207
353,44,0.607234827657046,-1.79414453199477,-0.313101678537419,1.25135718817759
354,44,1.06274751805023,0.711090502173438,0.580945133705492,0.85123101672841
355,44,0.889188204075881,3.6342391766499,0.794662459620803,0.164066015728873
356,44,-0.459172296262037,1.7325667089141,1.02086063281537,-0.365509900928105
357,44,0.338269961348597,0.700848018499781,-1.13736407867511,1.05727969357462
358,44,0.407726725650892,-0.29078882653652,0.888049837958273,-2.43012118676037
359,44,0.600874899128593,-0.674167421227878,0.843691369182143,0.39865315433633
360,44,-0.245620751198924,-0.764826668880481,-0.429941140727545,-1.6925638887805
361,44,1.00772678406041,-1.16173703790435,-0.484609934961931,0.688169375649938
362,44,-1.27723215073384,-0.942465429429572,-0.963994292745732,-1.98269195730585
363,44,-0.552204977118586,-0.927262577784118,1.16737795422934,-0.237232292720923
364,44,0.997920540221711,1.32525924802934,0.693123121971793,-0.438744212776203
365,44,0.0253284180847003,-1.07968322190558,-0.0371415393234633,0.24503784390388
366,44,0.0725726779071671,0.0635776781716278,-0.430737161405736,1.87063483642338
367,44,-0.0670981033380303,0.795266710745799,0.367461143706822,-0.8642917524303
368,44,-0.466591249848895,-1.13822905873705,0.843011852348987,-0.487770051558922
369,44,-0.135183464826605,-0.671470410972496,-0.550317131667393,2.36900869238189
370,44,0.457448710613484,-1.00420989737964,0.966563028271918,-1.85577431903377
371,44,0.255180096085497,0.543985870808029,0.195326598406681,0.0430276878876896
372,44,1.96541633018799,0.693100036241315,1.87222441440095,0.464960349787897
373,44,1.73413426901711,-0.296255873501746,-0.804481779380562,-2.21099352876272
374,44,0.817836591850105,1.5163920192226,-0.299111044134053,0.146152224527197
375,44,0.943427489693605,-0.708044471204159,-0.529283965796198,1.26926321487423
376,44,-0.507187576265902,-0.111420921554946,-0.738164386580548,0.485350055001549
377,44,-0.842739562701925,-0.967765875040961,-1.40855184780498,-1.09252225683623
378,44,0.555536302408797,-2.05899130342497,-0.984966700450009,-0.80459446306666
379,44,-0.602861326285095,0.154422804290423,-0.816389974271541,2.2757805837093
380,44,-0.70655305053726,0.151260570185694,-0.42603520372167,0.757047593916637
381,44,-0.103614852796843,0.981086450484167,-1.3505334724566,-2.33088853656358
382,44,-0.270795317539044,-1.29297482037456,-1.36911861246302,-0.551826042900645
383,44,-1.43483267549818,-1.72570444250011,2.40228406935661,1.72223849878813
384,44,-0.619904918642492,-1.1471708112323,0.801241648778861,-0.527942841624326
385,44,1.34760159413548,-0.772093018937426,-0.0619772739320643,0.422965035445577
386,44,0.787984748978672,1.62567142585304,-0.987016422634493,-1.30095991272475
387,44,-0.596717242885021,0.166666820363133,0.752138787812363,0.361218586107475
388,44,-0.0405712965395733,-0.124697766087801,-0.920526939092287,-0.597518114235107
389,44,-0.939641094707934,-0.54347019752386,-0.828434852281921,-1.34157179521946
390,44,-0.0805734010665331,0.0700901722498272,0.409390817068952,-2.02122683930458
391,44,0.517479596686537,0.42934850391648,0.226755563455355,2.1578842934107
392,44,-1.13840641812185,2.12595789007506,0.816721882432968,0.138739137122615
393,44,-0.40884806148765,0.683676023128644,-0.53169414636753,-0.449016922444418
394,44,-0.0695799908595822,1.11517418860567,-1.82702216805876,0.16381244653133
395,44,-1.51024425988352,0.0995649798173021,2.44501166413574,1.06512620926685
396,44,-0.953370295702173,2.12115528602717,-1.50428445312384,-0.482837244145847
397,44,0.633262467232027,-0.748460484651655,0.250049671994306,-0.00219749376782381
398,44,-0.86660610173931,-0.22681347093164,1.14452493963183,0.364251407914476
399,44,-0.771118169394288,-0.0968533839905763,-0.228483949023514,0.0202795001980414
400,44,-1.07929377336732,-1.08601473524517,-0.394270455636178,-0.880185058352325
401,44,0.879065657824827,-0.265942758653718,-1.24629010960987,-0.302495195028773
402,44,0.781282199207937,1.22398373229062,-0.390330388562638,-0.200663929717427
403,44,-0.763122532836312,1.08243604472646,0.215773172665267,0.321242284519341
404,44,-1.19483515648266,-0.179928656154902,0.428256804750344,1.1794590703754
405,44,1.1022837584985,1.42486046433472,-0.318096501622499,0.569229979810808
406,44,-1.45527534821438,0.405784703087462,0.571043212541733,-0.164296344542949
407,44,1.06779825409731,0.292401340044547,-1.12444984535161,-0.165828611263144
408,44,-1.04202117365621,-0.126380914882448,1.97775869771337,-1.26357353885744
409,44,0.232137024692891,-0.516639231212887,0.48729537189572,-0.791649368174822
410,44,-0.91858320422841,-0.596596131698922,0.356110647060539,0.137634141327483
411,44,-0.469668840422709,-0.190239660512257,3.42398671068318,1.97475380738791
412,44,-1.8071530894388,2.67668293361708,-0.126968575755909,0.0672317618532706
413,44,-0.945885134365055,-0.822438012315834,-0.914291384837289,0.128450487528095
414,44,0.282004353960526,0.484120111957556,-0.0951840263315014,0.727161517058038
415,44,0.87067466726891,-0.366381447226749,0.506858867698569,-0.368650156592307
416,44,1.26745418470925,-1.94990159636093,1.44125286338799,0.385552526629676
417,44,-0.326546223894835,-0.37316132748739,0.344983952732744,0.130751834756026
418,44,0.291673146266505,-0.81653070617051,0.751332409152048,-0.657203408856711
419,44,-1.15010730585936,-1.04698071647591,-2.20327207650415,-0.0329509465008604
420,44,-0.309534068496399,-1.55278293864089,0.737889993188609,0.756056563164851
421,44,-0.201010030331602,1.1658447493252,0.286623694137653,-0.304585984086879
422,44,0.737535595136129,0.646462107015189,-0.819215187907364,0.869454816014275
423,44,-0.965313886481942,-0.484627107646253,-0.978994299010519,-0.125118600617397
424,44,-2.8796543460112,0.107173538874866,0.3238452090089,0.272854267260283
425,44,0.709804354357639,-0.992051153665939,-1.18076134899829,-0.235884147501397
426,44,1.74964634877495,-0.421187181672467,0.652083951702482,0.326378681018476
427,44,2.22296922710317,0.991250942128918,-0.618125299504266,1.4136212631994
428,44,-0.442744546735378,0.947085858512277,0.735162306254153,0.0836427186416245
429,44,-1.31255429282295,1.70795364418133,0.672239149481763,-0.391832398377811
430,44,0.862862134329323,0.771670661711684,-0.0208102712481344,-1.64223997802575
431,44,-0.565994954312516,-0.673294149087246,0.626523477560169,1.59986829265368
432,44,-0.179455970938568,0.24992905687993,0.636516630992475,0.276761053806001
433,44,-0.23333940949481,-1.31776836121937,-2.61442622752393,0.286687254517123
434,44,-1.71879411570518,1.12128774568678,0.00592908776213702,-1.18901127033127
435,44,-0.394224376869748,0.0031324944317033,0.0154540593346969,-1.21982635284951
436,44,0.360600581453806,-1.20129346226369,0.573923514896184,-2.32651872536544
437,44,-2.06444384530862,-0.20069594805211,0.772224101526471,-0.441582638249158
438,44,2.38476580722347,-0.762859885389082,0.366896842999676,0.0848409786719177
439,44,-0.0351023821913626,-1.44868581867638,-0.142891326620979,0.336270442545098
440,44,-0.369801863507365,-0.106666132453154,0.27162008348308,0.484119999619235
441,44,0.581669137897662,-0.0695012337161602,0.373348341484469,2.04230676907997
442,44,-0.106456741358692,1.25906355229458,1.17368096281313,-0.55292984530915
443,44,1.16441650488773,0.0237290799152024,0.126278722221614,1.50502498283224
444,44,-0.339125290632103,0.0650286538110635,1.46514350206688,0.859319953874509
445,44,0.107115762591756,-1.66795151887764,-0.548832417103058,0.359756462826043
446,44,2.10465254822615,-0.0234116562809112,0.602099998718233,-1.0574828033318
447,44,-0.141702481042434,0.917953448257853,-1.71840440569603,-2.07041571956776
448,44,0.669801275666942,-1.35557214733597,-0.176676807862874,-0.596166840626997
449,44,-0.438812235414282,0.424429307235601,0.264223621953863,-0.207160794506102
450,44,1.47160075503301,-0.0388779550300646,-0.950215961992908,-0.822462330427725
451,44,-1.86874749139125,-1.11944974594984,-0.443900411909534,-1.08772772345654
452,44,1.1507363259862,0.854032217531766,-0.92225086042905,1.18139719085486
453,44,0.159946520466283,1.15836530127206,-0.0802258030410567,-0.422813367372107
454,44,-0.0892078710757284,1.13470000694298,-0.465614850532803,-0.773024464163482
455,44,0.810711883093742,-0.548300727084586,0.171278843747856,-0.295666949846964
456,44,0.115476198579828,-1.55378718988575,-0.946273497780861,0.943548682682541
457,44,-0.57084421135305,0.509877805906321,-0.256767553356048,2.30207267024437
458,44,1.99666512904144,0.614833917134096,-0.0497111605704262,-0.969004641945804
459,44,-0.368072052692189,0.341925316088575,-1.27055732377121,1.83629118071002
460,44,-2.03194672606747,1.21670371452057,1.69237755081428,2.76221631668593
461,44,-0.0898203792949766,0.680286020020751,-1.65675549257801,0.740798111711889
462,44,-0.469836047591593,0.564195303211323,0.109407999815438,0.335811595304934
463,44,-0.475182939984587,-0.301146095287241,-2.04726414593701,-0.533602275833346
464,44,0.958107291605641,-0.215931888329668,-2.81934893116729,1.66022220845994
465,44,0.154416030147796,0.740708491372085,1.14491332502191,0.342409831060848
466,44,0.274311494653383,-1.62508645614668,-0.252896227034618,-0.913338480163172
467,44,-0.0800309336797908,0.137752826723253,-1.05317486378644,2.39069469723713
468,44,1.22718710811638,0.933991664437004,-0.317656478917572,0.73735469390996
469,44,0.125400990539582,1.52156317030659,-1.63631479823218,1.1064277883147
470,44,1.38040683837364,0.0259108693976806,-0.390013477852073,-1.59557715601963
471,44,-0.672256715158984,0.622926466201231,-0.305794234059164,-0.698992271612559
472,44,-0.968209679876487,0.262880227973842,0.558218793916053,1.16102329247402
473,44,0.26190919842258,-2.3281885261456,0.053879698358338,-1.25024470330442
474,44,1.17979516996396,-0.302723255414664,-1.85555516674381,-0.343396603578335
475,44,0.233912618920927,1.1284297099232,-1.03994967352832,0.200611395123713
476,44,0.131694585424871,-1.20515454888404,-0.539131970299037,-1.23652848592777
477,44,-0.669974576974903,-1.3988487430145,-0.294591246095783,-1.04779918151534
478,44,-0.399720840596927,1.59952762877678,0.0562522293961355,-1.70183135290369
479,44,1.01049138922396,-1.37268167601034,0.948640777693558,-0.732239798038969
480,44,0.760047440517112,0.409321265124336,-1.97746826575068,0.186667469079243
481,44,-1.33517580784382,0.44332747739683,1.39632497410992,1.04086033598317
482,44,0.17212713984222,0.649529453470545,0.67317357160635,0.867281392657902
483,44,1.54486662602458,0.717090479210911,-0.349348553558217,-0.216761861198251
484,44,0.940906191560567,-0.696226220836318,1.07573092527343,1.0605399232756
485,44,0.510805181880691,-0.138478272243661,0.978716105473439,-0.89539756950904
486,44,-0.551340505780128,1.36377610741414,-0.560058644997528,-0.789535979097213
487,44,-0.570648743933992,0.41980090529062,-1.97824847722295,1.20483597228014
488,44,0.0225607304001347,1.36668564729639,-0.456298410661019,0.0410220338288886
489,44,2.05714041825294,-0.0462829553036828,-0.28538882611107,1.73028194541408
490,44,-0.172106525918954,-0.47603741166447,-0.0398034278128516,0.413968521368777
491,44,0.914982398326875,-2.75623846627943,-0.811276385988377,0.697724644539278
492,44,0.715972593702283,-0.850773401225337,-1.31028441438683,0.728048121317626
493,44,0.128429309893426,-0.0189263576872173,0.554647777220689,-2.95044354490794
494,44,0.317530188932029,0.722760561904528,-1.36223417865664,-0.696781560899251
495,44,-1.81515352933213,0.971266979574789,0.938239008197115,-0.854673729135965
496,44,-0.459993162296802,-0.534494457750521,1.28818114674973,0.130446506484271
497,44,-1.55918305928041,1.27774157065747,-0.37332244447431,0.69025005118791
498,44,0.194743864994087,1.13274101749135,0.849327978714241,0.468296849010643
499,44,2.55573449069605,0.41411895174161,-0.0275445180529658,0.547616608429483
500,44,-0.823353704647494,-1.23168218978143,-0.554700287862417,0.848233171081119
1,45,-0.643465180956376,0.908972126722931,-1.85042868817863,0.254805021582596
2,45,0.711476058371776,-1.56621996101318,0.764944079200153,-0.0417867166490922
3,45,0.657232726877647,0.22830571381233,-0.524299000092561,-1.32127615337896
4,45,1.07811250301342,-0.222238468412845,0.163388288909903,-1.13334184329232
5,45,2.17431925709064,-0.185835257811065,-0.923908851032868,1.3592071459469
6,45,0.730366443950258,-0.675746240330698,-1.01713953316613,0.662872947722173
7,45,-0.421814635508347,0.400958166144709,-0.9751860207608,-1.77289500797928
8,45,0.331758516270283,-1.68218653765217,1.97574229763194,-1.5824264015498
9,45,0.891528103102962,1.75327082863949,-0.308840404499346,-1.33661853788024
10,45,1.29608273668278,-1.78771119077536,-0.031232963789117,0.0820359186358895
11,45,-1.29100733288479,-0.0298934944833843,0.0421514868513139,1.00159312904523
12,45,0.701060254481095,1.57646720309128,-0.584140879981104,-0.626828446045974
13,45,0.365531354436683,0.330965485702906,1.07251415287689,-1.33591576867932
14,45,0.387794667672661,-0.87483776688612,0.637673692553489,1.07794794213812
15,45,-0.610609671265275,-0.776815930968266,0.100874468490092,0.841799981452831
16,45,0.987799307203276,-0.96900603119637,0.467929226550625,-0.446393585783583
17,45,0.833825699531033,2.11893294601681,1.04307812210379,0.065795504580624
18,45,0.0331875605008701,-0.451601779162932,0.309856456020515,0.571092903625721
19,45,-0.154711022036536,2.22721906441323,-0.834539537292616,1.27787338107711
20,45,-1.36796106019196,-0.352772575878015,-0.598171412873913,-1.38995352481435
21,45,0.338218938803965,-0.225310500614056,-0.144838563296809,-0.0541121420298499
22,45,1.4032615066963,-0.802604897172491,0.390273319430237,0.861808621863289
23,45,-1.64890866674949,1.20201621549122,1.27086144448512,1.02211820705752
24,45,-1.76697112857699,-0.046792593342793,-0.552825133724288,-1.65839663697691
25,45,-0.420578343989106,0.126611335184775,1.26639166199753,-0.884388520248781
26,45,0.483588594831792,2.29748341791336,1.1189412831457,0.856254063593975
27,45,-2.12863994163664,0.997037233463772,-0.27948410826447,1.19566978275387
28,45,1.47531919637971,-0.423453913512564,0.542653066990084,0.927683006455852
29,45,-0.450473770916039,1.42177754934426,-0.0984540379188532,0.0318386692082325
30,45,-0.359238672122517,0.576505088697535,1.42577333183055,0.297417671906967
31,45,-0.105652519100513,0.150723214935173,1.20491257224965,0.0639563429851269
32,45,1.14519134768692,0.152050605576177,0.98181108567597,0.190060334993196
33,45,0.622626556858508,-0.18219527189277,-1.12637894831746,-1.14218943163753
34,45,1.38116554425775,1.39438238018728,-0.188688174903606,1.94585887120253
35,45,-1.96591838483277,1.11857551129195,0.48729325368123,-0.710295085223946
36,45,-1.26901735744734,1.73883808584666,-1.29854608093951,-0.594436168188233
37,45,-0.289723115491568,-0.320468099346507,1.4055248445387,-0.304868478813231
38,45,0.507519324222727,0.330126926254002,0.507331216584143,-1.77555859310087
39,45,-0.923329923635873,0.575793767331672,1.60707191758212,-0.0977170036021641
40,45,0.107775041308895,1.05844795191893,-1.05948676617861,1.26439596837464
41,45,-1.27263737272304,-0.0254832214844801,-0.0561685848281253,-0.89863862805586
42,45,0.514093896635745,0.793161540290111,-1.07880680623999,-0.19370297151526
43,45,1.00620829588599,0.953458901970835,-0.0931463014574745,-1.33338176563871
44,45,-0.479512037510891,0.480986526156801,0.808621575431789,-0.498965037782509
45,45,-1.13429076008138,-1.10992775100495,1.22118999493259,-0.432614410152053
46,45,-0.695272813938289,-0.212353736926624,-1.43968929496129,-0.40891652744505
47,45,0.910048758364665,0.586661713315857,0.356579035865309,-2.26697740247998
48,45,-0.0326449812944496,0.0469392587207156,-0.964187577989524,0.104477857395269
49,45,0.998012914779146,1.3497071113666,0.129119633686315,0.627758637781142
50,45,1.02419684344098,-2.13031236750763,-0.21704433235316,0.126952425367009
51,45,-0.941360913449386,0.000881497028419659,0.896520895882203,0.0690276196881639
52,45,-2.49515046136858,0.760055351642939,-0.984783863873241,1.13800948625123
53,45,-1.45247314278821,1.49585826837046,1.36025758389742,0.0309554706010838
54,45,-1.31221549746142,1.5379672872699,-1.32062280807682,-0.97292608106699
55,45,1.15194793939556,0.53792705575501,-1.15350558050728,-3.09311384474482
56,45,-0.682247306806918,1.33019463644199,-0.348596981392001,1.31291292554209
57,45,-0.259976630555058,-1.59022386311086,0.011684478097162,-0.615847628562069
58,45,0.158291366442647,1.14169850958112,-0.627266703806742,-0.305543640782823
59,45,-0.625130013356479,0.27565167058918,-0.975471705405082,-0.632203491225088
60,45,1.40872597930077,-0.306440226746287,-1.18157821412106,0.602847565421884
61,45,1.18097381472143,0.404106494231084,-1.42889623811972,-0.494254241812481
62,45,-1.08415773315218,-1.0816393489686,0.139000889411059,0.356775745839176
63,45,1.27624411776146,-0.161218648700996,0.314904947575488,0.241812181275737
64,45,0.52332717361693,0.413241599124033,-0.922959417918197,0.134661174160186
65,45,1.36188022596355,0.756332079683635,0.984059351986118,-1.27018510636837
66,45,0.104607859166681,-0.831810239170472,1.00985882368415,-1.47130418464222
67,45,0.99944976387069,-0.491405698111298,1.91020109226724,2.14039178333422
68,45,-0.38325461372513,0.898875234538081,1.25752694238608,-1.01759103728095
69,45,-0.627108966892942,0.0637566560248095,1.93541129836412,-0.692366522973733
70,45,1.74685341058205,1.69970052815732,-0.325170201304952,-0.574039868193671
71,45,0.592749738003803,1.5639278780298,-0.508473400624892,0.144250581528094
72,45,-1.25455987216389,-1.17505758747607,0.364669681362291,-0.596684921823921
73,45,-0.0197638843264774,-1.56456313319575,-0.79233025995522,1.02416226436138
74,45,-0.373031024265769,0.348643638611126,1.71378302054093,0.489466601892955
75,45,2.16751722758296,0.494332035700507,1.09025029150154,-0.401978006841156
76,45,0.516195582978459,1.4960123717141,1.8217732145803,1.09746130227061
77,45,-0.364826889650261,-0.0214323196750888,-1.11704497172657,1.19445462410445
78,45,-0.888084902401521,-0.825405976190791,-0.337876503654629,-1.26350789524931
79,45,-0.590845454009899,-0.402232659422908,-0.996136119585315,0.897787247853626
80,45,0.780565546014911,-1.09007420799924,1.72529422798258,1.45234601310293
81,45,-1.26612051645002,-0.951227593368328,0.300429621946921,0.448587653940877
82,45,-1.300409526198,-1.62245776290622,-1.54794930828577,-1.5216534660333
83,45,-0.44494159565795,-0.577113737462672,0.262691517672361,0.721366057077279
84,45,-1.44836776545659,-0.965028517809376,-1.83074263441327,0.0616513846887993
85,45,1.84484834215073,0.587062619254182,0.108355003459457,-0.731166798687181
86,45,1.8712500543711,-1.98862226384316,-1.80325449068085,0.985504135978432
87,45,0.400605175269666,0.47878171143788,-0.5211232138358,-0.525852242358656
88,45,-0.253864160246913,1.30598841000323,-0.644525499474587,1.19344317412278
89,45,1.19227137796214,2.15075744349054,0.816528203176453,1.34708495185091
90,45,-0.303816458869446,-0.967186829384063,-0.530854748819319,-0.126093703824174
91,45,-1.17346944678281,-0.563819248254402,0.834296038398797,1.94562255393809
92,45,-0.308791825669053,-0.215453198185302,-0.21226527594916,-0.667168377880793
93,45,1.08728026595136,-0.0346498589974535,-0.961996569994462,1.29062363064566
94,45,-0.660597964903598,-0.397958001891346,-0.130592745223098,0.455344519061895
95,45,-0.355936690925752,-0.177753336156662,0.37707165889832,0.107402548778103
96,45,-0.785623890349163,-1.1522816872748,0.115345017636237,-0.384340813555031
97,45,-0.552753298704056,-0.482448026085291,-1.57560035850128,0.924701159941263
98,45,-1.02875959416788,-2.47019833936718,-0.809995350513852,0.426510056355496
99,45,1.50386814231627,-0.540727490249288,-0.15933061506973,0.601563580903211
100,45,1.4732454837245,-1.30109472455514,-0.216385075697472,0.491020997461752
101,45,0.0562880352579026,0.673412869369588,1.66975456454196,1.86543154445074
102,45,1.52567295842068,-0.990839045494261,-0.996611943867196,0.746484962786553
103,45,-0.576952261858655,-1.14139374411031,1.16025909997467,0.670243199523488
104,45,0.126484109845115,0.672334467638478,-2.06493336648442,-0.491393298637808
105,45,-0.973008717006999,-0.357077676282633,-0.268937898428736,0.743839727486914
106,45,1.30937060602418,1.43070819625747,0.670291882434272,-1.38540050653068
107,45,-0.391779598717881,1.16371023619835,1.00456771335318,-0.235943474714242
108,45,0.0983927547072487,0.174477271085576,0.257830416707076,0.135006325776388
109,45,-1.95610819858944,-1.08639898645739,-0.112939816007803,-0.361462858824121
110,45,-1.17627760134369,1.46468904009783,-1.68445250462196,-0.703402339022117
111,45,-1.43061843166873,0.0812741127858001,-1.11613885951907,0.0812231335515078
112,45,0.276972832771202,1.92892229459357,-1.17437655735416,-2.17541509688982
113,45,0.694837680175027,-0.761753400280268,-1.0690820704328,-0.577736516211903
114,45,0.460128003406015,-2.41213959047668,0.338243706565057,-0.411676345298538
115,45,1.40459456070173,0.104131727686365,-0.150672119165621,-0.218739037518425
116,45,-1.6552890283185,-0.874510700865824,0.634215896075627,0.630178115005046
117,45,1.47352336290619,0.39915983908277,0.774092495788866,-0.000964446101777199
118,45,-0.27403905714826,-0.169365494832523,2.11887264891083,1.59386963032354
119,45,-1.02955919347762,-0.626041600862104,0.666046377203505,0.909367466625897
120,45,-1.54324084622919,-0.884795086935014,1.79659263066198,-0.138236846724882
121,45,-1.02652783659041,0.0116525593976517,0.558562527957131,0.242036937544428
122,45,1.2564798344549,0.953827028556569,1.78279032726721,-1.26733044587501
123,45,1.17688474156295,-0.129079281718037,-0.722773322755114,1.33483884962877
124,45,0.0348789363144633,1.66923246125018,-1.24244068738496,0.141903266073316
125,45,-0.371614219175443,1.19176903812652,0.2665043850232,-1.12799419401779
126,45,0.147971824374265,1.02876901964888,0.604863598869012,-0.130432812145097
127,45,0.0146720765395601,-2.73012310626825,0.992969661368569,0.355224532223439
128,45,1.99684241917588,0.131362645308283,-2.40444042712239,1.6412699059356
129,45,0.523150357317645,-0.427202904114107,0.399625919100293,-1.11363465308682
130,45,-2.16933202400219,-0.368661659518794,1.60596313370455,0.73948015203813
131,45,-0.0359674207653698,0.687956150642917,-0.48421638854589,-0.840000330506091
132,45,-1.4356782730317,2.97902757617498,1.64420580519698,0.0982921374921733
133,45,-0.234685196438415,0.865242999407888,-0.124207135244186,3.29599757051584
134,45,1.06018759635793,-0.282007106681392,0.633430686623125,0.0422264390101529
135,45,0.961476615523685,-0.697320617839157,-1.25437322524881,-0.597717529573687
136,45,0.430110677735319,-1.38632665659697,-1.86450846800214,-0.618499057689851
137,45,-0.2881433241813,-0.495467656501482,-0.550605195057187,0.353182588086551
138,45,-1.2188930472771,0.236856018048681,0.483132768074686,1.12495529257436
139,45,-0.152556323404116,2.06235215572063,0.280895247177739,-0.0440726049390776
140,45,0.835143543817216,0.862896949154806,0.377386499122209,0.490157501312873
141,45,-0.534054010902406,-0.0080127569306244,0.712801267929291,-0.894738877808893
142,45,-1.10847960840359,0.941022905323781,-1.01514087226011,0.0701555012395232
143,45,-0.81360576866208,0.129248514289777,1.05710754640681,-1.80024217130658
144,45,-0.194029211994008,-0.626215681641476,0.693303433010474,0.48665190116851
145,45,0.0302824545584761,0.0023088289240867,0.429478396786509,0.33715998496465
146,45,-1.22648374308473,0.634284545365659,0.886392298152161,-1.28012007539783
147,45,0.260350461679779,-0.456223855284474,0.202707486352911,-0.406314437825143
148,45,-1.31615790457707,-0.776279767662426,1.74666963628798,-0.677628143159999
149,45,-0.690916937770479,0.167038260184736,-0.112706421420313,-0.30665141744616
150,45,-1.06617279597062,1.23969509512933,0.898028016130591,-0.118546648470083
151,45,0.987693328778663,-0.367403709283489,-1.01759115104328,-0.287965259876988
152,45,-1.8567485287155,0.140314625891204,0.735855656823476,-0.939016694073199
153,45,1.18074863104663,0.596007260691344,0.89551257024005,-0.43899029488721
154,45,1.12608281451668,-0.862907093366791,-0.220606352209718,1.33120881128558
155,45,-0.421219250247269,-0.115415051486643,1.17574733943251,0.227199941980452
156,45,0.299952610754967,-0.00232237387768014,0.150406951413822,-0.349191882090876
157,45,0.870480651676776,-0.0043430895086848,-0.844375540965002,-0.555668426680879
158,45,-0.0759982729852588,0.532486302729048,0.5808286167117,-0.349311762578031
159,45,0.6546661782101,1.89598680521068,-0.117109667360308,0.0651750415807142
160,45,1.07967226932238,1.7068137241528,-0.120079740435054,-1.48493298090504
161,45,0.980462562625808,-0.727073063560033,0.099703209230971,-0.680574377984033
162,45,0.607265065228806,0.561549460845643,-1.16273385979883,0.418728870819158
163,45,2.69125547971921,-0.998269784190447,-1.89029209148515,-0.350769564210004
164,45,-0.685376321293708,-0.131434480875744,-1.93842138065984,-0.00390902023707953
165,45,0.506676574465977,-0.221452084168659,-0.0510289634179461,0.921222140424844
166,45,-1.63455894693678,0.75895396902019,0.441802477261393,-0.77891486274078
167,45,2.14862852896014,-0.505506041896929,1.17578541889994,-0.427699434607301
168,45,1.73226957250218,0.284902077100261,1.32044430552652,-0.690215077359143
169,45,0.618911702412811,-0.0680115365165443,-1.32441843564809,0.408426003028178
170,45,-1.37238989570402,1.66843030416354,-0.727737614432596,0.428314575812957
171,45,0.831304438299562,-0.544291228594046,0.753102539550302,-0.850338989092392
172,45,-1.14918269571098,1.95830509260974,0.779849297310255,-0.387885785944524
173,45,-0.552603095884002,1.56512890555695,0.738034746966081,-1.06766897440249
174,45,-0.894540323025002,-0.125905558233131,0.35020942455771,-1.69088440981825
175,45,0.652687375141609,-1.14615159275301,0.836307530248552,-1.36887538940421
176,45,-0.668055479308118,-0.528709939372385,0.117957934508272,-0.535524731570486
177,45,0.0843348146668482,-1.93081777197671,-1.05333141216059,-0.346881095614738
178,45,-0.57965707228227,-0.135354889540503,0.347802889207658,0.422990147310269
179,45,-1.03434902225299,-0.114521642395404,-0.449067093129534,0.249917230869978
180,45,-0.875739627812802,0.173671308791738,-0.346409617526306,1.3483099330688
181,45,-0.862740497044623,1.01700576830507,-1.152809572021,0.528058517660921
182,45,1.2049802126418,-0.010157396283334,0.411593059572521,-1.03647998850933
183,45,3.11607024735508,0.149211264103921,-0.0156242526575666,1.45261277091027
184,45,1.5803462305423,0.953030264661541,-0.184046183354538,-1.39653881547161
185,45,0.150026361063682,-1.00335208788042,-0.335793065841414,2.21450786066815
186,45,-0.699781301864726,-0.814820383542636,0.43026086310023,1.99381449675327
187,45,-0.373817891340246,0.288101265536898,-0.0445548560858565,-0.100632012840438
188,45,-1.04369089937308,-0.405524170124117,0.650742256331265,-0.00970718714760451
189,45,0.949640687752717,0.223706016329721,-1.54741115308393,0.480035492033493
190,45,0.729596932105869,-1.07944381910135,-1.21326325400984,0.586381510135698
191,45,0.351601688258063,0.863162000597306,-1.52492587718268,0.531567323854202
192,45,0.0750584948089006,0.19030504196513,-0.861708450205472,-1.87410953440684
193,45,0.479628754781388,-0.21121596570654,-0.599058323685669,0.0575871555674038
194,45,1.53162606741706,-0.317513134035453,0.293329100372372,0.467307999238258
195,45,-1.55574385975592,-0.94153695194952,-0.192665053159238,-0.21776253818788
196,45,-0.560060439936764,0.0870707163633599,0.755468905608585,-1.88052849770413
197,45,0.0900684435144253,0.472710367732526,-0.463523893167807,-0.855443472349629
198,45,1.88816524926405,1.86051312390009,0.238246220436494,0.0375706908114863
199,45,-0.63250513315086,-1.36545156904928,1.70881474712447,0.488507657030134
200,45,-1.36163184444666,-0.0270322038618601,0.466559323327176,1.46540308862417
201,45,-0.48543087228155,-1.05435635492581,1.14359554020444,0.829349213244673
202,45,-1.37337483410763,-1.164853560806,-0.163542444231222,-0.317368935112652
203,45,0.105951406056003,-0.190976339778755,-0.253039606128017,-0.585778727905462
204,45,-1.97908502734695,-1.53137271320427,0.343415210562172,1.1343073128693
205,45,0.8052627497235,0.464775745942557,0.157838327642931,0.35978989117208
206,45,-1.19981987971921,-0.0593300281229728,0.0909878067143621,1.40944836297793
207,45,1.8828781936436,-1.21075041301288,1.41666142123452,1.1433364201788
208,45,-0.163158496901582,1.0992158289552,0.781535314814467,0.483374490496068
209,45,-1.40184525356946,1.42571229359847,0.635518834457198,0.0236298529212168
210,45,1.23037026911536,1.04429122165189,0.232550779686368,-1.34082992753047
211,45,0.239685374758343,-0.750957858745139,-0.072560637189928,-1.05556433987355
212,45,-0.223250788229392,1.4785967341472,0.718372030711316,0.791653560824407
213,45,1.18155088584853,0.295799486213764,-0.501525967234734,0.109906315654492
214,45,-1.93697210188121,0.278760337773448,0.347430705534013,-1.06013740247431
215,45,-0.0970911731366228,1.79008798945895,0.667537878179756,-0.231009214767056
216,45,0.921204523219909,1.9737672304833,-2.45623778121952,0.0199737148960822
217,45,0.0749522963965447,-0.0820680589744291,0.0790936191492312,1.97476961140479
218,45,0.932758585447887,1.8929535528033,-0.705107306401918,-0.624016590539761
219,45,-0.890190209002753,-0.185860447981435,0.557299457858322,-1.71059827130684
220,45,0.173061539333764,-1.09668158409935,0.0692278222545695,-2.33705726097295
221,45,-0.538563456138671,-0.481902351751163,0.926049372932005,1.52293925160553
222,45,1.68544711275839,0.791226371757754,0.651645887373384,-0.332862557186405
223,45,0.679302820738015,-0.271345964348205,0.392663443696155,-0.621571415824879
224,45,1.22787923234714,-0.894169415437302,-1.35963079347639,-0.362431956838291
225,45,-1.18408982798171,1.20177505733479,0.569368829685187,-0.698207395785922
226,45,-0.0298736825222379,-0.322768281628118,-1.53831968903659,-1.46064659244324
227,45,0.554146624535454,-0.41053640561123,-0.160788536725811,0.855056115160634
228,45,-0.345376920686754,1.16549746715875,-0.647910046653322,0.53768503511082
229,45,-1.43453602765745,0.276394202685727,0.0368053979202951,-0.294223762574407
230,45,1.25473319231816,0.758157281100754,-1.15894974720524,-0.247380055497185
231,45,1.05962218664463,-0.794296020579406,-0.256643662318458,-1.85007490444289
232,45,1.15482612501119,1.30801855125599,-0.00423515701115679,0.251483675905453
233,45,0.109415005468451,-1.03122039336414,0.45729503464561,0.827454297805641
234,45,0.643397477610047,1.29486100398995,1.53573891933559,0.78522040361872
235,45,-0.183037440396727,1.11682146989977,-1.69886515945508,-0.265244608960504
236,45,-0.32845064280705,-0.134018201517849,-0.756166988932251,-1.40631385258271
237,45,-0.6624572750191,1.45742570857056,-0.540328643206332,1.77472780132405
238,45,-0.989515790598208,-2.17806731474934,-0.804623902983187,-1.59375415679956
239,45,-0.518052432135562,-0.926417871226028,0.367507432736674,-0.139290163900548
240,45,0.986649019319064,-1.34620173301302,-0.114869640331147,0.439662640832054
241,45,-0.0812519776080109,0.277341809700945,0.771354397822016,-0.395898821193774
242,45,-0.690131338705523,-0.176342259396461,-0.69059618017471,-2.19083162366252
243,45,0.702294390294559,0.0974540067694731,-0.741676925391874,-0.187307150394939
244,45,1.56763738117877,-1.30027850736079,0.676809638152018,-1.73497094681921
245,45,-0.93461936627197,1.13265221372787,-0.460227838092427,0.393785213128375
246,45,-1.08401214637005,0.0966744480366274,-0.712049334669086,0.10473597068169
247,45,-1.92133035321754,1.10508001805391,0.469502142248356,-1.4172277392425
248,45,-0.284034404653707,-0.265459468707017,-1.41292832119804,-1.85755428289826
249,45,-1.24324438681522,1.00765119046797,1.5923954768526,1.43477221768391
250,45,-0.521445337751642,-1.98542581218124,0.784039641546815,0.00843645005768413
251,45,0.149371639356836,1.6574691256828,-0.539759415022221,-0.286702084388151
252,45,0.496977209775905,1.06362657715577,-0.169461467103851,-1.58826728260039
253,45,0.847446826877022,2.18747863276798,-1.43705283252715,-0.245616112629767
254,45,-0.275275295387679,-0.381802743339224,0.869088929997243,-0.670377970034934
255,45,-0.569347190653056,0.930223443888679,-1.71720130386702,0.44035560075904
256,45,-0.204718628383383,-0.113555504364825,-0.451416575066564,0.859653307817159
257,45,1.22561386132685,-1.51592272817404,1.44606507018461,-0.082297269345525
258,45,-1.10263273295376,-0.811845605095604,0.558442309331412,0.600948971677169
259,45,-0.48296828971152,-1.95416352459536,2.99837691246807,0.719092777965317
260,45,-0.375130272301458,1.12296639817866,-0.348398718000267,0.239866916619626
261,45,-1.31783105708787,0.626429976351947,-1.81191792712844,-0.342120606052901
262,45,1.51796249440256,0.864010500465162,-0.628650936926954,1.12307422965452
263,45,-0.998839255347528,0.154562174839935,0.554313439137604,-0.572823500473332
264,45,0.0837042013867502,2.10017295962821,-1.12172130127724,0.859435496830769
265,45,1.0545228702481,0.436007282385131,0.543482313230873,-0.82121609612285
266,45,1.16756849008819,0.782493412406071,0.0135447421130471,1.13367362999382
267,45,-1.2054181052084,0.378841520805523,-1.59012470262872,0.572571376788343
268,45,0.0692307173248071,0.217570278745471,-0.205933251089855,-0.407299526006158
269,45,0.55640213456649,0.0895480265344282,-0.524746791899477,-0.441242665645306
270,45,1.69272027714294,2.07224078384882,-0.704143312961607,-0.849223506155603
271,45,0.36413372116369,0.398944937889676,0.183436268028749,-1.71229981252502
272,45,0.887070298558347,0.310541800135943,-0.477900952207469,-0.304143067861892
273,45,-0.0532983080583129,1.51140897504091,-0.897408809724024,0.977276644892801
274,45,0.307573537095479,1.64948057599478,-2.18406493006745,-0.108076408118637
275,45,0.53797027097055,0.230195700449346,-0.882601596008807,0.15008431122144
276,45,0.534525660655253,-0.600994392871562,-0.482166652194415,0.88366305046805
277,45,0.798088113168444,-1.70856106701773,-1.56326893343478,-0.198580219126692
278,45,1.53552038458297,-0.208783970491542,2.72216392560382,-0.499477388980468
279,45,2.04602230471499,-0.411942945330746,-0.725954927945756,-1.03132022309509
280,45,0.589073429827587,0.689515755985814,1.38323988110306,-1.46480429511066
281,45,0.556204042639759,-0.82523138141924,-0.894608422579596,-1.1408313883169
282,45,0.983844209540937,0.432137554124833,0.268674341166302,1.3443178086469
283,45,-1.99161299585338,0.243680021151999,1.31479665812769,0.490924415752955
284,45,0.444253572930506,-0.626018540172459,0.937830768702515,0.318280809531533
285,45,0.48840817978,-0.281203433741697,1.91220679099862,0.301472789882429
286,45,-0.249858628790565,0.384375810424061,0.826077903883133,1.36146456530266
287,45,-0.422142007877396,1.26616578207586,0.407223786292756,-0.302586360672864
288,45,-0.129136698350853,-0.58130353964614,-0.440863021401392,1.15106815134754
289,45,0.246935282091598,0.00988618751683867,1.76590312758283,-1.24027456099705
290,45,-0.0315280587475067,1.18197999105195,0.238856254827254,0.470317549606539
291,45,1.04270473754613,0.700698994160064,1.37516369065961,1.90511595311044
292,45,1.43279133013506,0.368933988315334,1.1642079859398,-0.369113327620158
293,45,-0.957425818959833,1.15285795143815,-1.33457371669368,-0.610107258906352
294,45,-0.391614778110271,2.0299610057449,-0.177185531531751,0.105996831189632
295,45,-0.469265132619158,-1.99004784420098,0.282815631023628,-0.344970873089945
296,45,1.51145296651979,-0.784372516804118,0.523868508945549,-0.8818721800844
297,45,0.4471660118052,0.745192043433672,-0.437490268901467,2.13451766239745
298,45,2.02492207140181,-0.0592787219482431,-0.115575165400026,0.729432195219445
299,45,1.4901796038153,-1.10460611478937,-0.453587670395376,-2.0082297847924
300,45,0.389252773138754,0.61284870775931,0.288781044833024,0.397360669035845
301,45,0.271430689286732,1.31785887837008,-0.871368792923518,-0.25864666997924
302,45,0.176807983171418,-0.0217611179428733,-1.04210803883143,0.155702379482171
303,45,-1.03276661799818,1.72876226714624,0.369712623439102,1.31733744833216
304,45,-0.624400467342959,0.136281570140016,-0.930815484047502,-0.579185222181868
305,45,-0.984925788685539,1.09178968288813,-2.25287279016793,0.789456431566056
306,45,-0.817304524127942,1.10896025959229,-1.29090377060033,0.759671442705319
307,45,-1.46197070830431,-0.0629916931052742,-0.267121166944049,-0.187874046250857
308,45,-1.96918835663948,-0.909973493002712,-0.121238083383449,0.285721860241381
309,45,-0.252560673811963,-0.768817500847987,-0.155353897788347,-0.200143043337832
310,45,-0.0201621685967069,0.0597045280240432,0.266782098716055,-1.54170730391301
311,45,-0.563722416592514,0.950468001279458,0.0651436471456715,-1.36600578293418
312,45,0.25676911887481,0.954794659329394,-0.253961513082228,-0.604025072808349
313,45,-1.67209216656851,-0.517252869498706,2.06284348827445,1.66311304239134
314,45,0.768699016071256,-0.201242704810647,1.44469379279631,-1.68025235282689
315,45,0.134364821628174,0.600458552683459,-0.899198465125033,0.0620768805353146
316,45,1.12391132955089,2.21168472581293,0.561022591278353,-1.96663747985052
317,45,-0.463319774995155,-0.386683548599224,-0.0828851507524398,-0.627198153401978
318,45,-0.492493450199005,-0.67086614236892,2.6238780209287,0.792792389010085
319,45,0.585050990913195,1.09915486883875,1.63315515622561,-1.5914845922332
320,45,-1.07674386255101,0.453681261703364,0.566398897849695,-0.0482049854652418
321,45,-0.793588501467635,-0.724561007119572,0.110069014193826,0.238058048928532
322,45,-0.436146568493651,-0.3780123840736,1.57836827815665,-0.0155558680320072
323,45,-0.875464015599626,-0.916340387723254,-0.486929574884127,-0.956954550885999
324,45,-1.71212237898947,-1.20709716630665,1.51136585843803,1.81881491025748
325,45,-0.0753634284600108,-0.769071988340444,1.1338022033954,0.879935990136643
326,45,-0.261936667877289,-0.976577651486796,-0.762307780657734,-0.486320257734022
327,45,1.88807503351723,0.347561286608268,1.18391758613985,0.505262860829923
328,45,-1.38189847717382,0.513476352290727,-0.0381895762550549,-0.478084038516739
329,45,-0.185595853141245,1.30761756874647,1.29764533406337,0.647672209848055
330,45,-2.51952391476796,-0.310511665302653,-1.26347871682973,-0.799016019029438
331,45,1.32363395087872,-0.883413848107447,0.629539778707411,0.574912229132003
332,45,-0.470470892604631,0.118336490097661,-0.687249972911141,-0.305695914857969
333,45,0.0531018243936434,-2.14851727274066,0.206636760031548,0.125417489853082
334,45,1.61334972046224,-0.142797266215208,-0.175363167861082,0.896326877027266
335,45,0.301432145000365,-0.594741361545968,-0.0360703948562315,-0.156175153575534
336,45,1.08100308238496,-3.07387085614364,1.47574844043055,1.0775330692343
337,45,0.989802917687022,-0.075796317595263,-0.452543622779056,0.0289803609960427
338,45,-0.852156388756964,0.922712016033035,0.086030595876321,-1.34924874869697
339,45,1.77706406375207,-0.876425131819405,-1.31864953694037,1.76377166489074
340,45,-0.530555434279364,1.6314405314828,-0.127027620330904,-1.50551963174144
341,45,-0.268208629785902,2.24895884476367,-0.28834706281581,-0.339133328823232
342,45,0.272404507778826,-1.29392161499793,1.05947079226792,0.774023699144572
343,45,0.867791949608451,-0.49283044118646,-0.138548810905031,-1.06188670659044
344,45,-1.99859872062235,0.56845542466749,1.40418201919002,-0.106302644707817
345,45,0.263405142032175,1.61566681702927,0.790531781151306,-0.641852213868535
346,45,-0.0285636702735712,-0.00554493792747715,-0.853821895500512,-1.69777679465403
347,45,0.695621989040698,1.04336543142005,1.70047526230703,0.722465488853807
348,45,-0.574859943968375,0.26653576695168,0.974215903901052,0.575224584895223
349,45,-1.13719084115591,-0.663318419243012,1.23734547218623,-1.57809038358592
350,45,1.22782413440968,-0.271725185517142,0.726485318445911,-1.03828308533512
351,45,0.330428380808666,0.495690414136447,0.889513098423462,2.58028685504672
352,45,-0.97293051245959,0.0558415048122868,-0.579624261739333,-0.780668823509695
353,45,-0.154999358659509,0.171107162469821,0.53267964204133,0.611189604790298
354,45,-0.280638127664103,0.264289721711181,-1.39142973124553,0.266212696909218
355,45,-0.00251694268256302,-0.816257339231991,0.739005904867813,1.04308500668557
356,45,0.0460740690801728,-1.40783585021182,1.75167417779903,-0.498906397793425
357,45,0.952057530457766,-1.15173068185658,1.80612754984632,0.329160012060224
358,45,2.30253150040946,-1.25453955807663,0.0149504796463347,0.459775934863506
359,45,0.0904645597206747,-0.605400144434537,1.37063990097728,-2.35677550405085
360,45,0.218586041128066,1.95146939359907,-0.836744814979382,1.89310746319738
361,45,0.253367428457154,0.379592456441182,2.11865773363733,0.348030408444284
362,45,-0.383545429272622,0.417001963167642,1.39692973175647,-0.582614233614004
363,45,-1.00418658686936,-0.509156237503768,0.175184487804796,0.119631639335013
364,45,1.02362322239456,-0.623855881206982,0.826970868416162,-1.2611967581332
365,45,0.133382640548164,-0.121142576383829,-1.31325201291145,-0.273321357285889
366,45,1.23156961039586,-1.21827835425555,0.641219878352733,0.791199436303924
367,45,-0.529677121896082,1.63973341982766,1.01987179256834,-1.19658736969026
368,45,0.471995665715455,-1.04688328119161,-0.938696372462411,-0.456545453846786
369,45,0.0285391347934258,-0.649224843288155,0.889301315958888,0.691326209905156
370,45,0.100928300229368,-0.883429948256061,-1.46995197425448,1.20621728457097
371,45,-0.722397076058629,-0.642054234167042,2.0152035469896,-0.994023256842897
372,45,0.862451733956386,1.44559058766048,0.0718364018406734,0.786057360128871
373,45,1.14998306278474,0.331787642655449,0.255094088874325,1.51717160830797
374,45,-0.242791967878492,-1.17979482388298,0.236654850585522,-1.95562988622325
375,45,0.816099622405806,-0.238957351457387,-0.374058710439421,-0.0174881545096523
376,45,-0.0478966532444028,1.09135837175833,-2.07305176474321,0.298429943026936
377,45,-0.426316535611415,-1.2216904040079,1.20991267781451,0.406974780520162
378,45,-0.171840556230934,-1.13122580571816,-2.12216077693074,-0.59935681561077
379,45,0.198286743175931,-0.878847215466035,1.09958072066753,1.74479053718119
380,45,0.821603324553178,0.608444630944436,-0.317705050964717,-0.594971584870387
381,45,-2.30467830022876,1.68926754288283,0.568920401936039,1.01791169473776
382,45,0.659502406720361,1.33346193237717,1.35955564343813,-0.910393375386118
383,45,1.1554367061122,-0.201282152392994,1.17701139992623,-0.284299055526211
384,45,0.156377281750755,0.866756946399531,-1.64179339386812,-0.826497827813835
385,45,1.78660944030302,-0.113192422032084,2.26579207610074,-1.5657197147719
386,45,1.69437024484419,1.87815252505759,1.40062538826678,-1.33278326577076
387,45,-1.64321779992946,0.33744963295132,-0.685915762923529,2.29226481788816
388,45,0.872020007133665,-0.0245239747469239,-0.665034405606895,-0.551110393730039
389,45,-1.82014313189396,-1.77010042180912,0.54993088660399,-1.38681631096452
390,45,-1.10701324538394,0.709240476899564,-0.205757549611943,-1.13365996964059
391,45,0.142079525090918,-0.676727018634732,0.0335489595044022,0.455880672127932
392,45,0.399826076219474,1.06385769155905,0.783268242165443,-0.611981331342286
393,45,-0.41331377307238,-2.47744783302604,-1.34968993965476,-1.29689647150914
394,45,-1.09504733337363,-0.35985115226954,-0.370247273557963,-0.317422630834737
395,45,0.0827594178842765,1.02907554286621,0.459643421945197,0.0285415450594303
396,45,0.626128918294069,-0.0528181205901264,1.22453437254388,0.105257874716785
397,45,0.607072292041369,-0.263963512759227,-0.403037125195635,-0.279356261337658
398,45,0.190486677060707,-0.598528755598924,-0.259409516992927,0.476822332446544
399,45,0.0191266467617228,0.948399945342653,-0.539808403916967,-1.10334941224537
400,45,0.0626559374869894,0.105094882219058,1.67701047917948,-0.411855176892929
401,45,1.4541081655159,0.14901911625177,0.284422162478232,-0.357557591088422
402,45,-0.00288579700397141,1.48902294932481,0.541390760204232,-1.09303488223085
403,45,0.566113559210096,-0.898909283917351,-1.25203243735813,0.0844551051597204
404,45,-1.02739282656612,-1.16075997224579,-0.999305133933132,1.78104783786357
405,45,-0.503481667860055,-0.170504920865475,1.03485107583148,0.188352763312879
406,45,-1.17079048571044,0.00520328141675524,0.677738918249992,0.282686979559786
407,45,1.43656654175463,0.612268421132937,-0.10163386456525,1.35837130898198
408,45,0.680357753772931,-0.147409434892774,1.544012179451,1.15313772037862
409,45,-0.656231429984838,-1.43113403551615,-0.311090188132337,-0.220914578163289
410,45,-0.616173712946795,-0.0518772767740448,0.816052627860657,-1.37396602938637
411,45,-1.90099689799391,0.299329257070103,0.817554686021618,0.199476543028169
412,45,0.356608688868143,-0.730781364562271,-0.244681530164608,1.16810961256261
413,45,-0.361162965751387,-1.0321512009606,-0.411663645199529,-0.101137271729325
414,45,-0.929678336481975,1.31794397991079,1.10360778940519,-0.892497362459196
415,45,-1.08803084506055,0.956214338068157,0.568479443095226,-1.26218797338955
416,45,-1.46429096783477,0.411839527540561,-1.2117307493947,-1.30039556704321
417,45,-0.18763070279857,-0.40196057477164,-0.451404371929408,0.957194422315665
418,45,-0.469444647065785,1.34506035034968,-0.485221312234187,-2.04101978592802
419,45,-1.17213885511912,0.817996608526637,1.51600620230947,-0.0270658700004039
420,45,1.32344229479991,0.607522053926493,0.425430745904944,-0.923387887685959
421,45,1.0974926938703,1.30958688274545,0.790719608696469,1.36190573081988
422,45,-1.16774536516769,0.00534807107175223,-0.412306490639522,-1.85301978537603
423,45,-0.820159903529534,-0.382840564372979,0.297977215927768,-0.107130820741335
424,45,-0.491216494216157,-0.507394588488292,-0.721160650853897,-0.770401602254167
425,45,-0.307131768182836,-0.656489810445506,0.443959211510391,1.16660577772046
426,45,0.722586049452612,1.53136056079558,0.831195187553065,-2.95918579627616
427,45,1.35951950422788,-0.329829307369452,0.135288357407269,0.205893808569988
428,45,0.370456388918052,-0.836453581742297,0.372960538147601,1.66168193023807
429,45,1.01521327123661,-1.63457569260641,-1.22283269303518,-0.998715960165284
430,45,-0.216384064361545,1.5721112857914,-0.430566685980356,-0.761646757548061
431,45,0.704240869848857,-1.36708515915579,0.312148201198253,3.02667150327512
432,45,0.112980488300121,0.297628217238596,-0.180682351643722,-0.224797216385724
433,45,-0.7968356553668,0.268650056565248,0.957520054709875,0.726330198356634
434,45,0.469482845996856,0.180616711721553,-2.45017825590145,0.613800004566776
435,45,0.371342590010459,-1.21692296027553,0.103614435295852,-0.819175797327116
436,45,-0.345531281089032,0.816261043466129,0.222072430145922,1.67544082482009
437,45,-1.0126219743965,-1.02227643009713,-1.54022868311512,0.119395708251976
438,45,-0.212422793827802,0.749263685159955,-0.354425144933178,-0.307151092499892
439,45,1.68144312517373,1.21591239863531,-0.029486562514606,0.40549918700334
440,45,-0.869141607765582,0.693551606393127,1.12986033689686,-0.321266786637821
441,45,-0.308344177108702,-0.873178192953816,0.562018283112817,-0.428697914274736
442,45,-0.0819288702089906,-0.872040703852223,0.203784101612163,-1.31955057832445
443,45,-1.08539956618128,-0.216544827760737,-0.63882077089977,-0.433833548495069
444,45,1.11706048428144,0.49966789501337,0.920074714933905,-0.919051186675273
445,45,1.3130458274308,-0.750772136373639,-0.155167407175557,0.337722667686385
446,45,0.116313881333685,0.150441490506785,1.64484511338405,1.09169673959069
447,45,-0.455388762190936,-1.20400913018128,1.31869557190417,0.266108881385899
448,45,0.365610420483356,-1.22369559488867,-2.48753344976341,-0.1898674706827
449,45,-0.00463119510464025,0.305317844863797,1.94094776452839,0.595781391645643
450,45,-0.299863843336723,-0.77248311484247,0.68103631625617,-0.276059547520278
451,45,-0.00292366110378351,0.142132403097796,0.559338863429832,-1.25371355349504
452,45,-0.028127160054327,0.674148708109974,0.324103278363306,-0.668288170535256
453,45,-0.568571846388505,-0.271331529299852,-0.496977377646398,0.898662745353898
454,45,0.493075836777344,0.676829992725877,0.422303991991633,-0.202974952876948
455,45,0.00741325764996906,1.6900609366041,-1.1852458306828,1.75000588737823
456,45,0.740499045327305,-0.0727500451687209,0.269472108741903,0.310649625055927
457,45,-0.889406308603965,-0.63115259302133,2.36532358873242,-1.8235125554573
458,45,0.534829504283262,-0.504648295876229,0.776234012007427,-0.64959010368545
459,45,-0.222386746677919,0.980385728806813,1.58103282844919,-1.66986447272544
460,45,-0.827826727436465,0.384858570908451,0.573827211930095,0.618894455048925
461,45,1.15056629143801,-0.164422019143963,1.06787858930501,-0.476706719591573
462,45,-0.689904065755893,-0.260174455044902,-0.735013179391347,0.535568163692754
463,45,-0.942219545261283,-0.0135802883652505,0.0158827990566504,2.7167211676269
464,45,-0.0629431151431048,1.21361182209685,0.819778705525331,-0.714870282391446
465,45,1.72207828063585,-2.02913138930026,0.783510217779071,0.601699583839022
466,45,0.808018765123361,-0.903648547494318,0.790721729723604,1.13137617184136
467,45,1.95300877539,1.15817023513147,-1.39250124517663,-0.384461507461036
468,45,-0.384128783655078,-0.0366750689014269,0.210074252043476,0.145498137189432
469,45,0.923712788226953,-1.43694542935744,-0.245277777525602,0.299629904145831
470,45,0.434232605637578,0.598335689739617,0.0609941799273775,-0.855280569389218
471,45,1.13909461755473,0.540392711949628,0.0192900366089057,1.81688951004128
472,45,-1.32049441693285,-0.130107770493694,-0.665543174653273,0.183323970070752
473,45,0.788304659305723,0.0520107182847376,-0.596988331625313,0.129761034458481
474,45,0.525310813487649,0.178417775194487,-0.395755081403242,1.87432044448146
475,45,0.107304029542491,-1.29310548299273,1.8079298512133,0.223658847733692
476,45,-0.013000779483626,-0.280393945952285,0.736861942085135,0.33437135349129
477,45,1.2758729781905,1.85671524585925,-1.16667260734451,0.649209961189205
478,45,1.26263833586399,0.860608461885568,-1.10333553970633,-1.67047075622819
479,45,-0.68793817495093,-0.313840219498345,0.936415416272064,1.61083613878016
480,45,-0.10597263975379,-0.0829610110269993,-1.43939558725615,-2.4630019756151
481,45,0.5295266525711,-0.676264899540614,-1.15833888777926,0.444080310448829
482,45,0.466065804894552,-0.380124957999387,-1.17161917936496,0.480264581105515
483,45,-1.0582653302609,-1.14574932321976,0.648308671998301,0.0286905609053221
484,45,1.95057617026792,-0.759612010594241,0.750140634528602,-0.56988924282603
485,45,1.69066049265713,-0.679704059575831,0.554718851960065,0.0556527073610706
486,45,-1.49804827889638,1.69717365668888,1.28771493714026,-0.312117981441887
487,45,1.20714059870971,1.16488311095708,1.14137363853891,0.116763638750548
488,45,1.3763173770329,-0.74079705289672,0.588286382145724,-0.374747279486391
489,45,1.07228770949034,1.14191527831514,-0.284923970091149,-0.906022521282311
490,45,0.899615274814787,-0.75070623794004,-0.434263988045613,-1.1502033625642
491,45,0.085037891680466,0.348838369088379,-0.224981763155438,0.107700332915903
492,45,0.17742753829568,1.55354405802702,1.13281309423841,1.08888157339303
493,45,1.22178910271571,0.667052256590815,-0.646557412286303,0.970187138706362
494,45,0.504652991766411,-0.0947640340317609,-2.09719597830796,0.590720303172117
495,45,1.95114490837598,-0.0370424520319575,-1.51100256909471,-0.84864136334096
496,45,1.52659932648755,0.941692351988395,0.12736887574172,-0.430683571655138
497,45,0.176508233019388,-0.426289590701721,0.2918674105455,-0.3399065979908
498,45,0.892994064272232,0.142325739138759,-1.88227568293808,-1.97018627529996
499,45,0.123581453278843,1.42472085190392,-0.829991740291451,-0.620267322974243
500,45,-1.13073792455245,0.676133640904167,-0.995097698597344,0.161385638863767
1,46,0.520879146003575,-0.172065629451113,-0.238450924546399,-2.2745173409673
2,46,-0.375142040771046,0.276231490894626,-0.979961896070526,1.70199983007259
3,46,-0.100510265313615,0.798922477109226,0.373105626084012,0.878191037683578
4,46,0.398271204853509,-0.315705354181102,1.15587969106432,-0.312888236348088
5,46,-0.103280259090598,0.594924335816652,-0.333612340305845,0.313725085141723
6,46,0.847979164240058,-1.79621849757199,1.50988096871994,0.743920252528031
7,46,2.09539607382841,-0.734165319080957,0.30583535832437,-1.3593371334487
8,46,-0.475675707647362,-0.0995798940181136,0.600021487078725,-0.297420611355954
9,46,-0.363044477600547,0.0249633603850261,0.954341583947018,0.541090396248786
10,46,1.01009066522125,0.412040112535856,-0.56033957528765,1.28753667650373
11,46,2.40995711423601,-1.97044184820995,-0.177103332411422,-1.06812956791018
12,46,-1.22876073364229,0.674625763673888,0.414353425017077,-1.11318295043502
13,46,0.123418327721607,2.23123679947774,2.86115544963343,-0.117982991894587
14,46,0.695596045219347,-0.780622051766517,0.470916552019085,0.68316224871658
15,46,-0.869009362240966,0.501916766611256,-0.0529481793318175,-0.524018905834307
16,46,-0.0856156132163098,-0.546212295826411,-1.06554105576553,-0.892233094320432
17,46,1.63479358748036,0.0457420620300421,0.395482432463607,-0.835689159433871
18,46,0.678006488053525,0.135083384118705,1.21684655358148,-0.111110967260631
19,46,-0.988466213897557,0.268489860017465,-0.4615512656195,0.342783428027447
20,46,0.497360779694449,-0.307670346797977,-0.3680677838519,-0.789451201718626
21,46,-0.379971234038603,0.701809064801674,0.298749534635926,-0.296640022083605
22,46,2.17961979511629,1.18447296401005,0.602102420557426,0.133702972173448
23,46,0.453909681024768,2.04347468794961,-1.16093058706524,-2.16484924206429
24,46,-1.08527220910305,2.49067656568615,0.368642008871823,0.385189668459261
25,46,-0.446594990703441,0.589308026407481,-0.910177092397033,-0.288382146344119
26,46,-1.03565044111854,-0.174313605304298,-0.206970228983485,-0.215149523764606
27,46,0.123322277354219,1.5423996480475,-0.0229496998622453,-0.426859935532711
28,46,-0.714622530294283,-0.166291670241489,-0.964654143159962,-1.33639079552947
29,46,-1.65878290910811,-0.690323129319411,0.298161213498045,0.253768203221276
30,46,1.07382465168674,-0.0235541806011501,0.00959384428617671,1.90292923786678
31,46,-0.816990883326555,-1.2895342588295,0.286355384948627,-0.366170001006561
32,46,1.74936708998557,-2.40375305954404,-0.313278105332763,-0.985348214243032
33,46,1.30969853085497,0.763209155264091,-0.220136422063996,-0.115324184704598
34,46,1.20009414758292,0.366139933947852,0.735574675045882,0.0331247346253502
35,46,-1.27948868084363,-0.305818745941675,-1.54501696881715,1.32497637490331
36,46,-0.0286249476632354,0.51481030354544,1.43303807215692,0.0892289130982775
37,46,0.481485043094932,0.457259006476482,0.0457680279860239,-0.69582386188832
38,46,0.911492601875993,-0.766141276561291,-0.206683084095613,0.652907672321508
39,46,-0.53743038784316,1.4133208557079,0.360681913261896,-1.10988293184368
40,46,-0.0794686950661406,0.37796472445528,-0.113262890713144,1.40963848959955
41,46,0.782651458425862,-1.29370926124092,0.77164150417268,-0.240186569570593
42,46,1.1695671027501,0.193251781161064,-0.803780157609391,0.324089444626027
43,46,-0.855562971490518,2.22431670337715,1.03680166077847,1.02152098207474
44,46,1.73389286967243,-0.197057662223916,0.2469611045291,0.288002772604585
45,46,-1.57009982031181,-0.368707849831957,-0.275055809237135,-1.79285942434285
46,46,-0.104884850267526,-0.0345336934500158,0.752740904348847,-0.627299042440663
47,46,-1.38497032906468,0.391263925902929,-0.316101531018134,-0.0394190030988883
48,46,-0.137917415423089,-0.0428475739413956,-0.505878016060594,-0.876805146203405
49,46,0.924802928728906,0.247463149794225,0.277446512593961,-0.361545395553939
50,46,-0.416148286404316,0.664396059471588,2.03240447854317,0.206775410907912
51,46,-0.149830866886038,-1.04875950724678,-1.5747593907101,0.657605794732737
52,46,-0.25923680583767,-0.365937574036068,0.917675430604434,0.538444174307231
53,46,-0.236467652008522,-0.396159401306621,-0.615831955920485,-0.77255035899063
54,46,-0.809170393759057,0.577815491893854,0.864803587093045,0.218547054695023
55,46,1.24189660286202,-0.0896820793498461,-1.59934502437766,0.432973372487923
56,46,-0.287283445413749,1.25460592785607,0.256213180607609,-0.133884073229714
57,46,-1.19436589587139,-0.213596976959177,-0.197870146694459,0.41488992608068
58,46,-1.4833987593795,1.5358287060731,0.482109743636122,0.407303880493567
59,46,-1.08241680902812,0.287953481013304,-0.857598569392449,-0.0552768890613942
60,46,0.018720674177297,-0.293199434387674,1.23763025872692,-1.26386812010147
61,46,0.254331409974673,0.250922683247426,-0.529535660251962,0.929848712164951
62,46,1.78949780353552,-0.140679885103766,1.34527540076432,-0.718659243544126
63,46,1.51413680029808,-0.556975769510521,0.802753912830662,-0.443206419080984
64,46,0.685553794009815,1.34455003862186,0.759816252145785,0.595967972654739
65,46,1.65287938450168,0.544607809851865,-1.27273903772163,-1.2473285859535
66,46,2.41358132484335,-0.659244381435519,0.825846987942903,-0.591073270604433
67,46,-0.069355412271359,-1.23695656792116,-1.10647790593735,-0.797397157902554
68,46,-0.84022315271208,-1.43813959713605,-0.440025443038116,-0.747668138650924
69,46,-0.708447004229409,-0.632051134456652,-0.328341711936317,-0.39318657572191
70,46,-0.423377907603226,2.02803588111722,0.919306295423307,0.0966722369328614
71,46,1.15548533755697,0.172974250454863,0.138953871712438,-1.5557018109567
72,46,-0.89087783008218,0.169264988778412,-0.0254568781335403,-1.00494806578311
73,46,-0.500563366049361,0.400242737215328,1.42991710139448,0.489889328326084
74,46,-0.739949414654774,2.17840625153625,-2.04439465439359,0.547598459563198
75,46,-0.42692193017772,-0.194133487908779,-0.866277679709336,1.33597758417923
76,46,-0.0226980803668471,0.235560328905286,0.389491111426371,-0.252716212617379
77,46,0.482139870301704,0.205723797807533,-0.322958711396093,1.8024124563249
78,46,-0.759164288009511,0.0331204981860683,-0.473465866781981,0.358686805458646
79,46,-2.32748389589729,1.06677951460864,2.05330685251329,0.0589452456235587
80,46,2.09677614573363,0.0982826521418532,-0.609911077552622,-0.61039534779887
81,46,-2.08141834269656,1.35620998891712,0.74016097220947,1.03508487019277
82,46,-0.721516888244709,-1.13251372073451,-0.0817413228312629,0.304844562250916
83,46,1.1815907342815,-0.108879695888834,0.171983359961439,0.770891319986593
84,46,-0.56920275041469,0.346535235381004,-0.736477865095412,-0.0174300938000308
85,46,-1.85939716979072,-0.565597810521554,-0.93996196378147,1.39882637676937
86,46,-0.145719616697651,-0.0458903479525572,0.0924775082866302,0.992973615966381
87,46,-1.02145863399831,-1.23978044233004,0.627487115328752,0.577882434155601
88,46,-0.796148036405744,-1.05621670902515,1.64544758886399,0.713775247852255
89,46,-0.644722390621492,0.264328588727632,-0.269400640931983,1.14305587503135
90,46,0.817109677433885,-1.15461513834293,-1.62211244452662,-0.319734994172372
91,46,0.119043653274077,-0.311334778885466,0.921769463128663,1.7658737950795
92,46,0.616529375920761,0.165747964931382,-0.600847513736596,0.718350880755151
93,46,-1.6522788620802,0.357214222825161,0.334962175606019,1.33232664679002
94,46,-0.578120940595045,0.149707105647096,-0.428136642249946,-0.702657134303861
95,46,0.168333603211933,1.25957250387943,-0.113756187898541,0.645419559006458
96,46,-1.89803624563067,0.19436548657311,-1.40083645936684,0.503344422020474
97,46,1.6563462706616,-1.26091948829594,1.23193630615865,-1.56565372967932
98,46,-0.0499684307041577,0.107658256508639,1.506442379853,-1.0028527851614
99,46,0.273131776672706,0.555540595247143,-0.50950033038872,0.684421193836667
100,46,-0.525416583688182,-1.45530037534786,0.590438424159701,0.451891440334974
101,46,-0.0509684682970075,-0.564678595114778,1.02657351390998,0.180627731443252
102,46,0.476032484564559,0.906459075645322,-1.66977139384284,-0.433596071606523
103,46,1.71831827407911,0.312099555187493,-1.40051497765594,-0.116574053780131
104,46,1.98101506388505,-2.31226788673183,-0.638402579711825,1.52488401895414
105,46,-0.910519078885213,-0.860326617863336,-2.16461681442541,0.716770272889204
106,46,0.0518898105178739,-0.940353562809204,-0.0992712707985133,-0.166959868404131
107,46,-0.0902964467444968,1.13559829258433,0.25263044644954,-0.183724114301502
108,46,-1.55845541787678,0.370784472986171,0.54003604072326,-0.388785248948846
109,46,-0.387437298281279,0.109038759999342,-1.97684358162149,-0.40301637652195
110,46,-1.22293527171653,-0.0742730017129904,0.527820048733578,0.593245810696206
111,46,0.864668718397904,-0.895508719315857,2.9069692649471,-0.194869434011844
112,46,-0.219513692332606,0.805967819454372,2.1723435063111,1.2843728311429
113,46,1.20714977849547,-0.475236322259946,0.880594732806389,0.848936231145144
114,46,-0.159939566794921,-1.21578274583843,0.405211803528678,-0.961078004301019
115,46,0.840289534796516,1.42892425202498,-0.256028841966035,2.69721516174867
116,46,-0.0886500301625855,-1.25541641132993,-0.774891685921019,-3.24007978051724
117,46,-0.306425080244644,-0.00148236148529458,0.848380485348291,-0.101933106987064
118,46,-0.0662320370909705,-0.360236816209409,-0.377417314394596,0.49839456621431
119,46,1.83795645810311,-1.04067215261232,0.704067809146028,-0.592684468699675
120,46,-0.129362929423541,0.42615993437162,0.317160287451624,1.16667146315868
121,46,-0.0110238003109032,0.783549820006248,0.319599559106819,-0.0433025835466159
122,46,-2.91419430762175,1.2204479221067,-1.38984788919188,0.888900707270561
123,46,-0.390345577618539,-0.681065671747678,-0.883541120327795,-1.75682499865815
124,46,0.354372420362024,0.781646173068638,-0.386517937183946,-0.680593732927971
125,46,-0.349069188977965,-0.176694935539927,0.656954715387832,-0.514444029161163
126,46,-1.10550717030646,0.195353930674858,1.30043937478926,-0.45150242363757
127,46,0.688523505561749,0.415658588133956,-1.15128723221044,0.112381727569805
128,46,-1.1200990249297,-0.127297738916632,-0.394781634020505,-0.154920116223317
129,46,0.750581625533731,0.854297223964491,0.856233952513015,-0.161539844912142
130,46,2.06371048392338,0.294765980522895,-0.68616559007914,2.15007803681995
131,46,0.935393637638933,-0.956470362163422,0.889546249615631,2.34903445022343
132,46,-0.0623148562612293,2.08409259154366,-0.451779692590962,0.933087477092211
133,46,-0.0993007544304857,-0.311938423778642,-1.84896084398676,-1.02015804059358
134,46,0.922937689761196,-1.12951654843799,-0.628930515614931,-1.83251797181638
135,46,-1.12517223038119,1.35690391557391,-0.387729376739072,-1.2678877822099
136,46,-0.1611634081196,1.31730646272668,-0.09968767337249,-0.175986687226938
137,46,2.78960935585759,0.453500571067972,1.15899894943222,-0.751744509329827
138,46,-0.362727658725799,-1.10276749973019,-1.16852825390054,-0.0921148378449332
139,46,1.25992999933868,0.0590132458332616,0.516204942016622,0.0628609057851466
140,46,-1.58221286382016,0.761422938921175,1.28302927151538,-0.313714137814035
141,46,-0.253556112492991,-1.18406544991506,0.575447970296534,-0.261995071625381
142,46,1.11133972348105,-1.14230736589948,0.590749347561476,0.0561590270175658
143,46,-1.57437561102367,0.559707260438735,-2.13529453149878,-1.40510468727646
144,46,-0.596951318158146,-1.57945973169667,-1.12306799542553,-1.20405072237731
145,46,0.856850201249303,-0.0444812193420196,-1.15822915558475,-0.763266538454667
146,46,-1.22839398352791,-0.989347323692494,-0.763509322882862,0.889322724213114
147,46,-2.00343246462177,-0.649570733870155,-0.052287866288263,-1.0162617841243
148,46,-0.224005240829985,-0.671040822688079,-0.285651596408173,-0.888922476407193
149,46,-1.13897526759168,1.54561876044482,0.593338443163378,0.538761579884918
150,46,1.5676042013455,-0.238224108576703,1.26384623603437,-0.42465122980024
151,46,0.135875968589714,-0.537913849933855,-0.727985064474573,-1.06197809630028
152,46,0.17185712129788,0.631546930059552,0.393250314270863,-0.451931951345297
153,46,-1.94643495179976,0.939667810920861,1.04307920811065,-0.646340918801803
154,46,-0.979658979732018,-1.74304699277561,-0.53235563807603,-0.0894009610095901
155,46,-0.842968573655941,1.21573033678228,-0.65373441303313,0.75373712723429
156,46,0.451983735971125,-0.893629993640824,-1.04135058141607,1.23119131566349
157,46,1.24528496347709,-0.97553399603987,0.569127884298991,0.605490119880805
158,46,-0.308264238955691,0.283044153134487,-0.0132900549834881,0.375995526171513
159,46,0.475617437507931,-0.983656645120745,2.38176765650875,-1.19249905959051
160,46,-0.65898960573841,0.829889251301619,-0.545113920072791,-0.309719473810308
161,46,1.41505826629114,0.685928109297702,-0.657190898927492,0.91317938976599
162,46,-1.2094548719982,-0.533838382752708,1.29948631666172,0.570830099630973
163,46,1.97431076035606,1.09257709413223,-0.937953699813063,0.0930092532043504
164,46,0.345462127191169,0.418655124572143,-1.12189709247624,-2.00414511664293
165,46,0.171583113257,-0.0637088751714403,1.64239479799586,0.451458874390288
166,46,2.00226446457811,-0.745084711255233,-0.723882168995611,0.535830456400762
167,46,-0.737949479844497,-0.785337768060821,-0.243599299618478,0.501297787514897
168,46,1.12509681324316,-0.697965765405977,-1.02290097341633,-0.816209673351269
169,46,1.7712210916783,0.275197379341298,-0.492159946828655,-0.404677443659778
170,46,-0.168897353989576,-0.156030274488014,0.60545467206519,-1.76834223780582
171,46,0.320858837856734,-1.71505524838234,0.33586748647082,0.961172886480221
172,46,-0.176188840417423,-1.85453560853328,-0.426337497446241,-0.161529604246218
173,46,1.12685062571681,1.46346240265735,2.03224944473104,-1.53059341017318
174,46,-1.58351677209886,1.95620716672665,-0.66280351581691,-0.47590445941408
175,46,2.06224971213436,1.66994025367698,-0.672128247992532,0.212651889747875
176,46,-0.471139745080354,0.432969363459004,0.0776672549815222,-0.534182606765366
177,46,0.214542243036237,-0.153053549954381,0.691602419166279,1.01417451939524
178,46,1.45350378804462,0.602507852609082,-1.10554850619442,0.236567101400165
179,46,-0.232699338128757,0.498306507130841,0.497186894993527,-0.0873508565419877
180,46,0.368352715525905,0.463522192119885,-0.117988735034923,-1.44347891790066
181,46,-1.06850102383918,0.508886443878616,2.47197136730564,-0.230205814975559
182,46,-0.302720682181455,1.99017171311265,-0.989539654989039,-0.716096425220205
183,46,0.924764366936657,-0.151565616371832,-0.468931773648569,1.84221141154049
184,46,0.754452170804647,-0.461362288157564,-0.728187635093446,0.552508394968564
185,46,-0.167956646739564,1.48482425263581,-2.19620652565619,0.119618320800247
186,46,-1.47040720967616,0.558979036945699,1.25175604414663,-0.806957000821735
187,46,0.767290022474793,0.381134397486071,-0.677085253263921,1.19077831144497
188,46,2.22505866516827,1.02700374033306,-1.53370810657644,0.144957423181131
189,46,-0.6971991038857,-1.19505378928441,-0.593915977320233,-0.709621928952213
190,46,1.17846997600454,-0.0727954148676349,-0.401410409876587,-1.95198609434883
191,46,-0.0295478909894971,1.10012299295035,-0.243607823055731,0.0902209343178112
192,46,-1.14337003779422,-0.178736459645184,-0.966513564737738,2.19002207773628
193,46,1.14887935813484,-0.993769471532086,1.64266504392061,-0.901843349827253
194,46,-1.44670321325328,-0.720777034064535,-0.263046265463986,1.75415617237109
195,46,0.432881465861266,0.9104462430431,0.680276946347148,-0.464408435961978
196,46,0.771870232195176,0.23794082227029,-0.398783282812674,-0.910305436004967
197,46,-0.819697709544922,0.0989117466444495,-0.455558117266214,0.424408881393145
198,46,-0.319246021701211,0.142425713745614,-0.316428104142023,-0.561127509879648
199,46,0.653335067269721,0.248029729660758,2.31259341192395,0.971071610283398
200,46,0.0798459295998885,0.798573685989722,0.377438597180654,-0.135559289745647
201,46,-1.10466208150631,0.709993001569141,-0.524222074580687,0.39087344592381
202,46,0.0774127785712971,-1.24659735971975,0.694943630554622,-0.704053488787153
203,46,0.249854385855017,0.376149412541256,0.817756283914531,-1.78507796509055
204,46,-0.339513974315908,0.79678201880961,-0.63359345875865,0.288786844761908
205,46,-1.97723901270994,-0.366546122931382,-1.07067158632483,-0.227054339290466
206,46,-0.0548335673435023,-0.965921823827167,-1.43259989961212,1.12634835862081
207,46,1.25321412439226,1.37986818742812,1.21875656062642,1.12431406790253
208,46,0.0635278991306238,1.05230122208037,0.344533501815239,-0.868493981898981
209,46,-1.37864750113478,1.20244161881913,-0.376916308650572,0.966226045580423
210,46,-0.641843719933673,0.581335396667051,0.680926679464221,1.22757211355686
211,46,0.709642648046201,-0.808218650191508,0.333568713292142,-0.0713676298890478
212,46,2.07039155200901,-0.336571784729579,-0.985859878726402,-2.15392899545254
213,46,0.103509995637907,0.691478738424365,-1.20531433223639,0.733529585623747
214,46,0.136048025973024,-0.0151810005290831,0.944056733383742,-0.802904852708171
215,46,1.47688123468526,-1.24280237011059,0.560886098193311,-0.598835021851867
216,46,0.818291866265359,-0.0434037621674039,-1.03755525113044,-1.24224886369955
217,46,0.555649401804511,1.38685661023062,1.25050536079512,-0.374188515454301
218,46,0.721026739434203,-0.832341763364986,0.360021694218392,-2.1776640932894
219,46,1.0933765756153,0.685133249772844,-1.5894111255242,0.44415999273652
220,46,0.137883838711241,1.18345871038246,1.05561493856226,-2.09211716390095
221,46,-1.01464664355803,-2.04799446642601,2.43012355333935,0.70501504809532
222,46,1.07135240800321,-0.395865811842098,1.80376864993225,1.15753731976205
223,46,-1.10755271219502,2.31010684397256,-0.402542420894967,-0.307895698432234
224,46,1.57626947049079,0.0601115483158296,0.391901329882896,0.0571989323481399
225,46,0.843005186032004,0.564501070352125,2.53355091590263,-0.84460641842479
226,46,1.05735149057871,1.15766238060388,0.545910430103433,1.14784222293673
227,46,-0.541041234690825,0.0586753428876078,-0.310074326458209,1.74074632397849
228,46,-1.16144384406613,1.20134890037817,-0.214225944985995,0.94750435423046
229,46,-0.985684533560016,0.223132579188537,-0.931029274607376,-1.91869275956314
230,46,-0.835620924386337,-0.950793356307752,0.646213113996653,0.368213863823425
231,46,-1.36756280860703,-0.165067457135464,1.20508427996668,-0.831927719032134
232,46,0.936525478447394,1.31377964077993,-1.24654424222837,-0.000651917523650023
233,46,-0.793290796732558,1.67117114574057,-1.17233435002165,0.72267870695126
234,46,0.148283405049251,-0.803054751343872,0.40835604465668,-1.49172449004739
235,46,0.463062745365366,-1.48367560865306,-1.60478189200778,0.954147341980774
236,46,-0.0777612637847405,2.09673438073021,0.487297488711554,-0.537777445362991
237,46,1.16501720510249,-0.584177498031818,0.750959721101971,1.13982683274984
238,46,-0.532721108092798,-0.756704981629174,0.75377471023188,-0.228398256978652
239,46,-0.585044237063192,0.229617068414493,0.0712678089041781,0.0435974935344328
240,46,-0.476906623004889,-0.312223731437268,-1.29274956617854,0.815936780886018
241,46,0.696518877917376,-0.0363662803602166,-1.22954990591924,-1.54223234585663
242,46,-0.938303828117889,0.463828980646152,0.606102462295008,1.95146248264087
243,46,0.205899739685994,0.161666395116767,0.397366322957913,1.66280632378668
244,46,-0.388935369636443,0.403189410550871,-1.12823742394538,-0.953016856706108
245,46,-0.550259438578091,-0.180803832801878,-0.0592390614642064,-0.185224053771022
246,46,-0.68493707491228,-0.948218814741825,-1.25450730472734,0.311921027087102
247,46,1.033867942536,1.31267859092436,0.310664678730598,0.376034283991493
248,46,0.582953285630239,0.0904365863236551,-1.86795703450907,0.214413944013182
249,46,-0.101895329882319,-0.587763990823055,0.332477038703357,-0.184035429910549
250,46,-1.06345553028851,-0.899636458140388,0.540655293039918,1.02300663047863
251,46,1.32416079006239,-1.03800368328495,-0.605511936467346,0.751217087444836
252,46,0.731582820736669,0.586932773296934,-7.2559219308928e-05,-0.0471175314987806
253,46,-0.304878234609161,-1.32807524038332,-1.02429509850271,-1.78574242759706
254,46,0.882052912922192,-0.380359744330462,0.384896221579183,-1.63343972123269
255,46,-1.21396379109878,0.846700862386848,-0.998864919251938,0.702367977309373
256,46,-0.25335075096357,0.112711465614583,-1.95774102122419,0.322553286888575
257,46,-0.956117286108356,-0.552626255103415,-0.32823256350518,-0.935666934275421
258,46,0.250372363722466,-0.10231942779425,0.471836654946171,1.32521047394948
259,46,-1.18958448789962,-1.47759714259238,-0.491882165931841,-1.18908479518657
260,46,-0.418291185927009,-0.328522028986344,0.0750926237873998,0.150792405601683
261,46,0.540740676754749,-0.00732815708115119,-1.10413532421978,0.306525791630746
262,46,-1.09610488114248,-0.0478680771416345,0.623411634128862,0.259381996702485
263,46,1.22991538917561,1.08410837036958,0.930673594863891,1.2350518209575
264,46,0.146787661461925,-0.0056452214696012,0.572381597838188,0.606223247540409
265,46,-0.262813608987496,0.235726923208004,-0.251863944626432,0.436788629243284
266,46,1.13094685377584,0.477321575481302,-0.770363373271298,-0.24215671936862
267,46,0.0730703053137739,0.289619575644293,-1.4456944548755,1.0984501867392
268,46,0.496066766988529,0.110781325753053,2.91841205148391,2.04846110895808
269,46,0.37462534664195,1.25674466322571,0.294803763185402,-0.091554582470196
270,46,1.59883673004426,-0.473791424210725,0.296725265535,-0.561052955455639
271,46,-0.563723981948002,-2.20131009617802,0.150379594504132,-0.165135726402804
272,46,-0.415045303002477,-1.58282413850631,-0.190515645210816,-0.0583562788256146
273,46,-0.790240135430434,-0.691395588828592,-0.683510629255334,-0.551774538806835
274,46,-0.337069053920313,0.880030263913433,-0.236509310652233,0.768131430827938
275,46,-0.834207698007686,-0.479456750461041,-0.0199200636860739,1.51272985117905
276,46,0.121592562123133,-1.16315986059241,-0.581614058393121,-0.319174692738338
277,46,1.06497215235095,1.28781136866059,1.13922762123465,0.606433474788513
278,46,2.03056173589356,-1.38904373270696,-0.0625400147074898,0.515785865907571
279,46,0.337753105231168,0.62022029779571,-1.70968531476141,-0.967745088222513
280,46,0.881388734253826,0.738470448335616,-1.25932284996394,0.336467826032787
281,46,-0.400403201483612,-0.121782114143841,-1.60466839727865,1.11304740468785
282,46,-0.770306989178648,0.318927157999202,-0.616702667756679,1.30890391563262
283,46,-2.06011915922598,-1.22339329079744,1.08354614917715,-0.87175011797726
284,46,2.26172007352125,1.02238531661481,-0.347832404146326,-0.144163553946568
285,46,-0.743654545656165,-0.149994620502767,0.0947894349112186,0.855211461284648
286,46,1.07466000924485,-0.296248527472342,-0.59836041159083,-0.540768887830695
287,46,-0.402151827533214,0.628760207574911,1.42186294358009,0.0556350669325496
288,46,0.833026660842363,-0.912023247752907,0.354619235847494,-0.264589788461221
289,46,-0.397901670358143,0.466262311521636,0.723025135566512,-0.701773245489083
290,46,-1.27430905571198,-1.02451511184546,0.95411893897302,-0.444518997217103
291,46,0.283068179635923,0.83171927909552,1.41354698195537,-0.250231044759257
292,46,0.65355915506194,-0.93583391214671,0.693057053603933,-0.558023895521661
293,46,-0.359134988326379,-0.235254254156993,-0.715279181272688,-0.76570487152408
294,46,2.15707242227061,-2.3973221602737,0.510607690242551,0.884108864225422
295,46,0.871261730714261,0.675570914341964,1.51171191527804,2.56991439220893
296,46,-0.0166933812742167,0.0972144803080127,1.76561468297037,0.0730678069175175
297,46,-0.317366251587384,0.699974675373403,0.858912747906368,0.555002921453174
298,46,1.3675800260908,1.97565119549894,-1.62264953262665,0.739486539274087
299,46,-1.52484815359374,-0.257901892296004,-1.01673237122514,0.882221059001152
300,46,0.329700042327633,-0.148615660264431,1.01892721711687,-1.24169954430463
301,46,-1.48828883312609,1.57789177050233,-0.299106418177658,0.160649445915311
302,46,-0.588675690111885,1.07937205797839,-0.63683455316446,0.225542911584361
303,46,-0.358833701018554,-0.154009226929196,0.132296297155025,-0.345849987992033
304,46,-0.204849506442125,1.1320308839184,0.317176957314257,-1.40358826100466
305,46,2.24119018882862,-0.33139353142996,-1.06745547012136,1.69780616234321
306,46,-1.28362095671892,0.599962924959741,0.917698535379671,-2.04505883908341
307,46,0.825113065948911,-0.358310639035108,-0.340650177571178,1.245650217357
308,46,-0.848843968146177,1.17167924928229,1.84010083944011,0.83528246213149
309,46,-1.81533000309215,0.450039187675455,0.0704422502305672,0.958793830774182
310,46,1.06944664635015,0.16740520090865,-0.370757625178079,1.68782375206572
311,46,0.356190178061654,-0.349053891748736,0.929449834077845,0.568320876403508
312,46,-0.858671601618381,0.839417666597877,0.219863483072921,1.91037282142417
313,46,-0.416431375212283,2.38070148543177,-0.810711453973763,0.147325306884669
314,46,0.817405037511705,0.302426111629565,-0.389611854765324,-0.308757531254843
315,46,-0.419507614610945,-0.971313102532495,-0.587501723823213,-1.48672886752134
316,46,0.15685167576318,-0.606270262049387,0.712766366534216,-0.707726640558927
317,46,-1.49469337306198,0.160006079570958,-0.734053611701817,1.49381386753112
318,46,0.290570290489457,-1.74468624814858,0.134820622429461,-1.19673304251883
319,46,-0.139832511348551,-0.165858572094791,0.0943455331318642,-0.275824478572316
320,46,0.235979709663692,-0.801164661260238,0.571272917251805,-1.86486118180577
321,46,0.682111929577763,-1.6735630553805,1.03159860339358,-0.586143567229775
322,46,1.303316852135,-1.01740632076442,0.271726327866959,-0.400699102275549
323,46,0.660537281682927,1.02381114606575,-0.52908424048912,-1.17767116007329
324,46,-0.440732547052412,1.31319436382589,-0.981550936953868,1.41875125104791
325,46,-0.36398275710775,0.900574461572359,-1.86200166710905,-0.0425540275005953
326,46,-0.229147087849019,-0.0878246917757474,-0.258077984226838,-0.320410129645191
327,46,-0.195997215212074,-0.563998865570625,0.313669283273989,-0.180641806867418
328,46,-1.68068801809017,0.544886479690682,-1.60477567190363,0.0842368952793932
329,46,1.56863977472013,1.3324242761582,0.650815587820266,0.323090447809371
330,46,0.0970095437653897,1.08357315775522,0.985615304299791,0.118238341914954
331,46,0.247108424225957,-0.507027734145064,-0.0559774863898086,-0.817026640406945
332,46,0.691271964473951,-0.919267361675989,1.04381442362705,-1.20989113015756
333,46,0.327635983553645,-0.827842960394505,0.255547086658248,-0.395323540669558
334,46,-2.36459124053934,-0.825677852474154,-1.37509072955302,-1.44558151608929
335,46,0.983143004320914,0.340561524170739,-0.256228345850141,-0.812401754276784
336,46,0.634384777983556,1.59240760884539,-0.259311318353965,-1.71307174238214
337,46,0.825252966803008,0.0969156132339071,-0.363554412470268,-0.812193477993595
338,46,-0.1433258797308,-0.37089610716978,-0.143530389393403,-0.310048233308042
339,46,0.951869542905491,0.297291273517018,0.0549639884743745,1.35267567242518
340,46,0.935692459301529,0.254299763734703,1.53074769754391,-0.420190618047546
341,46,-0.663047960950719,-0.140732877489451,-1.95147750958416,-0.18486158899066
342,46,-0.713078637792477,0.160243044442266,0.400797788430001,0.254443040196043
343,46,-0.955922076104836,-0.372054244995083,-0.533765207782694,-0.318085446134022
344,46,-1.87036715482439,1.08093096777443,-0.189417501399463,-0.953310769944115
345,46,-0.786653654201917,0.81994579882401,-1.1814192958521,0.92205088847865
346,46,-1.91905931629516,-0.993522207522184,1.10028940269041,1.06765354824832
347,46,-0.690566325791759,-0.418376458245068,-0.148229693436341,-1.09181144083936
348,46,-0.29029423591583,0.803000858143919,0.712219316956137,-1.26914288318645
349,46,-1.18941466042166,1.20756125586764,-0.452286490268892,-0.670375914104645
350,46,-0.403676344397959,-0.321309928834077,1.4908274127528,0.423478069536296
351,46,2.42789573904864,-0.0890722663374082,1.13100665201201,-0.368549233941824
352,46,-0.865993406999717,-1.45602875455458,0.112337482509198,0.104760747965867
353,46,-1.23706622952438,0.229310108215454,-2.32309058010732,-0.584116870823919
354,46,-0.314649886246266,0.735963028859603,-1.60071116104972,-2.16115216767936
355,46,-0.90181326708137,-1.17377894875995,0.197875011590353,1.12708016204435
356,46,-1.44717514147466,1.23138178984162,-1.84830420987043,0.0421600888665247
357,46,-0.955272713414411,0.879186462246436,-0.977987443150147,-0.132053695215635
358,46,-0.608770899006339,2.0533319407619,0.432683005642007,0.0399535055845804
359,46,0.541620850381002,-0.049864134107303,0.232038526254917,-1.39531472886983
360,46,-2.06219885988748,1.23144339626504,-1.27751953018417,1.56534008958151
361,46,-0.375647688857858,-1.63974236748414,-0.0921505094742523,0.927073729021315
362,46,-1.40181296740886,-0.182051175064126,-0.155286226098571,-0.724486394315074
363,46,-0.292517379714037,1.13680542592535,-0.382877563463278,-1.03980953896461
364,46,1.54840994326323,0.169518938914085,0.957910583153426,0.370185865348237
365,46,-0.212162999062574,-1.46933715093296,-0.845588725799879,1.74763894073727
366,46,-0.228574763403895,1.81072508319139,0.542119382847802,-0.776261426897339
367,46,0.440405641418905,0.930668096229909,2.33677147107734,-1.3249519269028
368,46,-1.8136282362826,0.443944437335306,0.300334289463964,0.629319468463427
369,46,-0.530695755144657,1.27377260232242,0.163329197322072,0.806890864020343
370,46,1.76095301279739,0.415958563076219,0.240591709588395,-0.510809890268397
371,46,-0.270751859183525,-0.908709347211125,1.61329282787198,-0.0672345700042549
372,46,0.5628753435817,0.833273979913292,0.449641531954818,0.228096068920702
373,46,0.864989756995494,0.00796875720763992,-1.0255422238314,0.648504388942501
374,46,-0.184946091562654,0.0154155167813791,0.349607979168897,-2.51647336215129
375,46,0.886280702202835,-0.900139714002781,-0.14730514776525,0.975002220273675
376,46,-0.653763301651518,-0.376370084996115,-0.631786736672665,0.612116158536399
377,46,-0.647396742915318,-0.192518635796998,1.45926373696997,0.340916782962809
378,46,0.0408780133975024,0.0441276681712817,0.334247563800973,0.858952352655947
379,46,1.7398919017605,-0.09734718936764,0.594498556173966,-0.534406976381218
380,46,0.00858611148636622,2.26049047384804,-0.016964570112352,-0.774467252104293
381,46,0.380265540483348,-0.506065220237897,-0.843168674775417,0.257812326830087
382,46,1.01659968771321,-0.375473528928715,0.751872309626874,0.639374489804331
383,46,-1.0870909256684,-1.20134504701797,0.735451314873676,0.594235621000719
384,46,-0.239775496447886,0.296608827923205,-0.887954994498999,-0.903381079425653
385,46,-1.03504682679312,0.234683667990714,-0.83455016540158,-1.09262299564726
386,46,0.995832510927415,1.1228799935033,1.30415731600335,-0.286458170244235
387,46,-0.594691328879974,1.13432544624515,-1.18567479371507,-0.437583305105954
388,46,0.743384957298481,-1.53764797531467,0.98900616040626,-0.00235565653463932
389,46,0.444145946958925,0.419079811745889,1.74355451337433,-0.341001645536665
390,46,0.456510921889789,-0.0497999028887967,1.01781311351364,0.0875376508059232
391,46,0.23885929945321,1.84225749932424,-0.332270215479794,-0.665131247110566
392,46,-0.712319648944634,-0.886992388213941,-0.417681868651059,-0.267216109050044
393,46,-0.0339745066482959,-1.65812712326483,0.616909998525659,0.720250268851635
394,46,-2.06684856783256,-0.80645115869889,-0.349518038500244,-1.05708125287132
395,46,0.293077383250555,1.26548597167601,1.14590683212313,-1.40562697471831
396,46,1.44752094045917,-0.189732501599892,-0.423968002539336,0.213407079041882
397,46,-0.384246554168641,0.285559758412803,0.249960780092098,-1.04337479612569
398,46,0.494966153266771,-0.0995819705216737,-0.184605330158088,0.144611122972676
399,46,-0.5899413727432,-0.0888262810981439,0.762628692770876,-1.46540820089421
400,46,0.751944900003558,-0.608595309791894,-0.386822752594331,-0.100243088630039
401,46,0.0650618719204696,-1.02227139453218,0.434990113169276,-0.259882062477745
402,46,1.74823362244934,1.39170759208929,-1.30673212064461,1.47884204230822
403,46,-0.918469402573136,-2.20737304165039,1.63573804508606,0.0618566477767292
404,46,-0.518041210389777,-0.181678095413745,-0.965686952786316,-0.295018300811328
405,46,0.689723227975311,1.44028798811627,4.08607433051326,-0.310085512441012
406,46,-0.271041689556269,-0.131797868416664,-0.118137019943453,0.591710174617894
407,46,-0.904542256584121,-0.535003869644669,0.0574438895587354,0.675107139644648
408,46,0.375805129696893,-0.0999737942424576,-0.0236035866677911,-0.123629529819272
409,46,0.0510566394940844,0.161142873173626,1.11145190991288,-1.63356979514933
410,46,-0.279646303793347,0.113830329937605,1.03577126795944,0.177693685925648
411,46,0.923095791702815,-2.12651693551893,0.392155085863981,-0.078886623551104
412,46,0.830589360969901,-1.02084235920657,0.603271204878383,0.430534710354569
413,46,-0.610554333814862,-1.00849245924435,-0.278572477627364,0.852333054358675
414,46,0.845796394710063,-1.14477821727983,1.43071205848823,0.121109668819404
415,46,0.441766917779084,-0.079507580385964,0.352271813862945,0.933343164082065
416,46,-1.12624978300326,-0.299505203558382,-0.570231637937007,-0.995644285002713
417,46,0.551216435833379,-0.993294479975119,1.29761536550637,0.268551065406277
418,46,0.207240079938333,0.109207311565902,-0.290663965638285,0.539291517747566
419,46,-1.30962386369085,0.316183682182374,0.689640762787736,-1.71456971703437
420,46,1.22279039671013,1.25831318625237,0.617948499672391,-2.81590647249761
421,46,-0.263119297320235,1.35003510027774,0.602218841085812,-0.832252483385759
422,46,-0.139000430903547,-0.670806227629677,-0.138077665476074,-1.38253087813887
423,46,-1.17810592834476,-0.664396059392066,0.712538733222543,0.72774585239504
424,46,0.847451935601358,-2.02501384667309,-2.15697274317144,-0.873383230589578
425,46,-0.0793019893979971,-1.80830210136964,0.0306586976004775,-0.568216987570985
426,46,-1.19263326105999,0.933452735230056,0.959318778439254,0.746046723387263
427,46,-0.255079260267189,-1.09755755666222,-1.57810112140253,0.853249588560843
428,46,-0.726266260809788,0.0970914582195618,0.66520068754937,0.653067732788316
429,46,-1.44196890198926,-0.0999973816931438,0.874009660378448,-0.268319418945969
430,46,0.269199046479286,-1.31839032393157,0.150481977960706,-1.10100862560965
431,46,0.674139865808111,-2.02990131089655,0.473364446348727,0.627497956526651
432,46,0.0823162646759832,-0.685704294167958,1.4672671127409,0.0274115845039324
433,46,1.65769386478919,1.67462440539763,0.476719446519664,0.821641821732705
434,46,1.39873342945456,0.665841900001753,-0.468690983431935,-1.34114883232453
435,46,-1.42952568425909,0.599751438419779,-1.30582366080202,-0.221169927856377
436,46,0.299258065718592,-0.787491521970434,-0.437991733154958,-1.33117113716268
437,46,-0.412354852167204,-0.0423151142157519,1.40218599079194,-1.03869738922022
438,46,1.01090507178827,0.0170367238987884,0.380248710511171,0.526561975581039
439,46,-0.568299576574128,-0.544949391984136,1.10057150235242,-2.22409693729556
440,46,-0.205390495846759,1.29725011735805,-0.327280432378458,1.34018922757449
441,46,0.872035986205843,0.669387622444294,-1.40363934799744,-1.13609244690135
442,46,0.589691860072171,-1.09610165015303,-0.115417048598398,1.26188990244765
443,46,0.142671587965086,-1.7907049420129,1.39443621336594,0.206159898302962
444,46,-2.11583018026058,-0.468393266497885,1.58301508756144,-0.311343202236077
445,46,-1.6213886296243,1.87318354857401,0.706233448055099,-1.17137829531827
446,46,1.33204677584081,-0.94549352631842,-0.109914550407031,-0.121164763096277
447,46,-1.18859295468766,-0.0105262350316749,1.30014991548697,0.862165389749438
448,46,1.17297094288572,0.258106821314718,-0.0815312637267449,-0.470189845820533
449,46,0.256932138509663,-0.632198092518473,-0.0599028096193039,0.775484313313355
450,46,-0.276502992068551,0.0668388801297136,-1.13762490686234,0.127998154883566
451,46,0.829892021030585,-0.837715706891027,-1.30558752780896,-1.62802430556981
452,46,0.308102417980576,-0.0638567894912346,-1.01923469401677,-1.14555018935459
453,46,-0.0841527842654007,0.627897243784862,1.55305809564857,1.81419149862902
454,46,0.892141972537867,-0.779492073123243,0.752493934229505,0.515869110440293
455,46,1.54973055836849,1.07126913683406,1.05950828436096,0.34314617346459
456,46,1.75952361603568,-0.860596164053448,0.850232473128438,0.393221858553787
457,46,-0.125653255454235,-0.636830453131087,0.835705178319744,-0.569572984652983
458,46,0.863899580629325,-1.13369768303728,-1.20041362882981,-1.31707520525937
459,46,2.1937888332154,0.00107885381723978,-1.84791709357701,-0.375397624334555
460,46,-1.42200176752911,1.28826407007368,-0.151830722421986,-0.259250518362173
461,46,0.65524207979056,-0.388302795348276,0.118770261944746,0.655916294234698
462,46,-0.720169555423508,0.617258562153006,0.478453800489553,0.749251544468389
463,46,0.519405642508981,0.455719150237493,-2.7721217261092,-0.117319985819951
464,46,-0.338937256282998,0.628488357000219,0.460230559111881,1.0120271331926
465,46,-3.41170982010473,-0.3418328396346,0.572154394835929,0.311104841467833
466,46,-1.25340250695592,-2.07838551648921,1.16450990751198,1.43759893807004
467,46,0.589459962827318,-0.823469755918274,1.33339634718949,0.708500878518185
468,46,0.397454376588686,-0.284863137923939,0.238683972833534,-2.04972464696818
469,46,-1.70356653663898,-0.57869699797813,1.8063699072533,-0.108744501575182
470,46,-1.63442746925761,0.296058961652589,-0.402647949340486,0.680863063702453
471,46,1.41889490762065,0.101387650343963,-0.387034209604459,-0.57727660916054
472,46,-0.151895252334439,1.04109873936852,1.0956132165869,1.07090684606977
473,46,-0.300078232337198,0.782454744338179,-0.331839495259773,-0.686567688252023
474,46,1.06069124701308,-0.662881822698988,1.37791208145708,-0.21537993593009
475,46,0.0621860064487001,0.627047304060601,0.682637484267397,0.286170180202197
476,46,-0.462216431581336,0.652641558956122,0.148210463526176,-0.0433304399209792
477,46,-0.669924950462219,-0.744706441779718,-0.34062861926004,0.571807137383424
478,46,1.07000347785643,-0.776324926758029,-0.765957696570448,-0.442696214103784
479,46,-0.412682635970983,-1.39534238362516,2.40593800658658,-1.19984129340028
480,46,-0.717639228345083,0.684824103551117,0.701877171005638,-0.496835067757341
481,46,-1.72459067095544,-1.03214371947749,-0.3100694385832,-2.19495857918076
482,46,-0.722385119391745,-0.251337029131732,0.490685646624298,0.195268769315802
483,46,1.85777765715875,0.59866962552945,-0.545572572812653,-0.0241334395751958
484,46,-0.503621796436187,-0.549401560468406,1.47858220756226,-0.324511406343175
485,46,-0.658190791580187,-0.390417288523562,-0.224548352450337,-1.67090440164472
486,46,0.778503085253302,0.951591605927002,0.883211378376154,-1.00976704906463
487,46,-0.395082500958271,0.582352255707573,-1.30698915827947,-0.273404895419617
488,46,-0.849469642392,-0.918921801569925,0.779405358145243,0.190718275607973
489,46,1.06212797256506,0.791076009938076,-0.744195402537199,1.25945310560296
490,46,-0.845624245761576,-0.0990158456770588,0.230633370978888,0.289585490249597
491,46,0.270516581976193,-1.58834259294092,-0.367404657651282,0.0673977347418102
492,46,0.764544213059964,-0.450509831080645,0.990525768509013,0.0440804260297512
493,46,0.385087760339393,1.44662960311942,-0.584673228656172,-0.530034987273498
494,46,-0.571936095173721,1.09083143587906,-0.441927419120711,0.926817397034905
495,46,-0.606397541959752,1.78003252606038,-1.27229530407304,-0.0603167180466409
496,46,0.25579314716718,1.02041238269958,-1.15182053441008,-0.942953870191319
497,46,-1.14303891611063,-0.862671290525051,-0.69194366271351,0.309025804413614
498,46,-0.501799047904166,-0.589685897620507,1.80773620948291,1.7553999338857
499,46,-0.918346497724253,0.177063545492461,0.086058339829883,0.929381648175483
500,46,0.661301668926281,0.759684850271067,-0.404689445975367,-1.91889858706894
1,47,0.417087372219763,-1.38681639931252,-1.32879452009047,-1.46444456107995
2,47,-0.482452935705317,0.346376365120634,-1.19949085809503,0.85935510930129
3,47,-0.950618438478094,0.046402382983398,1.69922510105685,-0.6697200385227
4,47,0.883956604818572,-0.776883414920466,1.61576577271681,-0.2159598678584
5,47,-0.536980903491174,2.04874567345626,1.0377759979834,-1.53071155422191
6,47,0.863644081451911,0.106196557712158,0.843639354628938,-0.0236421686697727
7,47,-0.949484670617558,-0.491358882858177,0.807982940005458,-0.343583287819698
8,47,-0.539168304570784,0.288544091441204,-0.890921787568279,0.240494615524969
9,47,0.76474980331076,1.2889635404606,0.561435695711275,-0.332320746474671
10,47,0.416494683144665,-0.705610194951475,-0.467062499604993,-0.515172222540493
11,47,0.272542946350142,-1.46621395217537,-0.934496548588508,-2.7216270443141
12,47,1.09324919395444,-2.53505843319037,-0.470384026610436,-1.21637649839278
13,47,1.2293648291198,0.0827610610176912,0.514389160892922,-1.29412698469927
14,47,-0.92179264670613,-0.377999828646871,-0.655401119410994,0.394111614269331
15,47,0.308119543900384,0.0948286688827036,-1.71456502879415,-0.323814455362565
16,47,0.493627931436654,-1.19732601486654,-0.314557180642759,-0.475363905715818
17,47,0.112572314006685,0.758305785136202,0.904554978155311,0.43877092174875
18,47,-1.31409373935047,0.920953741486671,2.70839012625883,0.694097658402297
19,47,1.03853594891951,0.999632666293175,-1.40816182950999,-0.81155932357324
20,47,0.720901260628649,0.903048755748992,-0.415364060328715,0.699187623590638
21,47,0.0373831941240148,-1.930799801349,-0.634356730780175,-0.198590457451165
22,47,1.33421139071635,1.34608832826548,-0.235935318245151,-0.734917682914851
23,47,0.647200014687486,-0.697639163936218,-0.521091409567163,-0.406883384981538
24,47,-0.684132344501766,-0.68264296031775,-0.237217728594836,0.675114508074393
25,47,-0.291072490706099,-0.355710689099338,1.5769666360401,-0.159356203767048
26,47,-0.155408667422874,-0.276060958157558,0.489642162824514,-0.217752222210087
27,47,-1.08151674678616,0.786101509508729,-1.03845937923981,-1.28384400418641
28,47,-1.46426758331453,-1.78533321719283,-0.960402898416045,0.350405673927658
29,47,-0.628857206771716,-1.79231345606993,0.120245007908543,-0.160654927392527
30,47,0.317789524201953,-0.789252199932966,-0.0813886895686005,1.99687581223462
31,47,-1.36292425022374,0.0772420943013901,0.324800794737715,0.808747837846027
32,47,-1.17182512474852,-0.400539503948542,0.0503332742529181,-0.678884222036664
33,47,-0.732073958314924,-0.0173815883687859,0.463381007724702,0.446514816683694
34,47,0.427320735230257,-0.259286378754363,-0.757149508249249,-1.50729398858572
35,47,0.876947705824628,1.33247452123803,0.961184231570127,0.117910165736414
36,47,0.52885065450716,-0.29204246507533,0.746355455246332,0.204463101036719
37,47,-0.795805830088249,1.68368436113118,-0.707164105200255,0.108520417687764
38,47,0.526421764006577,0.602675590105923,-0.715780563182264,-0.741508342317505
39,47,-0.562814828597392,0.588629570983599,0.424753404553006,1.23267432854675
40,47,-1.77875724850072,0.534154102619057,-0.95409286026457,0.50555763805554
41,47,-0.334817933011067,0.304377478373133,0.900235193257856,0.67907935547758
42,47,1.1530978180053,-1.44661904330192,-0.584180730121069,1.86310252951798
43,47,1.92951823309003,-0.944492700113627,0.717208908426384,0.954025601669977
44,47,0.0818383890703404,0.975574321194368,1.5735763836468,-0.439897687700684
45,47,0.633903510375682,-0.612570455264229,1.13149556833813,1.12650394798417
46,47,0.991588620822555,-0.20829393990931,0.165030730490446,0.405240662792582
47,47,0.076253396888848,0.050649041432658,-0.152238016681603,0.214627775474075
48,47,0.734475784703396,0.0497970064453192,-0.0404605472012114,1.07838519334758
49,47,-0.0744652651021072,-1.11168763370269,0.394048511071251,-0.0630976158834406
50,47,0.803722062669327,-0.179693352843851,-0.854016533384335,-0.237990546910831
51,47,0.571380814120408,-0.505261073675211,-0.513831478334975,0.0347501445050583
52,47,1.45646255616252,0.939533468716051,0.748117453044912,-0.4142211085449
53,47,-1.04291538735036,0.34646650134194,-1.15308587099496,-0.277906990074706
54,47,-1.41957197695496,0.509587352095571,0.0680603524915624,0.486910702186481
55,47,-1.3245021523736,0.734357883939984,-1.81710529966634,0.509473676027753
56,47,0.629727174198579,-0.246933116429932,-1.19305891450378,1.9336809039149
57,47,-0.353853610016239,-0.202131635611786,-1.65548501738691,-0.895200966984833
58,47,-0.13810377746517,-1.35955240713001,-0.186534877254746,1.88252158791958
59,47,-0.155063655212949,-1.62923208475326,0.14039288847067,-0.324853111973401
60,47,-0.943642510169395,-0.645531216079936,-0.125898117328263,-1.4490174785765
61,47,0.649106693626818,-0.0020675031365062,0.159837685028817,2.14903068927795
62,47,-2.79903837774804,-0.588944341139273,1.26309465885048,0.144673017826547
63,47,-0.0755835241519818,0.926436996367008,0.331684319809995,-0.0112892112602447
64,47,-0.623202043995199,-1.00443995375015,1.70801200262226,0.510922310820847
65,47,-0.49395280202054,-0.316461548097894,-0.190048976905515,0.563170247089146
66,47,-1.94459010163652,0.286104248133664,0.350876555136456,0.0727682773935611
67,47,0.000175113330262199,-0.0398930432426224,0.848776203772407,-0.745853159097726
68,47,0.696968849196374,-0.00552817284420672,-0.999082751453953,-0.00487460831932915
69,47,-2.27025535046728,1.14783944275745,-1.48759588955679,-1.43688433368217
70,47,-0.554377957612641,0.136183287505782,0.241400198805221,0.145663824851952
71,47,0.349849592907082,-0.59504146524277,-0.337691668280665,0.164307294524764
72,47,1.0993988541135,0.416773326916529,-0.00907095318201381,-1.43353124615071
73,47,-1.76470010136458,1.00809700601735,0.923132183207399,-2.41313069802159
74,47,-1.9398643528117,-0.625073179019818,-0.210354923957892,-0.326352810925202
75,47,-1.1249432699367,-1.00935602598668,-1.52245167074345,0.00474660656315693
76,47,-0.717282714560187,0.491345202054734,0.472364608712924,0.0785051340977033
77,47,0.732635950026143,-1.71450840505242,1.61715683758517,0.392551376113773
78,47,1.48106856852978,0.294897372004792,-0.686024921448973,-0.0435689995232722
79,47,0.392563244137718,0.250870937621115,1.88802486587745,-0.521639761978521
80,47,0.140893201964642,0.230858440262294,-0.720259542231994,-0.19070498649748
81,47,1.14846537566198,-1.38063003303675,-0.641520038075292,-2.08360137719551
82,47,-0.177803406488766,-0.825625001018767,0.0752878383606771,-1.82738575043902
83,47,1.77240653220235,0.401099169747479,-0.462134203738646,-0.73844753212623
84,47,-1.42222890360359,0.855547141360983,-0.484630429033589,-1.04069880705533
85,47,-0.420759068066245,-1.80193403948477,-0.185315949608877,0.132281150110105
86,47,-1.18671185142146,1.18725640271187,-0.549916923041095,-0.634765687123802
87,47,-0.260409431920463,-0.669517540616822,2.84280122832002,0.305348241553465
88,47,-0.724952803940912,0.762853214559974,0.578650901005983,-0.320435913954461
89,47,-0.817402923494926,0.906331121424207,-1.84706014656194,0.267655742520523
90,47,1.43192545380485,-0.652922802145863,1.40453047512583,1.06767824131165
91,47,0.402575418594495,0.974119594532161,1.15157070946538,0.565650760358012
92,47,0.996028965171293,1.3565128742786,0.191520220296309,-0.61593332741091
93,47,0.523366959765357,0.247743840033362,0.593370684187758,-0.0803772134508436
94,47,0.928322101850042,0.955077546739278,-0.197962207038227,1.05092414666888
95,47,0.132572964324336,-0.572205129430576,-0.240415467855426,-0.111792357595762
96,47,-0.666282427668543,-0.673961323713121,-0.426677729714033,0.0635657680084755
97,47,0.119790810848609,2.30579924815806,0.830013890429398,0.887435269192716
98,47,-2.54985260572005,-0.0386634134092664,-1.83141817547725,0.592440710425709
99,47,-2.60898472689992,-0.994962339816042,-1.20307584140167,0.286196933157734
100,47,-1.02119687022474,0.263232943611268,-1.73968468197674,1.23765388432186
101,47,-0.832754272960615,-1.17379500820576,-0.863094913671453,0.466670226418479
102,47,-1.50849894486153,0.551223807070269,0.690591166075889,0.0551404230318539
103,47,1.86859058515466,-0.711747765733963,0.949059885787824,-0.660398340427833
104,47,-0.856612949108222,-0.704982428515046,-0.418526454973274,1.77800628603059
105,47,-0.259963549702042,1.36219497943082,-1.61109580390619,0.566699471133445
106,47,-1.63614616922874,-0.524171119621729,-0.517918718008841,1.28013630380293
107,47,0.325062822979606,0.200628182138622,0.105626504934469,1.0851242939904
108,47,0.33140266267146,0.474293104806481,1.35330939230267,0.1742023689181
109,47,0.524723903664042,0.286258134922005,0.920171381680299,-0.29321895341193
110,47,-1.24920028876187,0.0795132803372504,-0.0922271074041794,-0.806610896720931
111,47,-0.662029418232028,-1.59115866419055,1.08640859794766,-0.684832760992587
112,47,-0.928907794650176,0.0240642634224524,0.655411285373746,-0.864457339637921
113,47,1.58823052636176,1.91923708251928,0.784537549442093,-1.99779489380634
114,47,-0.958993263769726,-0.378491655824481,-1.49849021064219,-0.681893912594758
115,47,0.350620103094848,0.203938264653269,1.89174624306658,-0.72407221154488
116,47,0.0054847032510414,-0.0341834432254822,-0.0945305772661054,-0.47466019213735
117,47,0.203781579549723,-1.24332644360504,0.206258526447932,-1.66694942070914
118,47,0.416323740833135,0.162438199875875,-0.377143973820626,-1.77086866871114
119,47,-1.1366287578722,-1.80993509259942,-0.380361027579083,-0.549304779771694
120,47,1.29758979375762,-1.17735780805985,-0.693133973675446,-0.840314366641101
121,47,0.0327161216753421,0.133315391539203,0.253922180998643,-0.381305083447762
122,47,0.643246633244853,0.363421976546509,-0.434105951551132,0.945836815610939
123,47,0.509227378085614,-0.531015108949252,1.73369310949736,0.394813044955821
124,47,-1.04572560524143,-0.436745036929102,-0.118735031694932,2.22097790776605
125,47,-1.90412152682696,0.375805322051013,-1.09515417927909,-1.05198846000817
126,47,1.12430459326532,0.0778681835526579,1.8174777040001,-0.35814974311698
127,47,-0.357507192365167,-0.749046809000058,0.061053957957648,-1.41923036760414
128,47,-0.528837864384479,1.31382728394985,-0.0939446191777314,0.292912376892782
129,47,-0.384869113773871,0.565633596954815,-0.712823375295729,1.10207374732061
130,47,-1.80728299973669,-1.84523706560364,1.081923134259,-1.24751155332902
131,47,-0.218760532731689,-1.85876224442001,-0.76725124326106,-0.42238541980478
132,47,0.812020218857061,-0.0654567398315032,-0.286462688909254,0.796094880813554
133,47,0.00642291860767666,0.846112494177986,-1.8614113819045,-1.42561374899428
134,47,-1.80479776405482,0.902634726613098,-0.236325530085285,-1.87846430056544
135,47,-0.452434404193567,0.373367176173495,-0.923935922424663,0.0142301104430793
136,47,1.4221346308975,0.867399331527558,-1.01537879778329,0.838039385569423
137,47,0.939648676418846,-0.852102655677325,-0.411476330819334,0.688977598090313
138,47,1.37582880320429,1.43595024054268,-1.24719818553781,0.335324055702941
139,47,-0.397480266691717,2.59362197077245,-1.36743940357962,-0.799697282774656
140,47,-0.298511468948964,0.217227906172805,0.603062480723282,0.686518231848616
141,47,-0.284806952862381,-0.187468080373378,-1.61736427971579,0.691045695231871
142,47,-1.21684292708731,-0.497610636151038,-0.822631301166823,0.300643381032855
143,47,-1.21086609414002,-1.91278409955024,-0.0181728107695587,1.60546029183144
144,47,1.84568702475766,1.49335379719931,1.35412723691978,-1.62280868709608
145,47,0.94060785697415,-0.563757003461709,0.00388687119881617,0.180081218299714
146,47,0.788299963420593,1.11746601024053,-1.54911371607395,0.468788989006733
147,47,0.967430587069418,1.20529466161361,-0.940729797911745,-2.11234192367288
148,47,-0.0343061383785539,-1.00989083825797,-1.45575478952076,-0.117767957523928
149,47,-1.55052225338275,1.12277338797195,1.09689459465178,-1.88315337889807
150,47,0.643312897666258,-0.20360913429385,0.366284906982754,0.467541032307108
151,47,-0.658366252171446,0.0943271642305942,0.557583875167852,0.305038128425332
152,47,0.921180586985454,-1.64804268215749,-0.0724284040021597,0.0865940499764617
153,47,0.109958327340764,0.667970189814788,-0.399435444470211,-1.13881919877623
154,47,0.742690042723319,-2.56536762884692,0.194342186397658,-0.374340365865248
155,47,-0.26147541679596,0.119234396452487,-0.839829000031582,0.219438192795357
156,47,-1.90466766799363,-0.721587755804995,0.46456909491525,-0.0809963424869437
157,47,-1.60624766220337,1.44373115115293,0.461508160869369,0.952803287587458
158,47,0.137035618446134,1.38518775007525,-1.54749301432588,0.865701022914649
159,47,0.621420573573772,0.948545708145439,0.318431490130173,-1.36537139464969
160,47,-0.648990443728768,-2.94747535878197,-0.632471931733267,-1.06122827121979
161,47,0.569861578736144,-0.992581020496526,-1.60195682787832,-0.829348654543753
162,47,1.05664463886871,0.372209257571869,0.149618946750998,1.66855189789909
163,47,0.710261958356101,-0.723860718860122,0.0759442897888718,0.77530282259324
164,47,-2.24642516242,-1.08643870851241,0.0620080593885955,-0.217967424088901
165,47,0.559600629762107,0.975601200333199,1.6466353607564,0.881825789977091
166,47,0.757923001585607,-1.21339027691719,0.333957403758516,0.306060609656108
167,47,-2.11721761286603,0.486891049483526,0.872758102264799,0.885569030140015
168,47,-2.79062949884752,-0.492144485265355,-0.048392796247487,-0.684119875887728
169,47,-1.37757630984,1.46142588985276,0.367520840423485,0.362800253439161
170,47,-0.800217388922177,0.12211902683148,0.129283303765997,0.600090613061683
171,47,0.770937752983428,-0.338485426437446,-0.231850534973484,-0.884538846310843
172,47,-1.06272302469775,-0.749688886675039,1.84503413736433,-0.185874624154796
173,47,1.57518693758343,-1.21393913136231,1.31716312349328,-1.51761993556387
174,47,-2.50800994612902,-0.154810335457413,0.68635989670647,-0.255590780925288
175,47,0.251662239745723,0.155780841597584,-2.36999046013045,0.804824272661273
176,47,-0.0958701109408808,0.574697978555974,-0.116864717007023,-1.46312597842661
177,47,0.412337692655952,0.490398369790399,-1.3131414914204,0.452047719517273
178,47,1.59959534470373,0.729526336551508,-0.450808528841816,-0.976562215272967
179,47,0.499795489252462,0.875157599966211,0.249257122177557,-1.34599636518142
180,47,-0.98255258682441,0.140905672085113,1.66126669410562,0.215114332571929
181,47,-1.61367761968353,0.0647372791444999,0.48074110720521,-0.0941418202752476
182,47,-0.166488909040245,-0.485060084832698,0.0973789935526102,-0.498786524190563
183,47,1.16619649201879,-0.412706436939092,0.314561761694124,-0.246801025892907
184,47,-0.332560678682989,1.7310673645278,-0.818174298494745,0.333108518268316
185,47,-0.288743815701679,-0.571886158076463,-1.17762242892863,-0.952613186314199
186,47,-1.07301814122214,1.2454906198571,-0.0472332146226442,0.163088718033765
187,47,0.85927129939633,0.0616592818330799,0.430091274280184,0.290011019522524
188,47,-0.162648996471906,-0.336350461462597,-0.0307662698162225,-1.34027933707928
189,47,-0.98285865677108,1.0232570673969,-0.187036671023387,1.40347614392934
190,47,1.40489718135372,0.702717650700227,1.00251156596435,-0.120528992861507
191,47,-1.1825771779308,2.36524480017795,0.230646142735789,-0.558488106827869
192,47,-1.05156313511297,-1.16112515659205,-1.32037592896324,0.580622571851135
193,47,0.100655342252444,-2.31049637962017,0.771088659258883,-0.0543001307689077
194,47,1.97858848144012,-0.548143710746827,-0.546123803202952,0.233414208960382
195,47,-0.294450857757741,-0.381305776480154,-0.0667211154158379,-0.629471982480135
196,47,2.0021392127863,-0.126066040211826,-0.518843847796024,-0.958213154660132
197,47,0.635331179423553,0.981879609174389,-0.872738938359423,0.267964833252029
198,47,-0.0340824519281043,0.271686054170559,0.691163918716789,1.43724621098979
199,47,-0.715863292316663,1.25004760551588,-0.537705792857786,1.52002636820049
200,47,-0.541356573066551,-1.27350305945685,-0.114072152162118,0.930584134908433
201,47,0.484174307152433,-0.776964053409215,0.0941822986304958,0.16384895870525
202,47,-0.511961128285627,-2.07362999856877,0.391090035389407,-1.26003697783688
203,47,0.727176324253592,-0.167250363192368,-0.972465544916636,1.00667162765775
204,47,-0.581090477669091,0.701172353571563,-0.985846624090382,1.32469858247698
205,47,-1.20120847588873,-0.305597985485918,-0.186134851946639,1.68976229859113
206,47,0.912731318112281,-0.207445297297884,-0.357427248967726,0.146085782401815
207,47,-0.619341231833391,0.437904676690715,0.494743865937083,-0.13456027214045
208,47,0.103698301120903,-1.37778462461478,-0.779277912453316,0.74608038849439
209,47,-1.03247905206052,2.68958904581792,-2.27918944243236,-1.51887170399751
210,47,1.80202172210871,-1.5079882645821,0.679131106259721,0.427131553203493
211,47,-0.222334759205661,0.575585323447323,0.649770586940802,-0.275199454913982
212,47,0.188282792042953,1.75069285803336,-1.11930405713079,1.99075486049237
213,47,0.419872269747088,-1.15905324969732,-0.552078384378216,-0.254893972902693
214,47,-0.199135029090045,0.581758378667084,0.75513716338957,0.475199506467429
215,47,0.384961190898267,-0.697924881722026,-0.718944331062541,2.03545637651825
216,47,0.702572308878629,1.09379943851193,-1.08926456159083,2.04681987539603
217,47,0.877245862611446,-1.01510824871893,-1.89910277911486,-1.07646957972641
218,47,1.21138953718208,0.67909260836707,0.122357287431017,-1.29085171482726
219,47,-0.492277673597955,0.0995386986448604,0.113561686108745,0.740494161131044
220,47,-1.955334675046,-0.168331405737502,-0.327296318458722,-0.375395258910266
221,47,-1.00151461228875,-0.998994931017653,-1.30597330824292,-1.15222205678759
222,47,1.2869228019521,0.410846122279538,-1.59592314416318,0.599061684449852
223,47,-0.423501402643888,1.10524429978486,1.96823282229248,0.435217751565807
224,47,0.280661833148066,0.517806334851059,-0.286249909690973,0.316853021224932
225,47,0.203302991594258,0.931309175350426,-0.346612595679122,-0.987431868027827
226,47,-1.09914358811769,-2.19925303501985,-0.679925360700371,0.185046986997999
227,47,0.101302501729349,0.0167044968573913,0.428881024350299,-2.98836992889634
228,47,-0.693388195431832,-2.30549113252719,-1.24416377384136,-0.386012357190508
229,47,-0.464537117271755,-0.120817400892064,-0.525891395855969,0.222278127629387
230,47,2.18773541599397,0.225704347289607,0.621977805691581,-1.09170680540286
231,47,0.961899057204942,-0.0223398765184726,-0.0451021166257317,-1.7641191323234
232,47,0.434748728420486,0.569402123701235,-1.03982964621376,-0.541753622100571
233,47,-0.699484458707518,0.6015963118579,-0.95983032482842,-2.05459330362852
234,47,-0.365591260161537,0.394608216892966,-0.7351302254431,1.15494083605838
235,47,-0.470967319155579,-1.45867530771226,-0.571338650003734,0.592619738448409
236,47,-0.284752498544739,-1.58222732973626,0.480640729441041,-1.65992962724523
237,47,0.426889841783632,0.66969956812347,1.53914006507802,-0.126647283273033
238,47,0.955390422734333,0.0814582052529914,1.11511979477858,0.0504160048429606
239,47,-0.406004360793061,-1.87813950247377,-0.836070240080473,1.0252972152409
240,47,0.886675739373055,-1.53767026180865,-1.687967652985,-1.04503105718401
241,47,-0.631904802451085,0.160871630449691,-2.12992285195346,1.06795294786352
242,47,1.08220330464009,1.4045156654974,-0.268844963156077,0.411131050075484
243,47,-1.4477606651672,0.535886052117321,0.369550150709584,-1.32957228964151
244,47,0.0569811302334562,-1.16416586853971,0.136222967991214,0.105380906351127
245,47,1.29759455627397,0.997542153915152,1.12493415755158,0.121798156895279
246,47,1.49552371560485,1.02018886149611,1.16479898078344,1.06199313998359
247,47,-0.547787681571696,-0.24493640129571,0.0698906867811328,0.0588238685599441
248,47,-0.614600969061861,0.111182779431673,-0.035462453340468,-0.163575567571138
249,47,-0.743905641209187,-1.15916274704008,0.884996919039507,-0.105504609861962
250,47,1.31365200096648,0.838598707303978,-1.13831096100367,0.455079053940518
251,47,0.410376892773269,-0.0244426878086672,-1.60945437524478,-0.592227822059393
252,47,-1.84483410228762,0.82197965529796,-1.70699195327782,0.609121053976231
253,47,-1.30405658789843,0.740963169407636,-1.19955601237644,1.71851944473874
254,47,-0.0649658411027038,-0.363700418469507,-0.276399404575031,1.12731573602272
255,47,0.911201400104752,0.259025489464464,-1.61623067866708,-1.72077647615593
256,47,0.604268722529855,0.528646478708721,-0.116672454248266,0.302938545354943
257,47,-1.19045879015639,-0.194438006679925,-0.392414268256961,-1.84228738162617
258,47,0.868024506033579,1.79688779498198,-0.899068685831409,-1.12982230037173
259,47,1.04717437136359,0.551050819472741,0.336246374016244,1.16588015378318
260,47,0.823446031809004,-0.328667197235623,-0.729977701294224,-0.893393366729633
261,47,0.130899385074051,-0.120869647548034,0.365814620595859,0.413995860371005
262,47,0.00891334785477753,0.350136793378304,0.0279235878543105,-0.667374754248849
263,47,-1.04185224536996,-0.458941952209544,1.04867090364693,-1.14952923970447
264,47,-0.59717472549796,0.026790066998402,-1.01892986965109,-1.09259269731677
265,47,-0.935515515190914,0.0654036731586204,-1.55735734518894,0.672127463192993
266,47,-2.34207239910738,-1.31918916436997,-1.54303213068327,0.25676340498995
267,47,0.370422786019002,0.594362965155295,-0.253140485889471,0.0762488292546462
268,47,1.07789458792931,0.996898463091843,-0.408813860235352,0.131263819358783
269,47,-0.672650977918947,-0.726712953084002,-1.03806774842905,0.552869236764352
270,47,-0.951795160923007,0.48523384861453,-0.60304874597499,2.58393917090198
271,47,-1.68007090733952,0.136287110039842,0.0752992153243986,-0.38395420441841
272,47,-0.858307278922388,0.072942918314752,0.274256484271023,-0.573234611423741
273,47,0.643559004387622,-0.994677244901511,-0.510471113301338,-1.88486923276659
274,47,-0.305161959913245,-0.0346622475743197,-0.201613477925127,1.85528944850058
275,47,0.646709860542105,-0.0456392814875877,0.846706278288562,1.26919645297087
276,47,1.33347961639433,0.298662125144285,-0.531574573618718,1.01444277498909
277,47,1.23822817232962,-0.568075581399112,-0.925302979137335,-1.19822347482329
278,47,-1.74721498226762,0.548073266066495,-1.17525437507486,-0.293630622269199
279,47,-0.16644970793458,0.219494270168123,-0.305169573405273,1.76569516955876
280,47,0.205341757264442,-0.314385893123712,-0.0596189871751904,-1.1751824627102
281,47,0.38595050323186,-0.35659068846609,-0.731304038350234,-1.22919368468619
282,47,0.556337848714845,-1.15710920923613,2.06510140836067,1.96259631270301
283,47,0.630734040742577,1.96757974168982,0.186930796250528,-0.0599227775618135
284,47,1.00729847361854,1.58821070022435,-2.30216620190464,-2.20567561968338
285,47,0.227800344962991,-1.38787990930687,0.455490186108968,0.207944660229274
286,47,1.41425671870452,-1.11686384844056,1.35319156843949,-0.551615742920184
287,47,0.587954141635506,-2.40121760029196,1.54125214667044,1.84602445557536
288,47,1.3759135215818,1.45121289895732,-0.170418203126632,-1.1118731699973
289,47,-1.10292010105231,-1.96487998268117,2.01582384434613,0.568937532182468
290,47,0.560743107186816,-1.66104289751755,0.746561845840246,0.705407022584478
291,47,-1.00785669877658,1.04369793630348,0.762925941295312,-1.19988307021701
292,47,2.78803931031485,0.716052655472598,-0.599378779952781,0.177933923949862
293,47,1.89205673646744,-0.480667663285079,0.0542108439741646,0.0281952226093892
294,47,0.590857296580962,0.339147628423958,0.41550487473536,-0.664887471107475
295,47,-0.618197483691059,-1.91386308229148,-1.69419008093765,-2.34494626530128
296,47,0.156689763768948,1.48112739798064,0.874519807519905,-1.5025751468929
297,47,1.20562416773651,-1.92391492913009,-0.692446295801794,-1.38035497697137
298,47,0.660887994995599,1.48178858482246,0.516148353187564,1.39852181086422
299,47,2.0808254951984,-0.633684269454146,-0.41674779092458,-0.1372589923142
300,47,-0.686538244304467,-0.0489455869530487,-0.133095325922291,-0.437839077671227
301,47,1.37175264548175,-0.250939707182155,0.91877019725234,1.23173787012242
302,47,-0.90056716644272,-0.458300407678161,0.325385258360535,0.133327542723299
303,47,0.662830210496698,0.847285527462682,-1.67761596076176,0.714758006220726
304,47,-0.626482402585554,0.516362879521376,-0.800919262680924,-2.24303519621047
305,47,1.04262220377644,-0.0701834431346968,1.1027756549922,0.313256912575213
306,47,-0.935061473928553,-1.17911955853685,0.342261165955834,-0.187692767894206
307,47,0.893102065605523,0.120403255626218,-0.252823786805129,1.05740187587517
308,47,-0.750740024373709,-0.688070531249417,1.10476114181033,-0.217248463938766
309,47,0.414371397717566,0.242947568534594,0.899635232622465,1.79963286540622
310,47,-0.917519570936478,-0.588396770997207,-1.00530471891927,0.0159768081755581
311,47,0.206372375528897,0.724087686597719,-1.13540438086793,0.624194168763622
312,47,1.38015336891207,0.336487079525848,-1.71054105463947,-0.153744767876908
313,47,-1.32507381054306,-0.190279405040695,-0.0045102679038364,-0.542119088692315
314,47,-1.7926480164794,0.132559190787857,-1.02849130090016,-0.360739537279318
315,47,-0.248998848762637,0.428791231186813,0.320457035048488,-0.511769752012861
316,47,1.39920514744011,0.120377694701602,0.22399423041073,-0.18747157439868
317,47,0.217959552399774,0.450989185828566,-0.613450844619717,-2.21874174197371
318,47,0.436970365394212,0.66376634024861,0.237673410955144,1.14355120436511
319,47,-1.02227303599893,1.51442822326761,-0.108334628367654,0.630137278273279
320,47,0.253252354943944,-1.14190695258315,-0.669532069837082,0.541225114024193
321,47,0.360240673024794,0.609149675384031,-0.512755032572026,-0.306470297071023
322,47,-0.501882170150661,-0.554860712743634,-0.700419087094369,-0.360930683332294
323,47,1.49405465553755,0.569367518310631,-0.130023249567785,-0.286216194570573
324,47,-0.67161360809471,-0.944698713397408,1.04862669011424,1.67564511333632
325,47,0.83165829398383,-0.334826285123299,-0.804337063660354,-0.363019084412605
326,47,0.752509306494667,-0.445070039727328,0.335322897195442,0.103628327980049
327,47,-0.869832567286813,-1.76427938194915,0.666593840935549,-0.971720179176972
328,47,0.850193254332893,-1.09779109229852,0.0681542905930491,-1.18804088032915
329,47,2.02016539691737,0.845333986691138,-0.595062378394424,-1.85015446193639
330,47,-0.391287803573323,-1.76403860180096,-0.736709171318529,0.0164370012821028
331,47,0.681016936082185,-0.448440561758179,-0.412705744064735,0.367981600812515
332,47,-0.215380035113488,-0.400792524080504,1.24866964010262,0.258423948697587
333,47,-0.316255189196945,-1.45732424583942,0.995301859409597,-1.02786798153769
334,47,0.644103411823219,-0.364419109561585,-0.580485947900035,0.59050896800286
335,47,0.980217556423442,-1.10445408502426,-0.4565597534464,1.3214508046457
336,47,1.51976599150176,0.956823179780458,-0.929048498840539,-1.54178354460915
337,47,0.0725101929285831,-0.140272530234648,-0.432127139390036,-0.357886380830691
338,47,1.32805589196866,0.991387448694828,0.197302843556656,1.30825774723485
339,47,0.611303013381167,0.865080595785437,0.094719354099127,-1.32144551421954
340,47,1.20910908526986,-0.305802769598636,0.485090193236377,-1.45260825946587
341,47,-2.32985121402795,-0.987453280849972,-1.11789551653406,-0.569862747477304
342,47,-0.16063678338942,0.394329416389093,1.08894600210896,0.197205866159333
343,47,0.850717821616332,0.0283967323728275,0.778203433414104,-0.0803958015796688
344,47,-0.284320304400833,-0.982394150463496,-0.259071739711862,-0.343813761486181
345,47,0.704608181310225,1.74710967183198,0.990764912096206,0.978715074096965
346,47,-0.970339241583766,-0.946249734169916,-0.406974914224174,-1.90666041692568
347,47,-1.94232578177389,-0.66049112173699,-2.34241708020685,1.50650430834874
348,47,-0.577063392283246,-0.509427494212474,0.0531300738180565,-1.3453782732431
349,47,-1.39541326419344,-0.433958934337657,0.11833617023823,-0.967337155282842
350,47,-0.472467732007567,-1.81051618616926,-0.62654757699798,-0.611605581929987
351,47,1.48932499651872,-1.90845919763693,-0.624749404514974,1.19807235770429
352,47,0.0377285253737999,0.949686077083266,1.40942086954585,-0.020408360224341
353,47,0.34522183838858,-0.353679720734242,-0.0732496010324026,-0.435817878102538
354,47,-1.76637097172433,-2.42492785518776,-1.87592519037142,0.0930117216192002
355,47,-0.258985495121149,-0.515612598706655,1.30175324750922,-0.68676963595991
356,47,0.615090568723536,0.850627070895044,1.14366602549488,-0.629744435797969
357,47,0.234660239466479,-1.36396109073197,0.587282603446541,-0.544510076613663
358,47,-0.806704248750889,-0.293833451786674,-0.203952768390761,-0.700572616838938
359,47,-0.211276345223887,2.76306114136662,-0.463343043716278,1.0466755498915
360,47,-0.999354836271167,-1.22828709237666,1.02454257617165,-0.605853629089975
361,47,2.05330341538794,-0.114654603943537,0.818298411174505,0.645165303467381
362,47,0.689577589550535,-1.44853815388888,-0.116951099983639,-0.243997847567404
363,47,1.05176350584874,-2.24941796819294,-1.16245982461847,0.971419631494491
364,47,-1.6723269877516,-2.01165033079679,-0.394723816582406,-0.613544638551771
365,47,1.05511268422973,0.90985832465819,-0.627351376170697,-0.721367671482904
366,47,-0.907786457550746,-0.245168350463168,-1.0551248745842,0.84824233455289
367,47,0.695772280646465,-0.0423130588131823,0.416674060634685,-0.600725264414905
368,47,1.08968891634292,-0.108026353334405,0.45174286787473,1.16319218320126
369,47,0.794629821325047,-0.971397866914065,0.30070363851247,0.581843513530857
370,47,0.190537621653784,-0.598156118791071,1.62205478038305,1.04623169919424
371,47,1.23519481156052,-0.774231387072795,-0.785024196323766,-1.37929982774821
372,47,-0.098936721982898,0.389640837105871,-0.242784575219707,-1.22639841721557
373,47,0.341244783663683,-0.0133891401073504,-1.03834564247076,-1.02508997531665
374,47,0.680958547356766,1.00769847428113,1.03554189170481,0.658689851842058
375,47,0.0430897756991266,0.163524538391054,-1.7119124658312,-0.895398838554283
376,47,1.54559086461971,-0.299815232846528,1.02089921285373,-1.4647361723838
377,47,-0.518841063010251,0.404246405716919,-0.29042010181884,-0.769971727664892
378,47,-1.35750806426581,0.408381459784421,1.28651757592465,-1.45232265777204
379,47,-0.0919671052393518,0.185988206669239,0.481730988887112,1.35795470677305
380,47,0.0496245602521862,-0.599466001756508,-1.09534816074769,-0.953018179760015
381,47,-1.10362014818239,1.11063163095811,1.3152390662313,-1.31985701680409
382,47,-0.683474526797267,2.27338863321349,-1.74883046367968,-0.271746973972524
383,47,-1.09185010366282,-2.75365038543614,2.32130835617379,0.324720892333229
384,47,0.366574201818148,-0.582548498919875,0.952649108248676,0.105389982850909
385,47,1.0437689214292,1.87592778087231,1.69035779884688,-1.96217359984719
386,47,0.325846743313839,-1.29161456569984,-1.51017090384528,-0.438446138795051
387,47,0.686587191187735,-1.66487906465174,-1.62074393792391,-1.26452008741304
388,47,-0.748680258282685,1.09696221322375,-0.957939793298212,-1.39338398405865
389,47,0.326101922297878,0.850303402979188,-0.517285257930827,-0.843790911340239
390,47,-1.41814414513833,0.832752713708312,-0.190376203152245,-0.458511916747179
391,47,-0.186835218323958,-1.75583313210257,0.2062645138342,-0.781237130886827
392,47,0.341282029164338,0.0605950125819475,2.23607484380989,0.690448650755096
393,47,2.3668891028256,0.589949986157556,0.121596969560922,-1.4782648593247
394,47,-0.365672442864174,0.318507518699713,1.02704246562545,-0.911005299980313
395,47,-0.883304492407669,1.41036105867864,-0.998186197447723,0.0500580558318247
396,47,1.92238515630642,-0.735312731468042,0.0310676051680525,-0.729801188828855
397,47,-0.203045738462916,-0.357882666440329,-0.465113882258671,0.507573312748975
398,47,1.33137796685979,-1.30077044283248,0.78729880307545,-0.252496758494535
399,47,-0.483829194239677,-2.28394615635071,-0.119870607885254,-0.0534196511886949
400,47,1.58039411466653,1.53969369145284,0.366126636174679,-0.762906750059167
401,47,0.138749175189398,-0.895159438358676,-2.02032178794447,-1.40238443609568
402,47,0.760712811508288,-0.473720109291891,0.0649171804634635,-0.829152708870139
403,47,1.01070293939967,-1.22135554916366,-0.9026893990273,0.28342353293232
404,47,-0.251923500309921,-0.999675458982386,-0.704290672267474,-0.519128749014996
405,47,0.327688552940957,0.0183521745703663,0.455102330226869,-0.376942272425699
406,47,2.11017418728744,2.04772985816318,-0.311807899074105,-0.115287173662817
407,47,-1.12576718494283,0.526862002397841,1.29604557068056,2.09920470503729
408,47,-1.26036811352334,-0.619501596522781,-0.918145753053225,1.08750423565951
409,47,0.559492747080152,-0.685907979038902,0.397876440090509,0.750566348057579
410,47,-0.795565240899068,0.669904844656202,-0.241568834834925,-0.250495112610951
411,47,0.53140729608204,-0.678122252506589,-0.47820823672864,0.884365461187468
412,47,0.821893831638843,-1.36252634265171,1.38167257566375,2.09923036813725
413,47,0.905758332325677,-0.0553328029544426,0.626515187981304,-0.149187027665688
414,47,2.63602231352162,-0.732836977957237,1.69611922089325,0.11796194882771
415,47,-0.375748002351922,1.6436243950581,-0.887884522031572,-0.343794638469589
416,47,0.465692384678012,-1.01374234245532,0.310908210719665,1.04193065574305
417,47,0.231506663685393,-0.291547670961112,-0.963945928802645,-0.319903101096516
418,47,1.24599053637472,2.65030222662826,0.334622268022281,0.933649303024627
419,47,0.316458472442636,0.633832714973095,-0.617840492856955,-0.316468793864959
420,47,-0.217180326605349,0.415156921649324,0.963836357231743,0.805304684414615
421,47,-1.12768494636517,0.524565382804942,0.684763320063219,0.125598139587723
422,47,0.884216479393254,-0.245334374312209,2.12993787749275,-0.0244362241811912
423,47,1.0392515953724,-0.725755753057023,1.17577443119565,-1.56924664559159
424,47,-0.152953928138456,0.549780633699577,0.810854932186939,1.38032518789823
425,47,-0.508147411137449,-0.411619833220736,0.640203331056685,-1.29832573579504
426,47,1.11619123456917,-0.295390170140737,-0.369406030277412,-0.88430696035161
427,47,0.511622602297517,-0.658633740305269,0.271218156340901,0.315771782175559
428,47,0.127676571764828,-0.294848381321981,0.623236841909896,-0.656209542909891
429,47,-2.15629130173517,-0.426923140476511,2.44815497038593,-1.70289802201521
430,47,-0.969207200892769,0.666115960372845,0.696272121413085,1.46993049799572
431,47,-1.89705325322527,0.660746303138235,-0.733984064997917,-0.371634128658143
432,47,0.323197383825084,-1.49613115990454,-0.996472752650029,2.42322512951236
433,47,0.664327157302335,1.13292081181183,-0.388679981017221,-0.203197955341501
434,47,0.0747456992190677,-0.728067594683899,0.326750572911636,-0.349328118940111
435,47,-1.68931932655692,-0.453005073285554,0.883478713003401,0.503681872668927
436,47,0.957213957510582,0.219328921300517,0.875413454364968,0.632713664928332
437,47,0.647226916663333,1.99922317260278,-0.289974531321651,-1.71577835639674
438,47,1.7070638969566,1.5349685052828,-1.60668259412762,0.210242310547963
439,47,-0.242249917412074,-0.0539999928776757,1.00632169374101,-0.60630349717312
440,47,0.283406717173411,0.934484334267146,-0.728523769051805,-1.72813580615381
441,47,0.178390806807138,1.07677772524582,0.455462379141109,0.820415371196011
442,47,0.416589569537064,-0.380494946621647,0.126199407857923,1.05726932134262
443,47,1.33800399599175,-0.175175919407219,0.287787211392812,0.813630463900021
444,47,1.00432856932088,1.16001845489865,0.105860124501084,-0.0322181328684648
445,47,-1.91943768474424,-0.0675686904525681,1.29078096499975,1.18904373952403
446,47,0.121111466971438,-1.46314166444512,0.0913543898373859,0.765758290376201
447,47,0.194519373573328,-1.27033573988252,-0.645205227383916,0.560667281720262
448,47,-0.121569953358307,-0.168022586320452,-1.00707406116209,-0.469069813943175
449,47,0.0500707517404901,-0.0563539811928178,-0.547897786974225,-0.427390261473553
450,47,1.03279749353191,-2.71857840422236,0.21760975727268,0.686434084512678
451,47,-1.05431769553771,-1.51349778210814,-1.07949788673195,0.433751405156559
452,47,1.14049411742798,2.33007391099484,0.550737363827568,0.947373955940689
453,47,0.749088791681974,0.280458126151247,-1.17814931645393,-0.350079869691372
454,47,-0.396150365339313,-0.764120365953525,1.50079245744361,1.14473783001103
455,47,-1.72983392386334,0.717154637319938,0.937375535948447,0.621645151384958
456,47,0.739090519164477,-0.571925179166242,2.5874895097124,0.752305740446503
457,47,-0.0751217130069394,-0.428285268310169,0.483504056097589,-0.740020153807358
458,47,-1.42241129723042,0.5512761522834,-0.320060024544326,0.174683434574217
459,47,0.571137739462043,-0.597074258674544,-1.42690051111333,1.17563603698495
460,47,0.358111348819112,-1.56908931937764,-0.287034420714293,-1.03430560743273
461,47,1.09598361985121,-0.336845190490053,-0.380333732579424,-1.74039861410309
462,47,-0.914413158614296,-0.575364783169285,0.293061134371688,-0.909374709932759
463,47,2.79200780282106,-0.832865799407484,-0.576663442473753,1.94742553453059
464,47,-1.34614370273776,0.220376003333595,1.3500291096595,-1.32624104863068
465,47,1.61434678517547,0.751285358358338,0.919904081674117,-1.51792089814609
466,47,1.02657530012969,-0.28080589735383,-0.70649380215212,-1.58418837080193
467,47,0.230124955280633,0.79850249274194,-1.38202458304437,1.66424753097587
468,47,1.10667637478344,-0.720772852684877,-0.719543156230727,-0.136078978781217
469,47,0.138930829545683,-0.842860655917182,-0.353403955463827,-1.18476427970429
470,47,-1.56913600000466,0.261579498552088,2.41976647356026,-1.41260409443065
471,47,1.73568815524836,-1.17835826359293,1.33431484406573,0.378959537508983
472,47,-0.00444337185693409,-0.0519603850264438,0.746905437286538,-0.95991155210312
473,47,1.43709202976155,-0.124720873737488,0.149223258741439,1.12292144262802
474,47,0.338008229672461,0.0539634922474794,-0.418147468077399,1.53412305733429
475,47,1.16580745445335,-0.547630116382153,0.125575384469233,1.90433948645617
476,47,-0.514076055258786,-0.91452507254071,0.864999484038704,-1.27140576171035
477,47,1.42097020319415,0.72957100528992,0.575065992914567,-0.494249440276376
478,47,-1.70679674582861,-2.03541213389428,-0.379502753546342,0.050135684230305
479,47,1.37114969652516,1.22827716901834,-1.43688882172387,0.816063729564705
480,47,0.862232987170459,-0.172587659984342,0.175784878798353,0.159504113644698
481,47,1.11438745821778,0.199619679589658,-1.14565772448854,0.635777721742038
482,47,-0.418714674779883,-0.455697243782573,0.412446383961457,0.168009833040309
483,47,-0.229367777750426,-1.072301699524,-1.48599197011406,-1.70465621094299
484,47,-0.391556782320441,-0.774543073318619,1.05297878728899,0.123050367517317
485,47,-1.05402771258243,0.390823761007789,-0.0393095731777154,1.71198079837649
486,47,-0.429207420535999,0.132062791571765,0.0402336559953539,-1.74793886388924
487,47,-0.469840411861897,0.401956834110762,-0.00167548733419062,0.438996553571989
488,47,-1.1836674636746,-1.1034444254819,-1.28052246608839,-0.2204872265173
489,47,0.399439557953523,0.507999332788714,-0.809495619651436,-0.525036995606302
490,47,0.433882775456031,1.0916109088426,-0.644720148845023,-1.00201033560041
491,47,-0.079959826912065,0.412438869729803,0.491494137813609,-0.036659719081315
492,47,-1.32581905885017,-2.09949158701881,-1.01097048360092,-0.660991491682652
493,47,-0.452947695379708,0.218981060549036,0.216464934984239,-0.37503076004628
494,47,-0.0665156558363403,-0.529275189022769,0.611744059991767,1.2041162681398
495,47,-0.324102908517966,1.80785358015343,0.987688867677964,-1.29852641794506
496,47,-0.304485980729819,-0.434297067984932,-0.396552749543431,-0.114859232848459
497,47,1.15562805368048,-0.0353960149288758,0.748956510791691,0.609492071753071
498,47,-0.358326896562604,0.495819698537856,0.22904321259118,0.97996116991654
499,47,-0.15332083104485,-0.271730654394399,0.950120910886089,0.616642165644047
500,47,0.737564171689333,0.533004445613004,-1.08373580295432,0.536529271218284
1,48,0.495814432825004,-0.95280490005472,1.02357813079052,0.00796101318658056
2,48,0.0670166499837981,1.1001018521923,0.0355686644138233,-1.12324870396539
3,48,0.266286230954985,-0.502799452824054,1.34157870984359,-1.37807174378349
4,48,0.728887496078988,-1.28941758833785,1.28381222169127,-2.55302190735955
5,48,-1.1828384229343,-1.12430959533268,-1.68280253389838,-0.194021424504405
6,48,-0.878290556617182,0.526110943572176,-1.32564841376632,-0.810996999535415
7,48,-1.07745011529419,-2.00296342793798,1.34152824983366,1.02313641289289
8,48,-0.530758219629279,1.92526216308601,-0.69916958489644,1.24308430378107
9,48,0.525384367719123,0.196639020429687,0.623033577476734,-1.76968681397901
10,48,-1.42859125816974,-0.600920583192434,0.746461264548508,-1.55822210261912
11,48,-0.835859041111916,-1.36206019601667,-0.467378323852056,1.42940948422945
12,48,0.465317854903247,0.429035745223003,1.62310454726257,-0.18409363495911
13,48,-1.07132747857768,0.401603353469791,-0.0641766847341538,-2.91033854686469
14,48,1.87026504275104,-1.32307776722335,2.55743093590103,1.14134028300191
15,48,0.931958242874313,-0.437212658131799,-0.698895506068373,-0.346228486160727
16,48,-0.804136422865528,-0.993194214671072,-1.53486868416365,0.36241284621605
17,48,0.393317117747475,-0.955157906565685,0.629416509338709,0.78464888757832
18,48,0.103346468564084,2.36804804674726,0.633932693547762,-1.51264347845309
19,48,0.577273978351098,-2.38493423381523,1.79199258264787,-0.393914001193694
20,48,-0.327198913235326,-1.3801733831679,0.840303943474826,-0.598601420499817
21,48,-1.0685790615028,0.691869306077825,1.45659486235452,-1.15115484286035
22,48,-0.667625913349197,0.232630897266604,1.8286910699273,0.859874046903043
23,48,-0.502016972761474,-0.807343809811122,1.25003465197091,-0.0693885952694761
24,48,0.903307532405931,-0.478579916991517,0.132107460652434,0.0293722358767654
25,48,-1.75740514324555,1.78576603300193,-1.34924935675777,-1.78710175058672
26,48,-2.67322555573439,-0.276811088214966,-2.02550967679998,1.55436592834103
27,48,-0.384554015164783,0.168635412309803,-0.139736181628229,-0.524921963786968
28,48,0.0406113866105687,-1.31082672714086,-0.282866151591395,0.167259110340637
29,48,0.64178793359252,-0.465788068246319,0.0969459871437964,0.73346031896009
30,48,0.924667653451501,1.69172884375572,-0.528191090653085,-0.198169539757035
31,48,-0.25424382743601,1.35984290134494,0.177878431857148,-0.0167620509377806
32,48,0.598019990283329,-1.0656176272181,-0.331203622351631,0.550578071219784
33,48,-0.413776677457687,0.403826668101238,-0.511250800367627,2.29914929752564
34,48,1.61956584563793,1.92323412135665,0.407505033740409,-0.418413863048558
35,48,-0.0149687986457532,1.35636983418164,0.232686380431422,-1.29768948591824
36,48,-0.110876431891169,1.08739336434237,0.856696806431864,0.536511602895151
37,48,2.67184722771582,0.139774251819582,0.233498824033616,0.363197235381761
38,48,-0.498144701569214,-0.83848374731614,-1.06975026038774,-0.420476684453775
39,48,-0.76489918570567,0.698497604462357,0.621902235617242,-0.227389058624597
40,48,-0.913720066939219,-0.0249317076789288,-0.169743657237425,2.1407908898656
41,48,-0.502834020479619,0.158873320161326,0.483660146944135,-0.159711004358027
42,48,0.0350157349337168,-0.235250933852417,-0.667631089395163,-0.220585099276441
43,48,-0.357585370026987,0.361902114592777,0.208136883659707,-2.64576390054394
44,48,-2.47900281976264,0.334239921883733,-0.218536367709547,0.0375864400689229
45,48,-0.0996735471193171,1.99289475742857,-1.00426676272853,0.0497918427332007
46,48,-0.553618350797367,0.868967416990947,-0.977613354240799,0.303115248807825
47,48,1.42429078286189,0.445348317099985,1.34651225789787,0.442092490390328
48,48,0.991393991652302,0.0506632076101157,1.6110803348125,-0.814276202551798
49,48,1.3966760652456,0.14953573255586,-0.502322661136057,-0.474204811878701
50,48,-0.790337925543011,-0.0412867367087543,-0.792470739983367,1.12905383903787
51,48,0.674544630460024,-1.19359553814281,0.158282222173315,1.00834568255267
52,48,0.361895920435566,-0.106630488838898,1.58882269593826,-2.55149898457004
53,48,-0.43369667577354,1.54304673546759,0.899795505966133,0.200752869305537
54,48,0.92828127317895,0.597717665479332,1.02872085049375,-0.723660028970462
55,48,0.0501122110871774,0.112232038935941,0.346249864652728,0.994974892400144
56,48,0.494243463188921,1.33087254515964,0.34189699492963,-0.809712584323354
57,48,0.300553932291953,-1.17663383738539,-1.35807227150474,-1.48370641611089
58,48,-0.792514118232389,0.0421231494834743,0.112657468258526,1.30347759433331
59,48,-1.14805690925119,-0.0855565922538744,-0.195150957248909,-0.757272362515555
60,48,-0.454768893994367,-1.74709125950491,-1.41681125500179,0.252673609537255
61,48,1.18086625094726,-0.46776760872986,0.350491936677635,0.0758987762770701
62,48,0.584332353143065,-0.901106079858798,-0.191865006304774,-1.14562593639864
63,48,-1.02370958348304,1.0369136227304,-1.03102029766774,0.59166534727268
64,48,0.0103449402479522,-0.718859080039455,0.483315631440068,-0.429271944252753
65,48,0.198932683459978,-2.10631033070014,-0.472960123228277,1.53277156533966
66,48,-0.499459746079577,-1.16763608629918,-1.09723943380191,-0.530516131769328
67,48,0.824464371348434,-0.741356267221967,-0.360457152171883,-0.00769064722977992
68,48,-0.818297135025853,0.0576061922671838,-0.683199457457516,0.65356632718957
69,48,-0.937316110463087,-0.36094948004199,0.241717864290482,-1.5227178630009
70,48,-0.573670971125191,0.150101070355685,2.07082368897445,-1.74498337286823
71,48,1.82518138921372,-1.23775615172615,-0.353650456263647,-1.05111985701816
72,48,1.16096323414582,-0.347572365751876,-1.87931073262683,1.05058608325238
73,48,0.139991807890157,-0.725788473967677,-0.253891997233604,0.145133280210211
74,48,-0.0614548710308911,2.27206341475116,0.116927786501304,-1.53420640123013
75,48,-2.23997795808074,-1.32025040197486,-0.281991082909036,-1.20464377732833
76,48,-0.621578182701946,1.14884132916108,-2.08093953976427,-2.21776458777445
77,48,1.01277363106572,-0.516435422999013,0.259163907355696,-0.848862483522716
78,48,1.51023888005387,0.710118986817887,-1.47874021984617,-0.674022187030772
79,48,-0.0918171164423403,0.750697392898889,-0.405476555199863,-1.50153379525133
80,48,-0.7155796998609,0.757103622731839,-0.697650148307399,-0.128105032253667
81,48,0.0512087394657328,0.842121477085732,-0.34600123802948,0.258287227095062
82,48,1.56783572839622,1.19519166673012,0.462493843476403,-0.295865529760996
83,48,0.381226419863157,-0.0338909813130548,-0.875574855782495,-0.0221404488458329
84,48,0.290011722376546,-0.266325410634297,-0.191144766030867,-1.95140970464825
85,48,-1.22023006504081,-0.399386407948411,-0.00706620863668835,-0.997746012038146
86,48,1.65512029311018,-1.49022305595516,-0.692705309202288,1.09974836788043
87,48,0.27284307246062,-0.244012463114176,0.569098685748977,0.625103881171032
88,48,-1.00478820417033,-1.87749498804239,-0.873325421232055,0.216192095304311
89,48,0.315332045605403,1.00460967812177,-0.246809967300463,-1.92864156082178
90,48,1.07700572851423,-2.4243680472787,-0.738455289650657,-0.837748592493443
91,48,1.50422252162297,0.219465711173137,-0.674815127209764,-0.839117735651485
92,48,0.939898904326765,-0.286107454764003,-0.304964133916912,0.105500971472759
93,48,-1.29522403792228,-0.0973490359273977,1.43094745120188,-0.489582485258439
94,48,0.618478189215928,-0.87817896711881,-0.739331116331703,0.0791297141829924
95,48,1.29735634679547,0.607085333505654,0.377587821294285,0.504125341396824
96,48,1.31508089517992,1.50057125624021,0.908880724295429,0.775731682823563
97,48,-0.394076776800111,0.580723497585064,1.21271623250452,0.563417730876564
98,48,-1.07261735041807,-0.250570421198885,1.22945960097359,0.495270483268911
99,48,-0.7519973307424,0.527336250403562,1.45629758253897,-1.061355130564
100,48,0.720314996303287,-1.51775513371058,-1.73400919077013,-0.943015468520832
101,48,-0.402924997710033,-0.294179009726985,-0.787661945053675,-0.196419063510356
102,48,0.63281562901176,2.03124844230865,1.42117543560893,1.57351125204395
103,48,0.458121385024599,0.860730637672032,0.831312064295908,0.777451076741079
104,48,0.957630487654025,-0.432200350588838,0.0155563012071603,-0.800932225468603
105,48,-1.21450053841623,-0.21794486480312,1.03412639521527,0.927295469838761
106,48,-0.384152271404524,0.492500887595,-0.870117279340687,-0.65009152992768
107,48,-1.34805315753859,0.188598143563927,1.16043412024734,0.421655814496401
108,48,0.612455649012652,-0.625413727893159,0.0562073452219446,-0.49489062807307
109,48,0.592336852408223,-1.07971858797614,0.0427185441882177,0.122698592835761
110,48,1.47223077736054,-0.358401709556521,-0.825993363986059,0.656145488103984
111,48,1.53584332840037,0.814401850703582,0.218510713202652,1.48394105798623
112,48,-0.752763166144294,0.784081069942293,-2.31006165721789,0.20465800212521
113,48,-1.13778433340161,1.32022363938693,-1.04285205981187,-0.961916488941602
114,48,1.73896954680477,-0.783367724894817,-0.48319188497286,-0.277221777835616
115,48,0.742405264619989,0.223430866175545,0.230539396346556,0.638949118665612
116,48,0.525140706835017,0.391718113102907,-0.159399066852313,-0.903932271884184
117,48,2.01513166769038,0.023138124594116,-1.16633725888367,1.03028941454634
118,48,-0.554019530622202,-0.688863561688737,-2.1175709172185,-0.0597516477590912
119,48,0.271569283174788,0.352433811826663,1.70445167977239,0.865766953186631
120,48,2.22536048734948,0.465001633720927,-0.633299925668542,0.917840228715627
121,48,0.499972891577504,0.604991055728798,0.939333077314729,-1.0167573590869
122,48,0.15504068380011,-0.836611909135171,0.78093300623577,-0.205799718884391
123,48,0.3497544986293,-0.689366032812977,1.89564427245965,-0.309390129322996
124,48,0.381557933962726,0.14233870570975,-1.16494143227709,-0.0379168175475962
125,48,1.07012714693654,-0.233397458225678,1.08572390539659,0.271662968743662
126,48,-0.816490663616543,-0.535943747281859,-1.28301640712719,0.752673383492728
127,48,0.682591520635574,1.66059664959484,-0.913570445491758,1.71934277196144
128,48,0.851953177839408,0.174306396045511,-0.651384517362636,1.28885519952398
129,48,-0.198525110685958,-0.408144018242611,-0.189714206653864,-1.08318695141826
130,48,0.635037216477926,-1.09614528325397,2.90908268614404,-0.398353928742193
131,48,0.778930146128292,-0.665708903764612,-0.0548253237988337,-1.04347387877243
132,48,-0.976605053719677,0.681268187876431,-0.382917551002399,0.650155495774944
133,48,1.39106691584373,-0.0358716841368753,-0.0183813433249066,1.4947116599389
134,48,0.232916241756259,0.101688495877607,0.0729879359100819,-0.942917355869743
135,48,2.31311753134198,-0.410910214329864,-0.430603069853872,1.20026254361671
136,48,1.75982222867596,1.49002928678286,-1.17978870961942,1.62454782022329
137,48,0.264766870055292,-0.664410713623898,-0.221746543832378,-1.36071697356012
138,48,0.88066444619372,0.663744430559137,0.622036531808073,-1.26675131056848
139,48,-0.950591068206166,0.779709748545589,1.05185015965153,-0.751691025814608
140,48,0.852836301275721,-1.10362957256908,-0.0425647212457993,1.67211181741938
141,48,0.340462414630071,1.25386513888709,0.857713024399554,0.989085007960296
142,48,-0.00198545124859434,-0.117646420966389,0.624307725369724,1.6272522806824
143,48,1.31909836248054,-0.949639546480603,0.536890713445113,-0.849703520104191
144,48,-0.125878921536142,-0.335936431706901,-0.661433105729124,-0.423411393838626
145,48,2.42164601231002,-0.827326925547835,-0.0948988460347445,0.138834580646212
146,48,-1.08373973234036,0.573757287333894,0.856819281301758,-0.198202777094463
147,48,0.020463099116003,-0.247762226696842,0.00861175946356782,-0.617701162417156
148,48,-0.436655869605646,-0.832481717310468,1.08792608480451,0.947374220954506
149,48,0.566364222998712,-1.41109697365517,0.731307867791445,1.3564590103716
150,48,-0.57811452418069,1.43485446430596,-0.0531338307352677,-0.367702889885446
151,48,0.472422300862949,-0.882211746050244,-0.906829648301856,-0.340893032214663
152,48,0.282025097866149,-1.20894044163763,0.00681852643782863,0.256444425190204
153,48,-0.044848234796131,-0.730467428834356,0.609026974331367,-0.715505285274324
154,48,-1.20420237583266,1.00633559883408,0.0447548142129745,-0.966540863775915
155,48,-0.4066376447486,1.08267535665073,-0.0547774682203022,-0.218892618600871
156,48,0.710951256825615,0.370896143809051,1.11982694030715,-0.195491186449774
157,48,0.892662552456798,-0.677209821158227,0.126821221825591,-0.00238563007757487
158,48,0.329220579344028,0.341010820528223,-2.76581655932436,0.23858420111916
159,48,-0.867123002787049,-1.09055684320708,0.193706868653833,0.276720767492695
160,48,-0.385253803299339,-0.482193870722345,-0.144831919772219,1.16384780623822
161,48,0.222825687528577,0.568635972760536,-0.561805362898064,1.50295965560181
162,48,0.200228427315323,0.812481898784174,-1.69552146778325,-0.21092785457281
163,48,-1.11719910059262,-0.106457525880702,0.0601236895703608,-0.157494323482237
164,48,-0.533084819118849,-1.56161314267217,-0.174754432542902,-0.046337356876201
165,48,-0.241024824309562,-1.13746428215068,-0.280975205827261,0.393355544912909
166,48,0.0735499386458729,0.441548061104595,-0.902051799214382,-2.08183313292781
167,48,-0.373115313650564,-0.714256963809403,1.72353243245126,-0.950704581496518
168,48,0.0566744778594223,-0.835358477360031,-1.35262072930649,0.644369276748845
169,48,2.13660041498436,1.24642270471517,0.812640314014104,0.339143395587071
170,48,-0.151921908886444,-0.214965470104535,1.35801995074634,0.666901877835523
171,48,-0.780845674604228,-0.0507460972453592,-1.25687618095882,-0.92086284075239
172,48,-0.280390348159845,1.59620070727961,-1.62755465389933,0.0735096296083815
173,48,-0.644828511524046,0.947089277308492,-1.17616364315896,-0.519399399718798
174,48,1.18713786382658,0.273446077572478,-0.715388792873531,0.757309283880785
175,48,0.121326979701263,-0.461823494205045,0.401994002248188,-0.0482021308646802
176,48,-2.31353668201681,0.735541165210961,0.466710995719105,-3.00130049953997
177,48,0.711631654927296,-1.39415473980058,-1.57286279229628,0.0962292229766989
178,48,-0.834256528361814,0.424297832383107,-1.42036581793027,-1.5188850503922
179,48,0.140318225871274,-1.50839059301695,0.206380690788191,1.37883301191976
180,48,0.941760492381958,0.563327913422908,-0.238864332904742,0.670623188592836
181,48,0.459140828441065,-0.330978961018786,-0.419050279170096,0.183320038573767
182,48,-1.1762649940231,1.08331772420157,0.189724066430382,1.43893459790586
183,48,-1.54128663497474,-1.28968724075516,0.63921335160969,1.18252429592716
184,48,-0.152550785465606,1.20051520810004,0.243830134933124,1.39779241193432
185,48,-0.473783661198648,1.53171553236322,1.59051763989654,-2.41896273184669
186,48,0.880357535477183,-2.47463515316165,-1.08670828264493,-0.291612634539537
187,48,0.438181296175012,0.303916110377909,1.59320533876682,0.297164892525155
188,48,0.0192788186171057,-1.94738806101226,1.03337616237747,1.68583182983538
189,48,1.19853446250532,-0.0890091423843433,-0.773645730256913,-1.10148134867354
190,48,0.893283195092343,0.992021157219871,0.802818653676657,0.604740213722955
191,48,0.39103912486766,0.777567348263246,0.304869294448535,0.942549521050755
192,48,0.314002051252772,-0.242812397719703,-1.7436825623976,-0.255523270428258
193,48,-0.250122830852582,0.0499219699947874,0.999576566974966,-1.87372676936338
194,48,0.638388189314574,0.334787802466538,2.36260291838923,-0.513672642362457
195,48,1.63502755005022,-0.781207544821776,-0.804039631509505,2.00249469676806
196,48,-1.93210981403005,0.632162768925807,-1.45302594212902,-1.88899380158868
197,48,-1.28611956899964,0.668969663885636,-0.467996260896436,0.406711910279119
198,48,0.894071796121815,0.95490956349708,-2.10405171472112,1.32375600796189
199,48,-1.54314814230968,-1.97871687628368,1.41281749115063,1.23207695665165
200,48,-0.0626821824068536,-0.831414496720279,1.33768203619417,-0.591999515777577
201,48,0.894482249110347,0.269582208592226,-0.242757881624305,-2.76375716935269
202,48,-0.317989177314795,-0.00983927843718263,0.227326206610381,-1.085734964718
203,48,-0.356811450125416,-0.442770197753633,0.92000854446469,-1.31364376121657
204,48,0.144492027795262,1.28684609529408,1.12638544145916,0.453820038793058
205,48,0.486501498998695,-1.96678542028635,0.397949703034449,-0.445648939845259
206,48,2.55100977332729,-0.0931858357438864,-0.29502990612273,-0.862393649191756
207,48,1.30052782541084,-0.928110648796745,-0.411799929486692,0.268488783046013
208,48,-1.69842293556277,-1.44360216924006,-0.366906141664141,0.162139410555675
209,48,0.241197960569784,-1.68512066356837,0.546168981379604,-0.803796593444892
210,48,0.929765918373865,-2.29320126779479,-0.49310426497929,-0.413179590963315
211,48,0.471971585995937,0.833033107314718,-0.406466236830119,-0.745308686625438
212,48,1.03852076904451,0.484587103526177,0.313270888933827,-0.0359562242882132
213,48,-0.00771081785208312,0.0676265106927299,1.13996734370132,1.59474008810901
214,48,0.549055492946617,0.622222402800187,1.39540735113592,0.179802488275118
215,48,-0.973675378091556,-2.67855246853916,-0.476986933829019,-1.2913859883887
216,48,0.0750497957542118,0.795291969988793,0.166793147260103,1.63130459473018
217,48,0.124725566521514,1.24772858245027,-1.50565090371639,-0.752354226617254
218,48,0.611721191583274,-0.111307310697747,-0.14102867443987,-1.13065808216119
219,48,0.704051934351934,0.219441085335609,1.20387680871978,0.0730683445625795
220,48,0.512791436193144,0.153977092163329,0.890975760789365,0.797805291658534
221,48,-0.629851275615394,0.55285584361231,-0.44707959419692,-0.202377628781969
222,48,-0.895284150185313,1.84560713703013,-0.194143733883737,-0.748639800014704
223,48,1.78514838357587,1.26230522683033,-1.18345346364976,-0.114569956061506
224,48,1.1839995067714,-0.430347706497151,-2.28707905565385,-2.06529505370999
225,48,0.748210229876174,0.736796298705287,-1.1368666877249,-1.1423319203209
226,48,0.708157085173391,2.39308352381346,-1.17137503952579,1.34324972359007
227,48,-0.474263375703751,1.45747679948917,-0.752294916826722,-0.880118879680849
228,48,0.911985678693849,1.77698899950014,-0.651416329890505,-1.39685788497457
229,48,-1.7655831482167,0.142821445857377,0.945724783695501,-0.0918263431131114
230,48,0.227366353094938,0.887018156924716,0.40434772770027,-0.93627762459647
231,48,-0.136913240873031,0.128228232327345,-1.87747926701087,-1.49952482274563
232,48,-0.242566438290895,-0.476268512218516,-0.600702420910065,0.956874507172501
233,48,-0.469809698663389,-1.43480044933931,-1.41813773200868,0.812090981080723
234,48,1.51047520022899,-0.712495612770628,-1.2871563231302,-0.473521519327506
235,48,0.241121646176353,-2.20465830432461,-1.12178056022397,-0.580953510812654
236,48,-1.51546816349035,-0.822957049670507,-0.70557790368688,-1.69239760183356
237,48,0.78060572214354,-0.324116937004696,0.899790634724298,-1.37449157929343
238,48,0.183939896301309,-1.65205043466055,-3.53566284561065,-0.880817611360441
239,48,0.334420739375829,-1.83131891377582,0.439308470138614,-0.985663640063859
240,48,0.472500820014103,-1.55664612138512,-1.71847228146435,-1.26923823291596
241,48,-0.705566890160816,-0.12509609418369,-0.92717313806353,-0.834256287937457
242,48,-0.906691021096519,-0.0606267752042049,0.345175102666631,0.118649660288286
243,48,-0.495232229657183,-0.635237774149643,0.0932222367956416,-0.676215360888982
244,48,-0.423310676108886,0.0197958056837584,0.384517153813791,1.70305183850936
245,48,-0.833269347525138,0.564367499085264,-0.824374497481184,-1.47216958301035
246,48,-1.28707876715792,1.40005595769015,-0.897985024649635,-0.156884164907896
247,48,0.473102929137119,1.55634601042742,-1.13245689907068,-0.0173642197284003
248,48,0.505777042896989,-0.342943023504896,2.24431600104369,-0.850505252062607
249,48,-1.04903422167463,-0.565202153602557,0.920954025845319,-0.253016034506442
250,48,0.587042516974793,0.787470259348071,0.434911492809425,-0.116660609916853
251,48,-0.355914377499954,0.35992169577521,-1.4824664357487,-0.0415725532690692
252,48,0.899955073524763,-1.13497004263467,1.7179800335389,0.823276924042
253,48,-0.107157799002341,0.642699849589838,2.04392325257859,-1.55215688001773
254,48,-0.133620076411217,-0.77185321641568,-0.561674887907058,-1.44583415894697
255,48,0.353761401221122,-0.920388449220791,0.0689388942540112,0.113825767557108
256,48,1.46339453666357,1.62173786668162,0.308813497236695,1.19893618960206
257,48,1.02332916768043,-1.58368682362223,-1.09825124185,0.154938764673322
258,48,-1.69806269575481,0.209462995796526,0.287285642051425,-0.0349148954496714
259,48,0.355807925739807,0.394905521754008,-0.979980824125118,-1.72356443013745
260,48,-1.12668020202291,-0.428408462593848,1.1947218686868,-0.875490947099541
261,48,-2.06479710080263,0.682389007301314,0.269452461023533,-0.548085592924266
262,48,-1.06203396955815,0.47378889030455,-0.248286519095927,0.31548969575508
263,48,-0.787380297561117,-1.66399003844586,0.223276035363408,-2.26427202465612
264,48,-0.526503881055069,0.995750831891179,-0.352913752249783,0.302820669749033
265,48,-1.93786769623338,-0.410129345262439,0.22091618559735,1.95933431411458
266,48,-0.865158754358991,-0.835643081915255,0.114921842442561,-0.230475356281297
267,48,-1.00978310382282,1.23503075658506,2.22336237185624,1.19266887299019
268,48,0.0274452682990099,0.0675050929933986,-1.03731599062019,-0.0656046494614248
269,48,-2.07862137114795,0.1407133569839,-0.277209766249946,-0.0137517272350264
270,48,0.0724329433664309,1.19108876309903,0.896378938611881,-0.0297656809146308
271,48,0.480680701160792,0.098220677833493,-0.406096264489895,-1.27940705128058
272,48,0.60138220522404,-1.08083213760256,-0.332998239990817,-0.213014371263846
273,48,-0.00193067617845739,0.759544485298699,2.35043312776912,1.17122200884029
274,48,1.30204087922375,-0.48987935698902,0.263066392889472,0.724990408857608
275,48,-0.554476280986959,0.170288997331219,0.298663479332133,-0.691908028047645
276,48,-0.0199973546492121,1.80717906671456,-0.679880905130234,-0.256773537244491
277,48,-0.214138861673723,-1.99704077756579,0.974048445229141,-0.318641870711981
278,48,0.744658013629668,-0.529893850267639,0.0308932576210779,-1.29879907378018
279,48,-2.01291684976325,0.641616874327441,0.213267450833366,0.291207777602027
280,48,-0.416484255510568,-0.774102856039419,-0.905912624570765,0.225853502906887
281,48,0.485769214828198,1.30854372067625,0.882075534125059,-1.12810362593225
282,48,0.215139563267871,0.763674000521438,-2.21929928767029,1.13927332118255
283,48,-0.0532857128730021,1.11656024083768,-0.620309543141648,0.523218797963788
284,48,-0.839582511873273,0.191045822585554,1.19067193884473,1.64147088836311
285,48,-1.23072018130667,0.297432327483308,-0.65427855758539,0.945646915388577
286,48,0.948425931917611,-0.495294153572023,-0.156899688950687,-0.721677183366257
287,48,0.578958749441487,-0.557140920842458,0.5336117192202,-0.553877549432464
288,48,-0.281122759183292,0.146031943807557,1.44853018279658,0.530151811719601
289,48,-1.52060380165593,-2.42703184217977,0.59051530736689,-0.485295320314942
290,48,1.10148467565894,-0.707424869033444,1.319456680729,-1.12457564327546
291,48,0.0368847394151008,0.51268796368655,0.813152544595665,0.154238208042954
292,48,-0.534842314425576,-0.0390197501804379,-0.650009981270892,0.918281216090855
293,48,-1.44705156296555,-1.11515437631214,-0.0927747875139828,0.632050240832848
294,48,1.46302482529546,-0.399331933331328,0.620690263422717,1.96216237589154
295,48,-0.495031274540645,-0.293131508250105,-0.615272045143867,0.840663978833267
296,48,-0.0117363417574828,0.463214639356975,0.403629983911091,-2.66301880462569
297,48,-0.623030795441293,-0.0772329647738762,-0.146941127056159,-0.759500123573653
298,48,-0.0842939620699349,1.57179401025467,0.0605228006798803,-2.65368557664461
299,48,-0.932677382085135,0.736935571367215,0.477114746372118,0.393475554838155
300,48,0.324170791645948,2.79209350829095,0.806852422584816,0.049269321414363
301,48,0.623836251035102,-0.471398574352747,-0.785176530954442,-0.257633173193478
302,48,-0.956751399496116,0.525624090306281,0.545529623450732,0.848865286733679
303,48,-0.267936962805564,2.27162141308848,1.56490208564749,1.0428852081884
304,48,1.34186086867522,0.121805468195982,1.65731684245156,-0.806861440956698
305,48,-0.0226625444501568,-0.183059707026422,-0.412149495439968,0.378548640303504
306,48,0.367843960452581,0.916635002512988,-0.548347904940828,0.688136716777509
307,48,0.538315696195203,1.10879380606223,-1.09959055751832,-0.236527640041416
308,48,-0.690277836812002,-0.219824451630112,-0.00374350865535989,1.46364798784295
309,48,0.471166278542203,-0.692444278007536,0.0709701945052494,1.60036427863014
310,48,1.36787963131571,0.314134399818028,-0.825767942351438,1.11483786904638
311,48,0.886125628224641,0.772918447335696,-0.115461523172459,-0.248134099231817
312,48,-0.0104625139655753,0.195591170140162,-0.434215371120791,-0.571139304700202
313,48,0.777720618287098,-0.494375415846118,-2.0873785582896,1.5389385003345
314,48,-2.13106333444004,-0.280167554488663,0.620020114066404,0.0849195239616416
315,48,2.00899749645872,0.4225247056192,-0.369951592531537,0.855299449160628
316,48,0.473746387562749,0.677909427997813,-1.03448486566944,-0.379272485184392
317,48,1.25293555033395,0.0167752722081632,-1.13633204080704,1.28006355510133
318,48,0.763490630746128,0.965884507466846,-0.639951644965122,0.572337417132043
319,48,0.20916430687876,-0.650131258151053,-1.88425381547041,0.691876367059833
320,48,-1.10466542556032,1.06934700442271,-0.472445275206339,-0.701886471710176
321,48,1.20656961964445,1.16423230669191,0.842020502080383,1.35709482992109
322,48,1.06224276321041,-0.105348804935575,-0.512997630277915,-0.0872811744108778
323,48,0.0911951236741276,1.26699627372861,-0.465253587538262,-0.856920551508966
324,48,0.874323165010296,-0.1951428903104,-0.113844687692978,-0.258608966447796
325,48,0.83192265042686,0.569691317559084,0.514099579559215,0.616306303696236
326,48,-0.136151831760012,-0.796389448730463,-0.183775736491896,-0.655801770277717
327,48,1.31979838150066,-0.877331187967682,0.906793196194965,-1.75962102619149
328,48,1.10394478381164,-0.17828355620129,0.706599757338417,0.23312959656356
329,48,1.06445669350859,1.11369386633492,-0.365230679452057,0.62503745322181
330,48,-1.09649861737295,-0.339740151798544,0.821888449620496,-1.35232916376482
331,48,1.20360127504772,0.879920468501803,-0.321351138761373,-0.0612666035330441
332,48,-1.12074720400402,2.6517358293115,0.049532555314707,-0.791937837226934
333,48,-0.932934765566048,0.934634432944718,0.0654967516451115,0.557300652759737
334,48,0.0951470584788632,-0.156105914873425,0.344326190165324,-0.250063460412111
335,48,0.21856350918496,0.139018021105636,0.268186129068477,2.06463067154328
336,48,-0.528018300824132,0.793514252034763,-0.294463834509963,0.531422348752592
337,48,0.963910414517966,-0.354257071020696,-1.17398989483721,0.242337927444354
338,48,-0.249020346640293,0.677016477829781,-0.822524311482112,0.13688086968757
339,48,1.29944759261979,-1.02753145721894,0.938947285677201,-0.572831839435599
340,48,-1.18918259563531,-0.53133908815824,-0.054404686295168,0.205975329719774
341,48,0.125091349617768,0.0487489159851255,1.54656542409639,0.187140583992991
342,48,1.76371345105144,-0.599374870013724,0.294592091393806,1.67671962046246
343,48,0.363274217461193,1.33976769687901,1.0731774267307,-0.357683101528451
344,48,1.27053063008327,-0.216051415240915,0.296851578145625,0.326569229314817
345,48,-0.0663804808827002,1.5497375739374,0.164096504698599,-0.226094227305575
346,48,-0.969288417128499,0.0381442310081396,0.359292825203266,-1.33450302643263
347,48,0.198341275654648,-0.238493017313462,-1.62335343116702,-0.0608613778664239
348,48,-0.678138700109944,0.473224708309753,-0.147023020638188,1.96892736297134
349,48,1.42651016828999,-2.20159874376851,-0.842755591544615,0.652340807003889
350,48,-0.030703648900968,0.347830052324907,-1.08051861996015,-0.244640985030193
351,48,0.864132228018308,1.37201758626109,-0.761786932541111,-1.30244310630558
352,48,-0.471931338834015,-1.50598485146346,1.39367314460517,0.35710593642068
353,48,-0.310099104983088,0.979171878135989,0.754208919297335,-0.148197779576726
354,48,1.47553286243893,-0.0184749778318157,0.363904404132925,-0.360170415587973
355,48,-0.648350576950945,-0.104178496497755,-0.287966540570932,-0.0756436193445557
356,48,-0.766017493376984,2.1149727399163,0.973202321179265,0.069063132937747
357,48,-0.340693930967566,0.566585129422578,-0.0393477469520901,-1.28616923120517
358,48,-1.0132166751045,-0.656369550697944,-0.37414805496324,0.61846372666308
359,48,0.233197170938032,-1.39039217054147,0.125589613901921,-1.15441936929359
360,48,1.05593201888656,-0.34311064273265,-0.195315452549737,-1.67356888142779
361,48,1.0581832904711,-0.22596954226857,0.471087783581021,-1.23771712119111
362,48,1.48307889974729,0.481216386216705,-0.507400800394532,1.62912152528633
363,48,1.15661777902044,0.0987793768842382,0.753467603139959,-1.89469603312387
364,48,-0.473287785772131,0.00428536855846964,1.56122595352869,1.21648528949449
365,48,0.293270918542924,1.37327583681211,1.29628172644547,0.298062060481502
366,48,-1.69594239917859,0.24025513637703,1.38475454158118,0.274394420170496
367,48,0.123497607105232,-0.0543846045878207,-0.795446076447636,1.44061782991454
368,48,-0.0930659232206744,-0.470264902628372,-1.15555654952136,-0.845284872695001
369,48,-0.639455350715952,0.236268632487442,-0.644486579671836,0.279006726120877
370,48,-0.359850829550786,-0.00332896481734419,0.274957691920233,-2.01792530173158
371,48,-1.63935001052539,-0.526592324918347,-0.106420401587523,-0.979861792461539
372,48,0.498479432984439,-0.0971142144042017,-2.70840889021521,0.344827794126565
373,48,-0.198309780395847,-0.665213821650221,-0.466288532763863,2.26620302683765
374,48,-0.372043022995574,-0.374845735479303,0.494948195814783,0.610478610117905
375,48,1.15609188073343,-0.0598434356843938,0.438078323084314,-1.15672003812144
376,48,-2.18890781198666,-2.26150931098115,1.67765523815142,-0.496895932478699
377,48,1.33614279770797,2.14634581047876,0.949932509711796,0.864477476749863
378,48,-1.23978892040399,-1.79113091971882,-0.152685543367214,-1.06775060280894
379,48,-0.103937731981099,1.10818520733423,-1.2000584836434,-0.302127472723069
380,48,-3.10254234234541,1.67683038086636,-0.208014715837033,0.275791403894626
381,48,-0.682569999729466,-0.429106675748819,0.26313300288593,0.724460918465672
382,48,-1.10961819454945,-0.259608302479308,0.637605146801723,-0.564387168322673
383,48,0.500144410791984,-1.14045951496412,1.39294575752485,0.255694529339947
384,48,-1.04272873154917,-0.849012809551956,0.183775353706665,0.747072717654437
385,48,-0.0115245352407699,0.0463288357944744,-0.706364304382439,-1.35437128889463
386,48,-0.673040697669241,0.695047678987602,2.2441725944713,-0.898116431324167
387,48,-0.331930735685638,-0.478115569836009,-0.686516527670091,-0.404769830592052
388,48,0.943699139713857,-0.154169909901514,-0.0756450262710786,-0.783535416328135
389,48,-0.220657509994913,-0.149946349318664,-0.952366872136803,-0.153230589910006
390,48,-0.0364151900197149,-0.378448025681366,1.03946340856739,-0.731012470537631
391,48,1.40227773104278,1.16606787088419,-0.0628062613688976,-0.474089360809299
392,48,-1.09331703231021,-2.1199409088695,-0.520505468937746,1.53668283400311
393,48,-0.81396293569158,0.143223128279159,-0.102609401316396,-1.84754261890356
394,48,-0.948300691719453,-0.671809241990535,-0.134798148919636,-0.262104834141932
395,48,-1.13724849512666,0.0879340257940977,-0.20891725826878,-1.76685634289157
396,48,1.47811219277738,0.670279807709984,0.365881324325681,-0.585108015827238
397,48,-1.20855878735988,0.431968713983615,-0.309578078274455,-0.558069737506212
398,48,-0.89622364988183,-0.312245120920896,-1.4370700646654,-1.035516298082
399,48,-0.597985871005177,1.54143255731283,0.106998957816673,0.609748000341622
400,48,0.0622950872426907,-1.78528817066926,-0.820139656257189,0.188855127703452
401,48,0.696531111402917,1.18820719028358,-1.05311663987163,0.256589024089303
402,48,-0.824320569728328,-1.91723191817818,-1.82481362684118,-0.564272195992238
403,48,-1.54615820556307,0.606329029649848,1.44261518371343,1.33995855943553
404,48,2.17671447150392,-0.29238282611379,0.529046479467786,0.652979398036422
405,48,-1.09456388614775,0.939585374097108,1.01263349729894,1.7518599156161
406,48,-2.22893641048642,-0.149552665414501,-1.14785626928189,-0.419466265063675
407,48,2.00475211613012,1.22173464556762,-0.145542126353281,0.242556379586455
408,48,0.15131821324829,-0.708066320988304,0.205247943832494,-2.01901191991291
409,48,-2.57097809464469,0.583808045328188,0.624615917712371,1.4607893225309
410,48,0.660356828108442,-2.16525643435907,1.7257149099457,0.803853824286934
411,48,1.29620310355334,-1.29812841135039,2.64700070660786,-0.629776766208671
412,48,0.574012911890423,-1.02669211324176,-1.02159883356405,0.902474794146702
413,48,-0.804463254675194,-0.761374276975849,1.69439206602095,0.511348267065678
414,48,1.85255873663012,0.341037994675027,0.16160031911807,-0.577116803224404
415,48,-2.97269978835326,0.332203659084089,0.795254519214274,-0.475447914565641
416,48,0.745654850495353,0.481267565015495,-0.0664799230824577,-0.162457651072184
417,48,1.54012300514483,-1.34262498633673,1.13234950361566,-0.825289650033845
418,48,1.85286928135809,0.196285420256308,-2.08877583575402,-0.375786868833123
419,48,0.725364309586413,-0.00403805336024381,-0.715913824102474,1.99260044143547
420,48,1.3498260519704,0.973292701696369,0.248473433007428,-0.204672240144722
421,48,-0.0820791936828008,0.223543896706036,-1.09202709921635,-1.91756259235897
422,48,1.50140147672463,0.656123333245695,0.38428049732798,0.512042424870261
423,48,0.214951652311053,0.148399058277672,0.721496752057522,0.367174138488165
424,48,-1.30152505503961,0.686944805193793,-0.75901733103995,-0.78430228208516
425,48,-0.333400197848279,0.826682296304961,0.00446867358401057,-1.43332606562019
426,48,-1.74803810421215,-1.10228858472713,0.534099708336462,-0.00433733213358378
427,48,-0.347626683719977,1.16681825034503,-0.912056862266766,0.0925594364851501
428,48,-0.0382880749662942,1.4536795368907,-1.52785810091498,-0.952516711089412
429,48,0.060474429757731,1.00262448491679,-1.48472860836803,0.0377575400099434
430,48,-0.537727338023081,-0.329664017480162,-0.0493457298927693,0.220869337806863
431,48,0.146739808579438,-0.797263724735751,0.934284741698914,-0.361506586694699
432,48,2.21899281074227,-0.108777967844154,0.328590248799749,0.580427042630301
433,48,-0.924670885832666,0.0596227161064973,0.095902518801456,-0.88079791037891
434,48,-0.204129870605256,1.27299238201496,-0.120006422084526,-0.67362347525579
435,48,2.15535693916733,1.84818583690605,1.55454202532827,-0.0384172623683595
436,48,-1.75438913600243,-0.189763343747466,0.0649063183508145,0.894008637297917
437,48,-1.27580334577502,0.183498964578922,-0.337826918385251,1.00761704897477
438,48,0.0438046294650591,-0.730996920430097,0.0469597328437324,1.19560542277577
439,48,1.63616094309981,-0.201071357099184,0.361569501922628,0.541849565394433
440,48,-3.66830590339392,-1.74225503441952,1.13042805755342,1.70093327030738
441,48,0.656488903669982,-1.43709488521375,0.894080630881265,0.371243275730484
442,48,-0.261180676168312,-0.882733983496728,-1.55048258989928,1.24914752632878
443,48,1.31574201276981,-0.394862497682534,-1.71462711454541,1.45112771060641
444,48,-0.40242197709974,-1.73962816783219,-0.972437738989359,1.69513807939417
445,48,-1.33341097171806,0.829953291830261,1.855767514813,0.799560587805368
446,48,-2.44109684087191,-1.05296083930871,-0.837325439033398,-0.335658924078569
447,48,-0.383799517310568,1.42676740363214,-0.528151336510792,-0.366531722113999
448,48,0.526755952414107,-0.869796101666345,-0.0893518120346906,-1.0577592625053
449,48,-1.26003790955284,-0.884757864261291,-0.0223754689572155,1.7131156121927
450,48,0.639186787189491,-0.0480061220000519,-1.05789989622437,-0.111212163307741
451,48,-1.25254867346198,-1.12359126839692,-2.50118667676199,0.262505942485247
452,48,0.105274076568281,-1.39801660387852,-1.41497096746542,-0.953055395395625
453,48,-0.245352379892497,1.08606161318073,1.76295684048097,-0.990262415521137
454,48,0.374233270617222,-0.472250880546166,-0.503162310933724,-1.92773600846589
455,48,-0.571010917980725,-0.2490100639367,0.355645801746813,-0.134714588412794
456,48,0.0740315588107702,-1.44863346690137,0.0358433452567264,-0.0341551387426072
457,48,-0.97104526162991,-1.01315480741726,-1.59748291416535,1.22882521166751
458,48,-0.94557064632103,2.191635650079,-0.426422946401547,-0.712474150133333
459,48,0.9040400199343,-0.0177232436321467,1.0149256064799,-0.122352074350323
460,48,-0.598209085210435,-0.177615573106862,0.407644703285125,-0.178244689063239
461,48,-1.71135230907691,0.278435890997208,-0.902629957830408,-1.18385130549594
462,48,0.293784489915276,-0.556568876209841,-1.43665574279806,-0.967747194442868
463,48,-1.03467973914923,0.884103594700968,1.0182150483114,-0.201068722531648
464,48,-1.38355629425014,0.216812629046511,-0.631706191528473,0.963133952747383
465,48,-0.24121619959459,0.528838553131387,1.39785286382175,-0.71373710421611
466,48,1.7408770233858,2.48064741755732,0.332010541082727,1.22777936976773
467,48,-0.747551782751867,0.701419094453097,0.159733808459066,-0.0302312359811557
468,48,-1.12668376049804,-0.751439231273586,1.50051994503108,0.417415177705291
469,48,-0.107617034135407,-0.721855137127408,0.137910698790075,0.0630242502059586
470,48,0.109285083000678,-1.43139823494391,0.350870770752325,0.087549389983755
471,48,0.0792990276332547,0.159153955974247,1.109204656255,-0.321492366992449
472,48,-2.08069669632727,-0.601276869269979,-0.951624316581998,0.517628322493373
473,48,-1.14689894903021,-0.508546768537172,-1.36460991077845,1.38460726496965
474,48,-1.74323618761342,-0.263019161111775,-0.649013248123378,1.31153230710431
475,48,1.20230689898247,-0.319810571218221,-0.386208641377281,1.56858257837739
476,48,0.406455971790274,0.260928482818837,1.47090290109168,2.11721038157667
477,48,-0.363825370382598,1.23011842331842,1.28909229185507,0.649253574577304
478,48,-0.373735987026505,1.3362450859307,-1.77409613130558,-0.0124023247611288
479,48,-0.439773179913905,-0.32214883451329,0.679391918922631,-0.149406570100545
480,48,-0.352246080071999,-0.757578783771385,-0.653022374273367,-0.177665545599054
481,48,-1.33887488342527,-1.49358432293292,0.909787745125771,0.17127627842782
482,48,1.47363233745715,-0.798360635492903,1.43058866018029,-0.208911548886498
483,48,-0.453007872915331,-0.869631977996353,0.92717698972754,0.00319726578312547
484,48,0.752722366819914,-0.143063623703768,-0.185737778477482,0.0395665776175677
485,48,-0.527976817339035,0.288148787124797,-0.330999823482258,-0.00658553719571906
486,48,0.0971874472320943,-0.750627364597459,-1.37456961208316,-0.188645025495676
487,48,0.381374341837639,1.11703344041601,-2.22057992281946,-0.0864192711428075
488,48,1.28626119849831,0.621610936543065,2.85250328079861,0.112960583073323
489,48,2.01542740978923,-0.465242964188686,0.0524837839440431,-0.498729525361778
490,48,0.62870824121524,0.00545181651379276,-1.0787885856104,-1.25941883524257
491,48,0.729754425459375,-0.310474039613248,0.832573243444585,-0.77647783319326
492,48,1.44550104856695,0.744783740855685,0.956766878917309,-0.0326637579624124
493,48,1.04047426448412,-0.0615402422774991,-0.838085572596971,-0.692347306799342
494,48,-0.566321057272513,-0.398831476747959,2.26226325215416,-1.56327048493577
495,48,0.942859006899403,-0.926942614202851,1.61642525498761,1.60489864562248
496,48,-0.0189092390646847,-0.399490073222203,-0.732376215582001,0.0473749629458917
497,48,1.03402925127931,-0.517312005291615,-0.152234041773559,0.560387239119651
498,48,0.375492167414201,-0.0525504962702388,0.0164879093470894,1.31163871142379
499,48,0.254696687328786,-0.524343218228264,1.01780980366721,0.137900860325066
500,48,0.582720854355581,-0.553343208440209,-0.144035892769486,-1.04648559190152
1,49,-0.157680991954486,0.357851816086181,-0.15595133548056,0.907610326624499
2,49,-1.49101893236515,0.367205315382875,-1.12653716889832,-1.20046189325956
3,49,-1.92827322486629,0.16172560367872,-0.723393808364704,-2.19600907662573
4,49,0.70586696213728,-0.22421987482827,0.0599245232454114,-1.69766624507333
5,49,-0.394736630628698,-0.108623989609865,0.849130495085239,-0.359547960076311
6,49,0.570271029868357,1.28812201132405,-1.66189128943463,-0.52178623306842
7,49,-1.29151782879576,0.77449675099435,0.814918215145322,1.57037355834214
8,49,-1.23271009914566,-0.504310308335132,-0.448488931546495,0.397400238656317
9,49,0.145028617557143,0.375118778830858,0.505661190927642,1.26134563608002
10,49,-1.1165751780336,0.720690201421765,0.0980859015965081,-0.405350206903712
11,49,-1.10404244664663,0.319163660169241,0.443145057947433,0.95394386361478
12,49,-1.67579049642659,-1.0545507386129,-2.10452030117289,-0.506701424029201
13,49,0.527598133789052,0.190276405102095,1.428386426404,-0.676406261838298
14,49,1.66608463207712,0.364860015180321,-0.183493074273228,-0.523351737759318
15,49,0.428953682773139,0.262080432678905,-0.42912477841095,-1.29217305770646
16,49,0.689749002645572,0.536427360026984,1.27548632019269,0.179367803000043
17,49,-0.765373797037315,0.717002629510089,-1.01634924205393,-0.453439533971324
18,49,-1.08959342942427,-0.698914236419837,0.0303419093414346,-0.371241915783331
19,49,0.170653347631968,-0.373603230622344,-0.165247424469108,1.22544691680721
20,49,-1.49736717085072,-0.37207756428029,2.0132064638858,1.8070381490251
21,49,0.74752529640872,0.313658300155499,1.23484609931304,1.54339207694749
22,49,-0.635600421329494,0.644565195116183,0.844857815805392,0.59981312490262
23,49,0.503070692996172,0.690307177852782,0.77911105038376,-2.57051678059721
24,49,0.121389380832632,-0.194372260471089,1.51710263060708,2.0074620934818
25,49,-1.04477447791017,-1.13381274642629,0.716628077550643,2.00655104279791
26,49,-0.35186914006722,-0.851776079973027,0.304941576834624,0.558062843134797
27,49,0.1868660235338,0.0513351282731154,-0.415223000250815,-0.300368671130165
28,49,-0.0333066363075271,1.46742257003046,0.598994543555008,-0.58382160889434
29,49,1.18653009085828,-0.654711273751435,0.970247896186266,-0.686391151792535
30,49,0.409730337210402,-0.0724524052955837,0.236461353795498,0.238558161896439
31,49,-0.499348194194501,-0.427923672257006,-0.506612121333621,-0.77275612048353
32,49,-0.755876827244237,0.31593623157995,0.950918257990881,0.536494642355607
33,49,-0.654212663541632,1.47847174914368,1.98575004095138,0.566720254348218
34,49,0.790444228682298,0.0842065489887764,1.423894516674,-0.842462316186768
35,49,0.271291750914713,0.688721009965339,0.26273660736906,-0.459403192984483
36,49,0.222978005772205,-0.208507674933633,-0.0687671507368765,-0.0406668950451528
37,49,0.341701130851041,1.36304230393186,0.44091546641992,0.109980873809369
38,49,0.333711546531125,-0.0687128127759324,-0.360167640221842,-3.189564750682
39,49,0.236534783531142,1.18289247966347,-0.227323190391297,-1.01984143214053
40,49,0.397530251582348,0.51652924774667,0.150632045362199,-0.110257329035038
41,49,0.178675140598422,0.450530282332708,1.1783819111225,-0.813718755072365
42,49,-0.324575540548555,-0.935596758340188,0.705047933123514,-1.23781202166531
43,49,-0.214693660789782,2.39676003462604,-0.294191282120788,1.57926035778289
44,49,0.544878070594255,-0.304023754934385,0.500535653469379,0.645647110352059
45,49,0.275792790547491,-1.10157102114762,-0.0796138213407966,0.595206382850222
46,49,0.565715165902286,0.677867567747244,0.895056672219153,-0.733253006867409
47,49,1.27380156426365,-0.100042093892952,1.27967507053858,-0.378499214689196
48,49,0.0499301778205853,1.74333477214156,-2.76503873798912,-2.2668428201197
49,49,1.93328450372776,-0.453577526812937,0.194965156684823,-0.233447272605899
50,49,0.0369503081108074,-1.12942758987646,-1.21274181784637,1.08048485722739
51,49,1.63315060372759,-1.19894477794214,1.86497769101121,-0.445063604009581
52,49,-0.84719341494697,-0.259346468124329,-1.38224349999153,0.582216145646899
53,49,0.311411708325726,1.39930533870579,-0.794513397733264,-0.701823369109728
54,49,0.310559939688719,-0.579800871445357,-0.801014631976354,0.590898801876674
55,49,-1.25540736028802,-0.903043152371275,-0.687572777910465,1.46492662952348
56,49,-1.11372248806678,-0.795508996034171,-0.0536403244380161,-1.0907009047065
57,49,-0.117661538647104,-0.942315272302956,-0.210681313696792,1.91615167414038
58,49,-1.40836127730378,-1.09372802545716,2.26524514086882,0.0731370458091027
59,49,1.61231840495957,0.115293072847794,-0.232787516484982,-0.634812043846982
60,49,0.175255162073758,-1.21791958159739,-1.41207375663697,0.897840330271937
61,49,-0.654803756597558,-0.585969103590799,-0.932515300231423,-0.764793629552137
62,49,0.076708667434575,1.91165370081627,1.27959302889609,0.971759746676698
63,49,0.151751882979283,1.21652195524697,-0.306857617138693,-0.873393476573919
64,49,0.683230602735084,0.224982706365148,0.329370030018207,0.391251288168328
65,49,-1.52131996069295,-1.48210058793111,-0.953699920942554,-0.122957258437321
66,49,0.0421574434928216,0.745318609287902,0.601090245551302,1.16162804308407
67,49,-0.0761249305267676,-0.439117385611353,0.371942947219004,-0.162971557119427
68,49,-1.01734104323778,-0.0236010413201684,-0.910760204960321,-0.0785079430903602
69,49,1.33837444469265,0.206324825107222,0.815748308862811,-1.91777401298172
70,49,1.15093360281356,0.702087222229791,1.54903470364196,0.120442378785001
71,49,0.450611095249385,2.02713757906651,1.78696176718986,-0.777720087040951
72,49,-0.0792968629651827,-2.03083679777199,-1.09711961001826,0.745823963041207
73,49,0.68031926160294,0.983939679049564,-0.384091472631729,-3.19416474282542
74,49,-1.2070500571387,-0.428254887694438,0.0544856878315926,-0.504400715608744
75,49,0.364211047854574,-1.01007720325509,1.76148900896326,-2.38598637903625
76,49,0.575388175837797,0.244505667613666,0.861028338996826,0.883635894982236
77,49,-0.128729211172953,1.05752581118925,1.03657766332667,-0.43828573981381
78,49,1.25772904166435,0.295332431025842,-0.712487127937804,-0.337161486170844
79,49,-1.09032779802461,-0.844040389550807,-1.39309341943179,2.70706720590335
80,49,-0.615352888093376,-0.0969790771823979,0.884021141029987,-0.951835318299184
81,49,-0.752071731620043,2.33935004240641,-1.12314682097537,-2.48419740354366
82,49,0.0204899153527713,0.739366537458005,-2.70983752476585,-0.807685210380341
83,49,0.688385177679115,0.385244110863105,1.17548338357303,-0.261392155660971
84,49,2.04872199498596,-1.11978675773396,-0.838766201770408,-1.87791544002196
85,49,-0.153892311583193,-0.269009054829291,-0.0957623431359322,0.0461798670611382
86,49,-1.44075335192584,0.402004742936927,0.419981049546299,-0.134488440818695
87,49,0.11796629851678,-1.09575528572166,-0.0543273548612276,0.693013363980051
88,49,0.404275425737576,1.5762682722544,0.78378475899634,0.0684392979127261
89,49,-1.94319247210575,-1.45706975464781,-0.228351128327159,-0.780669077628538
90,49,0.0982888473913833,0.428431532339175,-1.54728282831103,0.913550571602552
91,49,0.765244951489005,0.957148281361774,-1.21981091727453,-1.2125741828505
92,49,1.12995502793061,-1.07518316473713,-0.220230148822502,-0.226302163633916
93,49,0.184259752989337,-0.572922253503235,2.77718781620456,-0.494050949068454
94,49,0.0096318631183585,-0.276016554319565,0.397394764793406,-2.53424083181039
95,49,-0.132805632451117,0.873389176807978,0.567810704183116,0.565128396105374
96,49,0.827708912574311,-0.785212625374104,-2.07639132501053,-1.79103861035717
97,49,1.83799801528001,-0.0476296992833312,-0.322899421438196,-0.795740240797995
98,49,0.495452845767238,0.30003986390267,1.7811912393565,0.227740776873809
99,49,1.18989331541222,-1.41614419874386,0.295764386788896,1.31231261037747
100,49,0.267353108702097,0.58291761148833,-0.979428849846598,-0.0716490843140572
101,49,0.609798707592068,0.570912427102287,-0.797365533119639,0.671666472168595
102,49,-1.00969535642323,0.677702255082838,0.154588326656472,0.0624520623198608
103,49,0.48715043385066,-0.395531689665502,-1.42411045011686,0.369978615350842
104,49,0.389886615127079,0.839689453200035,0.911041034040717,-0.314447220473229
105,49,-1.74854919707596,1.22105889318393,-0.752385623115545,0.23024031065978
106,49,-0.74459260160721,0.154089560963436,1.28149829339592,-0.277919443654633
107,49,1.34218517466333,-0.227140137333305,-0.707907439390418,-1.064394762928
108,49,-0.0168895832197825,-1.24841909631443,0.225579966199687,-1.42350831223491
109,49,-0.668975120918229,0.568197962295966,0.0803833428166758,-1.30019436514199
110,49,0.137033802432723,1.30271013737029,0.898496005936475,-1.32726256608267
111,49,1.27331289552685,-2.27027240816925,1.28975345103335,0.730684990237713
112,49,-0.985702748406224,1.6429607289239,-0.797360836907591,0.141475448250696
113,49,0.739222931321541,-0.22243009640243,0.501356133186298,-0.577466689110314
114,49,-1.24285191221382,0.429643816262673,-0.264514155196085,1.26866966315863
115,49,-0.2457394815986,0.670115718997877,-1.04214893564845,-0.15280630003224
116,49,0.253865968397173,0.993255934369394,-0.301191104009495,0.844113020674639
117,49,-0.508442285704899,3.02119073256869,-0.646723244806928,0.109361943042721
118,49,-0.535775596767123,0.771713345538466,1.25206705435554,-0.293291743637047
119,49,0.693657088033468,1.88595053424088,-0.0619629284949227,-1.0380467861538
120,49,-4.25093121916161e-05,1.37635544548385,-1.70348750764772,0.431252505559096
121,49,-1.68044451247184,0.3183032884292,-0.278394143090561,-0.821437125023177
122,49,-0.436464100069302,0.737182673512173,1.27126702902203,-0.523660009225239
123,49,1.09124269087957,-0.646994234829024,0.851777582778922,0.0483204255786873
124,49,-0.661604002257782,1.32346317455212,0.72675592901848,-0.4841398990998
125,49,0.278060207329499,-0.27302042207033,0.0678209965179568,-0.986345169580037
126,49,-0.31058716606287,-0.0836367108799508,1.37847408739577,1.60687514483088
127,49,0.848347456043342,3.26228245200236,-1.35176834733422,0.789008387737088
128,49,0.012650330076317,0.804349259713265,0.0527795436020569,-0.0135694139621335
129,49,0.736070285466776,-0.18855403282984,-1.09940513980849,-0.124985788719592
130,49,0.989223419383797,0.386642804151588,0.711900100193044,-0.433001638709403
131,49,0.382488570683129,-0.0195117636651008,-0.616525633946346,1.89886223458852
132,49,-0.189143082859932,-1.20681595131795,-1.77581991471674,0.00793916146133518
133,49,0.72169385676453,-0.491962224789716,0.610687835524125,0.907785887950919
134,49,1.52363338258141,0.097454936398649,-0.0489122313299469,0.0479178853336611
135,49,0.358029885433804,1.56771378191212,-2.61330221827495,-1.59234626007479
136,49,0.540305534485887,1.20790235800064,-2.11322234265964,1.19639549152153
137,49,-0.689267578134384,1.08603091936885,-1.00280119529121,1.14413016586666
138,49,1.88803438983337,-0.398720180009364,1.53167966687576,-0.568328632798854
139,49,-0.0798358791164715,-1.01149066611872,0.244498129935145,-1.42261703630442
140,49,0.223030147739742,-0.337181140429689,0.182154913639696,-1.42398684870079
141,49,0.639754500949544,0.879003271555603,0.184596998586159,0.657932323360302
142,49,0.170490016156067,0.686081382550687,-1.00678830073649,-1.1619914863448
143,49,0.0421293566697128,-1.36242237360275,-2.3291008276377,-1.39974248387003
144,49,1.84459125611107,0.724158112652372,0.181149692466011,-1.66656741422336
145,49,0.129180584507005,-0.710907427180144,0.992657969044684,1.6363821151259
146,49,-0.119164271199622,1.55681749586442,0.86176271512387,0.865981076057326
147,49,-0.127345320854338,0.207002181318582,-0.580311834955812,0.466322858538876
148,49,2.87059613332784,1.18910102588941,0.338618259874635,0.342142380924256
149,49,-1.38146585657768,-0.841246599037682,0.259915219072,1.39424721231593
150,49,0.359443775424039,0.229005620636435,0.862722446738192,-0.747374042004752
151,49,0.708739861748069,0.337086156842088,0.31520860066622,-0.176309644837968
152,49,-0.678713262160025,0.55376835829016,0.146289948384846,-1.62099409239544
153,49,0.467026923382731,0.549235308872245,-0.643730658619316,-2.16631962932627
154,49,0.229283033332836,0.88146768369751,0.0923571762268463,-0.196766624717227
155,49,2.63435668711182,1.88186671035608,-0.583801560852895,-0.00986340219330152
156,49,1.53484898872984,-0.0836754238220764,-0.134322394732686,-1.82273869984161
157,49,0.496793076807757,-1.10340664563211,0.2027267580013,-0.859570561906393
158,49,-0.596485229549477,0.519911503112355,-1.17457999683781,-0.856208785010788
159,49,-0.297256488334881,0.276053706713839,1.17564556049846,0.0348940547137196
160,49,1.45681506196252,-0.0508731056973249,-0.170399551575703,1.05748077636753
161,49,1.81531262266785,-0.878708975837758,-1.47078449678444,-0.907234248263708
162,49,-0.518112821401627,0.640157248378963,0.433056845061609,0.594172798254784
163,49,0.956651517240442,1.39174907712866,0.941572316024277,-1.62442453607237
164,49,2.13611576345793,-0.257119591151154,-2.57452505700631,0.318877087834143
165,49,1.68035392167963,-0.46069058609649,0.777807997232162,-0.0703943731682345
166,49,0.67204451309236,0.399434171297743,-2.29773091463603,1.08700694122871
167,49,0.000489773656343333,2.10547970690183,-0.246566376591706,0.588330687108039
168,49,1.70806943208988,-0.562914159067548,-2.48345781798714,0.185172207687945
169,49,1.00061749426688,-0.0989335008931182,1.32695285771661,0.74877921237102
170,49,0.15016790381637,0.8570549088343,-0.856210752450044,0.481015639946559
171,49,-0.156523482694031,0.563384426508019,-1.023051305097,0.833451045245108
172,49,2.13829808305626,-0.779216673797141,1.62740208327406,-0.22476182786089
173,49,-1.87506532133758,1.32435634746648,1.62295240267172,0.162426331846578
174,49,0.376051096459856,-0.389150467764497,-0.964626549288574,-0.361372914649676
175,49,-0.289202103923641,-0.409768637067083,-1.26626728923496,2.40739618330925
176,49,-0.619767974505037,-2.20990243696309,0.5425732366123,-2.03215536594893
177,49,1.21256723852351,0.905039561965169,0.025781929999727,0.822518418296437
178,49,1.12310143496218,-0.40735157150672,-0.307009786147317,-0.605776496579335
179,49,-1.97878860114721,-0.379069035772686,-0.561872851277653,0.0757420983217285
180,49,0.587004866705323,-0.268252705064578,0.804732092463324,-0.552420672943775
181,49,2.15363135705031,0.149459963562406,-0.146855092177034,-0.241569026044183
182,49,0.475168807151208,-0.757000554081138,-0.224757207197065,1.16595698028861
183,49,-1.13810321452832,-1.03150277156147,-2.1145281557615,1.87002502456215
184,49,-0.322506544628417,-0.0565478036027852,1.42241060590502,-0.550201857509275
185,49,0.304655984617365,0.311439941540817,-0.879209684962472,-0.235939953744464
186,49,0.502273711313548,0.472010911430136,-1.12123083792268,0.684594957672439
187,49,0.163369127694121,0.0743302850154254,0.198451362975357,2.25757587069039
188,49,-0.66418962929923,0.591513040157676,0.572303584566536,0.0433426904809004
189,49,2.16602407768615,-1.58424369134698,0.459248006789665,-0.120827478801703
190,49,-0.116245349615851,2.48952052890464,-2.32265284765714,-0.601178806945357
191,49,-0.423673726459949,0.078584804277667,-1.04568295893369,-0.806607314603305
192,49,-0.101469162622181,-1.20801308425404,-0.85785468171701,-0.0122996722394264
193,49,-1.0507180707375,0.678273717888942,0.226907141429829,1.05098845270694
194,49,-0.334030268175464,0.968195934587415,0.518845659836795,-0.281378475571603
195,49,-1.24799679981999,0.238931075619115,1.47130060266015,-0.727295439319917
196,49,0.132339005096473,0.336473989723285,-0.0259520233630352,0.058119848778527
197,49,-0.902101905562852,-0.840476128495796,-0.491351806415059,-1.1396547573884
198,49,2.4646018863369,0.0639794419334352,0.594971001905405,-0.849456570704218
199,49,-0.849418021486833,0.867691392584091,-0.6756433484493,0.899185522939685
200,49,-1.34163867276623,0.846061300120166,-0.380495214567531,-1.10731289236048
201,49,-1.53957356436115,0.722163054822539,-0.455977367509401,0.185852429008415
202,49,-0.180365211630995,2.33621259423288,0.365191631050095,0.557619714034129
203,49,-0.21772523053483,-1.2203123383709,0.526906651475473,2.01600688358928
204,49,-0.141634787350778,-0.953450196636915,0.867614753936769,-0.689632844574159
205,49,0.524289146229193,-1.01359801178161,0.184547825058219,1.12016656378759
206,49,1.03604419471677,-3.06178741103345,0.396540388428913,-0.330031002425687
207,49,0.768088468955754,-0.7470733551155,0.242538946094554,0.576589825140028
208,49,-0.161836186752588,1.14137460342833,0.10546422155778,1.22653743733003
209,49,-0.142269277224289,-0.11819567130857,-0.121976269664506,-0.112793555141633
210,49,0.355170971361128,-1.28414189422203,1.33762557249186,-1.18034684945021
211,49,-0.470511713779156,0.219147931149771,-0.85438806407332,0.896589163504659
212,49,0.0804036852293464,0.78814705128385,-0.212453710904146,-1.62922823369788
213,49,-0.0558751866746458,0.00917862931371408,1.10417802094952,-0.899076960278638
214,49,1.40128361802304,0.358932729113602,-0.612848368238541,2.03721976408547
215,49,0.45389250560855,-1.23507787113416,0.107961367008515,-1.3459196288743
216,49,0.0426381973814174,-1.33279339934811,1.47671841784035,-0.922895288611335
217,49,0.59077967474589,-0.113155594758595,-0.26381176772806,0.501489259220458
218,49,1.24785622850162,-0.524401874034875,0.0866044285883412,0.14461118395265
219,49,2.36857384137952,-0.231380191818637,-0.62536938787934,3.10418692852913
220,49,1.70212980286799,-1.65944599893883,0.73148417841216,0.818444312871132
221,49,-0.000671715999974845,-0.647254546816274,0.437123003123246,0.548458232771346
222,49,-1.14233582146093,1.85660144601667,1.40600951758376,1.53568128459425
223,49,-0.121230435879579,-0.529094934292887,0.73528268960762,-0.941206765461146
224,49,-1.19785509656501,2.53631257845298,0.761206700085721,-0.616558074196513
225,49,-1.58823495649484,-0.990364852220793,0.885721409353554,0.540526575622193
226,49,1.04985123722149,0.851833770614242,-0.3684016450534,-0.253891485471133
227,49,1.31448989633849,-1.45753563210817,0.229595817160404,1.10678361943462
228,49,-0.530847547539461,1.10470972030797,0.413969020404104,-0.931714340333309
229,49,0.0892367181471192,-1.16890510932365,-0.750062457632233,-1.08208835194189
230,49,-0.515276496480805,-0.191915582975156,0.60447422801742,-0.246864815533813
231,49,0.276558839535821,-0.0837026401110857,-0.135241559410343,-0.28479232674523
232,49,0.971877269081444,-0.270414576568748,-0.0735516629620951,-0.397737153689169
233,49,1.18027358294333,0.749513392663933,-1.28913107945619,-0.138139563259115
234,49,-0.129502162773552,1.47068251595963,-1.83025709454722,-0.469400744525556
235,49,-0.346584764449026,-1.41098438130625,-0.187642456867033,-0.310694488088853
236,49,-1.62868502224613,0.507733126868713,-1.46064252545548,1.07875607227347
237,49,-0.881169191047942,1.52897809096344,1.32492455910461,0.965070277492097
238,49,0.50416058918014,-0.4558957615866,-0.00909974524521971,0.860126418098718
239,49,-0.612594797088341,0.711026159448549,-2.07619274961418,0.797470188796848
240,49,-0.167599720384882,-0.120402027686877,-0.921487389181421,-0.332873973594302
241,49,-0.500246908731689,1.85670422158746,0.885313820643553,-0.720167224289736
242,49,0.17307320431515,-2.49517266657767,-0.485578950635523,-1.84854143917345
243,49,-1.19943872907425,-0.156330599324312,-1.00233789428824,0.717649408723483
244,49,0.285824058000438,-0.0887378749449589,-0.331371361601158,0.6559973764406
245,49,-0.236596479861182,-1.13286162307749,-0.35746814782748,0.284224318102279
246,49,-0.236453098927373,-1.9392724581488,1.35815167326916,0.246150295552619
247,49,-1.05758854657258,2.16238370615005,0.319961815447277,-0.937556488024408
248,49,-0.922703523361546,0.00263759399799325,0.487803363805957,-0.337113269417226
249,49,0.7590427806774,-0.967704284674845,1.07807133700264,-0.0350097734840762
250,49,0.235156125413217,-0.985807198302489,-1.06761695376398,1.03526302879807
251,49,0.249347826874373,0.0121354923680413,1.1902070270728,-0.264619231082819
252,49,-0.196770622061909,-1.02549825890111,-0.474253905665875,1.93448863496928
253,49,0.56942061789915,1.27395688490793,-0.839156051544226,-0.184833530897207
254,49,0.652129165626947,-1.40559896111194,0.414552474333239,-1.29115573226026
255,49,0.993565741458782,-0.323426227659665,0.130070247330215,1.09959971437821
256,49,1.02185599081536,-0.1172408691919,0.971414116010597,3.20470861399806
257,49,-1.37158899359574,-2.24624419651079,1.05790879654971,1.25754974323033
258,49,-0.160378273253214,-1.25029792498975,0.473948278335296,-1.30751406492296
259,49,-0.461766691726328,-1.30789717802994,-0.232297705816803,-1.4189053292693
260,49,1.34353364699105,-0.0862572940765761,0.570089621397414,-0.480108459558578
261,49,-0.838115140914051,-1.85947065295911,1.49644466080824,0.373770049113348
262,49,0.83652992938457,-1.52943381283653,-2.30058800187135,0.188140412568713
263,49,-0.311050219992293,-0.886083951189634,0.624777194743925,1.2805311697244
264,49,-0.688539080306595,-0.270568897214294,-2.12508154670671,1.57634512892994
265,49,-0.43126378542207,-1.01829718767077,0.844836763301274,0.729190061316181
266,49,-0.27543483090977,1.97350431148383,1.36082199454079,-0.824249316833112
267,49,-1.29707885470596,-0.613164397788467,-0.32387323829106,-1.39104837567285
268,49,-0.845200090791538,0.23096476618127,-1.34129273567085,-0.0623088691737673
269,49,-1.05977159280098,1.95650668348977,0.19442512748636,-1.11151079392081
270,49,1.01401121787197,-0.885183863383514,-0.865424014958995,0.668526098166062
271,49,-1.36494606428207,0.821995815458896,0.0182280643736959,-0.119098718837917
272,49,-0.065539314313524,-0.0395187890964815,-0.22237773085899,-0.198511644926375
273,49,-0.0659635637286023,0.0229149064544263,0.749599186798838,0.172269226267464
274,49,-0.141491644410786,-1.19618302117817,0.856535386452872,0.121425815190064
275,49,-0.102323577414192,-1.13732757546145,1.01858736536515,-0.542995830959082
276,49,1.10218203067978,0.377378639043067,-1.51640429597959,0.353269616881223
277,49,-1.91880079619662,0.505218128856679,-0.89508933748754,0.173919237032125
278,49,1.50613639796832,-0.923264389583085,0.809631591341751,-1.19088887854059
279,49,0.333228146464861,-0.801781143663058,-0.577006865235579,-1.11936425079883
280,49,-0.696110049848718,-0.28252968428131,0.227195934794042,1.26775934870131
281,49,0.219379664293622,-0.201358179695908,-0.40428639180223,-1.24551589280735
282,49,0.124923000114762,0.77937789953505,0.001268449917232,0.966161509595254
283,49,0.704859091098145,-1.04156257424774,0.582840457567765,-0.455239400614202
284,49,0.0393791751376084,-0.0233577536759344,-0.822444883080671,-0.431564525440303
285,49,0.522146858260982,1.04994155112839,-0.00262198878993341,-2.2347541317382
286,49,0.688949154052706,-1.46045999643464,-2.78770755771239,1.04628975689796
287,49,-0.852317579003074,-0.387978553890292,-0.813327709101206,0.690193439144269
288,49,1.81090843307597,-1.6743463008292,1.55841857922224,0.00162636968156066
289,49,-0.711327863837554,-0.414804079182333,0.204470922408375,0.521648591078251
290,49,1.02170309864906,-1.91322537173402,-0.805698770596709,2.15012423425645
291,49,1.33921527145728,-0.916447572262375,-1.1923004615165,0.949383784859352
292,49,-0.293615961222001,-0.337059316010681,-0.43045947472499,2.43764193134247
293,49,-0.283010026471986,-1.63333185372746,0.475962821433536,1.02564090099888
294,49,0.246522009736324,1.04324242645902,0.734667993201094,-0.20014519962286
295,49,0.82714919308295,0.0624358537012619,0.550383001454076,0.39146708812467
296,49,-0.701169851971714,0.0591694658637392,-1.02700677360362,-0.455748068533866
297,49,-0.979446037477108,0.683402485000915,-2.36526983128629,0.843110153025046
298,49,-1.2805298215853,0.864201072213954,-1.29178933813594,0.4225208093928
299,49,-0.648150321815962,-1.25381087132161,-0.425484904015835,0.264644986594903
300,49,0.782102114250942,1.57975857372424,1.83855326654478,0.131048979153665
301,49,0.0523610034360277,0.0805776471206171,1.88364142365347,-0.463500967163343
302,49,-1.7512536656583,0.0647893923052713,1.0291609182383,-0.348114797061691
303,49,-1.98368191718938,-0.763042523986697,-0.553595581056253,-0.0040822762273988
304,49,0.610089203084437,0.0526953370561859,1.78738989195294,1.20949443651461
305,49,0.486149056645397,-1.07300061045362,-0.609604728762299,1.06085104479015
306,49,-0.0177302063677827,1.16803123802126,-0.651314536025666,-1.14085870578489
307,49,0.976938125826677,1.1310029293226,0.196594529710072,-0.550422023388568
308,49,0.651334105188347,0.0419949306233859,-1.54214617046539,-0.543936276476005
309,49,-0.51865354254499,0.272580204626965,-0.581788976855866,1.07401041175931
310,49,0.834355737659197,0.173473193768408,1.53132382745512,0.83454055445506
311,49,-0.0380912805031379,-0.716874804799507,-1.27115035987257,0.408309988528783
312,49,0.292548875432855,-0.268723814964998,-0.808161521399749,1.3386236823204
313,49,1.0363328154464,0.184473065577918,0.615990247782213,-0.844502851140825
314,49,-0.755752606040712,-0.507662043339272,-0.266229728511428,0.00204633069266429
315,49,-1.82453575080285,-1.29436469979246,-0.214180905146904,-0.81942347982554
316,49,0.229189286359905,-0.211707186435702,-0.433238515757893,-0.180179582565302
317,49,-1.61096665454596,-0.0526123995742491,2.00775921506515,-1.79766626899017
318,49,2.59576222873092,-2.37954176802895,-1.60825844524195,-0.283028052261834
319,49,-0.709522812351045,0.432246839488141,0.278828752681793,0.364508420839358
320,49,0.857104028677768,0.155640911147706,-0.913866596375916,0.450261066525402
321,49,1.57483098475232,1.40966156306083,0.281300579052879,-0.533645867918335
322,49,0.565489574990094,-0.44157851402585,0.764455001332679,-0.303771570719286
323,49,-0.615044034796188,-0.83674889345591,-0.37070260680614,-0.414451520541141
324,49,2.39305600848179,-0.967293117257911,-0.286910297213112,0.945484797029166
325,49,-0.765168074090983,0.0267043934792083,0.521131175452008,-0.762789542894584
326,49,0.254701727492803,-1.03834210575961,1.17345401260096,0.0992098443955352
327,49,0.11737289158439,0.725775121599265,-1.46690784616872,-1.06516968057523
328,49,-0.072925521639685,-1.95171668333946,-0.301094760549086,-1.60061251703675
329,49,0.787469525858468,0.566941058489828,-2.1339033851036,-0.296526168478267
330,49,-0.450661228312044,-0.473049716285528,-0.202371922851969,0.453663444016971
331,49,0.0779782037126337,-0.23417392297158,-0.595063961189382,0.288886662868888
332,49,1.38290391031561,-0.850033090851658,-0.714805904733236,0.122892294399032
333,49,-1.40249483215297,-0.316091067995638,-0.782547635245328,-0.853855435136009
334,49,1.3498557605664,0.998874217037677,0.271614014439354,-0.541577001002549
335,49,2.03826113726768,-0.508091863088322,-0.695389386970941,0.141759314362272
336,49,-0.570602872707188,-1.71336924301919,0.534887570963487,0.177397941400076
337,49,-1.46271185565072,-0.0691830379978001,-0.392563867332877,0.579352759613856
338,49,-0.415641073350063,-1.28555847477086,-0.647847843383742,-0.0144217379100139
339,49,1.03083207888662,1.93501029160427,-0.192415889986038,0.15786169281516
340,49,0.468086037757249,-0.289424758763668,0.367314412522511,0.222655692239017
341,49,1.1495619888194,0.681874898275603,-0.805450852736855,0.699757619925022
342,49,0.78765712433165,1.28244485636196,-0.315308011360456,0.541833077212367
343,49,1.17761108714119,0.448307951577936,-0.358547390977401,0.996197742170387
344,49,0.726394044370189,-0.700985515077625,-0.367283226609327,-1.17008522255365
345,49,-0.834982301543842,-1.21068320157652,-1.48499024263326,-0.0470378509991689
346,49,0.592394274601949,-0.186038415051253,-1.03720343723539,-1.38601572288522
347,49,-0.0968632158863236,0.43889471120048,-0.525492543819141,0.578375467259489
348,49,-0.446727516260957,0.905868781920826,-0.626110410534505,1.39950099010194
349,49,-2.79205331141204,1.0814131312236,0.281059676270797,-0.22029103591333
350,49,-0.532812304893803,1.33305119292778,1.68665444084167,1.30612448320784
351,49,0.500445461763418,-0.533230323853078,-0.0188485277903009,1.22077307932609
352,49,0.277823594964607,0.110980693080439,-0.199608611506326,-1.57412315515756
353,49,-0.134534337035194,-0.84338211771837,0.640175358373419,0.841111187837489
354,49,1.27335578339632,-0.395885919429586,0.871690324335121,0.0889900682103607
355,49,-0.364709492440197,-1.34931120357965,-1.51433147522381,-0.463519461718821
356,49,0.116449764828106,1.24090903746909,-0.645199140201476,-0.0765652869579851
357,49,0.902497619116641,-1.67501778693144,-0.946945972502995,1.32190032020566
358,49,-0.07626938391161,0.470231951587711,-0.563015825133052,0.5674732084514
359,49,-0.580784499424735,0.404103214114404,1.22124522531038,0.483008827978676
360,49,-0.0764405402420024,-1.41401715604622,1.8426314921573,-0.473058518945346
361,49,-0.931242365943096,-1.90060991830202,-0.653167000212145,0.210823393041624
362,49,-1.13965246588907,-0.790684743718371,-0.583947203026641,-0.260135777019965
363,49,-0.996262545214572,-2.09372005267557,-1.18993688411371,-0.647649923244623
364,49,-1.02393154594399,1.30599980474939,-0.640131545442896,0.451287770265919
365,49,0.122841199926825,-0.292175108431832,-0.686985102393498,0.165623931793065
366,49,-1.56249802176979,-0.257278660859583,0.861735802699633,0.444996880080791
367,49,1.23440955144991,-0.99395826307556,-0.259997361947935,1.95361656562294
368,49,0.787914802884274,-0.144825223491927,1.61135881921395,-1.0496603418287
369,49,-0.136842679389565,-1.68728606475991,-0.650546551174804,1.1536598120386
370,49,-0.372660032004585,0.743644274177481,-0.110571689664587,-0.255322110908268
371,49,-0.126893204127452,1.52678732460221,0.400523677355164,-0.683676763184974
372,49,0.121047252844095,-0.758657782119178,0.482732901817021,1.70200459654013
373,49,-0.188740005267694,1.3517005880846,-0.95235924260411,-1.64697696609773
374,49,0.461346503050726,0.707894929945798,-1.64855141050907,-0.85156050326996
375,49,-0.106465351974233,-1.31625175628819,1.09374849974538,0.281227808046961
376,49,1.73244932503385,-1.57170360066501,0.502385177867617,0.612414724462452
377,49,-0.951944583198846,-0.95186881777589,0.53415426027169,0.873885478812529
378,49,-0.767434109715537,0.716335617419232,-0.0560346785823275,2.09182377155963
379,49,0.297474910830051,-0.813661539872034,0.906470746959726,-0.392543800777329
380,49,-1.38531467710842,1.03018156338577,-0.439784941841091,-0.283607382145197
381,49,-0.644464792177093,-0.277093991740833,-1.88002759882335,0.328067371832242
382,49,-0.425983589678905,0.783089282896066,0.370658784935298,2.20293549781639
383,49,-1.17818268329706,-0.96604776189259,0.00649447997157765,-0.165377557006144
384,49,-0.521877927734593,0.336852924323606,-1.01063275188577,-0.613930621027794
385,49,1.76138885157921,-0.313656156432683,-0.661373455048678,-0.444585847246844
386,49,-1.34444475596757,-0.606575592133931,0.451102198955386,0.252344765716244
387,49,0.482354619393975,-1.90752452145216,-0.614734954699851,1.05498608972251
388,49,-0.0348915536676767,-1.30500540377989,-1.06526796710845,-1.16756060937811
389,49,-1.09124081408715,-0.343589450998275,0.848157211202451,-0.338556401227561
390,49,1.05653133344097,-0.60232904211341,0.553045885636701,-0.281611466252482
391,49,0.0842933591091162,-0.99478639278883,-0.327056015864292,0.00460251358335257
392,49,-0.298257192478866,0.592379569426089,2.30058039963371,0.698801488946322
393,49,-0.977682768308038,2.3681785022637,0.763708027132314,-0.00881000035918881
394,49,0.15524714336874,0.161207171506677,-0.0289395478388541,0.372677849085717
395,49,1.00145560417626,1.01155109108586,2.13567216773805,0.681527659946993
396,49,0.611570572551206,1.70917202189807,1.04706634287767,0.872873983093873
397,49,1.2104621464738,0.182093198624081,-0.340744861803509,-0.686575073613938
398,49,0.586920354362184,-0.196032370367254,-0.620577816502557,-0.457800162118964
399,49,0.789770668049369,1.03501400381682,-2.26497564076822,-0.969097177223847
400,49,-1.87072692207763,1.20908649499073,0.632215964060999,-0.482799502805358
401,49,1.04450414396215,1.53816338268288,-1.33821009390196,0.766440011194128
402,49,0.977401587729456,0.143014390810105,1.53652388240059,-1.04288088932755
403,49,2.08409073727818,0.280035324069401,2.18461393571772,-0.578008645892866
404,49,0.68035952735575,-2.23430800130795,-1.85128520088257,-1.85077946574205
405,49,-1.2473875541588,-0.141014343858523,-0.741237350533882,1.93176370444068
406,49,2.33259477768087,-0.733001624383769,-0.796127128459538,-0.35899583898406
407,49,-0.408700090190906,-1.08750671020047,-0.830961813465816,2.46771648171995
408,49,1.9681788747956,-0.587117106742892,-0.377411834568298,-1.45008648345056
409,49,1.86093669967629,1.54754111502392,0.435996168929163,-0.450051941481724
410,49,0.140576673686503,0.215759428727488,0.274462350368171,0.194524811172567
411,49,-1.53641085752834,0.72016834441162,0.562135004861544,0.273501058847499
412,49,-0.535690473927778,0.299876177840272,-0.584122934253737,-0.664286257183653
413,49,-1.83506921749556,-0.246450631907365,-0.906700012271673,0.828384078596526
414,49,0.983449081536787,-0.331960196396594,1.85008915503875,1.59601292731587
415,49,-0.916401458680166,-0.158421460982174,-0.297525242335596,-1.00809026754204
416,49,-1.95298853016603,0.508046439282117,1.06992003013138,0.113533979747852
417,49,0.604476364690716,-0.654578099107278,-1.98640885743946,2.61207397132728
418,49,0.956050291522958,0.573958000480851,-0.0800182665536398,0.124030521967906
419,49,0.716296966052797,-0.591665033194969,-0.671492460729836,1.61022647294256
420,49,-0.248482516782089,-0.129249433102687,-0.307855917957443,-0.773067765021156
421,49,-0.598908373341343,-0.459262557315736,0.436167331920062,1.82363949430898
422,49,-0.906224196275081,-0.61347287839838,1.92729708701422,-0.429728094809163
423,49,-0.385993665577293,-0.134536739515224,1.55843220274525,-0.108792717163369
424,49,0.784866844909506,-1.64337353956544,1.17760332609662,-0.760223354636917
425,49,-1.18580639812965,0.822533074294651,-0.26813220372203,-1.14741524544703
426,49,0.428166536681012,0.886717622675731,0.77001603478446,1.2106538987136
427,49,-1.46344102173751,1.12894189685971,-1.08311119998702,-0.283775520587157
428,49,0.211740575888107,1.79211299977529,0.914080853682788,0.748970602017022
429,49,-1.47600046274668,-1.14823159196617,-0.848233529870447,0.745384407295752
430,49,0.211550458190118,-0.674621822126628,0.593929741415061,1.45484450387644
431,49,-1.74663401704338,-1.3302474489138,0.262393833310304,1.1402686845913
432,49,-0.0457347738641555,0.551749644531672,-1.64983066235809,-1.31302935416449
433,49,0.128046512393882,-1.88822387631232,0.186227748570523,-1.05835678365236
434,49,1.08007394942922,-0.690554782336854,-1.60588418743257,-1.61316470728367
435,49,0.809476607221736,0.803495045758185,0.0501844594911662,1.22938954025431
436,49,0.7637867018614,0.463080029762848,0.807026136796423,-0.710163724672501
437,49,0.430980294133489,-1.61735280569332,1.75999349045737,0.0404610514810226
438,49,-0.502309617988897,1.14744324470315,-0.833262243539272,0.701287774609801
439,49,0.299939866340412,0.073095985249331,0.152522352753841,-1.53372593273803
440,49,0.446091048949755,-1.14269908991846,-0.500432601149416,0.0807093703230498
441,49,-0.561142909107425,-0.470600053001901,1.12569437238167,-1.04854444641895
442,49,-1.46340844363353,-1.97391351463979,2.08575848406921,1.37900480159192
443,49,0.51290664396623,0.487921007582713,0.0177001261425941,-1.25599975545343
444,49,-1.46479116250479,0.172465091941716,-0.00310422903173397,-0.452327337202825
445,49,1.85546739217616,-0.606181313299141,-0.334359398882718,-0.0501960501969962
446,49,-0.670836171385603,0.495311750458007,-0.803155080742444,0.248032634234408
447,49,-0.966334261064895,-1.88395779322864,-0.426850785626122,0.860747169666376
448,49,-0.164394816485008,-0.13076105165762,-0.401221708609353,0.0900926750399698
449,49,0.441209521020916,0.0850486291954237,0.0803822354994025,1.18993709038796
450,49,-1.01255381365984,0.314415551568116,-1.90180674079385,0.000590946271981429
451,49,0.784428901540725,0.933378896288296,-0.852013953448724,0.416340963599163
452,49,0.451630190554554,0.852572177812774,-0.556864245271226,0.999034443738037
453,49,1.49077686334274,-0.914670447486244,-0.00172422841493105,-1.6044815994127
454,49,-0.397442119737979,-0.177506249328416,-1.93176105235096,-0.891556174550719
455,49,0.264229576388747,0.0617137771304214,-0.375993667184777,0.156542480471603
456,49,-1.28300877032173,-0.914506906447977,0.113156033284972,1.83874912131475
457,49,-0.296568510702584,-1.03164885369646,-0.46361002863525,-1.7771202166061
458,49,-1.08264327057641,-0.215301434951458,-0.199052562356944,-0.626294278388582
459,49,0.920155374783242,-0.614520256314124,0.610172375812334,-0.797319584795953
460,49,1.47246689227124,0.469757579732996,2.23875934205967,0.9116038826742
461,49,-1.12061321085862,0.781794897264228,0.757853564903604,-0.202629051161618
462,49,-1.27931539886135,0.512262324476015,-0.821188062772929,-0.628760172048699
463,49,-0.419543408791771,1.12078766324387,2.13799992838369,-1.18461576277225
464,49,0.454231107892001,0.662244816344589,2.53778813192261,1.81934130434752
465,49,0.50489757243094,-2.3717308569093,-0.641020865050594,1.70440123909477
466,49,1.02871022822757,1.43300667405714,-1.34295730827194,-0.450409654786989
467,49,-2.12350469406547,-0.753510598367723,1.80978106416448,-0.67369074178759
468,49,0.589651153440033,-1.43505052556511,-0.0737664039115973,0.538945933971692
469,49,1.2024419950228,-0.774350832526904,-0.179311092620671,-0.770861353647115
470,49,0.167632541324231,-0.390499291976385,1.25758857654956,-1.84971641470764
471,49,-2.03858151329818,1.05734690990739,-0.949490739131625,-0.689306316950839
472,49,0.610950666641916,-0.414087075972121,-0.602253689911195,-0.145635954175091
473,49,0.0293107230940931,1.90586020287138,-0.802618370072146,0.637949969631874
474,49,1.42669834512112,0.594034764445738,1.34522898107726,-0.982268052402424
475,49,-1.84937488936998,1.44383518308367,1.15019489793997,1.60060575521839
476,49,0.300938678468887,0.878750616867538,-0.683378181858925,0.775464732983353
477,49,0.592789276095904,-0.562389438843976,1.17008331183409,-1.06695901889253
478,49,0.741152616337546,-0.648051816868223,0.562589565073813,-0.357452327523029
479,49,0.50822437046209,1.09378637920012,0.355653943651216,-0.315866680408252
480,49,-0.600286579450054,0.579457669980693,-0.844864398342258,-0.866971051284828
481,49,-0.861854608737233,-1.10917945487046,-0.240132941530814,0.252172545984749
482,49,1.04359277528767,1.45588729241416,-0.577790966283629,-0.838792124950359
483,49,-0.66059571605627,-0.707700332825677,0.594623447880456,-0.88774911131011
484,49,-1.57548808918971,0.0801280360570393,1.80890517761472,0.713470324107595
485,49,1.26873249525322,0.254602566794557,-1.0147981585051,1.04786651011604
486,49,-1.4624408414514,-0.635573220965169,0.223446721577906,1.56974858783014
487,49,-0.128608094970306,1.02725475659278,-1.08338954205117,-0.796830584650662
488,49,-0.0558502347466264,-1.10859602007349,1.13290010343581,-0.66525380952813
489,49,0.198331779933188,-1.48661056676386,-1.36583976907771,0.885708210003438
490,49,0.246498518597087,0.657022854432323,-0.0737111152924384,1.69828309638815
491,49,0.388411688881445,0.367976047791988,0.583190497398725,0.227915582375552
492,49,-0.478811834994898,-0.475545915026596,1.05610772637962,-1.01488024208323
493,49,0.735325415069152,-0.529543576754289,1.67898037271182,0.981437944831389
494,49,2.01642181745991,0.55708848267526,0.983434861403526,2.62848106008786
495,49,-0.852551392387053,-0.895649973065264,-0.905816195051108,-1.3464619500349
496,49,0.111997203419726,0.668924886524683,0.8032977138527,0.693454562494546
497,49,0.575156373056775,-0.480254197805199,0.700082394394534,-0.197584712341526
498,49,0.461672480278452,1.83609093378799,-1.02435625972799,1.69944958305335
499,49,-0.0782981162608275,-1.39134729874038,-0.274072147389722,1.17717472074196
500,49,-1.32632527479544,0.387812177747243,0.376819803046115,-0.37498668237609
1,50,-0.48973028214449,0.977680985320275,0.863954670332834,1.05024243373765
2,50,0.62728744071899,-0.319426735339755,-0.625133085399151,-1.06826861499243
3,50,0.756319057205584,0.487457639001707,0.299166429905379,1.09378103605087
4,50,-0.118285790695704,0.252733617017149,-0.960346705509836,0.902221651469162
5,50,2.12338366342132,0.600822193878459,0.499413127235006,0.611619948273253
6,50,0.930908326251613,-0.705683723804755,-0.170310743890485,0.590491804310096
7,50,-0.0881271314618157,0.296949298131382,-0.602299481891799,0.576835529464045
8,50,0.748768327799757,-0.86343525310931,0.285335040984845,0.58991699328198
9,50,0.113955103044685,-1.06364362429912,0.60013530362126,-0.269351743012288
10,50,-0.0612242286450905,-0.174371905355121,0.1525410317791,-1.32823554964503
11,50,-0.541933651633529,-1.37027330627956,0.338294333305405,-1.84203620894353
12,50,-1.29046532099279,-0.431039540644431,2.36111387474565,-2.28599903686175
13,50,-0.746454789536749,-0.62030109061212,-2.36564476358876,-1.30093700717522
14,50,0.467342320458804,0.0154196253491842,1.3270704811278,2.11372178590402
15,50,1.64457835348299,1.28573203728825,1.56425727368777,-0.170778545561894
16,50,0.653021459833931,0.312774013819388,-0.279660414372403,0.180899329669538
17,50,1.15233367072174,-0.07262159520838,1.75795303440109,-0.305106292815074
18,50,-0.0702447645696439,-0.256543567910483,-1.99916473152372,-0.608039806264143
19,50,-0.35640025368738,-0.934961237351327,-0.62580620531422,1.36784499720692
20,50,0.0439062989783464,1.50115841997396,0.402819468206547,0.13087863089885
21,50,-0.755489515971812,-0.507157889994733,0.117324513302065,1.8392105019623
22,50,0.354501268467712,-2.08376599332869,-1.73098920636111,-0.186262813486061
23,50,-0.66946416938064,0.957205365721288,0.211314659147453,0.734372284721692
24,50,2.31760297134526,-0.0334992638394571,-0.262694148244865,-0.077814119159038
25,50,-0.0491348175272276,0.813641398475986,1.54047393612882,0.0607629556229993
26,50,0.40424730291754,0.173291176726024,2.35076734555405,1.42905799613799
27,50,-1.14982036138994,-0.336322243998208,-0.617691686545585,-1.11824990736445
28,50,-0.702493677207418,0.715443864694777,-0.654462064088739,0.907257923896426
29,50,0.813342513228081,0.681390854274119,-1.66317529822773,-0.0799041516417483
30,50,-1.10433131491106,1.44802295691869,-0.1105622826129,0.127093561621927
31,50,0.833982029628418,-0.470175716932186,-0.372143939261081,-1.28404535617894
32,50,1.11170360924424,0.48338585826472,-2.11101929474958,1.89547295221143
33,50,-1.69442144336556,1.33481199524859,-0.112113543458662,1.42358710331715
34,50,-0.796023005941986,-0.40444720262832,0.131025982685591,1.44424266014377
35,50,0.0179257653951711,-0.541515377233628,2.01548286063959,0.329439221003266
36,50,-1.09889726007924,0.680209361662308,-1.92239852442908,0.900285174037887
37,50,0.195886361094846,-0.861067368592102,0.853247978675957,0.276896865307336
38,50,0.556209131385489,0.117086044673237,-1.40678806374511,0.551130108299174
39,50,0.229990700359154,-0.0871486147718325,0.780034567864948,-0.0402794367707204
40,50,-0.769461653038398,0.656748451188046,-0.729195853107279,-1.06017659967285
41,50,-0.0996777782372941,-0.257715625693825,0.127079376795877,1.36443575331559
42,50,0.545227505364494,0.298796048046475,0.60509997409969,0.855021304985331
43,50,-0.918798576702617,-0.346788966189136,-1.5532446814023,-0.190816987594742
44,50,1.49282368504437,-0.125464327702821,0.97630086563527,-2.80774258177896
45,50,-1.21010433245328,-0.0727145497345205,-0.474959261785336,-0.82306953974425
46,50,0.443778185512285,0.292148539603171,1.31620568862828,0.355825514449889
47,50,-0.855611244203249,-0.887420949566867,-0.184966505861559,0.915662040951244
48,50,-0.953985519816078,-0.742372381487452,-0.131337797394928,0.201307450250903
49,50,-0.997451894378241,0.814444012976737,-0.00984121625972511,-1.18262316695287
50,50,-1.20686300771442,-1.63123945687279,0.411819542574657,-0.519104883367684
51,50,1.05472290974812,1.01370840411807,0.22297555493613,0.828965428082983
52,50,-0.10004936297762,1.3088324036764,2.13843544261757,-1.25237825442594
53,50,-2.25997808581139,0.863003476302353,-0.780916649601797,-0.628875638041799
54,50,0.158755157576845,1.39091390102052,-0.924010625233605,2.11208350250716
55,50,0.812806460354695,-0.1227550803843,0.203887411365786,1.50173841892108
56,50,0.031716377802919,0.477017360907488,0.468561702149214,1.91431692150826
57,50,0.0455073112860967,1.07790283170695,0.112158409997288,-1.28263811196336
58,50,-0.669325791477238,0.782346963919126,0.205414185508187,-0.959977523062486
59,50,-0.91444812344472,1.13987620420957,2.25367255418767,1.72228002889599
60,50,-0.101032956649533,0.681434222553173,0.510066459440908,0.0327072659813106
61,50,-0.111070039514096,1.78765883218432,0.678714915359718,-0.681282138146048
62,50,-1.5471555290046,1.02799585594847,0.293784811070972,-0.236527874334047
63,50,-0.229773314962305,0.129797816393971,-0.462397711059694,0.716523315687423
64,50,-0.0579482460955904,-0.0864961485839355,-0.225682632650171,-0.879281107573083
65,50,0.0913508501672456,0.0703169554072968,-0.457264482219173,0.861804740843139
66,50,0.103965041606761,-0.828591356110172,-1.53900781894655,-0.269102189738061
67,50,0.674657718042188,-1.4213516254987,-0.153852782740945,0.170685903439114
68,50,0.154289495204349,0.460398025040525,-0.134848404942578,-1.81178375198434
69,50,-0.287392117587295,0.674449046306975,-2.17505183048724,0.595141460404462
70,50,0.98848546499167,0.966540567600769,-0.717788608573668,1.46105718697282
71,50,1.36717688036156,0.0871750245003786,-1.25785810887587,-0.388455131813945
72,50,-1.75163864470047,0.436631346374032,-0.227220650579386,1.19396998163749
73,50,0.128746582441123,0.691227051113453,0.688580766180759,-1.24958406013552
74,50,-0.876749900169736,-1.83024145125142,-0.108557776764379,0.382999416473244
75,50,1.11169183674549,-0.447394300557271,1.24016750756323,1.25980872612507
76,50,-0.716407587673303,0.171169732534922,-0.256253524607192,0.0248155317439214
77,50,-0.528207204633139,0.938727509905103,-0.365827301820886,-0.581096755986827
78,50,-0.623103537057174,-0.352434298791361,0.385913180968414,0.434602070953629
79,50,0.102258584116302,0.345666366104254,-0.779017963736567,0.31839697688122
80,50,1.00775085905442,-2.30888484911294,0.0535564275070857,-0.816243912276
81,50,0.0826675659658026,-1.57431548669706,-1.12727797525406,0.496832659118278
82,50,-2.76136243784651,0.387187185516119,1.52620760811543,0.36367186016412
83,50,-1.42394650855492,-0.486472538364731,-1.12066601582616,-0.105525693541684
84,50,-0.76162689500131,0.796995533215496,1.40841309892907,1.73883178524759
85,50,-1.67775291689639,-1.20813360791143,-0.868029275481586,-0.352837726645824
86,50,-0.0739658097429523,-2.82938530747323,-0.291900617256779,1.36948222004311
87,50,-0.856091957551337,-1.19711203603091,-0.894621254175398,1.59246525055658
88,50,-1.8509006317784,-2.07105518053709,0.110236235429596,0.663405525523518
89,50,0.442021219370294,-1.26113631510773,-0.149560165302429,0.625494887979626
90,50,-0.342883914077836,-0.136959977965164,-0.93434175964688,1.80532579546085
91,50,-0.886097203020483,-1.36284005733141,0.216072467175302,0.810457966402897
92,50,0.410954747221081,-3.57080561032563,-2.93351954388528,0.327490348224869
93,50,-0.30579858071585,0.0103755642393359,0.397838824952249,0.70267620801692
94,50,-0.715961218483269,0.276277845245662,-1.43862828880926,-0.0655639514094982
95,50,-0.321285188116462,-0.478699492445644,-1.70464588882711,-1.39083205786831
96,50,0.822948064982747,0.780953790130391,2.44936408039029,0.326091913521055
97,50,-0.47979405239655,1.61631486780628,-0.50919402250156,-0.024784893582845
98,50,-0.688493536602169,-0.133855794429746,-0.177102884115246,0.31337173941643
99,50,1.89268411417826,0.81782684215319,-0.266669957666687,-0.212990534373292
100,50,-1.43651598784371,0.287259320077961,-0.806398064475904,0.942100058542847
101,50,0.0210179694974381,-1.53728979731624,0.676756142295006,0.552180211711848
102,50,-1.18980919704328,0.173794122540718,0.803174681171029,1.37337865018257
103,50,0.437075901527047,0.0719505867765032,-0.189428793944455,-0.786826193604553
104,50,0.860288111017901,0.768071299702519,0.738282424188811,-0.669742350195454
105,50,-0.619461540092744,1.37170587251751,-1.70370283399646,0.463349928087273
106,50,0.443385118109961,-0.0950288367762521,-1.00151104045266,-1.15896054113168
107,50,1.22184410416052,-0.655089974368189,1.60584219100324,0.140878267879528
108,50,-1.10501690555078,1.49437378615667,-0.0427100683985192,-1.29739850487645
109,50,-0.917415642707525,-1.0431014667913,0.200163041205376,-0.57458441348906
110,50,-1.89779577423665,-1.10065978295373,0.127272646468552,1.02607506618911
111,50,-1.21989541509051,2.180622123988,-0.500173455243238,1.05061398632962
112,50,-1.43338651960001,2.77708749754263,-1.38907905326127,-0.49866004400479
113,50,1.76669710997799,0.396988202050091,-0.603405831924403,-0.913771830021645
114,50,0.955971928019391,-0.727972232800127,-1.50763212829019,-2.06729982937546
115,50,1.43698802849304,0.232128468441531,0.78685202654201,2.18275542509206
116,50,0.0523219160369672,0.901429596441568,0.152070866389459,0.0232117508200914
117,50,-0.130229345901516,-0.17639627228463,-0.690067077761518,-0.961620845757849
118,50,0.09315072609415,-0.989715722959443,0.385163289500753,-1.05563202534981
119,50,1.18515392454343,0.0511784467903359,0.797314626511398,-0.244858981501274
120,50,1.33340516989159,-0.105313280106271,0.948069752048058,2.0180738787657
121,50,-0.376142255188211,0.313779873515092,0.058642826053843,-0.944891935224352
122,50,-1.53798166797418,-1.44726967220312,-1.44009909945785,0.178393393856985
123,50,-0.389355872968598,0.62710754428263,-1.06311254586752,-0.471994516251839
124,50,-0.0535001693674584,1.69822380472935,-0.431644563054329,-1.05853874646882
125,50,0.928872321268578,-2.4990002787234,0.934282791927795,0.939038006039867
126,50,-0.948350510575947,-0.393928553031746,-1.06486156331989,1.87778068666118
127,50,-0.0908131732271423,-0.882782841973556,-0.35874759270736,-0.480195004654534
128,50,0.255661706336899,0.921698558229302,-1.23527400552889,1.64554946116967
129,50,-0.806466543734558,0.0127691980423499,-0.362440904644339,-0.970281326500052
130,50,1.42064411334222,0.476382733973875,0.640257516639343,-0.220530598733087
131,50,-0.749661544817558,-0.718528176918342,0.748967674597947,-0.921671079261337
132,50,-0.0119979960740189,-1.45991776874622,1.93204505170379,0.929893845955947
133,50,-0.446799384013591,0.286137903317771,-2.08079241995503,0.436418938260224
134,50,0.490048684657348,2.00566797135571,1.53302929121266,2.00764443362978
135,50,1.59863304011736,-1.04129777221814,-4.01809466586442,-0.372565500692989
136,50,-1.18976443452205,1.12652576960219,-0.182581113823017,-0.0882433077009926
137,50,0.922722237966106,-1.79244045751897,-2.97458917770623,-1.29944328224341
138,50,0.408528560576848,-0.0128102785678205,1.4406666849453,1.94154682748579
139,50,0.102308607131825,2.68741403152328,-1.67681916170989,-0.825619548455065
140,50,-0.679236849106932,0.317491733040642,-0.369886700254742,0.649654935874933
141,50,-0.254247364132797,-1.474445316249,2.04924031675494,0.139357955523201
142,50,-0.169464347160608,-0.329748982482815,1.51132066003149,2.07445744971385
143,50,2.14105381886624,-0.0143354301321988,0.374292647612335,1.08509744326229
144,50,-0.977669800926483,0.537717655735928,0.238927533748431,-0.0240914773390995
145,50,-0.706789851875726,-0.626195553162473,0.504824546063509,-0.216420304737164
146,50,0.828006926315242,-0.626040102482725,2.40488890707626,0.229754636660933
147,50,0.310489922449709,0.0867843766145696,-0.829273329250343,0.134609917710972
148,50,-0.838280276221442,-2.79505436687766,0.343896586046696,-1.10733629402413
149,50,0.202095910720822,0.00174548394794956,0.0916181893314265,-0.19318272129073
150,50,-0.44974607456065,0.108718520956616,0.897146368123833,-1.35784697314097
151,50,-0.625731646956645,-0.158496998516047,-1.8866266493884,0.507272710961518
152,50,0.41904729792837,-0.106731877342552,-1.66571380054256,-0.121925428973305
153,50,-0.478919848029611,-1.06507315258783,-0.184725007407987,1.74931861657035
154,50,-0.730658071703381,-0.799494223101541,0.724980076241395,1.46063034386397
155,50,-1.01974368891592,-0.930370601216121,-0.0119056736746739,0.496716265772776
156,50,-1.0906188764648,2.64017251347029,0.853045937407287,-0.299781125829826
157,50,-0.470090398248535,0.231481256022224,-1.21968647018514,-0.709821143716825
158,50,-0.0576990885335341,1.87045622212802,-1.43756069547974,-1.06160133228827
159,50,-0.76872808476053,0.601815330844573,-0.831845201464012,-1.66093322144137
160,50,-0.235219328347405,0.0362958817813759,-2.18033510511574,1.93921000919946
161,50,0.0174653240609819,-0.690895346514412,1.10830048724029,0.436001123323585
162,50,-0.32562294381658,2.18733789581485,-0.4974479773967,0.337063901488742
163,50,0.453758236292237,0.130925457351193,-0.0722580954199183,-0.697925555683389
164,50,-2.16433946217989,-1.92792829160471,-1.25156894404626,-1.17334235872281
165,50,-0.103458639133662,2.06707900420725,0.188487795935388,-0.963129603126336
166,50,-2.85018724667111,-0.652709964002836,1.48750301965691,-1.09101235380428
167,50,-0.942678320609696,-0.45115454440817,-0.405121577944793,0.119068934137309
168,50,-0.725344406798545,-0.779865668110526,0.825069438367444,2.06419220273634
169,50,1.00415382750024,-0.0242749009104358,0.235855688310373,1.55045569905294
170,50,-2.15923422976606,0.688910530994297,1.00372317486236,0.767514437218203
171,50,-0.381239975112341,0.99141836778446,1.70512552208834,-0.219214678543374
172,50,1.05519154197509,0.543552106285129,0.60907578619833,0.333102238632018
173,50,0.486714753953465,0.922747062169199,1.02393909875814,-0.699633030296092
174,50,-1.4710445558876,-1.95746479677243,-0.870859488652765,-0.291794437074677
175,50,-0.136008615812814,0.436086681343052,2.29591473740451,2.08712249303541
176,50,0.0313553060579746,-1.20730529472784,-2.28449978565941,-0.263770701783922
177,50,-0.479663088873759,-0.913033445338679,-0.294013084681188,0.644699405217706
178,50,-0.826681563715423,-0.908122651062521,0.983858545925502,0.646275089924611
179,50,-0.942438389386243,-0.331126267665127,-0.574043401499237,0.748815075145802
180,50,-0.846972839118235,-0.316825412335619,-0.466999194820829,-0.840182087449428
181,50,-1.99418172325432,-1.30285209918213,-1.52890739463862,1.0256189569767
182,50,1.50657815066461,-0.752426798714957,-0.383288563297062,0.175857211276906
183,50,1.40250688756981,-0.836187567042769,1.46424758009938,-0.8298272351274
184,50,-0.611167808525868,0.412569522916822,-0.450654370088663,0.243235319905905
185,50,1.03133526998541,1.29233327311759,1.80013283982609,-0.841298432821412
186,50,-0.650324111069828,-0.410909067620504,-0.83043529407482,1.19142849058425
187,50,0.267190893595833,-0.150164893531577,-1.21303850756844,0.626306075991933
188,50,-0.834049785301332,-0.32332020777303,-0.945413592385025,0.237257653298878
189,50,1.68335733975224,0.576145525687212,-1.60355141278426,-0.196783602898681
190,50,0.451965249458337,0.948420918118896,0.336467241082103,0.0230659964015685
191,50,-1.78881380247829,0.0165784294101403,0.448458458810689,0.490854975881172
192,50,0.203774419333567,-1.26462328413594,1.07683862712742,1.83438651088014
193,50,-0.615210292169767,1.68928387339724,0.555267458496395,0.595893004095424
194,50,1.78552075294084,0.0758973287859831,-0.677875143783987,-1.39407836830109
195,50,0.339480604938142,-0.665910512099242,-1.39927917004173,-0.931490338102689
196,50,-0.723227642947462,0.308749350273343,-0.266864784248155,0.109252953146211
197,50,1.13514822497751,-0.090195764685578,0.166472667747272,-1.31070762985312
198,50,-2.18329266320725,-0.656584469399176,-1.26593862012065,1.47056143954124
199,50,0.194583033909205,1.20485403888393,-0.326994322656148,-0.407378160445246
200,50,1.44361823864993,0.150625947187295,-2.6072271390025,1.72951849311664
201,50,0.0167606436937848,-1.065086494873,1.10089989107143,0.568073064766367
202,50,1.40805543386689,-0.581189603395458,-0.160344496865813,-0.259646078627564
203,50,1.56887986662009,-0.244647789703191,-0.468763052787797,-2.1849633464718
204,50,-0.750589356233782,0.69607923468672,0.492594968355484,0.278322459849602
205,50,-0.73937144460854,-0.572296513305123,0.864396634750871,0.121409931969742
206,50,-1.30724686005315,1.6293521231011,-0.459805488599433,0.163169344705997
207,50,-0.3794533588685,0.0552525804012025,-0.361582212323856,-0.75843146638136
208,50,0.28192953977091,-0.527887319234656,0.550761156843331,0.27835187731717
209,50,0.361024571228037,0.338089345644049,-0.54286038882518,0.425401669203034
210,50,0.905466859879998,-1.92230206620133,-2.50517842178741,1.20713627174742
211,50,-0.593839289233751,0.567987083550192,-0.239735686561742,0.773692377823188
212,50,-0.070514204277043,-2.45672359305353,-0.804855520004302,0.627480797751156
213,50,2.31589110270053,0.976725466190794,-1.15776720222736,-0.638395388121963
214,50,-0.98645116746287,-0.155148392724897,-0.244649623940678,0.591162342472088
215,50,1.64049277634836,-0.161919386669564,0.492729531768941,-0.422478644784882
216,50,0.266789779381416,-0.366841492850505,-0.348229614513918,-1.26977489168453
217,50,-1.46652925955602,0.133914321466834,0.718155431863837,2.64531877041029
218,50,-0.581976917453688,0.919958713494884,-0.326112535744681,-0.36076801002022
219,50,-2.00237919781932,-1.01610479547772,0.00186565408394843,-0.00072938183180171
220,50,-0.843569632287122,0.732000068035238,-0.37038196007864,-0.181494559777937
221,50,0.902321319456894,-0.162203102410206,-0.796260906553874,0.0276652053757467
222,50,1.73334780637793,0.545866328279069,0.907363327724423,1.03103370458742
223,50,-2.13441938978272,0.607689506610166,-0.537762376603501,-0.373084497097363
224,50,0.757898989983551,-1.0756476252105,0.164792118370721,-1.29100191454746
225,50,0.641818365808436,-0.182568844479688,0.830039097483376,0.617472986390751
226,50,-1.30671021585062,-0.838957362585255,0.196634258954503,0.757566746606786
227,50,-1.7280018832665,0.85256963957765,0.808913368973166,-0.013131171380804
228,50,-0.375396399393327,-1.33136068411174,2.06327437736534,0.508043883696728
229,50,-0.374175067277891,-0.370081071191351,-0.621430148586328,-0.0473996781270184
230,50,-1.92783435792863,-2.06310947219614,-0.0289056233990568,-0.621089112508773
231,50,1.33758929897257,0.67864731347742,0.0459080864854031,-2.75527120021839
232,50,-0.907013675343779,0.473691616069963,0.956398908688239,0.123223836019453
233,50,0.141801844855837,-0.948245072578247,0.433694711566893,1.26563899334521
234,50,-0.128940979439158,-0.0949424780608391,0.879927372971042,-0.900654433960004
235,50,0.360971363526064,0.127003711106752,-0.674063313706381,-0.347885249022097
236,50,0.567956912685293,0.0797984090327541,0.181209917790839,1.53130918962172
237,50,-1.13662324201642,-0.563870342938507,0.205149243640226,-0.344547763052982
238,50,-0.555558986043185,-1.05757446672379,-1.9397089762084,0.660686817182058
239,50,-0.417877369857541,-0.286082405443213,1.50128463530974,0.261401826046885
240,50,0.140268887457329,-1.2654830360616,-0.358022816055897,-0.382841759100277
241,50,0.250167180980488,0.454971231700586,-1.21276023938156,-1.48624171389247
242,50,-0.549994140582395,0.593083757995117,-0.416005706889202,-0.247255671624032
243,50,0.635671113158787,1.48054599282535,1.15841721039797,2.33022452159672
244,50,-0.711274064670747,0.111588191080451,1.50485906983846,0.956578277222364
245,50,-1.23099558175429,-2.17055185861746,0.244755505202513,1.01350706346522
246,50,-0.854871650416133,0.00324315347106511,0.0428866299735494,-0.550940498375905
247,50,0.55711596304339,0.320556646847087,-0.921878578333504,0.642384274636498
248,50,2.06281576423313,-1.09533583852724,-1.01931938634656,-0.556490667461474
249,50,0.755885061813063,-0.0708761872941654,-0.226304950124612,0.245373093777499
250,50,-0.657173411681915,0.975449410266849,-0.608100173699762,1.43354618312069
251,50,0.671853903328308,-0.64814073164513,1.59092520736037,1.13842021270531
252,50,1.49501958363302,0.356540603849824,0.315552996860622,0.306610876080537
253,50,0.28629955584654,0.943323940452298,0.941898209867335,-0.143741845831759
254,50,0.575591875171651,-1.88284957991824,-1.36720814026588,-1.49544273992467
255,50,-0.714550084221483,-1.23845985455791,-0.416399380200641,1.60446126534879
256,50,0.587328529320092,-2.35142662946597,-1.6510557803425,-0.211857301723908
257,50,0.843750334786965,-0.962525209832294,-0.192700352535468,0.619666066893541
258,50,2.41229684279037,-2.03067937153137,0.878044573863077,-1.15864105737682
259,50,1.35637935164506,-0.182734813161033,-0.164226563720047,-1.07151101807486
260,50,-0.516649073381791,-0.744427467137847,1.79195482230259,1.02807217385444
261,50,0.0268348283791112,-1.05116253043948,0.517906811333803,0.232198512227658
262,50,0.860007679811419,-0.594781732110131,-0.0545834746045576,0.408848468785899
263,50,-1.6013133485532,-0.14058541297154,-0.280426669504558,1.81816181276331
264,50,0.102144907887436,0.62762387938545,0.0898456510335802,-1.54346545576945
265,50,-1.69649930199641,0.199436476188898,-1.00929201727347,0.067501776928114
266,50,1.38697879245089,1.52281874019117,0.860528133495257,-0.0240466295435578
267,50,-0.539267604912644,-0.164496659286746,1.89414238867695,-0.0864760285300013
268,50,0.841594477945351,1.54766205114862,-1.08521138960828,0.224970991145807
269,50,1.73260823021971,-0.103122644606588,-0.720208971385413,0.463386319430749
270,50,-0.967817803906135,1.67045816722551,1.61686352672036,-0.318400067374806
271,50,-1.53260892250891,0.249412948802004,-0.433258983845356,-0.722671881137544
272,50,0.478787911747965,-0.151243100432761,0.000351589143885312,-0.248566585204315
273,50,-0.539188600954911,1.05895061480241,-1.01947892523913,-0.602311415425783
274,50,0.936686235096344,-0.195357924606792,-0.0967326801733459,1.52960329013849
275,50,-0.655984237622318,0.686815507576964,-0.866499480675652,-0.994168110990114
276,50,0.681137024963136,0.333652631405656,0.14561790461033,0.408438630107214
277,50,-1.26748779165557,-0.441689568864867,1.07125177410302,0.451776512865691
278,50,0.347684292732249,-0.132870638533271,-0.058254480912412,0.88505774672519
279,50,1.01230982789835,1.43386617660684,-1.04535923391419,-1.50084243599362
280,50,-0.858805836994831,0.151650880087853,-0.532652279889182,1.54542316165147
281,50,-1.45418678218253,0.48054528582119,-0.192829737850265,1.48355555895982
282,50,1.68387940796416,0.256189522798218,-0.751529698157698,0.657142983579928
283,50,-0.488737803417332,1.19787600523427,0.848915979184272,-0.412957677630043
284,50,0.347848440710088,0.587220323515292,0.349251212970215,0.643517526213184
285,50,-0.717227947451987,-2.35443976556976,-0.951363398571327,0.479895991063161
286,50,2.50060896638845,0.10705158051879,0.727656642063422,0.200223290042737
287,50,0.292861381835015,-0.797310011371007,1.02780895094969,1.2703192030364
288,50,-0.403927736664911,-0.459922880256139,0.689765091694846,0.199000566367961
289,50,-0.516399321611567,0.640230623183389,-1.40067825673317,0.787383297972685
290,50,1.01527908271519,1.56953124547792,-0.294786005476939,-0.462506425165578
291,50,-0.538990163492338,-0.31072027224237,-0.556877677863595,0.0564819556400244
292,50,0.337027295551685,1.50033359847548,0.170606506498935,1.77999213137033
293,50,-0.034880500489219,-2.39249740250415,-1.33417678219138,-0.334739925368573
294,50,-0.677250002811682,-0.341152320446911,-1.52093996945656,0.925739750413238
295,50,0.482005100906824,0.00158204699506016,-0.0464235684535229,-2.04428180217025
296,50,-0.33210973770769,-0.126937420406221,-0.551442784363762,-2.0443099295331
297,50,-0.131669842922433,-0.383073000046988,0.23480007328816,-0.054025106666853
298,50,0.339883787826444,-0.864345279521211,-1.02490492414381,1.36915281609459
299,50,-0.467876343172546,-0.397606467012178,-0.0229567749053024,1.01487098448302
300,50,1.76130438670854,0.16225101129892,0.321728623514856,0.550561830157024
301,50,-0.997248761417087,-0.0642183866724481,-0.855671379221645,0.389370708392881
302,50,0.632252396838183,-0.368284330365467,0.96200891903599,0.442082466056431
303,50,1.40107569805856,0.929294846484035,-0.513248664646664,-0.0503135714680705
304,50,0.772682034538475,0.638356966184991,0.623471227552549,-0.276318798183539
305,50,0.426803112811046,-1.2886345293587,1.73418147365017,0.642295953508689
306,50,-0.232718706731488,-0.374881968925365,-1.60166868466773,-1.01704993911966
307,50,0.413437162476268,2.40521201963854,0.338177680552218,-0.411319062921355
308,50,-0.841348367475337,1.67593742717347,-0.467689582302575,2.17549973964448
309,50,-0.832090092180133,0.309344099586313,0.507595037246574,-0.462835081342267
310,50,1.1681944313057,-1.1790928347192,0.251382689422873,0.133444943574215
311,50,-0.513874434567182,1.20281956263367,-1.32570771538381,2.55345996006992
312,50,-0.622108745153368,0.372854517927282,-0.199749405406202,-0.966067822393816
313,50,0.013078554439054,-0.485540258480771,-0.168119549199497,-1.82593071068961
314,50,-0.876174155693653,-1.04933569691645,0.678930718027711,-1.29101691681711
315,50,0.743008513511762,0.392062816350597,-1.30574334296379,0.59974722298229
316,50,0.955930096139703,-0.516339528802677,-1.46523202857695,-0.500397476929632
317,50,-0.842728808384188,2.58371961735832,0.411602669611224,0.341821158193349
318,50,-1.16359025371859,0.403284552459217,0.800111743302363,0.690652864425842
319,50,1.62857637694409,0.668950528109202,-0.0263483561368016,-1.62639744444042
320,50,1.03262719639639,0.8553574075337,-0.761136357541522,0.437072235979465
321,50,-1.29819480804675,1.79429384538614,-0.867009318489112,0.643979368019576
322,50,0.271476305688502,-0.935749810858622,-1.36779511700049,-0.680705811208769
323,50,-0.447408369756195,0.259579975349578,-1.28556821828376,0.224727118619309
324,50,0.465681171066308,1.34717130798956,-0.607384067166127,-0.431473733321136
325,50,-0.801583534922288,-0.148597537555196,0.330316426524537,0.0924001814483107
326,50,-0.03448974424448,0.273505039797771,-1.16568489282445,-1.70777907698216
327,50,1.22173119884058,1.17614548775695,-0.280087193271465,-0.0151262723272958
328,50,0.853839157214164,-1.22297863598193,0.342060530354047,0.475853402415477
329,50,0.25843086879676,0.90053503199098,1.56037437084874,0.448325111473478
330,50,0.282859365349357,0.761796134178504,2.75644975701082,0.475780911220075
331,50,-1.82461719843727,-0.626120895978074,0.675866787908468,0.0910179868607511
332,50,0.286753605623581,0.236835518358812,1.12066429528746,-2.23112359327733
333,50,-0.767530939524917,-0.325213336871806,-0.328143817292341,-1.64095309103199
334,50,0.537054173893666,-0.496888271311111,-1.26660837250174,-0.342535286182395
335,50,0.160690890988787,-1.65677209770553,-0.0171427107891514,-0.783402662967718
336,50,1.91407972950494,-0.581341114533824,3.80720785391084,1.31072687036994
337,50,0.746234929878743,2.24963840559978,0.258132682636517,-0.295838585425476
338,50,-0.802292623457344,-2.50594889687919,-1.55616612663137,-0.556804905378499
339,50,2.20141291626011,0.0439172065994569,-0.833317914718254,0.434879598693651
340,50,-0.290385847533508,0.0362683900181207,-1.77730278302006,1.1977882592248
341,50,0.14222777808692,-0.600515412438375,0.499520935915998,1.04140335941206
342,50,0.30338504964682,0.356509816226456,-0.830919335676974,-0.723714076774448
343,50,0.773775356457057,-2.40452254326728,-0.861687653121304,0.307081551313389
344,50,0.789075368331714,-0.836715974949802,0.284235751075397,2.10388459060878
345,50,0.619322815678603,-0.0602693753877967,-0.790516419043332,-0.834589912022003
346,50,-0.184105202816663,0.930904164241045,1.77599906204177,-0.917030838254243
347,50,-1.26673072726467,2.66098175746939,1.13201828411946,-1.30810650727953
348,50,0.262133429006218,-1.12638171676132,-2.38326025412794,1.65982223643092
349,50,0.241591718808615,1.66290038176091,-3.25788747802235,-0.79914034469023
350,50,2.0273863989449,-1.33239038824508,0.336385595860858,0.473489877675323
351,50,-0.218282553550008,0.701188979600076,-0.660351504794195,-1.34433429254259
352,50,0.225368329505502,-2.30486017634492,0.858738459644027,1.85631801783667
353,50,0.456504124445525,0.112415646222631,0.648087774723738,0.297567469104286
354,50,-1.1136501268334,1.01691869852209,-0.49498998647144,0.558508591374971
355,50,-0.029479397114924,-1.29508959073549,-1.30539914942628,-1.63154426801415
356,50,0.845217117963167,0.829769299378367,-0.791484477461043,0.191963455239525
357,50,-0.103312671583552,-2.50201346363034,-1.27233047085927,0.928869386813183
358,50,-0.076674630413347,0.646677347903083,1.21625689278369,1.16556826650767
359,50,0.355852703735797,-0.984341961450343,-0.7349551117769,0.0223674361315067
360,50,0.667973027033674,1.28067161479994,0.108105852467954,0.588922821727505
361,50,1.32244330263672,-1.67048256155197,-0.07290799838391,0.518873592696873
362,50,2.27515465738037,0.935179622167985,-0.851214903700533,0.159643479524066
363,50,0.620217509651815,0.0758461599229321,-0.30125225912854,-0.564533023776667
364,50,1.2510540047668,-1.49673586474904,0.506935120768975,-0.499058548030917
365,50,-0.216257250244159,-1.36210910796449,-0.875616008043405,1.04053118577824
366,50,-0.828958847871529,-0.025145094627379,-0.0352845632017865,-1.18302163422124
367,50,1.28456303188657,-0.658943236343145,-1.08752423650833,0.719178133125336
368,50,-0.42091994003335,0.106325307167037,0.357610922783733,-0.431929904512481
369,50,0.377666434738103,1.09115574218038,0.117402017887391,-0.022763348775527
370,50,1.31092302905963,-0.6358409649243,0.119948726730806,0.660700866812723
371,50,-0.290001480195371,-0.864845873489637,-0.0347207770782784,-0.179239599417243
372,50,-0.369222262891582,0.0803351919215723,0.711621574567248,1.72171925411093
373,50,-1.78162937438839,0.479399985050671,-0.576387528278085,-1.4717624886826
374,50,0.668315280315326,0.60195085231859,-1.74655068879617,-1.94752287912431
375,50,-0.387825699580725,-0.437177471230444,-0.95957240036775,0.636308360105235
376,50,-0.0219434496550946,-1.41855680727947,-1.11845709504452,-0.609445856986987
377,50,-0.0578675274979621,-1.12864218861067,-0.644559284120804,-0.152563973598558
378,50,0.125960139739332,-1.58666844639619,0.858974421262933,0.133527796522063
379,50,0.396965495613522,-1.64254349864781,-0.0782745995600178,-0.403493199486284
380,50,-0.251869098691434,-0.194353903531781,-1.58513705979042,0.254551725081467
381,50,-0.394640950205335,-0.762354465893686,2.10084844121344,1.3889211856513
382,50,-1.55168847253679,-0.151983536586144,-0.602070352554484,-1.32799885751264
383,50,-1.63524978164487,-0.740399656265593,0.227871343882088,-0.07173878927341
384,50,1.60146949855943,0.599101690770323,-1.51099105197171,0.660282257528716
385,50,-0.0843086647295434,-1.04120815332615,-0.0980439962406706,1.30161423642648
386,50,0.95043233751275,-0.876908037478088,0.914667131459606,0.137484781586596
387,50,-1.42898032746146,-0.688580956014829,0.592267193002727,1.13535504726517
388,50,0.181482601214235,-0.593489582219801,0.525260917825419,-0.414582212010333
389,50,1.86017594357071,-1.26904039455558,-0.425367756837882,0.565635049608037
390,50,-0.121884246652271,0.682423737427994,-0.496942209642921,-1.22728386513374
391,50,0.366176405938885,0.309524249466729,0.602221526326545,1.10317037677365
392,50,1.36592263698609,-0.811469247253927,-1.14785222038657,0.307422233364126
393,50,1.02018270733981,1.38623909397856,-1.4784718453821,-1.6162036199446
394,50,-1.02894523118766,-0.69597363627901,-0.756095035746422,-1.00437080040861
395,50,-0.749065023874961,0.050280242545665,0.443038804266407,-0.474618560266817
396,50,-0.296051275286068,-0.548886693274585,-0.147819742585342,0.5988278583169
397,50,0.555076981568068,-0.657051065553853,-1.01632986210656,0.683308517111526
398,50,1.66537002114039,0.311657188976068,-0.929432119772212,0.104650575213673
399,50,0.40158279350677,1.72031505514769,3.05202142021308,0.950110115682513
400,50,-2.10210105569642,1.33702494421747,-0.195645522252358,0.119801238508594
401,50,0.611216690132464,-1.10076000498294,0.268303092221615,0.064641681889791
402,50,-0.43315553073209,0.185030671132145,-1.49904491217989,1.94459318201047
403,50,0.811197349683083,-0.583947875922705,0.517794855856536,2.61650092261466
404,50,0.795016507027761,0.950051664361853,0.43783421525968,1.4784203346357
405,50,0.395687806977058,-1.15339961126947,0.20334550268863,-0.673096974420193
406,50,-0.450641364537058,0.481761010722579,0.378079245452489,-1.04931391272967
407,50,1.87696174133995,0.776458552822653,0.272047313352269,-1.4989301043043
408,50,1.1164145664574,2.05622999374675,0.982896176914247,-0.372560433861033
409,50,-0.560861098056703,-0.296241294227692,-1.68547130771196,0.475209722126767
410,50,-0.591933421211232,-0.10548860013246,-0.282369066537047,-0.292670214008878
411,50,-0.187914998980376,-1.20285023259317,1.0835068184517,-1.67732676153564
412,50,-0.147297861871381,1.36210924181666,-0.00781531252250703,-0.00618452704307993
413,50,0.507647663391586,0.421822494916333,-1.5539747161877,0.157054751179358
414,50,0.922035882087497,-0.105117104702929,-1.41727655287626,1.6745593314403
415,50,-0.729579103037122,-1.00302975233277,-0.7671663430862,-0.432486151868167
416,50,-0.274125863052917,1.54060025551922,-1.38810244835595,0.409439282939231
417,50,-0.999728340911223,0.598592390827076,0.476951391963843,-0.980785261069927
418,50,-0.186755036274364,-1.23152436571779,-0.332919293200495,-1.89771703697498
419,50,0.506117420796346,0.883217462433376,-0.615923176154277,0.0534029550208057
420,50,-0.336146583062266,-1.45599589920606,0.29920265097578,0.745391467589577
421,50,-0.773169626321901,-0.724446998230848,0.0639007550700672,-1.01913181069419
422,50,0.926170760904475,1.07562341982599,-2.31957266174433,0.615920264588862
423,50,-1.38115814416775,0.811072276301727,0.341052580839587,0.0882726608008882
424,50,0.892971904526839,-0.0807880408564553,1.85467498097273,0.606568982011362
425,50,-1.37339881781204,0.104287839687001,0.413206218119747,-1.30050496469563
426,50,1.2717602897368,-0.0744708722206723,1.52894735136199,0.955621494241747
427,50,0.537383332307419,0.987944289229308,-1.31870938357178,1.18547867135963
428,50,-1.1123722793441,0.536884457418758,-0.0189148840540591,0.669772941458765
429,50,-0.301750865501173,-0.879599692425071,0.757028834820731,-2.50288680351569
430,50,-0.697129442663804,-0.356645819672585,1.07199477545856,-0.92949477456804
431,50,0.172033449145339,0.343899621151134,-0.0847511019004869,-1.06762691158767
432,50,-0.162465588561088,0.263330356858079,1.003560064752,1.64221006523683
433,50,-0.260758959783426,0.388071622407383,-1.1093095295518,0.0202508036124496
434,50,1.88986096984644,-0.890559056760255,2.38709931260993,0.41610575238611
435,50,0.125755083172023,-1.8133830751489,-1.06896817147487,1.36059983768439
436,50,-0.303321920072602,-0.631445049875033,1.50905779904905,-0.600870290808342
437,50,-1.84202756201789,-1.21068115638016,-0.110292648915622,-0.425648167337893
438,50,-2.02487512266925,-0.207153215766434,0.569708061225229,0.169256231259292
439,50,0.73028304625009,1.36435793185907,-0.19879361831883,-0.910207629022995
440,50,0.30304339047615,1.41797951476816,0.333764087057214,0.834004397994636
441,50,0.130506274861126,-0.592797438537886,2.41425120597452,-0.287650227587471
442,50,0.0639098514114632,0.886997473164767,0.566931191006654,0.239229802062103
443,50,-0.135441999336963,-0.185087565885077,1.7021382931777,1.19521146905764
444,50,0.660582617090966,0.286406550608143,-0.445147367582378,-0.609134611689014
445,50,0.419807101277987,0.879941617713688,-0.00805899825522435,-0.0779415809074424
446,50,0.639427232305628,0.925065881583071,0.0203129461233707,-0.919829750167613
447,50,0.235681718525383,0.935737011749723,1.15795393299259,0.974543777096748
448,50,1.59910992631696,2.77757735788655,-0.763123165251297,0.0492135444811465
449,50,1.4093696985919,0.0274223399765267,0.548378144493403,-1.27453998648426
450,50,0.893818713891667,-1.46913101870858,-0.201120122825014,-1.22026608708891
451,50,-0.172699965887976,-0.0093865985600107,-0.838058073701643,0.196750824727949
452,50,-0.219971177130537,-1.11554584666464,0.741289144220113,-1.34346603273044
453,50,-0.315463726864111,-0.746080887900301,-0.102395281531859,-0.844342387757073
454,50,0.156655349362078,-1.65936489780685,0.911936885077543,-0.912388872451758
455,50,-0.370975007749082,-0.7919211426499,0.711341705984374,-0.67749617488402
456,50,-2.59860932224613,-0.25818369775292,-1.01480453115043,-0.24440708286168
457,50,1.00586621663488,0.900367652516167,0.509210313392313,0.81313895817307
458,50,-1.19094391702714,-1.52366271981782,0.316242261999762,-0.908114924616926
459,50,0.639899752407753,1.27144919516359,1.2876301376699,0.0501138264054884
460,50,-0.412041254124707,1.57112104557942,0.0433874326679322,1.16165254917067
461,50,0.585009356393345,1.45003430032412,-1.17123198233033,2.10866689607509
462,50,1.16631341689052,-1.31322974468879,1.05847950882644,-0.596834090879021
463,50,1.59461132277434,1.17771378044232,-1.18300432025745,0.250361003209488
464,50,-0.274166204639205,-0.645496612194439,-0.22169938963663,-1.35320080483741
465,50,1.24187069930489,0.468772350628627,1.44398721778787,0.375231636224551
466,50,0.671860463958231,-0.901089378610021,-0.314314822163003,1.12802619739899
467,50,-0.017046019964406,1.51941627529057,1.21201953611313,0.863323129314606
468,50,1.1917720818333,1.53177996348034,-0.701368563083173,0.0404603639547808
469,50,0.499850148539342,1.13457457503732,0.412470186536338,1.63372655515165
470,50,-1.73025109645914,0.323756717090961,0.333296279355601,1.52279695408627
471,50,-1.64629708601405,-0.270942615398345,1.33120735736481,0.308443192020305
472,50,0.824994746938009,0.882590822186584,-0.516769908597448,-0.252562628546151
473,50,-0.566623956602511,1.15615263709403,-1.97226038199777,0.52885539035282
474,50,0.228979594408626,-0.520825246732336,-0.142000847875457,-1.15159666327187
475,50,0.105098845398803,1.11618869288612,2.42507552689716,0.48945253507053
476,50,1.22096376910948,1.37110447546343,-0.0717752379553855,-0.488057952246688
477,50,1.4898566508916,-0.062355732161861,-0.432781912832957,1.068733356612
478,50,-0.379429036631612,0.393546122856429,-0.39105946257362,0.259737800842022
479,50,-1.0881454153255,-1.86983972087237,-3.2673844999047,1.29717658413613
480,50,0.883292399821261,-0.436826174406764,-0.789977740227355,-0.0307033778528283
481,50,-0.407359077668118,-0.531624321635455,-0.735221669551053,0.551764903190039
482,50,1.93871346248579,-0.871240504763848,-0.364718679594055,-1.51734025769702
483,50,-1.31803465957617,-0.0737696367170792,2.17844901593012,-1.05894737294599
484,50,-0.565728759750947,-0.174845337451097,-0.708981214398892,0.810849188243308
485,50,-0.81872915323955,0.647114157553919,-0.0346561416691519,-1.40226551136719
486,50,-0.759421086345588,1.10802277477432,-0.654917748557297,1.33359128049934
487,50,0.644469617776306,0.114133430628917,1.11091994313467,0.776283343296932
488,50,-1.40945839751011,-1.42116834308239,1.65821604996397,1.73436425138365
489,50,-0.841852132842549,0.202916112989114,0.46006956726058,0.392349509638164
490,50,-0.171997271222997,-0.583400227874994,2.8058380296493,1.47856922971157
491,50,-0.0341003231153745,1.89053741632274,0.747639251014703,0.477833304524351
492,50,-0.19540254971615,-0.0920037663156,-0.275311553364686,-2.04568581492771
493,50,-0.510234962466261,0.464235995173175,-0.148443684948383,-0.726714423213487
494,50,0.0547026491336029,2.33305438032472,-0.350339521483662,0.981469562003966
495,50,-0.428113886460549,-0.874934530801004,0.375765288340056,-0.211804534462389
496,50,0.25173183115544,0.210127762020671,-1.29673032852333,0.287234292156536
497,50,0.00389200044915734,-0.642870001731564,2.07496642926811,0.324859246447103
498,50,0.411689186868037,-0.325171130811254,0.11787557300648,-1.16187956028919
499,50,-1.14416348428471,0.0536138194311056,-0.110600531539409,-0.551891474512741
500,50,0.329946326509148,0.615210684827183,0.105575903202181,-1.42302182239538
1,51,0.0856796810601095,0.921971217139897,1.27805594568404,-0.296942360254114
2,51,-0.574984297176014,-0.80824064487962,-0.632031664850837,0.724982671732943
3,51,-0.415290454989755,-0.575666070167622,-0.499033864179603,0.116826633370888
4,51,0.482872624146519,1.42671601459862,0.796775117590233,0.0132078411749321
5,51,-1.15148511317552,-2.33544138885143,-0.414903918503202,0.373905581075408
6,51,-0.701774360568489,-0.0312385138177269,-0.336716222759221,-1.06601600179419
7,51,-0.546878583960608,-1.0364967744155,0.125578923782929,0.195471146103109
8,51,0.460259141256717,0.773792144243876,1.36405527548616,0.114070183254939
9,51,0.568725193190525,-0.648810102811367,-0.0739814127366433,0.509702090831194
10,51,-0.352181272267942,1.73046027566217,-0.622991921776274,-1.27814619721318
11,51,0.606194763119379,0.00550285832552842,-0.0552092952114599,0.296577078814601
12,51,-0.404085649246002,0.772650750509133,1.02963201009802,0.736200130355581
13,51,0.283311527789434,-0.991093279269629,-1.56734119581114,1.76899106445823
14,51,-0.887928956178106,0.434924726199619,-0.379111381381811,1.25477201169373
15,51,0.606153328143157,1.46311018260136,1.55929306744594,-1.13882438127574
16,51,0.270763839730827,-0.30820658235099,0.704238607123029,1.0102091556134
17,51,0.154548296340398,0.594322749918709,-0.0577023976497424,1.27722581053126
18,51,0.387272426102514,1.48393186580136,0.526500586003051,-0.812870232623629
19,51,-0.0798739161431052,-1.29328294666325,-0.100797015966587,1.88224550292267
20,51,0.422566471507167,-0.378489604189228,-1.29777331076794,1.69097782427269
21,51,0.0790694093089238,1.06244400690476,-0.258541950568749,-0.719270184304649
22,51,0.560039095956116,1.28473504731645,-0.135368122915992,-1.18683951105166
23,51,-0.22370213886605,1.14220383925802,-0.254596592797796,1.84780320392975
24,51,-0.17086218298256,1.02887241704444,1.22556326671363,0.377787303504461
25,51,-0.16118293791324,-0.261593427196421,-1.15517953188314,0.0216903527630455
26,51,-0.300846566512571,2.20454494705028,-1.47579052101052,0.200417239469439
27,51,0.555743476981536,0.923538707545402,-0.543645733794493,1.67595135920725
28,51,-1.26148798262064,-0.841147051921927,0.0979946445560197,-0.598065142881738
29,51,-0.436936251193275,-1.07422179660814,-0.290397086436143,1.55597640121546
30,51,-0.301430619370147,-0.364466051518247,-0.911730490871715,1.04615565864099
31,51,0.746988347212913,0.114305180014897,-2.11915174338663,-1.4754203880109
32,51,-0.182581731786422,-1.10581186352211,-0.0623707866481737,-1.21277989276022
33,51,1.28968653413467,-0.392139577189336,-2.01059842981248,0.627919842606857
34,51,0.132728319581021,2.42509209375662,-0.204486411804017,0.98414226739418
35,51,0.627663417032705,0.751122242383043,0.00251191595153283,-1.49062216542603
36,51,-1.39740664490669,0.383446385390314,0.0579608981040034,-0.25116680516421
37,51,-2.69192165039096,-0.7595385233162,-0.59888448822299,-0.961554505158008
38,51,2.18406515954564,0.407741889248631,-1.15474344725425,0.0790414456225875
39,51,-0.764236472079984,1.28161966235488,-0.291690532102194,0.307552979404496
40,51,1.22781916075985,0.964612526032553,-1.42526022746578,-0.386646385032474
41,51,-1.36222790388526,-0.597261683395621,-0.436393023587415,-1.14852124120762
42,51,-0.996891443623856,-0.519906706442791,-1.3601262924482,0.737582626505199
43,51,0.896393841743244,-2.11406881861181,-0.660775322682559,-0.145101100719431
44,51,0.000661804817952807,0.387983208075535,0.0358967556869987,-0.529520636965427
45,51,-0.67662060533903,-0.432640221661359,0.389578845136254,-0.205952629474212
46,51,-1.09251171110784,-0.693636516974787,-0.721497734785628,0.496110000848146
47,51,0.129957273367654,0.240251605919074,0.321434008819283,-0.0468770249035645
48,51,-0.115203877249572,1.32605162112699,-0.0993474672159484,-0.184079862811721
49,51,-0.84378179275769,-1.73600997644412,-0.054383505797738,-0.841459774935903
50,51,1.35368803962289,-1.03234478792952,0.267040182788921,0.376613971952501
51,51,-0.394126660717614,-2.40121948725887,0.470149461485761,-1.1011893014623
52,51,0.906459581846074,-2.12245473721542,-0.878898357865366,-2.13390913212939
53,51,0.0250655024555133,-0.859020596426401,0.520597855278116,0.703267341695409
54,51,-1.13643336938773,0.18917603976391,-0.0260700347868933,0.981991522214344
55,51,0.509919360684805,-0.921445076145664,-0.263617533088121,-0.40859618773617
56,51,-0.560554232785118,-1.6199651058274,0.6061991172693,0.0725678135654003
57,51,-0.545617652422489,-0.479610027042027,-0.545786066518192,-1.16255393080802
58,51,2.85510020604402,-1.33948207022038,-0.821007308396085,0.854440166915818
59,51,0.240119274830594,0.30170135483116,-0.175502754488826,0.18531427570404
60,51,-0.332183336455622,0.682701243648168,-0.601069372555588,0.961326920303788
61,51,-1.3955578680425,0.903304325637216,0.233436233581768,1.33268011613798
62,51,0.517458616660899,1.17934165936092,0.731063654895336,0.844427189082865
63,51,0.270745593309507,-0.444123761899164,-0.193609311785947,-0.0248645156125824
64,51,-0.83945239880928,-0.920459282290616,0.208882791002395,2.45953786415664
65,51,-1.47719804218003,-0.449532799431632,0.953722985198987,0.370155274112335
66,51,0.65789416516954,-0.549187862403978,-0.479041887966297,0.433587269716971
67,51,2.00361565600991,-1.10742999223065,0.631978032792914,-0.503126500578096
68,51,0.129227630490217,-0.468934320754122,1.6169838072606,-1.57216299847663
69,51,-0.472326076527749,0.162138664574751,0.829869247509748,2.26491450165616
70,51,0.311387026109287,-0.0423821507542454,-0.731665006935779,0.269123154365622
71,51,-0.701888469903957,1.2339132155534,-0.186549743934895,-1.24607172649259
72,51,-1.38048451223862,0.922184989821813,0.683185380995521,0.244450566680081
73,51,1.54762922758683,2.27384408848141,-0.042215410992345,-1.22066244475047
74,51,-0.8939582448462,0.565539313245596,-0.648547965013782,-0.814247926809286
75,51,0.689925306797514,0.0382117898733702,0.384641126789302,-0.632320089075301
76,51,1.71218023965502,0.384866338197244,-0.439867765026143,0.241950941186317
77,51,-1.1396002844032,-1.65596826760311,-0.517576925749149,1.41582436271862
78,51,0.149908295800935,-0.0100071272688507,0.170031054606761,0.372320207766176
79,51,0.269133908335861,-0.16406984762205,-0.49670175290942,-0.210563571674768
80,51,-0.543953157328008,0.418592246241963,-0.498617452306898,0.338527018029842
81,51,0.295433824085854,0.373248224599989,-0.267770517980213,0.346863468322307
82,51,-0.245521628627991,-1.16326214021738,0.13594127956213,-0.018534176356818
83,51,-0.286533062146138,-1.58700787207966,-0.494536908093738,-0.502315987156253
84,51,-1.99327948652105,1.21935401233847,0.888706388387319,1.07085847644906
85,51,-1.08055494364147,0.263765711293169,1.87633021293684,-0.355263508019754
86,51,0.357234690736198,-1.00417068513083,-0.508522560440786,-1.29352841818605
87,51,0.841104288894195,-0.917206429759965,1.1532045217427,-1.39263702139512
88,51,-0.0338124238640893,-0.790190233410491,0.16072140536135,1.60288723995209
89,51,-0.524039106729764,0.0642092560566328,-1.15627428829321,-0.255363580615886
90,51,-0.616240170630819,0.195934089991401,-1.39747650603965,1.10948901108725
91,51,-0.934947544029074,0.196750033004045,-0.335167146269112,1.45025223302402
92,51,-1.38314219923343,0.753049706630536,-0.449523158680992,-0.268960775729774
93,51,1.79590007697559,-0.711758401770636,-0.369517483183728,1.48881289480906
94,51,-0.355349136247874,-0.481514181328903,0.703616903692228,0.569279540054527
95,51,-1.06008087274681,0.710560495594422,0.768648133046055,-0.952797152543147
96,51,-0.621063254954564,1.24899684129014,-0.114656181111105,-0.586084435916479
97,51,1.05971570123853,-0.38339754521583,0.39636167064634,-0.0362022554928516
98,51,-0.566578690713914,-0.145041648365892,-0.750590696921095,0.679373639528195
99,51,-1.48501024961805,-0.736266834351199,-0.113940180401044,-1.02231683353334
100,51,-0.0753562316524903,-0.145473014298146,-0.925873854172512,-0.483488706011792
101,51,-0.171297226850053,-0.228936715056957,1.53616626712084,-0.637057481288734
102,51,1.31797758277375,1.40484012706688,-0.395904245838593,-1.61812262679435
103,51,-1.42917102689504,-1.90433015795813,-0.248013192746937,-0.544408929062884
104,51,-0.541690216345947,-0.819079153434996,1.15143313149415,-0.0768919418618254
105,51,0.459815629233557,0.892991134357055,0.463304712729224,0.215421123977063
106,51,-0.554876234756296,-0.57748431790308,0.886699080147313,1.02308341808787
107,51,0.141962179568336,-0.418514675880466,-0.567004145100999,0.158959900337413
108,51,0.75175535822897,-0.139722554651678,1.88215983450223,-1.01081236854222
109,51,0.0894454532312799,1.75777030793024,-1.19192290378635,1.15322700025323
110,51,1.88208441766438,0.0324966881765897,-0.761782836274519,1.4687058457962
111,51,0.875398930177576,-0.890671875975234,0.965886049587454,-0.724963861231121
112,51,0.767178768806823,0.265455839830762,0.696352106356272,0.784204279486308
113,51,0.389892954750395,0.253059837971834,-0.226110175429939,-0.190326742640246
114,51,1.30779633101526,-2.62333774305697,0.833722185504547,0.431396489831866
115,51,-0.504681151284392,-1.53355725026283,-2.41265414101788,1.14071767535376
116,51,0.273044430789826,1.28805896733877,-0.0700936346751085,1.74893461903288
117,51,1.01739695530056,0.367422773503297,-0.697256227897601,-1.20147082371358
118,51,-1.56748513526943,-0.461979202016609,-0.050060003810492,-0.00011863402965899
119,51,-0.398625775035347,-0.328428738950417,0.134969514681783,0.885970971439541
120,51,-0.632226284907627,1.65110346514613,-2.78076824957722,-0.154002042474739
121,51,0.424318742983906,0.80650339387665,0.321388057411301,1.67929055664278
122,51,1.27426346832474,-1.72950216822462,-0.581351690419423,2.28347338650051
123,51,0.494242672777589,0.0999241434996474,-2.73334053100935,-0.503206617689504
124,51,-0.204757140424585,0.495810991195763,0.884407357288738,-0.659917250794494
125,51,3.22862085546732,0.600468510318265,-0.585496453541718,-0.648388956140313
126,51,0.248487260021581,-1.66814924480175,0.758445296528539,-0.829013968176516
127,51,-0.921953815907563,0.219257220703874,-0.139825148235121,-0.578316720755188
128,51,0.677007670457738,1.50890495973617,-1.815790544392,-1.4551405479572
129,51,1.70989155379555,-2.2067891700581,0.0607365993776912,0.306083854622578
130,51,0.0994098511318357,1.43176754054546,-0.474257447185358,1.25897088575567
131,51,-1.52272327881367,0.00871962138857028,1.16969718437201,1.62063891943215
132,51,-0.435075973573753,-0.733958662676004,0.042686091804637,0.365846144031526
133,51,0.667813755154765,0.76574551718305,0.180524313476734,0.138562170425826
134,51,0.697007239101176,0.689544924658567,0.950326370557255,0.182628138512913
135,51,1.64594859161866,0.888272448259279,0.596367509449381,-2.15319164019792
136,51,-0.835867088637861,0.998330483033989,-0.370527760304897,-1.13659566196221
137,51,0.0895423443936079,-0.671642272724393,-1.00699553466215,-0.0484237035048245
138,51,1.43400777240021,0.541253443542483,-1.84167248001214,-0.635460518558327
139,51,0.5006125850084,0.463852429633,-0.328383637494703,0.752249400971336
140,51,0.147297574258918,-1.59660362804463,-1.36218940377035,-0.286783110058439
141,51,1.01723401907829,-0.71803360833565,1.0445061850366,0.132871836813815
142,51,-0.627096193180145,0.777455585661683,1.80990321400225,-0.72605086193397
143,51,0.357119582710693,0.74375752406309,0.381824437987067,0.722866929154464
144,51,-0.384130693947244,-0.615921572905552,-0.0265970503198259,-0.961901883760701
145,51,-0.273553441382742,-0.269022296395728,0.440472816605933,0.141548493336121
146,51,0.435715500406278,0.160391544367844,-2.04356729649837,-0.0995415550827171
147,51,-0.268443995924831,2.1883909824502,-1.06073793053909,0.474067613879223
148,51,-0.00841416467667706,1.19402474948673,-0.246130445541838,0.680226796596303
149,51,1.28018312639909,-1.20143404331405,-0.0355469909968731,0.0355068218659042
150,51,-0.329997341502455,-0.968898275839581,0.00915829916799406,0.322712068770804
151,51,-0.0387513367261508,1.04212726523706,-0.548873033250558,-0.53954997610294
152,51,0.373985673595954,-0.0292529096253752,-0.122872492640776,-0.821264400354585
153,51,0.463512385314752,-0.443470964019608,-0.565846420863785,0.602948740188322
154,51,0.672144465983959,-0.181256626990965,-0.108086931208608,-1.48824055902847
155,51,1.21258387931816,0.829487016761132,-1.39680294061533,-1.12793845035945
156,51,-0.920433754463816,0.354869687174437,-0.344254157322657,-0.835373608605973
157,51,-1.35983552297739,-0.356218599249033,-1.24719559429027,-1.23586633529906
158,51,0.440194293860755,1.22931662575222,1.81019910051442,0.325718889635314
159,51,-0.610431755462817,0.281150443403333,1.03690436302173,-2.50879795641648
160,51,-0.26067605861747,0.5095031693981,-0.840998897296513,-0.292057139619545
161,51,-0.925833196708532,0.393859132176236,-1.37794595991707,-1.26505079883625
162,51,0.857586628002369,-0.572062536570448,0.314826832790448,0.444839928000254
163,51,-0.328211938230769,0.186742565539232,-1.02658420411496,0.514807051102733
164,51,1.02392278768105,1.17233793715266,-0.416555974522999,-0.243557983238289
165,51,-2.04318686789238,-0.223852141859735,1.21126852080152,0.738630317369849
166,51,0.312005966627086,-0.316410768911008,0.707130014743877,0.61250155728963
167,51,0.0732297254940602,-0.590461349688069,-0.361281302132435,1.72586654577802
168,51,1.74792922143716,-0.245485919314137,1.2872727480724,-0.238539345134908
169,51,0.547136482158489,2.0313914711689,1.20209044211509,-1.7212651944995
170,51,-1.62370862567082,-0.175498323199265,0.723868513863451,0.345813434565239
171,51,0.540401519861419,-0.371404556543129,1.44487446279951,-0.861327537902643
172,51,0.92997528962745,-1.10009430759391,1.6297535634542,1.89313881693709
173,51,-0.550531133882978,-0.289792175215201,0.232475381526935,0.0436870403112171
174,51,-0.00704228897565979,-2.61671826026867,0.292462748663943,0.625509790398734
175,51,-0.730010375882314,0.0147518026950955,-0.694627758387944,0.452793812860945
176,51,-0.0195831194050464,1.25105293688006,-0.339397451079926,-0.174468247656195
177,51,0.495375387951383,0.54578440619239,-0.851748228345551,0.679066203461178
178,51,3.24152354219351,-0.445976765459784,-0.415796283176739,0.837325675755837
179,51,-1.58037845697337,0.00405841956175131,0.77649753728097,0.759582695786167
180,51,-1.22225798624691,-0.842470878524249,-1.0926571636219,1.61068764536778
181,51,-0.846927990568049,0.468340504691839,1.18367046295806,-0.202567631472415
182,51,0.355640475055938,0.122888499896158,0.720520437311167,-1.20789899194682
183,51,0.069828120758927,-0.974413013335399,-1.53504016269593,-0.361539775859102
184,51,0.966384498006345,0.102040203954471,0.759525091090763,0.2897890323251
185,51,0.00104428701628342,-0.34791624419196,-0.991062548111003,-0.161695573226047
186,51,1.19270815525192,-0.178263752548187,-0.42339812732455,-0.163201138959787
187,51,0.0642766672885892,1.55227726644654,0.585376188362769,-0.0258265700617819
188,51,-2.2555767547202,-0.710131678863712,-1.34258544435465,1.34202528862312
189,51,0.991687110483917,2.03794264645035,-0.131809811082326,1.80461769997468
190,51,-0.437309731149541,0.566640269617781,1.37153256834607,-0.214239116045978
191,51,0.949774550784297,-0.985717207568943,-0.247166575820375,0.320012186175412
192,51,1.58546349505876,-0.48277094551733,0.0528721231625344,0.805869916867515
193,51,-2.34439561888902,1.12008669333733,-1.70537158189539,-1.51672032380387
194,51,0.67124401531434,0.0340650848985383,-0.849063479747783,-1.02386024593931
195,51,0.0383746527164028,0.296636009738914,0.324750004033793,-0.896024685383007
196,51,0.199793982525502,-0.662529644243196,0.870375209514336,-1.63790357543859
197,51,-0.70062875227762,-0.246440578001833,0.808564799978535,-0.0478045202595258
198,51,0.74305425356694,-0.198687358666019,0.478976422635425,0.106466572675404
199,51,-1.92952940529857,-1.31845770644433,-0.83281246233676,1.11133222162818
200,51,-1.51410710540879,0.522614296642066,-1.0755591082652,-1.11356266637235
201,51,0.379123508064244,0.222309122764072,0.114440953904012,-0.954828549104723
202,51,-0.600418317034309,1.28445258566502,-0.246971748030949,0.281093399831352
203,51,0.766025595870881,0.390859127591122,-0.591368046276907,-1.00226466830294
204,51,-0.214327748030923,-1.15464271463877,0.665454870897848,0.448331084757804
205,51,-0.177979065569813,-1.19579743010446,0.27708257243239,0.396797569274777
206,51,-0.272463146943347,0.220574959083629,-0.931296143970471,0.417989234600598
207,51,0.671457431261987,0.704614946537519,1.01732543152769,-0.500768055488364
208,51,-0.101198305368571,-0.537556562049897,0.731506256596369,0.706702592843873
209,51,0.404772822296359,-0.133944792403889,0.259659119584016,-0.422496169930561
210,51,0.760480328067212,-0.00774468956547959,-1.68014875352533,1.46524819870839
211,51,-0.0389697113872814,1.49029779476421,-0.724786159712052,-0.479347263283682
212,51,-1.44809768190668,0.0997778513940451,-0.718991653541346,0.808250015774439
213,51,0.554104329559309,-0.345154486441504,0.318844937369146,-0.28886198933097
214,51,-1.75613853516588,-1.38267057370193,-0.41091520747027,-1.66111775585078
215,51,-1.05724124512379,-0.181953030583782,0.118395060353095,-0.183044601489297
216,51,0.713267457180996,0.420911521907865,0.105001663260455,0.118245847868984
217,51,-0.395690914297864,-1.20292431031244,-0.648119360874252,0.121155891251725
218,51,1.32807984575662,-0.25450466451094,1.57628689027368,-1.91536103818137
219,51,-0.154031795377012,-0.667585706251054,2.09276320549865,-0.264411785182122
220,51,0.421664893888167,1.69207502858309,1.75697406919501,-0.0165619701113893
221,51,-1.98502290434883,-0.308805057655416,-0.362519453014803,0.52313678544724
222,51,0.610944444375767,-1.43539446017979,-1.58514403647959,1.44848588721382
223,51,0.756845067907372,0.43967470723037,-1.10146995647117,0.0900589095860782
224,51,-1.56317759902735,-0.075713463329043,-0.45460514824484,-0.335752245052486
225,51,-1.09143052139822,-0.0539130655480787,0.0897835270318297,0.891351145388902
226,51,-0.953171687530275,0.751150754191628,-1.35581582519926,-0.422529402482074
227,51,0.527547140922247,0.865015589308998,0.40380227792067,-0.296515032220011
228,51,0.184952656921327,0.775117060003009,0.565535321050207,0.226068853704199
229,51,-1.32744825021333,1.4853867016267,-0.153816261713576,-1.16488637700606
230,51,-0.656228442738749,0.476849290907952,-0.23718599747656,-0.673014417119073
231,51,-0.63837204273456,0.839303209904345,1.05774354559892,1.77873204469915
232,51,-0.30085460594277,-1.5259510305156,-0.448847286078442,-2.09689545150332
233,51,-0.105712441002919,0.608026794040327,0.684744503936063,0.654050406572734
234,51,-1.20854686619102,-1.13633699877308,-1.21120802254022,-0.644707982974975
235,51,-0.481090302287189,0.141340424254202,0.029355924712405,-0.38121435771222
236,51,1.5940987537545,0.413826802311333,0.52273169353044,-1.62741129977329
237,51,-1.3277480653579,0.266665998421193,0.685881773835829,-0.00609864035509654
238,51,-1.35199951472845,1.05988876610073,-0.191179111391514,1.09150804333841
239,51,1.31871284717889,0.237472962487876,0.0345615020075904,0.206276246370154
240,51,0.207666364729662,0.196460151624978,-2.52717659462002,0.00243707611896541
241,51,0.519565501590666,-1.08809721730349,0.429253373261289,-0.0822779100184062
242,51,-0.0958584517401009,-0.108362385322981,0.831407143545669,-1.14229553675295
243,51,-2.04663333890554,1.47365610787387,1.55180406880068,1.14021980875775
244,51,0.831650288757847,-0.00184762146593719,0.0918880524150096,-2.08136441852319
245,51,-0.635489022933952,-0.186358322435373,0.559193288423709,-0.906266412055324
246,51,1.36038295881128,-0.317410762671851,0.501648904796462,-0.145572901218231
247,51,0.530853464839456,0.205326357169352,0.793485284762741,-0.125969170469742
248,51,-1.02126781099758,0.401638248810309,1.3619712232074,1.94005427892421
249,51,1.07078695823261,0.654198153088116,0.795708989837117,-1.31843388283116
250,51,0.604398552064495,2.19530612102378,1.04703791753129,0.437445701131134
251,51,-0.493652864012767,-0.965848739790758,0.0347094506588836,0.878643133409864
252,51,0.735285187044989,1.13170869293455,-0.191115177440261,0.775434352506972
253,51,-0.193834148832121,0.242781455005308,-0.506563426083343,2.00123838131629
254,51,0.750497220015543,-0.797875608696801,1.00615364523839,-0.357483236808202
255,51,1.31294186479166,-1.1684696828151,-0.441131527312595,-1.66568970113661
256,51,-1.66163928057164,-1.02437568475484,1.79327632845683,1.54467618329686
257,51,-0.301286453502048,0.698905290429208,-0.262850310578273,-0.924465975204115
258,51,0.849713550537991,0.769901768837241,-1.58192723665873,0.120037030217858
259,51,-0.696339251257035,-0.0381027766237575,0.0417150998140883,0.0129409616455694
260,51,0.437859061237836,1.58378290920665,-0.323026790105601,-0.733598311837002
261,51,0.569562860429242,-0.661558618384606,0.569315288211124,0.820791920604564
262,51,0.472916227818563,1.23633736339153,0.225217159252988,-1.57323226218276
263,51,-1.4422045930976,0.702253156061864,0.188420953694701,-0.707658019607233
264,51,2.50179779682687,-0.739947820540334,0.0439998644452225,0.315134378552854
265,51,-0.444495864757384,0.193165328501136,0.85937987730062,0.234314158591494
266,51,1.18493474831145,-0.973864134153107,-0.116613841057717,0.498035911923149
267,51,0.670582093287166,-1.1547298347574,-1.01078175416017,0.308638481543206
268,51,-0.0607931582228798,-1.09593011693845,-0.261408231899995,-0.498655664510866
269,51,0.975483935070012,0.942981960635787,1.48306368362811,-0.431590641148995
270,51,-0.16398247794786,1.17462490188518,-1.49515486659964,0.0660110900453836
271,51,0.757374716098356,-0.026041123702339,0.695982097457358,1.29702378937544
272,51,0.787287168002988,0.930238080558016,1.02589603557744,-0.456605517329556
273,51,0.230043541900814,1.67174827613083,0.418162878472736,-0.879675007477844
274,51,0.794534399764606,1.89034674159742,-0.949013593222453,-0.38572162665417
275,51,-0.805375450624063,0.602896999000069,-1.08421590804161,-1.05554285692755
276,51,2.21369335870192,-0.623662589827661,-0.463364590654789,0.0189106777678225
277,51,0.805513590721051,0.860977358199956,0.206170622499194,-0.461366657994034
278,51,-0.625621075042287,0.763345161773731,0.0297828490719491,1.27707730806496
279,51,1.09906918154866,-0.435337640990895,-0.263987267966013,-0.784491984484652
280,51,-1.37213325157369,1.64154089049114,0.0256491837141454,-0.784350924353889
281,51,0.169971426025311,1.48035292489513,-0.178499925060339,0.910756618260595
282,51,-0.798309140990422,-0.177309706904787,1.07131711401269,-0.0162717254883727
283,51,-0.45777122878831,-1.0299655390276,1.99500572390848,-2.02482067394948
284,51,-0.689261468530808,0.346434130156183,0.751079432887657,-0.130680746030684
285,51,-0.31469402735209,1.45110742068274,0.472701047029039,-0.316345836824766
286,51,-0.0715392802388822,-1.85771017550504,-1.80481756118546,0.1406457112743
287,51,0.731496540589509,0.36580106602632,1.66408858079123,-1.03994229208326
288,51,-0.75238018268233,0.555298899468679,-0.446391191876857,-0.321074916916823
289,51,-1.67874691168274,1.53341272953191,-0.167207133962356,-0.118562951939288
290,51,0.0301538690745835,-0.578433548167993,0.0270082146440285,3.24790195354798
291,51,0.834983448408575,-1.20317905726965,-0.486947535655629,1.26956289958341
292,51,0.231737929487637,1.12402642032078,-0.897909732937698,0.523698077908546
293,51,-0.106778647093243,-0.794629148707263,-0.710810408565431,-0.836171972419381
294,51,-0.502861759607673,0.146548247564633,0.440240877140951,-0.520372790186148
295,51,0.0618982188625077,1.96437246898575,-0.215899413942202,-2.31899828857011
296,51,-0.142066039485421,-0.482273114811478,-0.349752628976248,0.595396935032817
297,51,1.02279650666259,1.61367261559789,-0.374460281610142,-0.38936780079587
298,51,-1.13061051347323,-1.97648905341093,1.08353666701663,-1.30848051839436
299,51,0.0124548613324848,0.0592535898418949,-1.49268625699487,0.999291196075626
300,51,-0.35904467853775,-0.106641354565264,-0.481158190139242,-0.761089946585195
301,51,-1.0068117945682,1.63759512108684,1.04511042048979,-0.19538011585522
302,51,-0.747591991411712,1.58130881448054,-0.402582918075413,1.34820877623124
303,51,-0.326151035000522,-0.96043151221328,-1.16467302588433,-1.43184224888573
304,51,-0.467427764586256,0.78543738837182,-0.948455843994759,0.451028753697801
305,51,-0.0601795470494164,-1.55715447159186,0.655715436927666,-0.0113892609170758
306,51,-0.377497090008771,0.575615249033421,-1.14284486682477,1.17057550324066
307,51,0.232345639038298,1.7338868179334,0.684051626742577,1.10985979972091
308,51,0.768349168129687,-0.604530908089717,-0.0236371986538623,-0.251968185123955
309,51,-0.173586894732439,0.0469232609609481,0.0981215726282465,0.830943123732876
310,51,-0.434044192735077,-1.60616854752641,0.831848460852516,-1.13853323615349
311,51,-0.569992416886071,-0.959678394582624,-1.33768633407022,0.188947197480658
312,51,0.118883066752687,1.39110348389944,1.43381003352939,1.09170077326727
313,51,0.442336620611152,-0.340884078180988,0.194448220664238,-0.369454354787125
314,51,1.00940160951135,-0.994218643620945,0.881948202431075,-0.4709211576881
315,51,0.0350369730449107,-0.322479215424122,0.094425355722768,1.16595474157887
316,51,-0.239691999372325,-0.47805876325616,-0.110757788834588,-1.20169026348036
317,51,0.606144085244104,0.28102395014992,0.351756093149513,0.184358815920167
318,51,0.908076213015277,0.269235330014563,-1.40912940821214,-0.84388986075597
319,51,-0.45184706339252,1.30324911740642,0.619438140109156,-0.815725275886794
320,51,0.0944201755252438,0.126218542306454,-2.61243309220531,-0.983461967336884
321,51,0.588891141505371,0.134961864764671,2.45293876315945,0.796908513014995
322,51,-0.752414896431493,-0.0499914447752782,0.26856050827142,-1.98540426620415
323,51,0.248740239517542,-1.11699015246373,-1.48253139141035,1.63169454143441
324,51,-0.188653792566752,-1.95876181750142,0.461731161067203,-1.10633770303861
325,51,1.32701363697962,0.565634686148275,-0.892075563632925,-0.238777936608335
326,51,-0.431200298337085,-0.116583954500403,0.31575044125425,-1.57832748276475
327,51,0.565286072324947,-0.285722526641377,0.905501613466462,-0.48220578829747
328,51,1.06896922430676,2.07037254289404,0.862404123245176,1.01886385948413
329,51,-0.151595016177022,-0.553631960455359,-1.28961765039887,0.083844205478212
330,51,0.458817864956733,-1.02212900324576,0.291311107696031,0.744059382210007
331,51,0.242840295496101,-1.17862804166459,-1.12539097188747,1.35227384563478
332,51,1.4452951329531,-2.50182392097661,0.229366109743472,0.245681234378173
333,51,0.390652424841226,0.123310715053542,0.318639519868786,-0.606279092742873
334,51,0.735970712857151,0.043084557346487,1.81223084062778,-0.821889240082865
335,51,1.11716091918647,0.771992336687838,-0.210263548699247,-2.92743680208312
336,51,-1.26072247969401,0.309224316677914,1.08997044037963,1.26814574837505
337,51,-2.83758687819916,-1.04451770070641,-0.571265404665011,0.745111619995847
338,51,-0.0842753011608609,-0.0470546303234912,-1.72277096241744,-1.01567812238075
339,51,-0.0213860800481676,0.698581143563213,1.43083717145579,-0.953422911585182
340,51,-2.89531395200827,1.77039184120124,0.197414904027627,0.164083208184914
341,51,0.744512613315596,0.495453604429197,1.08838186288001,-1.62439717936964
342,51,0.169742640041539,-0.347038271413855,-1.24080211938233,0.206652078279566
343,51,1.7085404133605,0.502561355842543,-0.0137338861113539,-0.372464362595143
344,51,1.83054002856144,1.25701616018191,0.762189978482296,-0.367410732485196
345,51,-0.283390682422564,-1.88978798510966,1.04760844857478,0.426055837372267
346,51,0.275008369995153,-0.203518315486539,1.08350293816243,0.0569576345775728
347,51,-0.990980069525738,-0.250742443963814,-1.55804342891643,1.08863247428925
348,51,-2.319120630164,0.0070714447584958,0.842640887880818,-1.58082736544018
349,51,0.0157147534648479,-0.832654605375407,-0.068739494721706,-0.520086362682281
350,51,-1.64974727754243,1.50521615432689,-1.61140512974739,-0.961508201257026
351,51,0.671185904886787,1.16768583865003,0.0357347265608723,0.456909574376864
352,51,-0.702412971148276,0.531169014618223,-0.774676550176057,0.914535555216847
353,51,-1.20543555167444,-1.60233719407388,0.210844450694058,-1.07589075596474
354,51,1.44023034573433,-0.745066493027641,-0.947229982307912,0.0844833776466573
355,51,-0.24184075065136,-1.11871872043656,0.158178836079832,-0.335660700838908
356,51,0.145028467719862,0.420557788134754,-0.799463563026366,0.373638470612443
357,51,0.173539342163281,-0.0380386597882622,-0.0834486377310201,-0.920883574321253
358,51,0.354927953277832,-0.371099992380809,-0.766681993353987,-0.233970785026802
359,51,0.999517974795809,-0.333973206972564,0.204280029303949,-0.578599964489732
360,51,-0.989067605077521,-0.171755628615989,0.0385665739537435,-1.58031031181913
361,51,0.415583415773278,-0.0345203323679363,-0.0195826155047734,1.93279567601154
362,51,0.846290170237314,-0.199606851587878,0.0898071947813335,1.48437048221362
363,51,0.35341228838408,-1.52897056311384,-0.150263030733686,-1.09086084663876
364,51,1.14915783200848,1.34061316088687,-0.578891128997438,-1.17642900673436
365,51,0.0466875828888659,-0.750570496388659,-0.141632877620252,-0.954951649329258
366,51,-1.37187765907536,-0.740296166619424,-0.495829216227448,0.522881043391401
367,51,0.731947192519783,-0.871587464820727,-0.891960652535817,-0.400334502715483
368,51,-0.00280486233880061,0.468840748363525,1.68810406025891,-0.0836877543429146
369,51,1.8196442083468,-1.16308496693791,-0.338296688536222,-0.00584216153034127
370,51,-0.733038718364568,-0.688380966317972,0.731570705903072,-1.50177395914377
371,51,-0.524924108993522,0.835363824253432,-0.378622931862734,0.668720467143
372,51,-2.01293647817438,-0.905790199612367,0.63806255008286,1.12478743880175
373,51,-0.134262195587685,0.229697081155094,-0.476499299797218,-0.0456355206879786
374,51,-0.708462134765058,0.629023742558699,-0.998706562084976,0.294663542867014
375,51,0.58281037718143,0.239406448284225,0.265524245793421,-0.412175296625748
376,51,0.227976270912732,0.580752109891159,0.440675617266864,0.698991261557468
377,51,0.0818501901928563,-0.997979319523869,0.745448800455285,-1.01737102294029
378,51,-0.704330560175814,-0.137184618170166,1.04772041151069,0.71920309974324
379,51,0.0249231116200276,-0.19533949172677,-0.133845470334544,1.39936060262517
380,51,0.330629677893426,1.54493184871839,-1.67257921604191,1.52114700085408
381,51,-0.45011514020979,1.95296044948045,-0.385854948200403,0.914296044272644
382,51,-0.781600126197069,-0.19378406918148,-0.257758114515686,0.718861648505089
383,51,-1.02163595986372,-1.08804866546287,0.553748450549681,0.427097614513706
384,51,2.80549196881313,-0.337756277727372,-1.41985155979868,1.01723232284723
385,51,-0.41830988185832,0.636632648015025,-0.247408896194918,0.345274153210405
386,51,-0.358245677272348,0.416209552335738,-0.163512559306986,-0.607484983816877
387,51,-0.284935296987467,-0.643883884148588,-1.89926603592036,-0.537444721146194
388,51,1.99157317030314,0.722187288985886,0.635594755196761,-0.966271223702153
389,51,0.845628673563888,0.392459671514995,-2.12981070829003,0.952087265129051
390,51,-0.0199683387735575,0.168592086731196,-0.319963775850162,0.0667057727032235
391,51,0.0979158392488347,-0.183231267918329,-0.0154736022170039,-1.26899689534211
392,51,1.15206278272754,-1.62763459993803,0.186300766357293,-1.26842322954535
393,51,1.85400047502481,0.779030339787477,-0.635682325993445,0.454679140601211
394,51,0.173398606010383,-1.99278564624826,-1.22182239143025,0.416519783089785
395,51,0.707490531852507,0.198032008800134,0.415075808999254,0.71872618866241
396,51,-0.391303531450168,0.121093938250919,-0.36906032203827,0.212831223817629
397,51,-0.307852195017915,0.232193464426881,3.23578642559093,-0.865601058040534
398,51,-0.91095197414112,-1.9712931659845,-1.42120316327559,1.03324897172003
399,51,-1.40043166998665,-0.691980429330528,-0.679475532700409,-1.24576661505094
400,51,-0.692148739450117,1.04138494517151,-0.0552910601678682,-1.45861936868774
401,51,0.898891404567003,-2.21354437472116,0.521626541768774,0.753488511051298
402,51,0.472231828254448,0.531597231821893,-1.34243896531926,0.318667482086073
403,51,-1.42337177048096,0.364542135762727,0.771911765139351,-0.936161613316615
404,51,-0.388753656269466,-0.520856614112471,-0.16286727004975,-0.864943257438026
405,51,0.851922298924162,1.58417868598315,0.0482942109834171,-1.7328312265004
406,51,0.0189051371467774,-0.258925759327097,-0.422891505605549,-1.32462455397362
407,51,0.780320623002603,1.86262269569468,-0.689395325104013,-0.345280366179128
408,51,-0.127337168578347,-0.242376129288056,-1.88787514621281,-1.51141398528643
409,51,-1.09876197436564,0.374438707991605,-1.24945543184481,-1.0323830788504
410,51,0.674111270127071,1.53095337205213,1.26263846812105,-0.796906829184155
411,51,-0.067605223204221,-0.961930379356493,0.798298451422252,0.346765392497456
412,51,-0.878256830954432,2.19030929148181,-0.0997874265594367,0.998996576690195
413,51,0.785628581362814,-0.587318129566133,-0.544038004438203,-0.0373787182642901
414,51,0.170072500656742,-0.319226475178627,-0.224537788696419,0.84763165090672
415,51,-0.589010810645953,-0.437917893606734,0.130692444186705,0.887003676027309
416,51,-0.587710217610956,0.0875208148353403,1.19062462796528,0.0392618993281481
417,51,1.35273092483267,0.46128348359848,-2.12678239305442,1.65506321323168
418,51,-1.5589725439674,1.06334209420746,0.835779242463519,-1.56399302143165
419,51,1.15292054676045,-0.596597689991141,0.373391481586399,-0.518285905224863
420,51,0.444949804992824,-1.55362448276393,-0.661338456002583,0.0784967513078258
421,51,0.174329154437778,-1.03437719861454,-1.4122826671222,-1.16394184857146
422,51,-0.450025766878363,-0.891269473604875,0.75260568629861,-0.573000377480884
423,51,1.15872393798085,0.524560773231664,0.599608798765952,-0.112223378265461
424,51,0.922745115608726,0.619738695189885,0.913694769970434,-0.653644907298066
425,51,0.599296414103759,0.976504087688991,0.380356150717583,-0.346561583323672
426,51,1.25453257634294,-0.115576380457691,0.0708463212927796,0.140685020647015
427,51,-1.06413207753212,-0.816868137823426,0.321226916203971,-1.35043094092438
428,51,0.102369924117003,-0.24471907592533,0.936217784189288,0.0883817207599544
429,51,0.703978188979169,-0.283694750302991,1.74051137952449,0.191960312133642
430,51,-0.350058358808043,0.492764994365918,0.166159654494493,-1.72845275717154
431,51,-0.273701229783643,-0.734719018255004,0.776106757826533,0.420819934719591
432,51,-1.074762377987,-0.965865772050429,-1.01243733173575,-1.49666832989137
433,51,0.818696247389283,0.310066992092361,1.5202537779139,1.08623612009745
434,51,-1.06527958921431,-1.47465830278046,-0.107346950886991,0.179775782492182
435,51,2.58041502665782,-1.05724968225983,-0.979131741535025,0.766731894919536
436,51,0.784301886245114,0.141462668898656,2.04802985809189,0.393681551007181
437,51,-0.0217504959154217,-1.7650303608329,0.614424808531118,0.0653512503197743
438,51,1.18370193892683,-0.426606951828034,-0.364554194355314,0.144597495530228
439,51,-0.248236672083379,0.450582828073063,-0.884338346727257,-0.173807109696856
440,51,0.19008794458879,-0.202208028253397,-0.089739836128834,-0.209533225069434
441,51,-0.943706656150641,2.14085189688761,-0.390959258429074,1.05884194107134
442,51,1.84865830158253,0.732825032637946,0.320739640006827,0.510431065846621
443,51,1.6859471155894,0.208177979212415,2.2994336055115,-0.360739679779056
444,51,1.45809663744315,0.35602240314866,0.408207712214386,0.942923506325658
445,51,0.229571159810396,-1.20159998473924,-0.868892161976294,1.24599060962778
446,51,1.93960052046555,-0.72439764102452,1.58104726137499,-0.203714437951571
447,51,0.225564101367752,2.3200374291488,-0.422041934627932,-0.210475114514633
448,51,-0.954022288470263,1.91268563919572,-1.26229522164884,-0.200598101068824
449,51,0.430525199512351,0.367492438556544,0.924476439227623,-0.570649677451586
450,51,-0.255213835487464,1.78301846660849,0.365301067087009,-0.572252422917233
451,51,-1.07669112772172,0.422698511100086,-0.421768631094862,0.836146634119539
452,51,-0.182846486844699,-0.842561753521711,-1.49825651216913,-0.531460118276534
453,51,0.00410613723681352,1.49589959411947,0.59979424653107,-0.660408482605216
454,51,0.103312826170144,1.14256322953659,-0.954446160395881,-0.41676678299846
455,51,0.0103206499398077,0.499027720866762,-0.956059828591719,-1.84550068808448
456,51,-0.265894082122861,2.40235894489775,1.37924454210113,-0.091914313911752
457,51,-0.676578201497931,-0.640166248849167,-0.803255090836136,-0.985428087411511
458,51,-0.940745009490291,-0.26506968814127,0.657980863159492,0.693398101733642
459,51,0.493586283576612,1.08526366599266,-1.05668987098258,-0.207706466425693
460,51,0.989482971660895,0.769010090699962,-1.11349299835573,-0.716346445473513
461,51,-1.56310158252888,0.795496263523089,-0.369191795126404,0.87651885186418
462,51,0.116056541095732,-0.596837546613042,-0.39985590589554,-0.0870424144161079
463,51,1.05452955316087,-0.932123228385493,-0.076504165606337,1.06126630945356
464,51,-1.37888469315945,0.331157373356015,0.096907570752788,1.97962271812256
465,51,0.756516480052914,0.626202247655145,-0.210840199889728,-0.877336736832619
466,51,1.3172909055547,-1.18640241300258,0.64422100410335,0.0615136834508531
467,51,0.529633280385577,0.140259347835597,-0.243512646048269,1.18768316125183
468,51,0.602685343797903,0.894266000013472,0.297598621531714,-0.352593218150732
469,51,0.279931266073299,-0.206864080704353,-0.997810716523301,1.05865266478851
470,51,-1.91742476168764,1.05979765655747,0.369698821251904,1.69639699955534
471,51,-0.256065990255546,-1.15062689689412,1.39698097876682,-1.57455942168478
472,51,0.601545373501506,0.630832445407856,-0.612662178900488,-1.90966005107747
473,51,2.10190461343471,-0.838019933601985,-0.365054262232362,0.629756162892587
474,51,-1.94739082251879,1.05046794008974,0.677308770132319,1.2118302509731
475,51,0.236079629682945,0.49653116325003,1.4868696028038,-0.165045158920307
476,51,0.141747930044797,-0.8983984627202,0.789786884213763,-1.21831024293812
477,51,1.08625512526774,1.59456789964594,0.301816503849234,-0.928175349420673
478,51,-0.219792487547246,-0.908745989802622,-1.53433954674657,1.40895426484221
479,51,1.20905950011292,1.47349635445776,-0.374138512536532,1.00818910652146
480,51,0.23767937162654,-1.14606713314765,-1.66418028906051,-1.1777025334697
481,51,-0.722891907406024,-0.0874402213025483,0.460193322487741,-0.628601183735117
482,51,-1.07403375570137,-0.796344930279432,-1.22546555539216,-2.11213734653665
483,51,-1.12078853300385,0.460711642433898,-2.10214817926623,1.26547690094491
484,51,1.10341037899773,-2.14407745348746,1.15591570603574,0.316250377485841
485,51,1.02960457873569,-0.327680253800069,-0.549587407900469,0.591849315489432
486,51,-0.632072595971996,0.330862194767034,-0.365187410626235,1.38530386554786
487,51,1.15930895437479,0.278332773795776,0.801677437970228,-0.277843435072522
488,51,0.0352680042654185,-1.08780989551749,-1.00545181818063,0.132988562492564
489,51,-0.411181931244495,0.122058651685927,-1.18064256714783,0.230388383159656
490,51,-0.418046229072414,1.3146194556142,-2.68077799720255,-0.424536427469959
491,51,-0.769470884328064,-1.21876258073969,0.0506246128924102,0.705080947006081
492,51,-0.601614867834767,0.0107998679380828,-0.448836828601098,-0.161460435000728
493,51,-1.6512443401264,-1.20312125195451,1.31722284387021,0.0590188601494493
494,51,-0.580123637495527,-1.2923030895074,0.0114249615411624,-1.4768439877559
495,51,-0.689820212251382,1.47821380305783,0.878577596109319,0.165410810778861
496,51,-0.438435046243849,-0.370475822139842,-0.106362213808895,-0.863395027180064
497,51,-0.00224562277261329,1.75017847127275,-1.5885279878555,-0.224188254441726
498,51,0.704411002778856,0.576573157092025,0.877460081300362,0.515393885316803
499,51,-0.545677703574438,0.180229346728104,0.109375758936799,0.883744775375981
500,51,1.07584604706126,-0.597158889960466,2.24568156410364,0.0659190550474085
1,52,-0.0295790153862276,1.31063607037414,0.16367682637845,1.69982615108542
2,52,-0.794026373147528,-0.906605408470516,0.889194258663975,0.913704903913088
3,52,-0.583808670065758,-0.780855163530465,0.59433902384418,1.70293904530757
4,52,0.0165518672616583,-0.0882089318163055,0.661144013867622,0.154018269839998
5,52,-0.121300982849745,1.55816084564869,-2.18914351371603,2.25430595194292
6,52,-0.81996972393487,-0.577476887580049,0.780410973563692,-1.70973857938821
7,52,-0.583701521546051,-0.414029162518011,-0.733854598520875,-0.0205026360172899
8,52,0.064493498741645,1.25350615625556,-0.692914964423549,2.09252410936153
9,52,-1.608888942859,0.850371947717101,-1.69456475008905,0.118895999619354
10,52,0.744801355668922,0.0434657650617432,0.269234359234936,0.746929249213902
11,52,-0.936798952426656,-0.364681833351394,-1.5813616458863,-0.604107800406693
12,52,-1.31805563647748,-0.280005512717708,-0.276451646284414,0.543454763271826
13,52,-0.0907352406717395,-0.378479314235432,0.678211310596222,-1.93632334244532
14,52,1.27780154368457,-0.048061673149398,-1.24569702023554,0.761047023136693
15,52,0.361329653759987,1.8030956980189,1.21091979881639,-0.194095504253441
16,52,-0.605979661642891,-0.979473877513747,0.322259670298072,0.779309396549128
17,52,1.74689586917258,0.0893120090693979,0.425442552887507,-1.8617424309313
18,52,-1.41922095915429,-0.694369701438923,0.0758371928931586,-1.4881265345664
19,52,-0.247042690116281,0.43776921416159,-0.38039324394468,1.33698415510983
20,52,0.50325855757606,-0.0688007002876733,0.423927515052263,0.110930377395283
21,52,0.10186281556871,0.147824540230932,0.145951837638395,-0.609022384614418
22,52,-1.0664737624244,-1.02568420554549,-0.870956525157727,-0.641770631372905
23,52,2.09516581562517,1.56833205863736,-0.402001471155709,-0.556050679089844
24,52,-1.03216351663545,-0.307991498879053,-0.266866944541707,0.15456811519841
25,52,1.63355305184655,0.440927088639567,0.685481743347187,-1.44118670565361
26,52,-0.900797396156647,0.514101575000554,-0.376229216694669,0.559524424868645
27,52,-0.232392137461112,0.553501040047834,-0.915030447696202,-0.100023591799197
28,52,1.15875751609279,-0.628995834279194,-0.616870097870749,-1.66584295423399
29,52,-0.412767476276485,1.55773882287306,-0.462270485034784,1.16711731166821
30,52,0.184685486225666,1.65239303947161,1.67978613475471,-1.68466571359266
31,52,0.127939770376783,-0.74063957583263,2.40428673797363,-0.651679740517037
32,52,0.663553673041844,0.580196203240143,0.428375072335569,0.633822725684851
33,52,-1.24629078559065,0.563704337403952,-0.543169629348279,0.429401031683687
34,52,-0.452278145497485,-0.502840307350917,0.129511140782094,-0.718262343237319
35,52,0.100709774093949,-1.74484287309982,-0.174424687624605,0.205596906280942
36,52,-1.00947512200018,-0.864004885444698,1.37647511427085,0.0922706880034361
37,52,-0.323847851606323,0.0521323211148836,0.431419597107457,-0.27167346983263
38,52,-0.250833270746322,-0.475950388347392,1.21163861457507,-0.220960328796842
39,52,-0.433157147094234,-0.14021093064155,-0.0344715853974986,1.02592865277464
40,52,0.728804780578978,0.538715379246965,-0.0358165728435382,-0.349351063531706
41,52,0.225258718203399,-0.157769770522546,-0.888576042768437,-0.250504636198207
42,52,-0.0666654106191172,-0.229369168560344,0.499379766066876,-0.92585745279011
43,52,-0.24317707619476,0.0559952604950285,-0.176683718510623,1.27940869920725
44,52,0.86420723321599,-0.829446381772396,1.30279183197891,-2.51133527782578
45,52,0.66978022600467,-0.0485884607502034,-1.80965914422519,0.735437673544345
46,52,0.0677503182919574,-0.728859274896313,-1.06665770332605,-0.171942573167437
47,52,-0.418566235832097,-0.798198126592097,-0.0266560104847292,-0.494625006152686
48,52,0.685402455344339,-0.737331622757896,1.28461629505048,-0.355677130630693
49,52,1.40460012212689,-0.629841046309605,-0.697542879470077,-0.449130697169119
50,52,-0.706048809148064,-0.390854590667204,1.87996636904801,0.337146538616814
51,52,-0.629137706254334,-1.01498909407708,-0.86720767076323,0.048502886496757
52,52,-1.57576827142925,2.38911348137239,0.913786925472297,0.44424116088713
53,52,-2.09806271811501,-0.805021236314233,-0.604690600742006,0.978266072495343
54,52,-0.437678972419162,-1.49408898525945,-0.33771515229143,-0.03337961162932
55,52,-2.72926492071613,-0.654087911252843,-0.496774878681065,-1.90505702344198
56,52,0.354022410559605,-1.65508487622923,-0.0562294360001014,-1.20334603117111
57,52,-0.533538631538198,0.946516491461134,0.985440465532793,-0.592891566821826
58,52,-0.769524613347614,-0.310937032781859,0.282186102810493,0.398568429539906
59,52,-0.938117991056291,-0.13018676342419,-0.507013785965797,1.61633298197971
60,52,-0.952754319644727,-0.839212874579334,-0.52162151757908,0.438064456104169
61,52,0.103886029088406,-0.585220159068852,-0.16348316980903,0.53120681408968
62,52,0.428334403967941,-0.678663070475757,-1.60570541819763,-0.105503380600246
63,52,0.798371784975632,-0.459142395554961,0.119086642147661,-0.371919033209287
64,52,0.038787505012029,0.637613398116514,1.17717877232277,-0.986426277614849
65,52,0.39072423591611,1.19919451882559,0.74847126294046,1.50241418645283
66,52,0.700169945870621,1.55183628789902,1.55765932652188,2.05386326998413
67,52,2.65828692185279,2.07278548056202,0.0440854658733048,-0.572479904850911
68,52,-0.999131394321472,0.604210063883884,0.22059499171626,-0.103225181149775
69,52,-0.042840325905385,1.12698856567383,-0.966130962272649,1.3126570102196
70,52,1.64739688387688,-0.973926267205905,-1.31769335049623,-1.03377903393472
71,52,-1.88574960257304,0.164303944868113,-0.666959453923705,0.433488145477838
72,52,-0.257231576315539,0.915338534117522,0.342244090613713,0.108766679361916
73,52,-0.681336102757904,0.0468112084035523,-0.331259866610825,0.915994368588882
74,52,-0.14463687925826,-0.748430541879298,1.5389772740006,-1.43615817683466
75,52,-1.10114181169396,0.898792606106652,-0.442168455119724,-0.38389270789468
76,52,1.55107627263668,-1.18763811629922,-0.229359251507519,-0.321370570121651
77,52,0.00960570270690381,1.31336692562379,-1.14297649743643,1.41031928016327
78,52,0.454200046076133,0.0871665576356207,-1.05917278435225,-0.323578018141616
79,52,-0.738030069143935,-0.6282468328259,0.8564979390707,2.26110325428111
80,52,-0.412326868989649,0.238140666641474,1.55926541473979,-0.585399726615706
81,52,0.223652360223679,1.95468294813688,-1.79317337973646,-0.713087883765899
82,52,2.3759057471163,0.134877065913943,-0.0515209958246475,0.157551678573739
83,52,-0.438607435806137,1.73160264481768,-1.15834866793971,0.236982846649008
84,52,0.0810469928084081,-0.507887359147376,-0.495275573547977,0.32876960787828
85,52,0.125667346475305,-0.201340140698678,-0.218667506971153,-1.2283082116973
86,52,0.325204995067799,1.36205792394358,-0.01676104017521,2.25202881617832
87,52,0.881682302135574,0.0824967796199787,-0.184746798451944,1.53952921657432
88,52,-0.775410466832565,-0.336696371511934,0.63922249780744,-0.355183779437075
89,52,1.05946210844967,0.827352548228018,-0.669884211726859,0.483257824050191
90,52,-0.447301475441011,0.138944482208519,-0.12999124868416,-1.32741800143143
91,52,0.100083588192866,0.113090353291527,-0.46676996044279,-0.432976852135759
92,52,-0.153997329767493,0.460896927764212,0.857629936270639,-0.973813455476722
93,52,0.91696408377012,-0.222467054821877,-0.509235843007165,-1.39110267560128
94,52,0.86759171113507,-1.20731997744469,0.953507089591482,-0.0835072611531676
95,52,-0.998033117899364,-0.446792306570312,0.943331904079627,1.1216513085709
96,52,-1.12293066808855,-0.923667811392113,0.57236460498984,-0.227264369714494
97,52,2.94170060499112,0.627994486345067,1.52390248766129,-0.723611572304656
98,52,-0.461831972953356,0.321264057507345,-0.15390451444189,1.76925027182894
99,52,-0.0337202348293158,-1.11642757307904,1.62958613639949,0.0634669564334617
100,52,1.50909418252633,-0.361135128673383,0.269384513829886,-0.017234805689039
101,52,0.969737742731143,-1.76660945179028,-1.88133181996372,0.756601426551154
102,52,-0.651684249486694,-1.25763631278234,-0.413092382689999,-1.29292767704233
103,52,-1.86984390009508,2.04642280383724,-0.444166555595623,0.949046376395008
104,52,1.64747580776034,0.615095626355273,-0.516035507036842,-1.17846424485918
105,52,-1.69996385415321,0.54158855717322,-0.130160849701264,-0.979258329821072
106,52,1.16007500547317,-0.822856721986479,0.2875075272275,1.5976933252189
107,52,0.0675767991047479,1.76931960074563,-0.860438066510499,0.235974667965707
108,52,0.44535946041057,1.54954803179614,1.18514485073012,-0.971665980478897
109,52,0.980183041867556,0.947527095829178,0.226600433609659,0.0342133027556275
110,52,0.677141645585793,-0.898648090120195,-2.0334483992078,-1.4162875160419
111,52,0.828060953420139,0.813884799893989,0.374463878039464,0.139078415232949
112,52,-1.5895811763855,-1.68944870711774,-0.893492727992784,0.954753798935693
113,52,0.76836105027578,0.643141213508739,0.297129609905034,1.0027127460729
114,52,-1.41487278439931,0.567339772470093,-1.2715425705303,-2.20067720492101
115,52,1.65753779474735,-0.508821247029026,0.801054177069448,-1.15856179235526
116,52,-0.18497678982236,-0.731163002160662,-0.378979396069675,0.119744595515677
117,52,1.11665296656884,-1.13170420195304,-0.128820811456568,1.18535354763828
118,52,-0.393395695417015,-0.255667231534251,0.038423191906442,-0.898547004179698
119,52,-0.311301043970435,-0.884218251790172,0.228670898846134,0.674478335179419
120,52,0.92956297646345,-1.13807342238645,-1.45083279716702,0.572231207871265
121,52,-1.30424966652012,0.730977141259079,0.519342608712606,0.920790856300014
122,52,-0.450897020860865,0.0191430866719196,-1.59213822064995,2.69371186094329
123,52,1.42438430279737,-1.99725101536031,-0.955570219148745,0.716088070985722
124,52,0.380094316813917,0.562224549132683,-0.171951337911223,-0.291096206775867
125,52,0.295905970342999,0.0759586859766221,-0.916090246149697,1.98160653091312
126,52,-0.554790994905053,0.615484773152484,-1.55051993941972,0.384238608910196
127,52,0.479346072067796,-0.145712607963417,1.79184047860463,1.67146251731718
128,52,-0.0102098988823276,-0.392760290566354,0.606927564433225,-0.0824021944157419
129,52,-0.309792178854242,1.26829987815793,-0.647552571077143,1.23123775680886
130,52,0.39969341764327,0.640253626257967,1.43814623070953,0.583340920996031
131,52,-0.398431858482664,-0.256842671780178,-0.754749197414547,1.60208442020436
132,52,-0.240770276508858,1.00206934386615,0.819118905198787,-0.584512976930312
133,52,1.91357816772128,1.08813265489717,-0.36086593917572,0.07422195841965
134,52,-1.51688129082322,0.579223379237829,-0.64351687162936,-0.743233617105209
135,52,-0.725256501751667,-0.309742746191661,0.459854627904075,-0.67062825830731
136,52,-0.482655866863346,0.360471519397149,-1.25702550486533,1.40485597369336
137,52,0.222116121974352,1.55072023299349,-0.187362487310792,-0.0187925947714288
138,52,0.475365772993271,-0.974393427573173,2.44036635869579,1.10863981359265
139,52,1.13033925738568,-0.297320703667961,-1.09169641833166,0.042560940881985
140,52,-1.75857536525484,0.814059593460581,1.96726320428369,-0.157387089593882
141,52,-1.15442295349096,-0.414710031637066,0.189787077394732,-0.075506612476499
142,52,-0.602902473312781,1.38144042431019,0.578264307610856,0.0882837062766308
143,52,0.877086615801055,-0.396633939685683,-0.424035537524914,-1.03362973757994
144,52,0.551963162424978,1.97855652467752,-0.917992428050385,0.593455369516811
145,52,-1.12530408258428,-0.466270098746804,-0.556770618803919,-0.240362149615815
146,52,0.927176437960798,1.37632068219789,-1.53627980194111,-0.915778727742563
147,52,-0.789860349591527,-0.717452625578973,-1.27054221704467,-0.242200071463212
148,52,0.10646500418852,-0.118100831997362,0.202770539562595,-0.725583698163837
149,52,0.582621051471612,-0.893618688856917,-1.53507580336579,0.124145574030506
150,52,-1.38153274341411,-1.33315183088243,-0.0697519092763164,1.84480225573419
151,52,0.858045983286176,0.36371183925037,-0.302953346281087,-0.594302482439686
152,52,0.806390915018932,-0.716073672004158,0.0448479519702727,-1.20213342805315
153,52,0.803454156515612,0.630884189223971,0.607706663308062,0.659121352731201
154,52,0.857627829803869,0.130238011776268,1.3908820532122,-0.264582430632225
155,52,0.187280318329267,1.31465894331471,-0.589554205983666,-0.403673938276924
156,52,0.609763281807296,0.40696798626718,0.119897557616722,-0.0893691692757215
157,52,-0.648241967998622,1.51264941902901,-0.262651463107375,1.07289127237252
158,52,-0.0218965474125166,0.900095936268125,0.461480015757163,-1.07683628580977
159,52,0.255674992862816,-0.795994253661944,-0.204318434154066,0.224999720821259
160,52,0.767434816402283,0.162386534939391,-2.49234203816408,0.665782905640473
161,52,1.33170415150285,-2.07009562952469,0.500180517373461,-0.637683466694678
162,52,1.58651366780403,0.323770026472369,-0.219968148255403,-0.937477701032559
163,52,-0.79144251676797,-0.500840236584381,0.00336172084108065,0.331476477696496
164,52,1.00704155280393,-1.23450572663598,-0.328633626122249,0.753440290940323
165,52,0.741243448651583,-0.653541488917362,-0.80100497764866,-0.234915981323039
166,52,-1.48766168559838,-0.34011847918001,0.92389449103096,-0.860579359584284
167,52,-0.850742590303285,-1.9822523651325,-0.173121827784964,-0.650275671994587
168,52,-0.222932566823478,1.10863939365239,0.428206191139886,0.369534616688379
169,52,3.53080543007848,0.768162133308341,-0.0555982547610444,-0.691650477296193
170,52,-0.661100059778169,-0.897898898779594,0.447198250317333,1.23121407766742
171,52,1.22098753158106,-0.625469181403183,-0.939681821971037,-0.761980976240351
172,52,-0.723283818403113,1.0072221632485,0.916064106664028,-1.24803258289618
173,52,-2.17315420144319,0.651045792239927,-0.891204997224466,-0.571624911368269
174,52,-1.47075572189165,-1.6600440227706,1.1350074409922,-1.36181663810169
175,52,0.748259895327856,-1.27920430848393,-0.926917974369503,-0.0410758047510602
176,52,0.348279637243488,-0.566778788275553,-0.343096652063151,0.180175835720055
177,52,-0.351501821223394,-0.441561470457342,0.43825498661223,-1.03874218479403
178,52,-0.0733138530930744,0.135025341525218,0.36886433505945,1.37277942494777
179,52,-0.425405978402519,0.0578284998971069,1.60499534107943,-0.316353428958199
180,52,-0.316942133538733,0.251412870437075,-0.267529142690987,0.540532443923543
181,52,-0.577984339417949,0.581612940977181,0.147220850458838,-1.49380497482507
182,52,-0.648321687069967,0.631741184833446,0.380433285350716,2.29614122544339
183,52,1.13612946889846,1.29662327563583,-0.880573041965676,-0.226191171943659
184,52,0.00181359903429386,0.79547535541338,-1.39165030383103,0.160207258675451
185,52,-0.363370915668458,1.30423463628222,-1.4748015938076,0.908195706636981
186,52,-1.54796976122901,-0.62449088576497,-0.861437713234552,1.76047039463334
187,52,0.978497427611598,-0.246967038647459,-0.442692675574157,-0.851183371068839
188,52,0.346359145222192,-0.246137685335038,0.172105368330911,-0.829802397195854
189,52,-1.03767444065945,-0.422692363692616,0.331764351538528,-0.710361029620921
190,52,-1.41745486220358,0.135484407848066,-0.815858971974688,-1.29276957010479
191,52,-0.574254424097156,0.248932389367152,1.08114350656299,0.825345532792443
192,52,1.60081292593181,-0.884105241152693,-0.697002484132196,-0.905170636151432
193,52,-0.562986520334447,0.188744091297511,0.256021415299752,0.425914528644892
194,52,-2.34064649886854,-0.718347348552672,-0.80597117302878,0.403523473312427
195,52,-0.176821501426103,0.461499953778442,-0.236553925749598,-0.93243983377529
196,52,0.796860524714069,-0.83362683561335,2.26310515936701,-2.04578032934087
197,52,1.53286892193635,-0.473910205942078,-0.100018127325751,0.767603245047981
198,52,-0.439634762169579,-0.458325914474569,0.0190655933362054,-1.08008736050706
199,52,-0.42749085137968,-0.632825240093578,-0.480052673020397,1.68569584075983
200,52,-0.317425504017371,0.187030705388258,1.01493691899066,1.81237835370772
201,52,0.281528006605263,0.0322632161105692,0.95441269675121,0.421465974521471
202,52,0.226404509010419,1.65827633396056,0.608026796648172,-1.51943935724039
203,52,-1.08724128593011,-0.409010689070086,-2.6612213330205,0.0517241485458538
204,52,1.30401040647543,-0.043086909797175,-0.418672031709124,-1.32781013654019
205,52,0.88599889030905,-0.120575073790953,-0.526643533730669,1.18192829788125
206,52,-0.345054032314794,1.56145152244291,-0.918219849032229,-0.687597637179455
207,52,2.67665578236249,1.14075367163497,0.575631003024866,-0.227532600429319
208,52,0.318786911574176,-1.83493582328362,0.118616515940717,-0.649450394038086
209,52,-1.19461073187898,1.64961318559971,-0.759032065806348,0.303863420316017
210,52,-1.16660071935408,-0.944256089122602,0.0708722023376861,0.0541105619004605
211,52,-0.317929791094501,-1.68127843577768,0.788998523911023,-0.437736614916019
212,52,0.484103899685931,-0.704218967966321,-1.6684093640721,-0.975468382293935
213,52,-0.260311787192964,0.527069548387282,-1.00163770302435,1.170802781136
214,52,-1.52038473505571,1.10770234760871,-1.54866880438805,0.877229289962105
215,52,0.317607618397143,0.708837596698886,-0.155262833685383,-0.21500999745656
216,52,-1.03961365145976,0.0831877813144182,-0.532937065555084,0.230010941635737
217,52,0.0906817455162213,0.319791425080807,0.0020144687794114,0.184317560306632
218,52,0.656033208177089,-1.4360870658397,-1.03798407956832,-1.50507217443396
219,52,0.533169361452594,0.342151334311327,-1.04400113916537,-0.495902026493716
220,52,1.64130993835272,1.50341593465489,-1.84240900197912,-0.506427898773864
221,52,1.41681617050393,-0.537501232656439,0.262686252990304,-1.60651691705097
222,52,-0.703962239083826,0.60071493420796,-0.0516228506113051,-0.00995401503928533
223,52,-1.03624279450304,-0.917224397889966,-0.91837367661498,0.886794473565816
224,52,1.78712613270497,-0.628526618399279,-0.820952063957014,-1.50440220861749
225,52,1.62295027915539,-0.804930958289425,-0.157722381386106,0.143490220310389
226,52,0.140007472352516,1.39658010733715,1.70307623267116,-1.99175803037879
227,52,-0.0822832364637909,-0.637777554058281,-1.02104851829251,0.532191235103632
228,52,0.58070425423886,1.67754338459374,-0.194070959954094,0.620523394827157
229,52,-0.791218445981285,0.141515322583968,-1.62819972863092,0.0540199595977653
230,52,0.262874868413554,-1.26756698940545,-0.461666564112371,-0.106435410518176
231,52,-0.285460008586996,-0.185811783682991,-1.23858646553864,-0.0817314672838746
232,52,-0.889229200600006,-1.23793670652732,-0.0630376410790219,-0.0976667150380064
233,52,1.23988974029682,-0.756234336560849,-0.800716468101423,-0.342261378569863
234,52,0.199149627482308,1.02675065501515,-0.301071870694928,-0.485878251057634
235,52,-0.559732440034418,-1.44869423408249,0.906731438397591,-1.28794408300062
236,52,0.735776578415538,-0.606954664082743,1.39787556264796,-0.0156948688727445
237,52,-0.25851003573264,0.59970060945908,1.88741809140572,-2.13731374672659
238,52,0.725939613695874,-1.19948987573586,2.21542445072463,-1.69088176868072
239,52,3.35405589507985,-0.527577341015689,1.04940184787372,1.59474702165013
240,52,-0.229437080767886,1.01840594613712,-0.395576901676507,-0.391666252057022
241,52,-0.402420051966437,0.480394627913838,1.37664562140829,-1.60712033686726
242,52,0.147510196856152,0.367339009763304,-1.47379039669158,-0.130669785069373
243,52,0.0826535375718611,0.992241725229007,1.2324378174017,0.421353907911281
244,52,-1.96505079922129,-0.634369725608543,-0.674001171676945,-0.54928264137239
245,52,1.15085097630327,0.0771810311446173,-0.63065147691587,0.806329749355882
246,52,0.196754946397314,0.22234298050626,1.59763006922432,-0.231840548581752
247,52,-0.919522622305694,-1.70640215489374,-0.584006716466794,0.234642319557271
248,52,-0.907993012921207,-0.0136502329116793,0.352430476069054,0.599780688656389
249,52,-3.06418488507047,1.58366977257113,-1.03759780148238,-0.258095391049596
250,52,-1.41806259597011,1.97489717812693,-1.43988486536476,1.98923033086266
251,52,0.60026740576778,-0.144970586318888,-2.52798699006174,0.496276343636787
252,52,-0.347889920410924,-0.906157748989709,1.03384031416638,0.136248708239725
253,52,-1.34383414149901,-0.361383278750024,0.757348293938294,0.123180400609603
254,52,0.275137627681642,0.211287604484253,1.3298697544742,-0.175522061679204
255,52,0.0823487536005401,0.437405110522854,0.0444855538589616,0.141134571341045
256,52,1.88428139060776,-0.743384429093463,-1.46966959539212,1.55865898145595
257,52,-0.157527697081588,0.165184503655005,0.350834678290291,-0.361389631071924
258,52,0.496194755438991,-2.6423214675919,-0.704067620542396,0.0351435122558418
259,52,0.214195422250176,1.20292812561786,-0.676565627214895,-0.104158090847676
260,52,0.148033236176702,1.96124169354501,-0.591551022837726,0.305640619257579
261,52,1.73531312662077,0.946156073840744,-0.780950527044656,0.616738462313049
262,52,-1.11027629410837,0.516265025478798,-0.398958043810433,-0.205418899345952
263,52,0.500586582871478,-2.75618138188055,-0.540314079027639,0.831955353180752
264,52,0.879100336970429,2.21901120574301,0.519522239549961,0.89746743337925
265,52,0.0702350805104915,-0.0663083959311882,0.758726103792199,-0.561625739339193
266,52,-0.0294678589538134,-2.16942697340618,0.344006632935855,0.512462628500368
267,52,-0.525967234301232,-0.86605154800199,-1.04357331125121,-1.0238317574968
268,52,-2.34020356129266,-0.528998610944172,-0.516823568033106,0.230176350859341
269,52,0.937135522366628,-0.199217667357928,1.06519704690953,0.0309069711002323
270,52,-0.90474198241955,-0.569725878691699,0.650969416169613,-1.28341360214494
271,52,0.762399909609197,-0.429944302130343,0.157087102600916,0.214774561779702
272,52,-1.01483994824016,0.722562781416994,0.119749424843016,0.386232127354043
273,52,0.594624656328366,0.0990555597324425,0.96140213145817,1.16777296484994
274,52,-1.37100061698685,-0.837552374099168,0.927317078604891,1.10311972467241
275,52,-0.242487369698144,-0.159508884713752,-1.51645768355795,-0.286593206265714
276,52,0.532066960567515,1.74674015033871,0.0731642221822168,-0.447095360688877
277,52,0.516441641017144,-0.812072904348512,-0.141088157999647,1.88298602211713
278,52,1.35329758515711,-0.385998577953038,1.15989897927256,0.611083200371932
279,52,-0.328912970362438,0.280471491980198,-0.266349532089035,1.37436908199921
280,52,1.19571404105606,-0.932912826401666,-0.556640307302858,-0.857919152955111
281,52,2.08848835308895,2.58407811569536,-0.67266325379259,0.931099939984547
282,52,-0.607678291004388,-0.439197184918605,1.44658098938007,0.268372206430421
283,52,-1.12005237274591,1.39442119605526,-1.11233490450268,0.329436993104867
284,52,0.687676124783392,0.0477556778897314,1.98297599743868,-0.177846113385808
285,52,0.0771300163087088,-1.38986745564805,-0.72962529539042,1.5657573034588
286,52,1.81194443238453,-0.719400242801892,1.08928079784365,-0.562806756731443
287,52,-0.679451773603628,-2.12924557524407,0.754293973472491,-0.719452915890648
288,52,1.14086245957593,0.670744228447799,-1.32249202831777,-0.682560457139473
289,52,1.0473827924918,-0.133490471421067,0.510973212504517,-0.32693932823456
290,52,0.0167385845056649,-0.730508101272078,-1.66909654430087,-0.37534690563827
291,52,0.148226366732189,0.671992616674711,1.04987519884323,1.02501725599319
292,52,-0.754729628380405,-0.783830710239105,-0.550592041713243,0.854819894015394
293,52,-0.59141954273446,-0.365237218460329,0.564260514002307,-0.938029922667761
294,52,0.919937125202519,0.292390859140663,-0.326122682256506,0.0848404591068286
295,52,-0.976974987937812,-1.03431117760752,-2.33068059541676,-0.771663711393731
296,52,-0.901571195108882,-0.55906794598383,-1.51010438069226,0.666631972373532
297,52,0.288415372619019,-0.590802196448997,-2.00922943782275,-0.284211971976928
298,52,-0.43283474598988,-0.873217913226654,0.227647949851586,1.80559379530094
299,52,1.08469714097432,1.30628807636533,-1.44084086071166,1.30858458119021
300,52,-0.377116798232702,-0.410464969539881,1.6439672923832,1.07562574924747
301,52,-0.65504884619837,0.166866819771914,-0.0878716875058684,0.901357354957275
302,52,-0.630214176787462,-1.3283666841008,-0.796278572502011,-0.0147040756165403
303,52,-0.648054280830449,-0.518986613874867,1.05497807845045,1.45364978095068
304,52,1.51044993067288,-0.0461630703042011,-0.472682538250844,-0.0128669825165853
305,52,-1.76616906881659,0.235323129397063,-0.794529833995327,1.3957681018878
306,52,-0.657658638877013,-0.632954987448003,0.690359225512545,-1.27841177116063
307,52,1.0138648175809,-2.11259577377073,-1.21502866147854,2.00909726857873
308,52,-1.60562423752038,0.184435249888951,1.80321586896666,-1.17756199408193
309,52,0.576858250963844,-0.639745990520068,0.660508171089626,-1.06334754930029
310,52,0.975203544110825,0.670949991013867,-1.65108137812196,0.643932001423593
311,52,-1.71096155371148,-1.22255492750255,-1.51241885262124,0.625568246373273
312,52,0.675294880762615,0.510703205423337,1.27192491151397,0.00947167813548466
313,52,0.243041379698351,-0.505003676581965,-0.112613955869811,1.99482037713877
314,52,-1.43670915139173,-0.0481197611470213,0.843347558602241,1.26367124223862
315,52,0.784944494067389,0.989582651734155,-1.65754454872153,0.690246374479559
316,52,-2.04927589670513,0.126596342605996,-0.0368841620563141,0.0372860552669853
317,52,0.0558027104685271,0.407628112973229,-0.900994875646363,-0.992494414572567
318,52,0.0630083590239579,0.689715997820957,-0.873346096402957,0.347492921632504
319,52,0.506153410276085,-0.197646195372656,-0.528147463897361,0.750101218984751
320,52,-2.46972360172064,-0.575914237091659,-1.00771496386784,3.11403236859296
321,52,-0.888130548501588,0.577268425837881,1.22088242658031,0.335065584884005
322,52,2.53814986692132,0.220279736588032,0.279569549026977,0.518503399640475
323,52,-2.37532158280202,-2.54461830063059,0.298431424577632,0.2663939577294
324,52,0.746379593250697,1.78348587542725,1.46026628162567,-0.514774347553079
325,52,-0.100600425113189,1.14856129350038,-0.421902107711453,-1.45823827173739
326,52,0.766144863231335,-0.585923227699426,0.360231399526937,-0.0916591022089011
327,52,-0.0734453083626887,1.39615159148163,-0.454547295584718,0.371516163953634
328,52,1.20985399037033,-0.831132882613871,-0.930291341337292,0.231252247157126
329,52,-0.180182371726088,1.50575915651731,0.536619354914408,-0.876848331633291
330,52,0.966723633725687,-1.39304815608783,-0.305892126439585,1.2849080564037
331,52,-0.722270584007117,0.99252577293395,0.189400300883415,2.72147598675462
332,52,1.25497846008297,0.11725059824933,-1.09627587950272,-1.2039251405147
333,52,0.455332624798119,1.18326848090326,0.0916861360010277,-0.345759555432379
334,52,-0.855815988989627,-1.07583739752922,1.62419513689479,-0.789314680015932
335,52,0.397639973753245,0.788651494556072,1.44331662662905,-0.641494041836968
336,52,0.108382883355862,1.14734015682691,0.0281982268027224,-0.111017715506086
337,52,0.187087296679512,-1.21727854033049,1.00018265353669,-0.587625727016199
338,52,0.63674335245409,0.875659037987357,-0.339089402565579,-0.304003388119794
339,52,-0.0900982150411359,0.481232365372006,0.154809855212262,-0.329280275337368
340,52,-0.208699698249241,0.048396839721277,0.131759065781118,-1.01353109858839
341,52,-2.23138616605277,-0.36722914915287,0.877456155409659,0.361436846262189
342,52,-0.226539941767593,-0.111333043818651,0.23576659118511,0.229593809440417
343,52,-1.50027469708979,-1.14875467794774,3.15226501466515,0.573198249383449
344,52,-0.591520450130888,0.279884987365269,-0.318342985172089,0.125313251334033
345,52,-2.3804521707513,-0.622540260749114,-0.0050368699031843,-2.14704693881476
346,52,-0.597064126349076,-0.673797475488975,-0.973831920447749,-1.61612107130055
347,52,-0.520507125748797,1.24025211059242,-1.36553227379244,1.98511851390749
348,52,1.41897479405894,0.105760411237621,-0.321049387536165,-0.612262131478568
349,52,0.272140072617046,0.31524650535706,-1.32806685819065,1.4436572100633
350,52,-1.02331863878658,1.24026914332812,0.982127948436443,-1.36505371935998
351,52,-1.94436901109048,-0.0482139663268276,0.552220419532641,-1.3321263800298
352,52,1.40214569195478,0.494258793685745,0.182406512858266,1.8406872388913
353,52,1.53912090151512,-0.664174209113784,0.392864314806742,2.18694107714985
354,52,0.463113542290161,0.35362592632583,-0.0420228864658377,1.59979424158275
355,52,-0.253715763175683,-0.167870303474678,1.00973747272239,-0.400572007491454
356,52,-0.734287384075666,-0.122852785642253,1.50878657363308,0.887371475404364
357,52,-0.121331261761121,0.223452842183288,2.18840488941851,-0.469242006471727
358,52,0.301762708932238,0.608088661859269,0.0116759478481799,0.00288164069697814
359,52,0.328538145394072,-0.158458326337771,-1.57564025755589,-0.837202681253935
360,52,0.0700820550811076,-0.316885688277757,-0.38485171180893,-0.565074321885969
361,52,-1.44032598541174,-1.1787675118372,-0.683335007873002,-0.272885706128776
362,52,1.51511339492875,1.1621512560058,-1.88244459303799,-0.288507465640043
363,52,0.198889615606659,-0.645499043278613,0.202510663033701,-0.0574881043475938
364,52,-0.481824947055514,-1.06324119963763,0.711824719267666,0.350871690027026
365,52,0.0833238377747815,0.579155756779016,0.360696033483248,-0.036137672711069
366,52,-0.258766743659134,-0.500461099221446,1.35055156035603,-0.85201267552125
367,52,1.99524003122557,0.060534248453511,-1.16496415813264,-1.13275791726194
368,52,-0.221646979665533,-0.853037471736368,1.29943477903929,-0.027159140755062
369,52,1.04223634755045,0.645880141319334,2.33945157747022,0.545086424386195
370,52,1.65796809166024,0.154165845793423,0.45188686490001,-1.09277200192675
371,52,-0.491400686219059,-0.686160408254982,2.05283671452733,1.83364572228753
372,52,0.181712906303643,-1.47822021788903,-0.685610304457916,0.409770126235874
373,52,0.115078735171595,-0.427434600765127,-1.02108419341277,1.28199908058565
374,52,-0.468252709246344,0.972846226260574,-0.545252394143238,3.19958167138267
375,52,0.335576478311589,-0.125253576728515,-3.05458434928376,0.425157570216534
376,52,-0.0331844297493114,-2.40098263943135,0.682225818606669,0.23945276837388
377,52,1.52853771181493,0.595050943897979,1.51992730733874,-0.79776301339563
378,52,-1.55358411195409,-0.593721647745613,0.556640829845441,0.882263708216859
379,52,-0.208731771289746,-0.359181687268736,-0.320408313901973,-0.187921334452753
380,52,-0.576797168975548,-1.64529919955611,1.14207825373136,-0.78140751562559
381,52,0.688453866113871,-0.540116542588858,-2.60651455768085,0.216257440599074
382,52,-0.114665331044327,-0.111222027615171,-0.272842459977772,0.132712488465909
383,52,0.621726111625134,0.027569750686287,0.338185154393858,-0.399177859626295
384,52,-1.09333128346594,-0.943854019058797,-1.11915983116443,-0.182173486236899
385,52,1.78815889012098,1.3603039486971,0.464573220690171,-0.482869722802129
386,52,-1.13067857954777,-0.375029334070677,-0.997685973794236,-0.73039095976226
387,52,0.314441203817423,0.370239734857069,0.376850894897748,-0.550334767067895
388,52,-1.70144483221576,-0.875478560714413,-1.21978079549399,0.281177184682857
389,52,-1.45134923762745,-1.67198433457764,-0.535859713276237,0.371535174370235
390,52,0.911822200892774,-0.948347112037016,-0.033265919462579,-0.581149663339536
391,52,-0.201102135189467,1.71966528679482,1.75236498042649,-0.424070853384363
392,52,-0.00262789116182268,0.540031266599565,-0.637020414466987,1.65862710817895
393,52,-0.0672394510103387,0.854640914788763,-0.261779760036998,2.28688363096203
394,52,-0.386745123599172,-0.497615605314101,-0.0770640343976782,0.549101913783333
395,52,0.137557917232264,0.286098391599086,-0.623228293358081,-0.411057838578636
396,52,1.3325149414538,-0.198538519114572,1.30513603397239,-1.67560561093972
397,52,0.124351417431931,-0.440626666608799,0.62018297228082,-0.323270082224173
398,52,1.2355469469734,0.518774294185407,0.623496920365625,-1.17588640847684
399,52,-0.564085677104092,0.0522015232138668,0.184102641195303,-0.57970055853047
400,52,0.281083012147356,-0.508262867538178,-0.41090702283567,1.13626249507311
401,52,1.59586646503154,-0.0376056411824535,-1.64482674783379,-0.133960175004921
402,52,2.59081554431018,0.377557587502678,-0.560456675076589,1.75720971433841
403,52,1.33084520688877,2.12360068589458,0.260141138676948,-1.22907179561161
404,52,0.522340630014951,1.01134017890714,2.04650919627502,1.11954714150347
405,52,0.511337889119218,-2.16759558714113,0.834240291745902,-1.69649690288421
406,52,-0.921501836939722,-1.26986522721582,0.265955355815214,-0.607328474656447
407,52,-1.07788446825254,-0.153060334633062,-0.328787313161016,-1.04577540000348
408,52,-1.36081317037513,-0.468747640047005,-3.00102114065241,0.977017208175186
409,52,-0.454790511934005,-0.19086462082954,-1.07280086497067,-0.072560200030552
410,52,-0.465082029830214,-1.05752922960396,0.267008859791959,0.300763693979278
411,52,-0.461637863129455,-0.569153933178056,-0.817180153892807,0.178900288650235
412,52,0.891682436730031,0.7848773183939,0.594644544442292,-0.947986452943182
413,52,-0.752357512947234,-0.264771326899781,1.27561346050219,0.532226500813345
414,52,0.477740285577409,0.75087925184737,-0.353457597933737,-0.401960133489991
415,52,1.26821045003324,-1.26356715167225,1.21518740698214,-0.629449179428182
416,52,1.46574197164564,0.76031522109429,0.449726639484048,0.0683449952720331
417,52,-0.898969097330784,0.266390481283976,-0.469374164364162,-0.640606677794796
418,52,-1.5185207587655,-0.878060734638368,-0.503550185811413,0.756221034113859
419,52,0.160176937363528,0.499172464765835,0.148821660558602,0.536381435349956
420,52,-0.182120106706645,-0.782155237850726,-0.0541367774002462,0.272430300088686
421,52,-1.75791501523765,-0.806379910346834,0.723612237912094,0.199780480346692
422,52,-1.48195378034715,-2.3207204977465,-0.338304852603183,0.907976551518832
423,52,1.47375612374896,1.00320841905096,0.23641279078548,0.824776438993358
424,52,-0.652307697761968,0.144648082822326,-0.782682795591384,-0.158960902842818
425,52,-0.46448612719972,0.819060117350152,0.979010572058101,1.44738403312856
426,52,-1.06211445426393,0.0190344233567213,-1.21031227319869,0.750209983410609
427,52,0.160706132991735,1.50806279849095,-1.09041479527934,1.31888812727171
428,52,-0.277114119594487,-0.117562297147974,-1.04243551749786,0.405927244599243
429,52,-0.306854073551708,1.08456464038885,-0.985613391083608,-0.474715159189724
430,52,-0.386263884677724,-1.63814049446902,-2.2106934344689,0.685430411159448
431,52,-0.706225794534429,-0.0941460441643473,0.568227887330355,0.740936375350074
432,52,-0.0880073271503689,0.77989384435189,0.118858991409062,1.37832471292107
433,52,-0.593330076361707,-2.62414771635337,-1.04766280318371,1.22179723840795
434,52,0.146405212432469,0.182103990629378,-0.110854944184388,0.261986179716415
435,52,-0.186154370756452,-0.112767264837545,-0.23337089967884,0.291474054858069
436,52,1.64100421097536,-1.87806286300714,-0.767301602974008,0.506648361808724
437,52,-0.606977581074457,0.76885179171108,0.52043395070879,1.12180412566185
438,52,0.303323755520321,0.380138806529452,-0.0444997784876417,-0.721203804337127
439,52,-1.24522756768312,0.199729292613208,-1.88403761874637,-2.05829962455394
440,52,0.879126312279196,1.01329684190306,-0.90211211296095,-2.62679858770197
441,52,-1.01357804403163,0.872400700634534,-1.30880965342703,1.93253544027628
442,52,1.39214352991289,0.0692608898929391,-0.276288148069513,0.62074293232302
443,52,-1.89368499403655,-0.984597352702344,2.02601537840267,-1.65070958497536
444,52,-0.938503847697094,-1.84113860167685,0.45665808315357,-0.81074805725329
445,52,-0.610299026718625,-0.897118778081148,1.33528511025435,-0.23788494968312
446,52,-0.0352689384786257,0.702386969915704,0.200773180603715,-0.673569749912582
447,52,-0.112739081125312,-1.62778516363467,1.59483737187317,0.894510879332699
448,52,-0.493837024623883,-2.11692850843418,-1.48786858373199,1.61818243950184
449,52,0.541747008697547,1.76689510585706,1.0704407764806,0.485708999076991
450,52,-0.247828287097117,0.643123828907262,-0.294433008301488,0.438188623987038
451,52,-1.1282923720516,-0.298241247949956,-0.0179552820489285,-0.260225455897512
452,52,1.7750146799445,1.76040049955965,0.0686793487756372,0.230264386409727
453,52,-0.42611719872993,-0.826178002455741,0.859878397783554,-1.76479291754056
454,52,0.251413722846095,-1.14318028677641,-0.178882208501495,1.57851233328198
455,52,0.121330066793106,1.36783139283617,-0.140241787439773,-0.0415490533839229
456,52,-0.209514970374541,-0.120320131639738,1.44919703064557,1.16760907471555
457,52,-1.73229582851085,-0.319102570662391,0.245602589888125,0.678473660893412
458,52,0.3810855864129,-0.630619399123123,-0.899585398232672,0.411298122630372
459,52,0.463623689226051,-0.112834279390637,-2.27853394409085,0.367352647389461
460,52,0.0786983386532973,0.529212881129715,1.99328520685565,-0.361990745108977
461,52,-0.82454783344287,-0.333004060054501,-0.695382197478287,-1.30345940974993
462,52,-2.12694888192164,-0.620877415018795,-1.53453153624369,-0.592373524494536
463,52,-0.168716739938596,2.64831026774481,-0.147133914313952,0.584180465501262
464,52,-0.0507466231397794,-0.734207544903256,0.490052410570971,-0.490422741742092
465,52,0.573173820034157,0.273864824313345,1.17525631549362,-0.23211192926466
466,52,-0.643622360058345,-1.42686155564711,0.319529185961524,1.10511773721371
467,52,0.522692402878481,-1.18679486502358,0.650520118775949,-0.337009586995821
468,52,0.333004544930884,-0.196238043590351,0.104293962938874,1.03938798921495
469,52,0.120467497160651,0.268205557459205,0.362162624015312,1.78444108528208
470,52,2.46400777986491,-0.873095937508113,0.21707734406501,-0.69438155022778
471,52,-0.933211794380097,-1.03853695953403,-0.093124702456434,-1.09906243202704
472,52,1.48303762351383,0.757185986595584,1.72855892471131,-1.20513367829007
473,52,-0.537549147519014,0.574492841165389,-1.75079698333029,0.814643770322352
474,52,0.857650569354649,1.2301966243118,-0.841158148751446,-1.25725617289127
475,52,-0.834712067253826,-1.05419348304234,0.524618053644242,0.952099210032199
476,52,-0.465063841678248,1.04093481406241,2.08743563762443,0.332782214071372
477,52,0.73765893133591,1.34594577141235,-0.319493736127278,0.276587777234266
478,52,-1.16637492015141,1.17802863511305,0.158068351101737,-0.682454823811209
479,52,0.415715753859571,3.33629006184261,-0.291002339268553,-0.578893242259186
480,52,-0.291162604830909,-0.926444330805964,-0.0241131116669239,-0.181420779745965
481,52,0.171776299267048,1.63305286457128,0.318804999486102,0.032243913227925
482,52,1.37058659969764,-0.654879870884345,-0.807610991893251,-0.742189739343679
483,52,1.18447422110736,1.14785466774902,0.394313139024571,0.170073173456131
484,52,-0.376830737898301,-0.671817443621957,-0.501837328900857,1.18457501544833
485,52,-1.49842265035238,0.548408927751939,-0.685438863053211,-0.663173565689475
486,52,0.571942447532961,1.80020232623648,-0.948617972568029,-0.163339362102545
487,52,-0.9003172050004,0.373146513225272,1.53261478964598,0.186161906613792
488,52,-0.570913463121035,0.0829752575065577,-0.938886467326506,0.72113655880163
489,52,1.73017353087628,-0.229906516818397,0.414535186199893,1.883178399954
490,52,-0.832261025242932,-1.13776932540349,0.284955269218981,-0.90242683235172
491,52,-0.251129375558299,0.544466841928091,-2.97822564774957,-0.268761623229045
492,52,-0.813660470690069,-0.539715277160964,0.166422594233681,-0.0434161741370095
493,52,-0.519329851546713,0.364113048223892,0.79334709457586,-1.942431913143
494,52,-0.484926609306076,-1.16938925739146,0.5716557436457,0.560011553560207
495,52,-0.124005721307584,0.133536704721274,-0.571762867714965,-0.0652146289810068
496,52,1.0680417430191,-2.14294859970554,2.77641256349816,-0.5415043216197
497,52,3.50910342058095,0.9366560152061,-0.662987730003479,0.163448850445059
498,52,-1.07120571573677,0.347507884427682,-0.40292128121828,0.784285644675958
499,52,0.0741708492457228,-0.0739656370831169,-1.89292686715324,-1.19293483845176
500,52,1.01810256361143,-0.104316973580569,0.255361187451969,-0.705513055537704
1,53,-0.461798208996122,0.496157993177552,0.54183909921676,0.10518606153596
2,53,-0.0659450462420664,0.943063116964744,0.688429768120209,-0.559766827593124
3,53,0.950565470796301,0.960242751846788,0.0146321413039087,-1.23106414353486
4,53,-1.94660033725871,-2.54055668894002,-0.804519510219891,-0.365712058864663
5,53,-0.36111313266629,0.760598182806251,0.12068750016448,-0.811319403793409
6,53,0.587622087966021,0.386596634221092,-1.41075025842579,0.737037079602619
7,53,0.519375459217044,-1.10007907551595,0.0199206320185202,-0.4931612406827
8,53,0.437222643363331,-1.137428784221,-0.74622338063959,0.153212571661969
9,53,0.45585188942867,-0.571210403496979,-1.86663042271884,-0.362767884554598
10,53,-1.83106185359918,0.787948880205612,-0.805850955614716,-0.384045339989498
11,53,1.91901401530973,-1.13344856398315,0.734460069922539,0.0604136484566056
12,53,2.84470307355794,-0.265922208249786,0.0502892075280509,-0.0525688794606006
13,53,-0.158349168133778,1.06961791353396,1.767354660747,-1.87095580072594
14,53,0.617022179052459,-0.786734675181257,0.712546963889759,-0.393715140686575
15,53,-0.769063738901216,-1.84935278354674,1.47556459982938,-1.07963244112631
16,53,-0.705095099139471,-0.1661851049594,-0.966535594242685,0.543033649337802
17,53,1.05028406994934,-0.249992594884553,-1.59094018772109,-0.964764842310883
18,53,1.47915895807626,0.624952071069569,-2.5454177404898,-1.60813851489259
19,53,-0.607034848298179,1.59119570426213,1.59387725358242,1.92836020118929
20,53,-1.93615538950751,-1.62732306923289,-0.46119329476267,-0.617577245891563
21,53,0.347540583561551,-0.282356658313987,-0.190628180988975,0.63397685125244
22,53,-0.514959194458335,-0.62040169379952,-0.339218193580546,0.637714280220749
23,53,-0.970296292810702,-0.575021863885461,-0.164568449652336,0.774860353330645
24,53,0.442835388460113,1.56913619340468,-0.473577608711051,0.50926030872257
25,53,1.73728616655809,-0.737360664432946,0.709308426832551,-0.296080617630494
26,53,1.33402560674524,-0.060180122968797,-0.333121694306361,-0.515754279648696
27,53,-0.520572863234997,-0.903360264424294,0.031351987406171,0.142032160643279
28,53,0.502345238966271,-0.564902461740974,0.0147024935694937,-1.85322083264074
29,53,-0.48453663806066,-0.411925472740583,1.00225498260118,0.107628513807096
30,53,-3.24561266779724,-0.631737753126732,0.0402182597314492,1.081993510172
31,53,-1.54862163597621,0.545227697570728,0.12032563515925,0.672040065102366
32,53,1.67142995462371,-0.524142073780704,2.43114906046385,0.318086047609248
33,53,-1.59948927626652,-0.943990171125179,-0.394970570049599,1.5047106682765
34,53,-0.0169774195306962,1.73172726018292,0.0385593395049503,-1.20192924819892
35,53,1.48966965424329,-0.602104954183811,-0.200096910479619,0.813017073628107
36,53,-0.632913677219457,0.577325887360788,1.56444568740613,1.6818302043662
37,53,-0.0937245465566086,0.679872551898702,1.99354769766372,0.231005983949641
38,53,-1.44286124447234,-0.476376964083666,1.05649738637941,-0.0283786950574494
39,53,-0.728573035393631,1.6849872935595,1.45036813900408,-0.130149560804212
40,53,-0.629815909419262,0.327811902439896,0.606580556819514,0.00843949269990799
41,53,0.285275838248688,0.167759152360765,0.336608375364942,-1.02714902032818
42,53,1.42988051926142,-0.376859082654876,0.27017545016539,-0.466404028373755
43,53,1.06954942478688,-0.0339065415636106,1.11229017737846,-0.132536461878136
44,53,1.22596292169836,-0.0221268380526519,-0.979100268328603,-0.563740104527352
45,53,-0.866563829163086,0.331995891081499,0.0153492501425884,-0.099148610363112
46,53,-1.12222658022426,-2.36265190768617,-0.564421172069254,0.996215080219968
47,53,0.717940639318728,-0.0903023374541199,-0.808611490580225,-0.939106867013052
48,53,0.43122867325519,0.491063005217676,0.0604119322759067,1.41200647947434
49,53,-2.01785209940804,-1.51841090041827,0.448308112509491,-0.672319390349571
50,53,0.72778651458234,0.465625095388856,0.0889175445596881,-0.25279087113766
51,53,1.01854708256868,2.27855322450151,0.746508116145828,-1.26683056007209
52,53,-0.0705106528923136,1.37718463512665,1.22100526121722,-1.69130041682466
53,53,-0.101998831961338,-0.497837066303997,1.14940119963436,-0.0904474476664248
54,53,0.109140010308397,0.740926875604862,1.40026446999471,-0.660022392767596
55,53,-0.151588822154389,0.643365410220835,-0.257941577531,2.07954671645999
56,53,0.0126140486420255,0.368029889353252,0.174350103663541,0.19933786452483
57,53,0.121755013212348,0.0696829368273322,0.0876676215045397,-0.761662391446235
58,53,0.264978643937839,-0.611478697612199,1.14930703866622,-1.33622332342066
59,53,0.821633123482568,-0.128542868881831,1.24658553645076,-1.68610753991195
60,53,0.36769117421575,-1.50332934068046,-0.0364722442477397,1.45693282754186
61,53,0.307860573279897,0.0756925156884709,-0.332930873308979,-0.470319237634831
62,53,-0.428550900610011,1.05313431822824,0.732591403548042,0.171383571347531
63,53,-0.0770562696481509,1.13450445101217,-1.47807006201375,0.183010509819154
64,53,-0.0318585385670437,0.931276192107956,0.337251296289518,-1.37457446529797
65,53,0.722004154209588,-0.0777651563564466,0.01596114783372,1.01423753867917
66,53,-0.48504112429038,0.352582656021879,-0.0985304662541027,0.497519865413491
67,53,0.783337651039463,1.91961272868052,1.36585782017207,0.577718432902513
68,53,1.0814816934295,-0.0455625805897031,-1.81417712500804,1.6319476965094
69,53,-1.30167669320359,-1.05031989720853,0.0975711841923023,-0.384188871827307
70,53,-0.410402062417198,-0.281052756790788,0.246153423171727,0.774885588961184
71,53,1.00955599464,-1.69449785843175,-0.260826856965581,-0.621409317235753
72,53,0.601948519512658,-1.09763689459214,1.85163104941527,0.0781815177562143
73,53,1.98740032774072,-0.188248710187782,0.147078467506879,-0.699323654448467
74,53,-0.625830223043868,-1.9414559695439,-0.291600993567966,1.50269842604601
75,53,-1.19285403375432,-0.887021893859636,-0.36366616350222,-0.0662026517961384
76,53,-0.266204029764713,0.566719623348954,0.715321328372948,-0.234814021706579
77,53,0.448289295485069,0.139257999613078,1.27267622139951,0.453137302760724
78,53,-0.529633776931581,-0.713039619487834,-0.705538515108377,0.846084376452124
79,53,0.236061503323274,-1.05085314796658,-1.70952398518835,0.606290525936079
80,53,0.246300293730202,-0.13780943958989,-1.29282018441592,-0.809014532180914
81,53,0.17600003190641,0.428968108997131,1.54193461821884,-0.171777607605427
82,53,0.150930369569094,-1.37990275757295,-1.20991733723234,0.333142606585229
83,53,1.15357189887426,1.3930382094202,-0.193839762024172,-0.375440314414285
84,53,-0.790616528765164,0.507013829822178,-1.64712347754693,-0.29661608056343
85,53,-0.0830391914536291,2.60210393810624,0.68142737723113,-1.04347811758544
86,53,-1.90955086708957,1.23521913529943,0.366480338608727,0.401102231654416
87,53,-0.968454088603828,-1.10034632710361,-1.86105086755846,0.819116069661723
88,53,1.73353268999888,2.35413788262243,-1.67601761674084,-1.29315630927398
89,53,-1.12369024734583,-1.52291020579035,-0.592840471470314,1.31830443191022
90,53,0.722137225395529,0.284908880323179,0.0561601960514246,0.368468835875959
91,53,-0.623448193678677,-1.07764151432092,0.146292896174897,0.390189409748389
92,53,1.86670053928284,0.911902327260122,0.0487416496489629,-0.595312652574844
93,53,-0.229101669623011,0.0393504090241041,0.662919131728538,-1.16721127090479
94,53,-0.301949568186739,0.0406945722645607,-1.13392966964406,-0.536393537988363
95,53,-0.28015469921365,-0.801548370222982,1.04808645687523,-0.0467976813313864
96,53,-1.27153695631198,0.455410746785452,0.0657448266581535,-0.78702899431023
97,53,2.56936932104401,-0.028806669859798,-0.0486852924946426,-0.862386565333638
98,53,-0.715951576000324,-0.898410112292301,0.114110674282691,0.514222137293099
99,53,1.15481050092302,-0.371085957692949,-0.101357171855539,0.0197435253258409
100,53,-0.240528740647094,-0.150399576135986,-1.4285914140537,-0.946337685988655
101,53,0.937297618167002,-0.94807103519863,0.172819496457501,0.72851300773295
102,53,-0.934823385358687,-2.51970545097995,0.710797758013209,-0.399172161049477
103,53,-0.715343448943747,-0.0419268736976295,-0.202353552416612,-0.258066151993683
104,53,1.21427501904929,-0.732418059734164,-0.181021923080891,-0.403556882709793
105,53,0.802334349874532,-0.189986883120093,0.287465690297731,-0.549782254445476
106,53,1.53661720858573,0.466921381200813,-0.454198583465213,0.720200460332866
107,53,-1.31291492613768,0.115678116821438,1.78044399750281,1.29944045764529
108,53,-0.313212924422534,0.0140813482993039,1.34347893307935,1.0935498063624
109,53,-0.493917047549511,-0.860351212192852,-1.44320044845109,-0.982024085988808
110,53,0.162721884653759,0.561444260247241,-0.161527412878787,-0.0540460265719444
111,53,1.1395436289926,0.334114305789359,-0.273080752251884,2.1173155712222
112,53,-0.198809966831732,1.39515024364565,1.54891921421964,0.407427476967655
113,53,2.64091129919063,-1.24742366799298,0.577643052523771,0.154876952548181
114,53,-0.361075325572082,0.175872405796126,-1.27801550198304,0.27529630026751
115,53,-0.735763626781095,1.5562170504952,1.37486149626283,1.07127391532817
116,53,0.841803905828676,0.556200621251918,1.43644093874472,-2.36314859263983
117,53,1.24167088557151,0.514812953774141,0.719970028770827,0.214592337654112
118,53,0.115431861290325,-0.211790370520725,0.165344885770909,0.516465617806246
119,53,0.122500933603029,-0.427725055756196,0.637991667822301,0.735343454489912
120,53,1.1281150113854,0.981465498863183,0.601070854886671,-0.224776151471769
121,53,0.267241971624612,-0.658026180989614,0.507682803153993,-0.995246751660784
122,53,0.189101895652596,-0.396096949519034,-0.00119027405458905,-0.0151437527844246
123,53,0.907924682911773,1.69781263112106,-0.103799716848086,0.34778274961393
124,53,0.084235419414252,1.63088283761631,-0.509365198534305,-1.56847066438942
125,53,0.475596533247455,-0.450029988181932,-0.487637712445245,1.59032586436877
126,53,-2.62141231897781,-1.04875353182122,2.54938473751552,1.55859813076086
127,53,0.843604852655732,-1.2946249513544,-0.294826118134106,0.235406944140742
128,53,1.47984231783442,-0.313057293710241,0.0167900957964939,-0.740762785569588
129,53,-1.05362882859658,-0.506081826637156,1.49479850240687,-1.66251938304022
130,53,0.692378614250467,-0.340453654450933,1.33516584430312,0.459849643003241
131,53,0.933624134393805,-2.20687589351346,-0.768194949768364,-0.270402463302525
132,53,-0.520818966591314,0.564387723435573,-0.783571052782636,-0.794462293130369
133,53,-1.78332367577998,-0.946048289950131,-0.222553467798904,1.56103004573957
134,53,1.08379226335491,-0.81093316076113,0.486178780302323,-0.0523695998498581
135,53,0.270272904860171,0.438211044245728,-0.300144210419077,-0.16475520376051
136,53,-2.27742507541468,-1.13770326638952,1.28483227907756,0.393399570346317
137,53,0.86400367877812,0.319889186464331,-2.1769539680231,-0.806765506139411
138,53,-0.446437383704767,1.43875607818986,-0.520935670400471,1.5620474193213
139,53,-1.01753556972398,0.31066471791577,0.172180437430447,-1.77787149161451
140,53,0.156688092113726,0.162715506919025,1.5875001887282,0.479960943397522
141,53,-0.93591134235922,1.60524783922906,-0.912516419919639,0.307097789287878
142,53,0.618841297988154,1.33795229873375,-0.254335010561346,-0.0282626592246005
143,53,0.472291863017865,-0.461551315202251,1.7454027035438,-0.918389796597245
144,53,-0.111466700482572,-0.346988403585974,-1.23541252425691,0.592162635744194
145,53,0.484090238639205,0.381831447431808,0.535426105588273,0.638551536319537
146,53,0.293427307427242,1.13311549972843,-0.740324568488698,-0.642522152198074
147,53,0.249412004315883,0.404426742609622,-0.848316002690849,-0.0639284339443228
148,53,-0.834323222236371,2.17987889535776,-1.01816639227418,-1.04730353579778
149,53,0.96435480946083,-0.522748752741964,-0.138646416356547,-0.381871467103002
150,53,-1.23634430407677,2.27795835938096,-0.402010728653241,0.0888468033277608
151,53,0.717244214055485,-0.525538125729258,-0.331570808280885,0.0751910228668809
152,53,-0.601159055635762,1.6288383440254,-0.321930265409408,1.14624073271795
153,53,-0.761989641055542,0.231249042606245,0.34695285856332,-0.295720527595047
154,53,-0.606058935174199,-0.0654896261707612,0.386248809245329,0.76950633748896
155,53,-0.644460679505768,-0.222992708382362,0.33644563604497,-1.56484912199504
156,53,0.202591520765741,-0.35274920422714,1.43206021456383,-0.678924451892396
157,53,1.16651858572776,-0.60651014681926,-1.00984773654501,0.0705161150960978
158,53,-1.30970454448945,0.314163779766432,-0.478033590071638,-1.02188662884016
159,53,0.163209193056218,1.851707022676,-1.31832031283669,-0.535219997042733
160,53,-1.00821717557045,0.531900388997487,1.13825091743296,-0.222663240251912
161,53,0.399987700274553,0.105812416888881,-0.0904300810197823,-0.290631962199554
162,53,-0.648298677930065,0.315104481981003,1.51066180267781,0.0974976300811843
163,53,0.162134447746572,-1.93631096786705,-0.537475942229056,-1.08674757413961
164,53,-0.216966635538912,-1.50770256996962,0.725289784938595,0.744690643174176
165,53,-0.986660533120576,1.00362274277629,0.326053527919922,-1.08330906094322
166,53,-0.211344582478963,-0.193781066823293,2.115932878285,-0.723608740874919
167,53,-0.416248247006899,0.61872481577632,-0.592624555972509,0.160994122809371
168,53,0.553007272988296,-0.46866996402059,1.40907273095551,0.0535193344589457
169,53,-0.243862331954528,0.469346572712698,-0.372566201351503,-0.0409781439095604
170,53,-0.297285505233687,0.0981467556848009,0.816522314487192,-1.70646728894155
171,53,0.426450585722483,0.261988713143118,-0.798899549473629,0.758147776769378
172,53,-0.420500712847529,-0.779620314890868,0.122997598740517,1.53925166890911
173,53,0.918756668273842,-0.890552215663659,1.90331323164238,0.411323006761935
174,53,-0.226130450417527,0.710675133264298,0.238098815994366,0.264362685812254
175,53,0.0875751876123272,1.13936361998439,2.00220338322268,1.15046516945859
176,53,1.48191776535457,-0.0687600424623191,0.360338523662566,1.15799566578589
177,53,0.105549667436943,0.668561643611803,0.125783435306976,-0.635404863354433
178,53,0.0384204883329106,-1.879638684139,0.195775180509031,0.119456704916804
179,53,-0.446706429579467,0.814189580455996,0.66881111970924,-0.610846788908591
180,53,-0.407334232909415,0.736520585245586,-1.22065182525335,-0.130296068274794
181,53,-0.504117755597807,1.65497091570865,-1.36300819562911,0.352778146545283
182,53,-1.38269223925412,1.37663994850187,-1.91461371226223,-0.128388113413293
183,53,-1.90997090893153,-0.439387874875283,-0.73057091266594,1.49647890627253
184,53,-1.2016115192553,-0.922666646804964,0.967409163414393,0.563563288965046
185,53,-0.253547109999688,-0.392041052020771,2.15775809443593,0.0522195825278642
186,53,0.643469243702767,-0.55095979505429,0.416791168044534,-0.34684434719934
187,53,0.0486652721147309,-0.917783437760004,1.18799412065599,-0.168358910774737
188,53,0.671997472676822,0.925842354690766,-1.35428346032818,1.97837339690511
189,53,0.389222379548929,-0.572066896287347,-0.484787042897121,-0.166558858977215
190,53,1.38901335530187,-1.0456671973722,1.03837337639508,-0.210639950095923
191,53,-0.899770394477688,-0.186598101000457,0.317597158767596,0.0216149773222469
192,53,-1.14987627253209,1.17791515964877,-0.276472854539932,-0.710771033505776
193,53,1.46080077751399,0.0608996884110236,-2.49307094608881,0.32000241547221
194,53,-0.800985516608114,-0.6021623020333,-0.498098787923482,-0.33759848925171
195,53,-0.522887188316045,-0.603398939843327,-1.88330290165763,1.32814507735467
196,53,0.240584825012992,-0.166244041802643,1.3987259577998,-0.214423728022524
197,53,1.3085403780188,-0.54386031073861,-0.273264562472636,1.5781537572821
198,53,1.44044669210959,1.03417007465791,0.206299131313693,-0.43660762871753
199,53,-0.776698706187718,0.192112073297062,-2.1691018721721,1.12611349263298
200,53,-0.667186081098607,0.507402574831228,-1.40207553363234,0.375697936518087
201,53,0.462826387566878,1.14973061000396,-1.91335981560484,-0.590241586618892
202,53,0.646604924608085,-1.0676992193836,0.423606455368245,0.39575674171874
203,53,-0.0112303236947136,0.666710854005435,0.597443166963569,-1.31202744953959
204,53,-0.217628290114678,-0.628350829694185,-0.650303568214448,0.762215085939091
205,53,0.163758161621511,0.934267634866922,0.106674068157233,0.491816352993641
206,53,1.02104867564826,-0.635952226637222,-0.698982569401207,0.339269267964456
207,53,-1.15786150195958,0.877716984305113,0.906900255823207,0.595156397387095
208,53,0.626386679507349,0.492604143210365,-2.1842408325094,-0.458453731957825
209,53,0.607607404738161,-1.13571523287544,1.05007416571218,1.09578334088019
210,53,-0.225006937512597,-0.764974212137661,-0.402470154152614,0.156561306937658
211,53,0.849001384339932,-0.942308101114461,-0.194384981740664,0.871908711267756
212,53,-0.0827298679715223,-0.581203684166742,-0.758818975846682,0.573239746360333
213,53,0.34606522764552,-0.711981641319344,-0.179009984383327,-0.165615562285201
214,53,-0.165017031060909,0.108029452609542,-1.01965648041355,-0.830220738444229
215,53,0.120822317147509,-1.06462557167718,1.08192208566709,0.902368038336987
216,53,-0.458649789282785,-0.238500111953431,-0.565627857011975,0.488121195285373
217,53,1.24492749632334,-0.0950282617974454,0.0477956361484786,-0.542932473324956
218,53,-1.56858403493759,-1.1087926643935,0.325061414550091,-0.0865877819387019
219,53,-0.0111639375587737,-0.0130938815727019,0.0786491578379065,1.09753428463744
220,53,0.0198348674221172,-1.72572187606262,1.24684254352523,0.443844067695107
221,53,0.439973051618976,-0.528083472042247,0.409756942960622,-0.373490592324969
222,53,0.601734888035039,2.15487233466591,-0.0827904859041865,0.828088973589326
223,53,-1.31179012619772,0.520054196407341,0.571633780460489,0.770512047204461
224,53,-0.302618659335463,0.284064523015747,-1.90113365931006,1.84070743179471
225,53,-0.838242951598082,1.50279970229573,1.01173695402882,-0.00789149859116327
226,53,0.343027689062144,0.665902802387409,-0.832765705032514,0.542612677784359
227,53,1.07833400670711,1.55589467356699,0.822500776213944,-0.969675913047507
228,53,-1.41533555298902,0.827355090588831,1.72264371569976,-1.89269362459568
229,53,-0.671264049845183,0.380666702521793,0.966485972602203,0.673784167734762
230,53,0.620193227416504,-0.722101135988726,-0.634586353911053,-0.0441981551626111
231,53,-1.16569499038683,1.54480685429397,0.590975209435686,-0.371873269403186
232,53,-0.747861601664179,0.301306470825725,-0.950450339124298,-0.153508333441719
233,53,-0.446204855089968,-0.237654958527974,1.43725572046178,-0.109315847194524
234,53,-0.00671924407312978,0.529939248235105,-1.03749446484424,0.102847015768101
235,53,0.584977813256687,-0.9801137517879,0.505410370414824,0.731186548255564
236,53,-1.13104366950677,-0.195009641437842,0.167273344384356,0.751864037017516
237,53,-0.512516708724988,0.171596268850993,0.828108462646148,1.51007136448531
238,53,0.574322459071909,-1.3208499066283,0.624303326239132,-1.69311073879345
239,53,-2.15128193877056,-0.810165043155815,-0.274767126860563,-0.428144678135312
240,53,0.940151081878689,-1.51302239192652,-0.511657411352724,-0.675226008075219
241,53,0.866829862222971,-1.89519672896343,-0.0565327041124812,0.523906549727743
242,53,-0.232257743767126,2.56222947132508,-1.1828710012849,0.500859035013904
243,53,-1.81437218334327,0.81411161441221,-0.492210877800932,-1.62354549834333
244,53,-0.480656728921797,-0.895585566008386,0.554830822086462,0.569691254891915
245,53,-0.59617768075805,2.15593652211741,0.0739414483222715,0.0775951023143772
246,53,0.0763876218372132,-0.396390917424963,-1.35090074033098,-0.0250411335011186
247,53,0.219528180419311,1.03624681780006,-0.357030315140519,0.337301459058708
248,53,-0.633436014784838,-0.677737643552702,-0.718310825422975,-0.233961991061344
249,53,0.775606933355351,1.82481332619515,-0.953822667876807,-0.366327525399545
250,53,-1.69476659795085,0.201679156665028,1.35263846068664,1.1179181643792
251,53,-0.309416162095703,1.67865504480448,-0.719187938057409,0.252172368851886
252,53,-1.01129563975313,-0.275256833900566,-0.353641954825827,-0.483195679682342
253,53,0.347478201900281,1.48569950435784,0.480527236012464,-1.0475569408998
254,53,-0.421082938765224,0.812850780594474,0.729693690098697,0.073142094432135
255,53,-0.0575964344311015,1.89658432684509,1.95252579728258,-0.304975487279791
256,53,0.627774964130051,-0.781799357451903,0.478597000790815,-0.157712965283562
257,53,-0.454382903098754,0.834509496972282,0.851709015530966,0.444856285775252
258,53,-1.07714379432477,0.465822694024111,-0.0234810342102475,-0.0860899394148522
259,53,-1.28948329836298,1.31118829601857,-0.161233895240525,0.971515062370011
260,53,0.983470366328065,1.42783076535797,1.43308853028175,-0.0225178569809521
261,53,-0.602127863473973,0.177316490782267,-0.836571070065319,1.34716743219646
262,53,-0.0300372087056377,-0.214494909785095,-2.03621292738253,-1.54236098119159
263,53,-0.739334566090101,1.45638435036052,0.313708264440927,-0.0159091055604572
264,53,-0.10585909149719,0.0753139938842427,0.122156567992154,0.3752827206498
265,53,0.645929941005717,-0.405142395927315,-1.74090413818373,1.42968757951578
266,53,0.717820044555493,-0.579020266086419,0.306703807495089,-0.455844512286628
267,53,1.17068891737819,1.06520801350035,-1.02918843175943,-0.217732962125974
268,53,-0.288257214891089,-0.201060151990374,-2.42733294879731,2.54309253691874
269,53,-0.356736522608857,0.747604182608643,1.47136849692427,-0.33608760361135
270,53,-0.103828390372959,0.720484187558704,0.859705235016675,1.32469759864336
271,53,-1.20565539308591,0.124386751861864,-0.629203120460047,-1.00722504665689
272,53,-0.938537493299561,-1.05886832996841,2.84569147062203,0.0831748272708134
273,53,-1.19197272606662,2.23543918061954,-0.177658509152033,1.3485058145249
274,53,0.104780790966348,1.31718524206179,0.499956350934628,0.0096292457208807
275,53,-2.94889706146522,-0.0482020408261399,-0.883386781974691,0.641299253525033
276,53,-1.43944733061517,-0.872893570125324,0.804638338284727,-0.242815532252976
277,53,-0.17754266809027,-0.58550224449808,0.43448581553025,1.52113598736774
278,53,0.689848840612873,-0.486357745947251,-0.200440612226326,0.502172107179831
279,53,-0.5781920994896,-1.03744018812002,-0.324874888385033,0.817446133815752
280,53,0.397626353458333,-0.748863551948819,0.312304950888745,-0.0431031647083409
281,53,-1.03756997355352,0.498984815960545,-1.45660772095558,0.724356311269279
282,53,-2.03430974593137,0.681545694319711,1.2254391672205,-0.0128072277785415
283,53,0.602264878582421,-0.53517818844955,1.18375847234069,0.909384179829397
284,53,0.532696406020462,0.402770963824416,0.66091482172501,-1.51810332665027
285,53,0.199209264070949,0.726666835447068,-0.846193945871835,1.14050349673033
286,53,-0.437453293679566,1.30497041068003,-0.0161649765485024,0.923430460187522
287,53,0.0129149752026545,-0.259972229972374,-1.43574979230138,2.01558070959254
288,53,-0.657074436091142,-0.29841452744724,-0.727629190916778,-1.24774213366538
289,53,-0.436569775803037,0.657093748117737,-1.15298770836834,-0.45215549259246
290,53,1.07280350644184,0.235437691486527,-0.208884334711024,0.712789331844158
291,53,0.360050500469183,-1.38228275495023,1.72670962233905,0.429599275925848
292,53,0.924030111130035,0.893134742096562,0.872880223351326,-0.392037229645098
293,53,-0.997163141473838,-1.33596306478153,-0.199657815796769,1.28609848192112
294,53,0.280158434547227,0.875975188041156,-1.09839480469412,-0.940950504475661
295,53,-1.65542292281477,-1.56832696702053,0.753312406827518,0.463334772646901
296,53,0.225177731554926,-0.85786999393228,1.30035832904832,1.18989878742397
297,53,-0.0912631621990172,-0.849619053871717,1.62160648568979,0.222505565808035
298,53,-0.670515886874767,1.13026733933246,-1.30844597123652,0.675838253496881
299,53,1.14330620337467,-1.7844465526363,0.63010512671362,-0.23417154098387
300,53,0.167739457694898,-0.514835499637539,-0.222758733005599,0.627943299525536
301,53,0.965894735206502,-0.316802267284005,-0.301157937483603,-1.29112315031296
302,53,-1.3559550894653,-0.161566275302098,0.513983673003353,0.190471784028636
303,53,2.23896601412727,0.64500794897229,-0.0349739633429845,0.230709611782692
304,53,-0.0998888223675472,3.20553517013039,0.644136970757363,1.85772831753417
305,53,-1.34652906832575,-2.40988934743884,-0.153318804730005,1.06721268658481
306,53,-1.17475981507703,-0.00724162194515356,-0.689990235476576,-1.25840029158948
307,53,-0.860393669572943,1.01659452180017,0.57687875835378,-0.795168988055649
308,53,0.631658691205221,-1.24913485031766,1.66936457404781,0.605781232168843
309,53,-0.0149278103587945,0.740255222352168,-0.418411759127981,-1.32220290047897
310,53,-2.38879080104244,0.418974207927732,0.250798189426259,-0.400036044363526
311,53,0.899140684984417,-0.419798899557794,0.892698647837806,1.98065527821979
312,53,1.1297886218336,0.886957441482039,-1.14747915915425,0.431110572937
313,53,-2.58861124679199,-0.227666666617622,0.78938796748576,-0.620032575541421
314,53,0.392204947656584,0.347856898990755,0.644562905883148,-0.645653573959917
315,53,-1.03508669952797,-1.20073259595847,-0.51184179637643,0.00228671221786187
316,53,-0.314323690269528,0.0884087393185016,-0.38372088177573,1.2626419407356
317,53,0.220811461066504,-0.397629555778284,-0.7567742115694,0.956087815551915
318,53,-0.0618141612064783,2.58042823102357,-0.127461862015794,0.0271360876758332
319,53,0.0843381295192154,1.06332107180248,-0.581756365993587,-1.11128183226124
320,53,0.203695616364065,0.0805437452258761,-1.15862469647157,-1.0516085616586
321,53,1.09339774529975,-0.506841655887019,-1.46796614490914,1.29410441061769
322,53,0.722952283580954,-0.400509572981013,0.116843342419899,-0.368898243059362
323,53,-1.02630101061037,0.351096005799221,0.305816353268663,-1.45754064879685
324,53,-0.448907515212398,1.52650878644208,-0.349309331120233,-0.624336026438111
325,53,0.718005097657665,-1.91583003874074,1.19959913031613,2.00389888826503
326,53,-0.396224183841701,-0.373442554031205,0.513043352286798,1.28186922711061
327,53,-1.45724949005652,-1.23341386431949,0.551278340806617,0.598148521842019
328,53,-1.07931418251907,0.021260770307524,-0.141030626397764,-0.476051094959921
329,53,0.563111758640727,0.447096986922103,-0.0743378349885355,-0.0641815778546274
330,53,-0.20329290608719,0.0676798319796556,0.3547115751241,0.148015257624067
331,53,0.519849429752736,0.0129966081164257,-2.30895970868804,-1.78793607395368
332,53,-0.705844364512383,0.335388598212151,-0.749692416685004,-0.525918142791149
333,53,-1.58189510367086,-2.85925542673856,-0.300435315526612,0.432507982207934
334,53,-0.0167580532465175,-0.966043762722131,0.252980354312061,0.362721285090506
335,53,0.716437921635875,-0.394503384716013,-0.267185820033421,-0.8249406554964
336,53,2.73860365110725,-0.49992032142022,0.645022038756118,0.186817313962807
337,53,0.0345937716082653,0.68619013298239,-0.0625105668621893,-1.51306586429694
338,53,-0.520645608675442,-0.807346435976416,-0.873847902647203,0.116638853354059
339,53,0.182015516725378,1.09405094934515,-0.0300134111856391,1.2148930666831
340,53,0.704060988905009,1.20262251474502,1.5497383253741,0.340581820230329
341,53,0.799006217621116,0.158047035707212,-0.367159780565183,0.0969302852950979
342,53,-0.396931921359737,0.899430775477328,0.391508181755,-0.667338043843978
343,53,-0.0315557921986493,-0.0956249960191612,-0.790611088593619,-0.932934694139812
344,53,1.79471441016043,-1.01062196096026,0.398379911797924,-0.840041052077804
345,53,0.620078754715351,0.365998830206489,-1.15971897955249,-1.48427744560578
346,53,0.470159459792725,1.00866253656015,-0.859043814073281,-0.281820201676849
347,53,-0.611682973817016,-1.05899806137474,0.762014014109749,-1.04453713302394
348,53,-0.186728078949539,-0.142373344110438,-0.920845714534429,-1.29685790315536
349,53,0.00364181824207217,1.41115048089161,-0.962972960955624,-1.26757188761344
350,53,-0.322131614095883,1.09667761338868,-0.910359470513612,-0.707431699897451
351,53,-1.5951495226036,-0.720476003668667,-0.373288002898851,0.931520523405056
352,53,-0.682964833441319,1.00458061478304,0.433134386638471,-0.438681364853781
353,53,2.17068109588031,-0.182623463058191,1.3946348239667,0.337867059811883
354,53,1.4783925851704,0.221346281668687,0.701815456674015,0.802657023765643
355,53,1.02742458380996,-0.0677406294124618,0.464055304553706,0.632100395689608
356,53,0.694155412098165,0.623699450746849,0.0288346248818486,0.953261297747383
357,53,-1.18382619687366,0.494195589715466,-0.0657753399776777,0.0819108007122837
358,53,0.867127241916073,-1.19069971274334,-0.969023673954598,-0.0572960984082889
359,53,-0.20608462436673,1.28328095123665,-1.55901367631882,1.34498222284122
360,53,-0.216160735224609,0.696745395222274,0.120699723583083,-0.032955793797693
361,53,-0.660020980410374,-0.0841282562475506,2.68477557074549,-0.595396394450611
362,53,-0.459416610901653,0.898309728531393,-0.900569641226755,1.5153103441138
363,53,0.353051772705886,-0.170229422782662,2.13708952177619,0.342508357466043
364,53,0.0524324758115035,-0.641941278856164,2.34211496871177,-0.0874510241778605
365,53,0.260997255470062,1.48428862790784,-1.84479788019183,-0.0307966487812049
366,53,-0.439337770007412,0.196442550678674,-0.951281292840994,0.861366770720946
367,53,-0.991743662186475,-0.233798540733547,0.874767536704401,-1.08095531228387
368,53,1.94613792686335,-0.96216341837946,0.527375416275632,1.41847720497646
369,53,0.313620290176266,-0.529768042083478,-0.259085187684501,0.452269897601009
370,53,2.0108030742091,-0.0461986064543571,-0.101570268468796,-0.639597521929009
371,53,0.998945197739636,0.548284676797683,-0.105787515009598,0.743446258865633
372,53,-1.19471722478184,-0.518383973606101,-0.311146741754103,0.161322542919968
373,53,-0.917509152841581,-0.531715273175493,1.29659056523424,-0.892308643498174
374,53,-1.29376276010655,0.0413213291447644,2.08705490894848,-0.424210872346713
375,53,0.141813862617117,1.84496281785507,-0.949102831432446,0.217679046747391
376,53,0.278610208021052,1.12159281813834,0.607689548724459,0.764409786156994
377,53,-1.35365906982421,-1.30732120162438,0.399738879251825,0.342314530043466
378,53,0.0882020157904434,-1.73257475350103,-0.52123552852395,-0.468004193074356
379,53,1.47298778491712,-1.12115614118091,-0.878905311138769,-1.4208301403117
380,53,-0.166884302055757,-0.23521027229056,-2.48559866896139,-1.28087634192881
381,53,0.355306472440033,-1.72297564805406,0.232795547335308,-0.562959202798458
382,53,1.22966928384411,-0.246971794305334,2.17644328925292,1.04214252363449
383,53,1.42672273470455,-1.21323637202458,0.612765548342435,-1.06515803762721
384,53,-0.752353332990778,-0.0939247539885329,1.26539831262153,-0.802805253069232
385,53,1.99094235241956,-1.99941605242347,-0.626208244441688,-1.3485548334146
386,53,0.501682993114162,0.617129564171462,0.206898554849664,-0.760248132124783
387,53,-1.23846406442633,-0.522324654208852,-0.422855998239797,0.633049296113815
388,53,-0.606495591331957,-0.624447533924984,0.181041501252838,-0.335236213867361
389,53,-0.237653470757142,-1.02461775411921,-0.598682858853261,0.358234962542444
390,53,0.0924369127819448,-2.49286287668321,0.641019866842422,0.322735603470425
391,53,-0.732359970221452,0.865847223000512,0.817778495286801,-0.554353602908831
392,53,-1.27385283604212,-0.20871547209874,0.769124345727474,-0.581544857501472
393,53,0.516203493893252,-0.431479192457031,-0.0158153140749562,1.42420159119239
394,53,0.941470694109189,0.099660087213,1.2340376528274,-0.487948367851939
395,53,0.225892220073994,2.50373997871951,-1.17838999559355,1.03833757536253
396,53,1.24570536510644,0.448918691739186,-0.629501240761404,1.90781176138164
397,53,-0.873476148461334,-0.363204039369696,-0.126125994293186,-0.351982206163513
398,53,-1.73908094395154,0.446467849503046,0.118334963159021,-0.807604795336532
399,53,-1.31796688341015,-1.21368960077349,-1.90004254002833,0.11024790339448
400,53,-0.240341982796472,0.866860187514642,0.401996284591438,-0.639607507890529
401,53,-0.325769230345836,0.00768012420142269,0.51588660345024,0.801597060678429
402,53,0.467333695257967,0.680598887441586,1.45621769752384,1.43956527230334
403,53,-0.106586082245579,0.420911465480378,2.11225908475783,-0.730455721698019
404,53,1.80642420607141,1.10080770468402,-0.657938863664984,-0.68332224030135
405,53,-0.330305315733683,-0.0782284269524796,-0.881555989250667,-0.767803717485821
406,53,1.1381301256337,-0.29903666552957,0.458144127214629,0.570192046132703
407,53,0.333197447954469,0.121708377563571,0.241439676927549,-0.960555011731595
408,53,-0.15428022387201,-1.46751265513567,1.63653402977896,0.531920393590704
409,53,-1.13751978560179,-0.957163686869626,1.83454084609052,-0.352778991563956
410,53,-0.435875885964809,-1.1285265158856,1.47059134918657,0.321373809364741
411,53,-0.507973509569725,0.323557299320167,0.771150064291907,0.74657518273001
412,53,-1.3938611411817,-0.398938707106631,-0.368618804050969,0.242670214064403
413,53,-1.23801848019245,2.81863459891749,-1.19226018943028,1.44319862650894
414,53,-0.158213188559397,-0.974339126418995,0.899234627557215,-1.17102333352278
415,53,-0.896860678854933,2.30847143008247,0.1965104640255,-0.00752082708743266
416,53,-0.588954217527179,-1.5337487701287,1.46466121254534,-1.06906406485699
417,53,-0.232082680906839,-1.03290620875979,0.148049709411791,0.660821152873958
418,53,1.06634126493198,-0.189733708348029,0.0489382787386765,0.702587409464378
419,53,-0.0290271272492188,0.34984696136419,1.59539325089615,-0.957850393601415
420,53,1.24501359143792,0.656521846785265,-0.524814672213067,-0.292132485347036
421,53,1.02351124354913,-0.100787456556214,0.44658163405204,-0.179831630778985
422,53,0.0569647088591062,1.48898422122784,0.148296253510209,0.0409206693195747
423,53,0.743792238106235,-0.394355919589828,-0.0507397675596937,-1.79474015791766
424,53,-0.0524187828177251,-0.0725135608721539,-0.537489801275043,1.54915687872281
425,53,1.69172107524056,-0.494653298690724,-0.720647232851674,-0.289206645108872
426,53,0.124185423132873,-1.88392045675319,-1.13685391689728,1.38197391360022
427,53,0.351387098803264,0.533286214742667,-1.38938928604348,2.65624347923681
428,53,0.810732149203839,0.300111804320036,-0.0303651921327334,-2.21029086489243
429,53,1.59302811529829,1.8284450534291,-0.740236335883504,0.892887147039482
430,53,-1.11272901015884,0.00302810146832635,-0.245423373142661,-0.909789499935135
431,53,0.146164708411536,-0.236208340514521,-1.29336568749472,0.679457211803269
432,53,-1.73225026269514,-0.218710780835882,2.20996513106479,1.88438170843501
433,53,-0.132629363985219,-0.319816658810484,0.430305956104171,-0.0394152678012053
434,53,0.799050316214137,0.301461411181706,-0.140355203492571,-1.13982788084062
435,53,-1.49968359513422,0.646851993593931,0.84196931190603,-0.289106126244881
436,53,-0.505505788013979,-0.122436294370383,0.339938262341083,3.03840558149359
437,53,-1.53972866120915,-0.112093289848284,0.0387592001336443,2.03313713618033
438,53,0.943841050923846,-1.63977706096074,-0.719553347228204,-1.25703520685848
439,53,-0.271134517564172,0.586774716864854,0.953962193235839,-1.29466526514609
440,53,0.590686863023866,1.27232380240858,-0.491181456336716,1.34763310675114
441,53,0.791280572788682,0.105498853586727,0.0471749545497119,0.411998710692651
442,53,0.709177914230518,-1.49468905164133,-0.434391939619215,-0.534029834140297
443,53,0.56946689273709,-1.99961148752887,0.360309713980178,-0.459147228189593
444,53,0.920815655112956,0.150044079155767,-1.13259263039447,2.51096837665577
445,53,-0.730218054707358,1.06305763059495,1.44547400773227,0.578555252473525
446,53,-0.488315963130018,0.280239328646467,0.836257487324555,1.51485038060494
447,53,0.118437292082172,-1.46531053746956,1.60947463983313,0.527748629095404
448,53,-0.363318479203263,-0.171315064109388,0.608085793572057,0.541037486229839
449,53,-1.35646696283935,0.680351918138145,-0.0378595749270588,-1.11114521083647
450,53,-0.167406499139958,0.0776623439800252,-1.40146748006289,0.224255540219652
451,53,-2.82092376983524,0.269656218517706,-0.781123998184287,-0.558289477169942
452,53,-0.994170689409234,0.837605325858208,-0.361020313508129,1.25573664115846
453,53,-1.4603261191674,0.54019022156374,3.18867217327791,-0.0827784613218738
454,53,0.140608937398907,0.448480887503902,0.620429473524196,-0.949297145469116
455,53,-0.581511964033226,0.48648577655092,-0.55168206138867,0.235776037071515
456,53,-0.471441223882715,0.101329293957201,0.509603428000673,-0.53967569027165
457,53,0.305232246000114,-0.717546339103757,-1.16931874010422,-2.01573641929635
458,53,1.47477178130863,0.0488973681491482,0.760762388577892,-0.965439338645194
459,53,0.825719515378764,-1.18497010078882,-0.647445807825035,0.511848706879507
460,53,0.928212136773701,-0.0707098625837782,0.545372620111813,0.0924260576413532
461,53,-0.152578790912207,0.820516307565816,0.921677619203789,-0.186891770492774
462,53,0.24719323710536,-0.582169461006022,1.02020484612531,-0.104024817228257
463,53,-0.316218886189512,1.44114753111371,0.451837535389596,1.17371442119427
464,53,1.90570787610236,0.27651675017006,-0.775459221796248,0.0813127036253541
465,53,0.831757175266186,-2.25580054198795,-0.747595400912595,0.0249556140190105
466,53,0.928541494961025,1.21748422734703,-0.78863475980214,-1.09952090667241
467,53,-2.56019991171479,0.843616700956628,0.564408858713626,0.886252320504641
468,53,1.09729228561855,1.49162732283517,0.977610201598737,0.824654839367993
469,53,-1.58886674786406,0.124386672681679,-1.11811207802077,2.71974924179554
470,53,0.434315313544925,0.739352500686984,0.642289643967225,0.719331177879359
471,53,-0.858118567582675,0.873155043628114,-1.16774970848516,-0.482795748804716
472,53,0.0699348136417184,-1.98857113938199,1.16524241871988,0.654781197679146
473,53,-1.31445528087953,-0.591501239610607,1.12273354072715,-0.416675227151769
474,53,-1.50872062073314,1.08957236011129,-0.708793539191334,-0.745860410084008
475,53,-1.55790477102372,-0.524934386612148,0.180971741957689,-1.01064606877938
476,53,0.0250899758187545,0.25577073487354,-0.179840720442829,-0.300628531950639
477,53,0.00257278114906389,1.15060244755773,3.47677343723987,1.34769306996528
478,53,0.723762772470057,-1.51665580745093,0.89726610931252,-1.69801513537542
479,53,-0.0671258731669589,0.527930658774761,1.59616058673816,-0.227248686149905
480,53,-0.368752509285738,1.69888069671638,0.140768105797343,-0.899103326540229
481,53,0.0970230927271858,0.447004122875652,1.75819426371793,-0.325864503131982
482,53,-0.349384076061806,-0.741594249854318,-2.45715875823624,-0.838404633310354
483,53,-0.698750176382841,2.18963515069199,1.67836632624446,0.0892817967553859
484,53,0.365636121901508,-0.49844416466656,0.244578366078844,0.502470954256257
485,53,-1.48929654320031,-0.218408042454136,-0.918472726549826,0.385329260668191
486,53,-1.07507953532667,1.01469339703659,0.0926032978045469,-1.38822683112812
487,53,0.39017731817437,-0.0659504307837112,1.70241506679087,0.155299596455676
488,53,-0.288882395690915,-1.68927272072877,1.44128680251245,0.890293895090566
489,53,-1.82377161435027,-0.221670867672235,-0.191003943803072,-0.673227853706928
490,53,-0.449784544760836,0.934946744078243,-0.124503715854229,-0.272200786789787
491,53,1.38447931667743,-0.487830367889782,-0.242305095906679,0.511132577393382
492,53,-2.12049654120443,-0.705843050587476,-0.036613458133021,-0.384868126831546
493,53,0.541913319943215,-0.326041568678454,0.266267688457115,0.336328789120716
494,53,0.627041215760718,1.5557962171071,0.227750966952958,1.20582352009368
495,53,-0.448017510344669,-1.27885392868804,-0.710687805356122,0.21305328826044
496,53,0.467927194586611,-1.07907768021778,1.21738816558474,1.11534923422877
497,53,0.818170367470479,-0.891348775051613,-0.639244780991496,-0.573813847324133
498,53,0.193607584174225,-0.611129638153597,0.632748532193366,0.753558655556878
499,53,-0.917036114947759,1.71649437556141,-0.506672545763054,0.802807149190461
500,53,1.1598405950275,-0.46271469396276,1.62160688641711,0.0211119628646057
1,54,-1.01020602308523,1.20409693282867,-1.49701017945442,0.0314066682486745
2,54,0.969109527125921,0.515453863035077,-0.494338208993226,-0.295502068080543
3,54,0.410877506970773,0.433388998069059,-0.621004764203817,0.367297084606055
4,54,0.296694989765825,-0.0619182036656599,-0.348340999746356,-0.350109824294526
5,54,-1.31286012092033,1.29923812426037,-0.828188841656562,0.429322495875704
6,54,0.910738139147085,1.4487571459147,-0.0371971839985035,-0.481909473466353
7,54,0.861644641885011,0.271788277831327,-1.06625432619514,0.0119358870032284
8,54,0.239147852435261,-0.87310904902117,0.761928544096135,1.14130671871854
9,54,-0.222298935689874,0.942805462852316,0.430355369861218,-1.22106881627381
10,54,-0.0171583311770586,-0.497062472377683,0.38403885918621,1.15520842158349
11,54,1.34430026962583,-1.62026666550768,-0.749878356780014,1.18272663371638
12,54,-0.164383114649554,-0.0014000366781173,0.450976109795783,0.572916572250943
13,54,-0.634096922778407,-0.981410310906332,-1.05901428564702,1.23443345024212
14,54,0.179799612100159,0.645343164919057,0.12232027527229,-1.46073935839263
15,54,0.00584041459384271,0.768967674069883,1.11553207479627,1.40092109114511
16,54,-0.571467742318266,0.497245848043892,1.35405757128875,0.861972511545342
17,54,-0.828321824054905,-0.950153856817951,0.0885688319090878,0.364700573449704
18,54,-0.188170122642623,0.455215988036775,-1.2235849280103,0.32764237541069
19,54,-0.0761913744607464,0.0647421356568779,1.22475878495699,-0.26957818798289
20,54,0.487686228116735,-0.346653618102617,-0.299650945667521,-0.607483044526231
21,54,0.317811970512088,-0.719442124731477,0.390440330154611,1.34235090467649
22,54,1.11592251672405,-0.928645897403539,0.800406524990517,0.0660853897456152
23,54,0.0954544124931645,-0.749238997531479,-1.05258796970247,2.48367776834082
24,54,0.0830723765629856,-0.230676874449167,0.291907504640452,0.179047174801721
25,54,-1.1375030866196,-1.10302258535822,-0.175562615573143,-0.311579515419872
26,54,1.08604108509046,-1.2647035660779,-0.188708587099621,-0.932626380490406
27,54,-1.09342940134455,-1.27771389973347,1.53325104574511,0.728512690989913
28,54,0.494576735535521,0.826579629511313,-0.159306606144622,0.392538647091167
29,54,0.809017296905449,0.777784277591359,0.492092641280917,-1.86124183272722
30,54,-2.60926433969811,-0.00797485686582777,1.38524519919889,1.45503408744833
31,54,-0.579285771752901,0.757505027971567,1.56205668614094,-0.0417302664515348
32,54,0.0927642926597343,-0.507815536009736,0.241431946091435,-0.7094180276855
33,54,0.736304710254898,0.98066180316541,0.344651287913977,-0.0875024260046877
34,54,-0.180433066791471,-0.0440613145423725,1.33648158579689,0.902718491846829
35,54,-1.77360655129009,1.85612896024207,-0.918718916397673,-0.488223511766869
36,54,0.63414404156057,1.73497289726775,-1.16019791099761,-0.353826627382652
37,54,1.01837463423267,-1.76852126269297,1.32326359012421,-1.097354592313
38,54,-0.704214916297704,-0.68345351389298,-1.77762335824364,1.08514125764026
39,54,-0.361814766166717,2.42912449657113,0.589820750268913,0.616742324878719
40,54,-1.81186814745543,0.0213083255602773,0.549677063032019,0.652662255758211
41,54,-0.782398123004698,0.485509509261646,0.316388327280726,0.18935260332238
42,54,0.0993164615927129,-0.748783232152758,2.70907556657947,-0.28386798541211
43,54,1.16658892343901,-0.342219239759863,-0.39075159179422,0.154800111776232
44,54,-0.26666445248257,-1.00675979408701,0.416615108198921,-0.188285728697118
45,54,-0.355358981968604,1.84296537024163,-0.870687099826444,-0.361616040163177
46,54,-0.654647816955168,-0.4641900144899,0.628789686362494,1.50445508846095
47,54,-0.183510674874371,0.86192755710846,0.931186205247713,1.29113578313908
48,54,1.2323131254601,-0.367256663275342,0.331215396508583,1.21556456396201
49,54,-0.071815479149841,-1.00721835175193,0.0983124057184451,-1.86450958440393
50,54,-0.176520405727349,-0.300800427620388,-1.81193195093691,2.06855552296777
51,54,-0.399369106406239,-0.052771954831025,0.444671719411804,0.540329290741501
52,54,0.152008415190479,0.0252904097170442,0.228192414068564,0.760777819745494
53,54,-0.203810648077896,-1.19971560808718,0.139395997773833,-1.04502196179473
54,54,1.09276925618269,0.266581244824654,0.36722012132871,-0.25504404701097
55,54,0.289598922529237,-1.04057537796772,-1.6577655987733,1.63593772695935
56,54,-0.433228224008004,-1.32757355348839,0.452781835330375,-0.212843682520583
57,54,-0.38863129895776,-0.157669317886289,0.715082231162475,-0.174431688754321
58,54,-0.0106884898228599,1.9260744866126,-1.97127818788682,-1.8516067090039
59,54,0.0194904176177255,-0.418458273499734,0.790870614778257,-0.523962190606354
60,54,1.51242401014008,2.79046607956829,1.11166368758815,-0.0726167233010908
61,54,-0.503355468373936,-0.14360900333964,-0.347045318479511,0.277206475998252
62,54,0.101927447468876,1.6827489546862,0.937936363931402,0.427285518913343
63,54,0.642386893192277,1.14932862936117,0.796547879367823,1.15198671758155
64,54,0.367696835258397,-0.721096641445304,-0.437843451466048,-0.611448757451233
65,54,-0.755180284681858,0.58090565164353,0.876443863250837,0.0930050952739385
66,54,-0.769573045495499,-1.34411648308688,-1.5359781018326,-0.0953797477424232
67,54,0.400519646221283,-0.178616837934552,-0.804255385547903,-0.177477099937651
68,54,-0.155934872340803,-0.796272067341959,-0.401632813336597,-1.62890457252913
69,54,-0.0876599304663816,0.559948527884171,0.185283433321321,1.76483242962944
70,54,-1.10618996029572,3.37087786349813,0.439773093032539,-0.725856473054121
71,54,-2.0346239336301,0.680639276664826,-0.119738685955233,-1.16307915730026
72,54,0.579037758422978,0.714534350358715,1.79455385075992,1.37349716834097
73,54,0.293980400235295,-0.0886529035566423,0.950765106579255,0.630271026036794
74,54,0.879045313024633,-0.0701271506158559,1.14428942570027,1.29743524625057
75,54,1.35304857424851,-1.08740796817653,0.0113449040076755,-0.359960694655406
76,54,0.0415581358546268,0.351339869280948,1.08540963914104,-0.434996997406675
77,54,0.184450950035931,1.25344101917081,-0.600673831732029,0.93266861621734
78,54,0.761463713978451,-1.32121330357174,-0.0883703787186884,0.0612374648355669
79,54,-0.619060322368768,0.0986059581752402,-0.915194537607867,2.08281893273144
80,54,0.172009347242887,-0.843969221853455,1.18208795877911,0.00709311560935547
81,54,0.0213888638386299,-1.1699819601938,1.29927848953151,0.240126544923943
82,54,-0.321776886342433,-0.0252925453570071,-0.444713439573699,0.649810854020383
83,54,0.00969982049311638,-0.384121350850411,-0.687283409990513,-1.2821637733863
84,54,1.09636658729664,0.641511440901298,-1.01186272418766,-0.559069839757451
85,54,0.903716228835718,-0.716557430911269,-0.262452812288503,0.880768248966505
86,54,-0.619170256465358,-1.69335617110673,-0.963673149646623,-0.149349126605226
87,54,-0.634224706969533,-0.977698913963907,-0.515585995041417,0.132768441013993
88,54,-1.52641109833201,-0.313306530045489,-0.861096374864003,-1.84358264608751
89,54,0.476115989370687,0.389284622705264,1.05874660205985,0.829058112748715
90,54,0.441903735798048,0.514082615569223,1.1857137063932,-0.863553442351956
91,54,0.144734525043255,0.708360344936933,-0.653488879213098,0.500735812163206
92,54,1.91919051714871,1.1562866460497,1.20554381894909,-0.0340278481084919
93,54,-0.32704141463013,0.278324471970013,-2.88181828024336,-1.88564366466882
94,54,0.415054037373538,-1.20099864551897,0.600768784618663,0.20527186153363
95,54,-0.25104460056082,1.03155330591313,-0.89866640626396,0.220840453815419
96,54,-0.282102215994501,1.06725571479767,1.01041255742031,-0.0787989342573942
97,54,-0.898793066523438,-0.381637433149731,-0.0999068532866412,0.678940394737302
98,54,0.713690875129164,0.917519351028477,0.577747871647604,-0.48772753790531
99,54,0.597538569948737,0.563370971626978,-0.974043735785215,0.420208208165452
100,54,1.4893136502951,-0.850628145129834,0.973054025810759,1.05668471964553
101,54,0.301954915569722,-0.38789306454226,-0.327525936359602,-1.41978985573061
102,54,1.9198124845408,1.74960488734803,0.0644947602427098,-2.74681365059276
103,54,0.40403887416506,1.29197173054481,-0.00187292996624351,-1.15045686581405
104,54,-0.681236076727858,0.469805116199843,-0.0883793642904237,-0.809658020943242
105,54,-1.81308121145774,0.107058337803597,1.56207711878044,-2.36243865873668
106,54,-0.157941287200574,-1.6124198990081,-0.478673131295557,-1.89069823237653
107,54,0.198330046981,0.945234019089156,-0.168758966473984,0.233666377213755
108,54,0.992673002442539,-0.314849575349364,-0.220752403263082,-1.89156590134647
109,54,-0.300356725811884,-0.105743232535353,0.640286459437399,1.14163054029282
110,54,0.201756042162981,1.11052773455374,-1.50888486168598,1.71136013992316
111,54,0.70473911175459,-0.494654401909989,0.995757864246613,0.636450114486849
112,54,-0.88960428456664,0.549366299957141,-0.654508269710098,0.974671933394516
113,54,-0.568503594573491,1.58607514175259,-0.255048031847602,1.22936742946328
114,54,-0.985590873052457,-0.0301463087888915,0.703507983250358,0.0313578006157221
115,54,-1.17612684412966,0.954484862782128,2.01099445272806,-0.791164920573714
116,54,-0.316516704127107,-0.693245603124726,-1.05243127888293,-0.954227133767974
117,54,-0.481015290027508,-0.938416932581987,-0.670137790701426,0.724206037563931
118,54,-0.990584069436018,1.783544721384,-0.587166008224016,0.787642737411017
119,54,-1.08777926403317,1.75100652977852,0.588828583758035,-0.393344552796648
120,54,0.809240129965017,1.505599179171,-1.06303160255804,0.134754238918696
121,54,0.89241537890206,-0.579995611083634,0.808559426693969,1.25880773239683
122,54,-0.853108749245859,-1.79288543914684,1.49282834221521,0.4948578576112
123,54,-0.937415685387382,-0.366149205209193,-0.354299192449083,-0.507019523443479
124,54,-1.41168506322085,0.430520858313009,-1.283510185894,0.916426905161635
125,54,2.40289899020559,-1.83322803610372,0.357092292344172,0.609787836670271
126,54,1.23507091733701,1.54014352687181,0.220300846233611,1.28217499371297
127,54,-0.373081416081476,0.816744217676876,0.488565557781856,0.0716632709620308
128,54,-0.25507608280656,0.615513617853292,1.24787849390601,0.161519437998326
129,54,0.258170389082552,0.45696070903458,2.34128519740698,-1.56619778203032
130,54,0.725586981330654,0.935435047131138,-0.540498782746013,-0.256205629381915
131,54,0.375826212988026,1.05247518355259,0.162525117571465,1.19046114777849
132,54,-0.504865032109317,0.446883470815495,-0.0506768327606529,0.154111254473406
133,54,0.642196826783109,1.36289923708435,-0.592576391159966,-0.262929972682735
134,54,0.569962602169143,-1.14451256055928,-0.361107636923412,0.941776853884926
135,54,-0.660933317670832,-0.188508124397643,0.43089896596423,0.612415303073846
136,54,1.59452000507493,0.337276020298905,-0.249723347731264,0.428902875414561
137,54,1.18501599583515,0.544461257436632,-0.158398959278954,-0.187470725185403
138,54,-0.745912403655228,0.725534386290832,-0.1394190909757,1.03885608453106
139,54,0.329608530572601,1.79272525237502,0.907247700070873,0.386863979630693
140,54,0.189813750766348,-0.318548812326987,-0.394877799541329,-1.17211567116936
141,54,-1.31537456320846,-0.602559660193096,1.97167754491343,0.918288254598127
142,54,-1.30182201939097,-1.00549544058149,0.0688545977267153,-0.932759456330195
143,54,0.0187579184705186,-0.157428055318661,1.39051955013007,0.594108345102471
144,54,-2.19087300256554,-1.21465806018247,1.37081267984222,-0.431622637434219
145,54,-0.371172881574123,1.75657377129321,1.56978075332775,-0.094465985889663
146,54,-0.489160076588128,-0.745443038728306,-1.78080130579519,-0.858957470158206
147,54,-0.738032547302115,0.443713598256491,-0.41214327482505,-0.149673331274512
148,54,1.61300044457763,-0.182187477555539,0.215688503129831,-1.322263127742
149,54,0.246748134985279,0.41935686634573,0.941965423065488,-0.753962700862886
150,54,0.452653759343446,-0.838122516664085,0.928656848052592,0.299425507249265
151,54,-0.707594913911964,0.227647391576549,-0.303454075807241,-0.743065312434139
152,54,-1.76934443681595,0.231372475664128,0.187068729065661,-0.280457648033693
153,54,-0.383186255738731,-1.0698961898915,0.16955421119591,1.87024854157112
154,54,0.302771493636356,0.71352735864634,2.92049268142598,0.514684593024722
155,54,1.01964603295455,-0.990254352184468,-1.23332639948878,0.327545124699907
156,54,0.490540630141665,1.43451484357996,0.500725409340246,-0.18160791194946
157,54,0.281885377249929,-2.27381236824045,-0.121127748491949,-0.442027373094343
158,54,0.56444673194191,1.06992745975738,0.441712879443655,-0.658584350019867
159,54,0.626527468486439,-0.319422564001526,0.465388735313318,-1.12409538396003
160,54,0.60523667285022,-0.860525783013921,0.248328154620257,0.449150554043975
161,54,0.396225376520612,0.093961123501099,-1.32195510137622,0.0133469529095041
162,54,-0.053887037261327,1.64941824503737,-1.93717711170322,0.933223827981571
163,54,-0.0578291139954469,1.67349813501892,-1.46060113485658,-0.535470602251542
164,54,0.27475730903175,0.431822024188047,-1.45550508870511,-0.817515615544563
165,54,-1.44311734254119,-1.11322403603947,1.05229277938159,-1.41699031582777
166,54,0.259599120397754,-0.779522680836292,-1.55351578594923,0.346271235243544
167,54,-0.00568078083047241,-1.42023547770978,0.0894358063126421,1.04313501115391
168,54,-1.28081472544828,-0.693356351230832,0.0485069603678708,-0.926321323753715
169,54,-0.653724597893691,-0.955395406580335,0.753122208859638,-1.87492747974652
170,54,0.442003946227632,-0.0749496898536863,0.156280013632451,0.380026054046342
171,54,0.371641242257808,-0.242187087219239,0.154970583339057,-0.979775414963205
172,54,0.282059674633499,-0.0683492010391384,0.861242970718723,0.0462653709940203
173,54,1.22257484380644,-0.688878118986399,-0.387408367431189,-2.64396242115971
174,54,-0.238242244000268,2.17004493488176,1.24241316023062,-0.0609862273291392
175,54,-0.848402413541914,0.890223293144033,-0.793526041977577,1.78156836107573
176,54,0.188140553700618,-1.31879425228507,1.54603028539004,-0.998571943640365
177,54,-0.809133200456922,-1.20203886845566,0.127536182372386,-1.66076924835784
178,54,-0.505643784176915,-1.90931797191152,-0.40035440269511,0.627351141196793
179,54,-0.273360193343352,0.305323634532124,1.23143180793266,0.656807375256667
180,54,0.798628478212385,-0.0656493807378828,-1.5588343045636,-0.204182917317792
181,54,1.05580066850996,-0.176458049606021,0.384845433352483,-0.91517643965024
182,54,1.63291261227239,-0.365606924392022,-1.68814520632834,1.11828284970401
183,54,0.00521393812069925,0.970901021977408,1.09089588083025,-0.978954215795997
184,54,-0.203508489999151,-0.71178666625897,0.595474772283297,0.851525695972698
185,54,-0.031809515842072,-0.245354888770683,0.981884273748414,-1.58331310605499
186,54,-0.360151839101382,-0.191021726600162,0.368924731297433,-0.958131685523705
187,54,-1.53796583149356,-1.791267382326,0.561340128510786,0.459194142474411
188,54,-1.11355838998775,0.143376199374236,0.375459360438137,-0.304882182930109
189,54,1.32009372708336,-1.71219172032651,-0.307686606037592,0.131767221607845
190,54,-0.419909551113059,1.20048405596927,0.764596962106951,0.515547475495243
191,54,-1.73028768207639,-0.106424731063466,-0.0233975375675276,0.688607978318129
192,54,-0.409591080816849,-0.951336669798812,-0.0115950353694524,0.559005156650902
193,54,1.17761778700319,-0.975628215496913,-0.859026289607765,-0.0625337950051597
194,54,0.613083261213898,-0.505581680086479,0.392227073290691,-1.5140354849455
195,54,1.86503370807402,0.899146354818332,-1.73402463946297,0.847199192392797
196,54,-1.13628404037618,-0.106401309521815,-0.610340321482388,-0.45003028118376
197,54,-1.64168265422262,-1.28948333361794,1.37061908106346,2.29267702677189
198,54,-0.742312882292098,0.548137800884815,0.192564364265118,1.5994277317869
199,54,0.595331450937668,-0.246708354875858,1.07690870061033,-2.69554684667254
200,54,-0.454176634050984,0.0393083484190591,-0.52229193558124,-0.5787734007345
201,54,-0.160414279118227,-1.33548531355597,1.47441195947108,0.0600882646856635
202,54,-0.340373120459868,0.0544060233627309,-1.15619589618393,1.53606949570885
203,54,0.263651902465044,0.154048412851001,-1.04879590207286,0.14282591766929
204,54,1.75217536995877,0.917503115104195,1.20201449571655,1.80085909069494
205,54,0.16722124148843,1.00858103739704,-0.035254462988124,-0.537576808808471
206,54,1.62444972819813,-1.93996400061301,0.364285540859425,0.636313471226989
207,54,-1.27300486585965,0.0101993059860601,1.09265949323598,-0.28379073208754
208,54,-0.227757795260284,1.74572144527621,-0.0148476769525742,1.24651258702501
209,54,-1.59903749259442,-0.511507284055132,-0.194087721257208,-0.458893637811387
210,54,1.0066281724712,0.376922137489825,-0.245674195829944,0.699665892592551
211,54,-1.46032224781003,1.62882393043324,1.3128915177589,0.113455694918048
212,54,-0.80921426528523,-0.381749722489188,0.176117476787215,2.28471985022515
213,54,1.16764883145639,-0.269120759485382,0.532322221500576,-0.878567319337863
214,54,0.733340080687014,0.390799992077574,0.49477329680797,-0.784305602585314
215,54,-0.464388556824255,1.63620586774506,0.162672510845426,-2.30071102451611
216,54,-0.271514271977736,-0.905339393658966,-0.302258417852847,0.321119877696288
217,54,-0.805966006933591,1.08212608976667,-0.812604691196044,-0.665180698723827
218,54,-1.06931934944822,-1.02216083393435,0.304671057809696,1.07161772045036
219,54,0.0644999678147476,-0.170447128498719,0.144087593842273,0.000143469436569655
220,54,1.08420104960103,-0.252261453994158,0.56811213640333,-1.14716038816194
221,54,-0.396409883030432,0.963747386211467,-0.212414637407466,-2.23082886942688
222,54,1.54403057629431,1.53556032698613,-1.32733896760227,0.694078694733483
223,54,-1.44946268502291,-0.112125014801599,-1.24036288802923,-0.929368703261828
224,54,-0.00661501022460643,-1.07636983051162,0.994299045113371,0.521349920783363
225,54,0.0845528677016299,-0.989915318407054,0.94868285140386,-1.14090607761562
226,54,-1.58154111399657,1.81907012385638,0.482942983739757,1.04177189695954
227,54,-0.394596279815761,-0.17699136604413,-0.0296178510094512,-1.27646642414417
228,54,0.0583870898569672,-0.342099781235205,0.560188449997602,-0.46864889205472
229,54,1.65771183846841,0.772900918476069,-1.27918484210207,1.10773108175406
230,54,0.837846971807416,0.312667820707631,0.118049800035328,-0.231682764692567
231,54,-0.711492369127963,0.0302905079695747,0.161500766526538,0.411449943173458
232,54,1.20725015374781,1.35171867512278,0.463977712671954,0.569687846228272
233,54,0.000751266619219588,-1.32960796546818,-0.595642243216638,-1.2879603826182
234,54,1.06375100607685,0.05538601349078,-1.46033972295922,2.51459038718326
235,54,-1.13640934173868,0.218641036689863,-0.503599071111665,-0.0735745358690508
236,54,-1.71006642970772,-0.73241097028165,-0.610541627907009,-0.389676607751535
237,54,-0.0967624982777644,1.2339545780084,0.555393517653541,0.484437043015557
238,54,-0.959904127564063,-1.3582840088277,-0.602006408071989,0.320519205542345
239,54,0.658198644935195,-0.0460947258279984,-1.08542862930462,0.0800888953927362
240,54,0.0678587010311217,0.610934720920652,-1.26088457898864,1.16182710678092
241,54,-1.50546652711383,1.62180468946272,-0.0735222153427516,0.535122585056082
242,54,0.100709335282343,0.110206690660265,1.17243851638606,-2.26531625924506
243,54,1.31076834855402,1.30722795357528,0.295082693961777,-2.09557750368462
244,54,0.734198412588657,0.814086876822599,0.0916613131991587,0.862677705233753
245,54,-0.32834094903604,-1.05018333164592,-1.92100751226305,1.06594963124155
246,54,1.12212403138926,1.34399922788869,1.46342178196613,0.0536787051804937
247,54,-0.656572253400281,-0.383010334170078,-1.08634646773943,0.567142219528245
248,54,0.00997214171692307,0.6431517180595,-1.16957838652605,0.105266197978855
249,54,-0.871574152255674,-0.0861181753024399,2.11672342997467,-0.53824065440849
250,54,1.72426964130684,-0.249628362132801,0.990406304904569,-1.13984209894694
251,54,0.973152220183115,0.941895337634346,0.162252158173953,0.297795362021216
252,54,-0.483366780148195,0.0588534036351634,-2.11315588429258,1.73388190123496
253,54,-0.891120002858755,-0.683856516531921,0.341424436854601,-0.591938226923696
254,54,-0.695953600299313,-1.21079070679998,-0.385758621824007,1.60584605845136
255,54,-1.96588456848807,0.22656115907011,-1.07660184821758,0.210147546640143
256,54,0.181697662633132,1.25840874057811,-1.42254165951489,-0.100075105178107
257,54,0.29122238509485,-0.684273991843036,0.0394920091707078,-0.00220330525073442
258,54,0.735109248087271,-0.475237651992443,-0.353762790728872,2.26727428079765
259,54,0.958824603529323,1.63920486528369,0.809837608921363,-0.768035520550783
260,54,1.66688184512864,0.728855703342006,-0.116051793805564,0.182188533273886
261,54,0.460445778112821,-0.707684096408863,0.170870814843783,-0.945755908404845
262,54,0.0668826299452941,-1.44427653772572,0.365813764913861,0.571000894616372
263,54,-0.564495706809107,0.741171792125131,0.861098014591704,-1.39508236128019
264,54,-0.0380510009426063,0.263834309267771,-2.20758527345367,-1.22224475353406
265,54,-0.168084955964597,-1.57264029821474,-2.34555419493884,0.378867204877778
266,54,-1.90750853214526,-0.800929609075071,-0.304262232863268,0.209071694485739
267,54,0.714293685460478,-0.0704308840973257,0.263589096017805,-0.0266307057643335
268,54,-0.405135758462342,1.64493858234503,-1.67231055898395,0.675202103920617
269,54,0.531814192550057,0.282333372956239,-1.47276078346723,-0.171303452960176
270,54,-2.18543295177604,0.400679945747863,1.82611137720325,0.363909100328097
271,54,-1.64253718451906,1.51147981103861,1.02044101750646,0.276112387253856
272,54,0.454308709932342,0.102796499672776,-1.6705811965215,-0.396015239750745
273,54,0.300669787694566,-1.83627709876414,0.553883434609137,0.808333705598945
274,54,0.592009023893453,-0.0199124958283462,-0.0937056756265355,0.888417250110291
275,54,-0.441288932735077,-0.595438660163204,-0.0909927375579892,-0.35913128430283
276,54,-0.680982538715717,0.279531987604498,2.79529105634763,-1.64206439941415
277,54,-0.148180634644653,-1.08391740632186,-0.579511722049984,-0.284212881029297
278,54,-1.37681728426619,0.586664930737251,0.464159294654189,-0.798506914871034
279,54,0.461314524739575,-1.19626860724557,-0.535226394050775,-0.164691774899916
280,54,-1.81995710161726,-0.746018694742422,0.259217039786421,-0.804248249055259
281,54,-1.60321237843917,-0.164261609149399,-1.25375354707672,1.43993780435084
282,54,0.183352985943369,-0.749629116817688,-0.826357183020954,-0.934726319260217
283,54,1.62989487916201,0.282206125333364,0.941681224173087,-0.428330762185385
284,54,1.53591217029923,0.0212980706049118,-2.32462382674268,-2.0483410503517
285,54,-1.12936456810177,0.649756011381774,-0.260842325898627,0.771671921040127
286,54,0.999720201857087,-0.596946115877299,0.37730523078548,-1.08467127761262
287,54,0.387820244545951,-0.689038748552699,-2.62888156808182,-1.15587877587116
288,54,0.50409783112617,-0.134441508927147,-0.27216676317752,-0.675878189720291
289,54,1.17711834031132,-0.8479417613964,-0.327200515482676,-0.0994469542777887
290,54,-0.473168848665197,0.358271216368611,0.532873921863646,-2.70705174260209
291,54,1.17500258753771,-0.748190323029638,-0.579802189934141,0.17789005914726
292,54,-0.944386308433874,-0.0764527468441727,-0.913976831895698,1.52365457760229
293,54,1.18991963116335,1.1432331511142,-1.50176224563015,1.18982584458082
294,54,1.23048338302172,0.183776359969751,-0.591360249458516,-0.299240194041452
295,54,-1.92701707622118,-1.14648103049628,0.729182476897008,-0.457456903309024
296,54,-0.45683718820611,0.397406847650612,-0.628911471486927,0.710840275266077
297,54,-0.118114482394642,0.0536015254514435,0.528816744630592,0.427940297328656
298,54,1.88403333977797,-0.243775790872957,0.822167852619168,0.10074593005032
299,54,0.60357925900774,0.438271113436871,0.602437767079978,0.565254071411492
300,54,0.328253904067357,0.178515017461662,-1.62816478693332,0.919276440334076
301,54,1.14970587956408,0.795759350304628,-1.79021330390656,0.102148938245784
302,54,2.65128687766652,1.39560900025073,1.19137316475275,0.443936609769711
303,54,0.106984549671247,0.126164345902004,-0.765607235912975,0.0350852716461088
304,54,1.80277642660685,0.625873107685554,0.404590970681524,1.08391796013851
305,54,0.694313892008555,0.552431946582072,-0.0632026184316478,-0.0452936843498201
306,54,-0.904973247155961,-1.47769817228967,0.517438800547285,-0.421346797262383
307,54,-0.0340274557865536,0.0499867072214997,-2.69655095344814,1.32865540091826
308,54,1.50822812675693,-0.754261380288311,0.165809061850085,1.43621627736785
309,54,-1.61871748184684,-0.600159592189058,0.0949131735651109,-0.165112065177908
310,54,0.220432083469498,-0.200716464816391,-0.026536101029664,2.77850635352651
311,54,0.62652344741979,-0.0242271394843463,-0.963132283841462,1.20829044064976
312,54,1.18900172523575,-0.07793929498751,0.216441803294359,-0.373851086597536
313,54,0.464884076092965,-0.208142658472174,-1.08665763126666,1.41493406043057
314,54,-0.750396625260793,0.2418533971779,0.387031080016695,-0.46882456913622
315,54,0.590269875906908,0.308659936016934,-0.768653972643631,1.00561994141873
316,54,-1.5690191967657,-2.25882630411232,-1.20300231040482,-0.882798252790224
317,54,2.2256583730609,1.68625680155995,-0.42807697212521,-1.01749967726264
318,54,0.462167180883354,-0.954175200987005,-0.15016891589585,1.10600582015941
319,54,2.11371140374413,0.882116754124502,0.489255731475264,1.40059257189195
320,54,0.213812625330414,-0.480681335661438,-0.614503894451157,-0.540507187257945
321,54,-0.205673450494572,-0.531426907310487,0.956523637564502,-0.204413802251596
322,54,0.153785888102215,-0.966014699566254,1.36870831933583,-0.164357584977831
323,54,0.780357025690489,-0.033207587731779,-0.642947046950012,1.71970057104133
324,54,0.407570349780147,-1.2793030710615,-0.987208220242048,-0.12420500609482
325,54,-0.478288966619443,-3.56442240392372,2.35838141590867,-1.14087225258047
326,54,0.971922644629708,-0.0861105735343179,-1.60471662785391,0.188070171570689
327,54,-1.06395464722641,0.308067073407356,-0.660817593812843,1.13224500896252
328,54,0.730737311373531,1.63965695529908,0.131733391233937,0.0935974883691346
329,54,0.968639264144323,0.906769397909828,-1.39128828464698,-0.398012586762624
330,54,-0.388828776192832,2.71990864254796,-1.02239131001061,-0.578592331033979
331,54,-1.8476347730146,0.749249163265016,0.270438287117901,0.612143140443748
332,54,0.792628659156399,-0.883521929463819,0.827326301619473,1.33384915618015
333,54,-0.691689730085666,-0.80910206749741,-1.97575173894491,0.188721342632161
334,54,1.31739319790019,0.654912240485429,-0.577672646607468,0.530835298280128
335,54,0.70507180593858,2.05509446510862,0.310920416718601,-1.19533872494814
336,54,-0.215325005109167,0.465061096378704,0.123440349030582,-0.992352991805963
337,54,0.118708634881893,0.238249394039889,-0.0207038830140084,0.440539373525996
338,54,-0.372285837459984,-0.366535434162022,0.697205153918916,-0.0543487860194087
339,54,0.381652976332924,-0.24874914681284,0.885200039644738,0.551704260606094
340,54,0.142360997965133,-1.03436877228833,0.678501801893599,1.52681079741269
341,54,0.775900803390775,1.68746181366931,0.648218831896795,-0.019607044969246
342,54,-2.51532005192367,-1.87065832032853,1.13520128351451,0.845631125253793
343,54,-1.4089530357888,0.794279250950771,0.820055846327883,-0.94134594370156
344,54,-0.685776124134102,-0.0961649283132189,-0.397527135523397,-0.118168372597346
345,54,0.772330869329173,-0.821726782523738,0.693026398623338,0.73967901451415
346,54,-0.347381599737412,-0.641072100187959,-0.309855320637979,0.255771893477088
347,54,0.517757026200011,0.0833158246216035,-0.247757804831237,-0.925667895369071
348,54,-0.207117407243636,-0.0350654922214254,0.30475978446201,0.13207270218971
349,54,0.520660897234904,-0.523131799324485,-0.20769942497886,0.275273651764452
350,54,3.03056290481861,0.00155387553359699,2.75924913140963,-0.587003547783371
351,54,0.336128027001193,-1.30916525247581,-1.19735951038672,1.8724433970147
352,54,0.0180174375384457,-1.10349696228539,-0.184577622489941,0.241500471987495
353,54,-0.78903056781792,-0.0271953813610515,-0.0685887233670454,-1.41926019739786
354,54,-0.670264269189489,0.118204277201686,0.544330384824913,-0.965884075343419
355,54,-0.664860638867917,0.259869787136095,-0.896515678912576,-0.0471864327587811
356,54,1.25164059300035,-0.395085737967588,-0.663350612334813,-1.60592304611177
357,54,-1.09198731569591,1.56144798188018,0.105885873052704,2.08825293339696
358,54,1.59813047052346,0.201407254833492,0.644458931585152,-1.12096275304754
359,54,0.88784409854227,2.38584802188633,0.423490199641142,-1.05234159500734
360,54,1.28742234251047,2.35342198041352,0.565541738422945,0.640323504067023
361,54,-1.06428566531953,-2.40936093064778,1.6970275171878,1.09033104661481
362,54,0.845279068490777,0.0632626050588407,-2.30925244343063,-0.197423281281548
363,54,-0.110680126643516,-0.485429476283933,0.618569318052566,-1.3672349545004
364,54,0.621090105383495,-0.527260894269507,-0.500066872422281,-0.121829078098874
365,54,1.06124585871137,-0.794332932700742,-0.377718677028445,-0.0598515623335607
366,54,-0.123983164558886,-0.56195909391754,0.90140686333844,0.349705215628577
367,54,0.318143585808434,1.51553831369128,-0.326294522656203,-0.93528002782236
368,54,1.50658638105386,-0.122458675564362,0.0958527856369818,0.396817077741378
369,54,-0.297604350297101,-0.6298081347271,0.411490322424131,0.141869925118963
370,54,0.439068871400376,-0.597900786308983,-0.165140803459749,-0.0794262873512425
371,54,-0.338049892261439,-0.415805426019457,2.06223799905773,0.159399137926014
372,54,-1.42370719619569,-0.165441996542303,-0.755104373606579,0.985307416423027
373,54,-1.86722546043181,1.08133276231369,-1.43618220384944,-0.263062581899302
374,54,-1.38901282815119,0.396450508091357,0.638940209334852,-0.454418691837786
375,54,0.706102041938011,-3.3182061709711,0.10475205661063,-1.10197372993403
376,54,0.0169729250861785,-0.647307181818512,-1.30530333994489,2.00717507291309
377,54,2.21987464010062,-0.213306166911169,0.335810830039291,1.11102555779372
378,54,-2.11180723687505,-0.718046250743212,-0.850994133991435,1.85089115464542
379,54,0.0472678102406595,0.265414914654491,-0.227703410735958,-0.294143276113007
380,54,-1.45684334082736,-0.509832881498188,0.306131398702297,-0.0764238791061708
381,54,-0.104674078642036,0.237700950317205,-0.205147325534389,0.920656606642867
382,54,-0.226426625298418,2.01752528548549,0.617897782910952,-1.00320959944574
383,54,-0.124731304641332,-1.65115411696501,-2.22010151589502,-1.32365774765939
384,54,0.671752238482546,-0.329771175906835,0.322047062155467,-0.0548040491189989
385,54,0.356798224443622,1.68456939067077,-0.166932791018564,0.51988428472563
386,54,1.44750692584791,-0.182407292285564,1.53967425574917,0.402123976458377
387,54,-1.06481344245424,0.0897427437980561,-0.486906810834631,0.808368435531385
388,54,-0.0847973365443792,-0.12369568528363,1.00717443221802,0.425651763730713
389,54,0.807504296470473,-0.964103861562462,0.0709289199260698,1.16179307757538
390,54,1.61336177486664,-0.421085723467287,-0.0245639909083258,1.31816477193278
391,54,-1.51129907791245,0.509907544718416,-0.711946127447353,-0.00646011033080609
392,54,-0.910243324292291,0.439747232785248,0.972497593335801,-0.9039767652319
393,54,-0.843406254171635,-0.123321224910468,0.557253780899408,-1.60030137180605
394,54,1.44932334793276,0.045662470884877,1.21233657749654,-1.04741545361155
395,54,1.21014727847122,-0.216543162537905,-0.291481312213752,-0.763762570652202
396,54,-1.72759100925508,0.313605028531645,1.61511855121264,-1.92175303412356
397,54,-0.303940791674546,1.64012081340305,0.702648591130549,-1.01566931366886
398,54,-1.206153967081,0.90463923217241,0.875647241129377,0.549083122199526
399,54,0.0922208520272656,0.273450398198963,-0.33859094854279,0.72962987457417
400,54,-1.01621404963929,-1.6254195160956,0.288642591765024,1.0892913142416
401,54,-0.799714432700606,0.429602093885336,0.397008415645399,0.72026521366139
402,54,0.0789769755191942,-0.543709771582024,-0.437005191657896,-0.863672656483989
403,54,-1.11709803058577,0.709142520854728,-0.557357129721292,0.888204932113833
404,54,0.287905149897428,-1.31402873091865,0.22511677030443,0.667134043241855
405,54,-0.291685064819769,1.3897643716359,-0.935758676728378,-0.109604479470144
406,54,-0.753393134435219,-1.79266957274774,-0.370619465572707,1.69547450691362
407,54,0.268714556428957,-0.936237628695813,-2.71015478510289,-0.353076587441327
408,54,0.590204985213308,0.864748569725024,0.442091609371132,0.314216395295041
409,54,-0.472159324417224,0.74974137092766,0.254108397287099,-1.53624529993164
410,54,-1.49115498122733,0.323263038853225,1.36370437934203,1.93705363653633
411,54,1.36830575989097,-1.22756393253303,0.425701741280384,0.137878120685745
412,54,0.363737710728922,-1.09407862008237,1.49037751386512,-0.538692692623295
413,54,0.644043037172345,0.847795447726859,-0.724572425508202,0.752998367191807
414,54,0.945193030446447,-0.890011260896975,0.43804180694624,1.83031747736522
415,54,0.718148579040719,-1.02554550668507,1.10642564131937,-0.026396021526495
416,54,-0.535657882379514,0.343568052420055,-0.599280710734103,0.741072022950546
417,54,0.0336857459490042,-0.505343134796557,2.0021126462144,-0.983103860136206
418,54,1.73477391682567,0.473499384502119,-1.43398432748311,-1.07383897830588
419,54,1.24425958795259,-0.131439570799957,-1.35096032516391,-0.137840606455545
420,54,0.211769105895503,1.41374594789352,0.69368026241878,-0.816434156362645
421,54,-0.247800066906922,-1.01175672279965,0.167295732719348,0.775174038415481
422,54,-0.0413264108577471,0.110380990888617,1.12791589893076,0.697230773333395
423,54,0.975209771000288,-0.0482949182728479,-1.17198770827192,0.796765816951379
424,54,-1.47741302332209,-1.22920914822422,-1.18931052261306,-0.0311956747147489
425,54,-0.488605549028354,-0.683033542748654,-1.47723241526324,-2.63582897957497
426,54,-1.05755407020769,-0.054585606281802,1.66520412400572,0.249526648754063
427,54,-0.54586008834939,0.291992766928352,-0.0313847945925123,0.32949018549204
428,54,-2.5290026103178,0.166313642695328,-0.704631034515866,-0.936194126539382
429,54,-0.919845224129489,1.51964694107125,-1.50734037563541,-0.133455034824239
430,54,1.28070388490488,0.284175065508184,1.68929278550455,1.13601813966929
431,54,-0.963801428694394,1.08854026728676,0.831132288105909,-1.79267210285801
432,54,0.197696645046229,0.494938068091956,-0.204151577090941,-0.270220973161433
433,54,0.481778081589302,-0.879479022379496,1.07011329077118,1.27662801688128
434,54,0.199656076264816,1.08333491337706,-0.897036369253147,0.878833571715473
435,54,0.905763445341413,-1.35028584689985,0.129286635459573,-0.422820908056852
436,54,0.692767938626166,0.914555673791945,-1.0820168286904,-1.67939531975103
437,54,1.33310128611255,0.104186173141794,-0.822103792530385,2.39158346692321
438,54,0.364393044768324,0.784566221013775,-0.866573285031165,-1.44630655562448
439,54,2.47708218033054,-0.696436362920197,-0.222288435159608,0.409761838546882
440,54,1.0592562262437,-1.01058656732425,-1.20087599495849,-0.802036050442275
441,54,1.02980982101417,0.94205600287614,-1.40467700976662,1.42426112833557
442,54,0.70231606937376,0.931058237142049,-1.76779179530708,-0.225140678349754
443,54,-1.30226097405386,-0.04858317832505,-2.49597199117856,0.0593513797605623
444,54,-0.39593588397352,0.374221024224795,0.129680118673585,-1.47408316374324
445,54,0.18936863822067,-0.701023042067912,1.8457109673935,-0.42281256339703
446,54,-0.533669520672179,-0.447580449310178,0.220724910763166,-1.81084544748172
447,54,-1.03093146787256,1.39956978255966,-0.889625429948444,-1.11685121705896
448,54,0.92006803955519,0.0365692856589027,1.79655746379706,0.584034242938791
449,54,0.354956250011275,0.2059679802033,0.454124022017922,0.115033121684412
450,54,1.53665507545939,0.0814784357583027,1.43488495547959,-0.497214153131306
451,54,0.17534710180234,-0.208079847261127,-0.513430528370776,1.30776727423999
452,54,0.941662689603894,0.595375831179575,-0.0369144433315231,-0.177120019742803
453,54,-0.202636094813807,0.0723432039607821,0.577240567231718,0.247849381367716
454,54,-0.772687976664943,-0.834028413990322,0.32305768863452,-1.66270133454213
455,54,-1.10576580590347,0.184510983135277,-1.68263162704552,1.24754124682701
456,54,0.748623266988649,0.397769775392114,1.91744648123121,-0.215294846339176
457,54,1.03413078810867,-1.08165973785138,-0.239791210291753,0.55062200153982
458,54,1.53762697479047,0.282941970346355,0.343164129044022,0.239896760232647
459,54,-1.60009090047502,1.17144113780961,-1.73121308947942,1.55130061261241
460,54,-0.105914933817133,-0.378704410346755,0.00746449095565253,-0.3186830643894
461,54,1.18227241798451,0.19184993770887,2.31614381070208,0.38009610688809
462,54,-0.408179923422276,-1.41631373094117,-1.08363092180309,0.282875769828535
463,54,0.194180514557916,0.385449037599155,0.83264655304845,2.70144911917656
464,54,2.32701035626331,0.738857365369647,-0.505838023597031,-1.45109319972486
465,54,0.959341653562828,-1.39581374950028,0.943943698716434,-0.58458982203254
466,54,0.829746333154234,0.373758558849703,1.23745845560029,0.0577707303213864
467,54,-0.450919627267664,0.0921018843916883,-1.23512358446483,-0.533413125582098
468,54,1.83952921215715,-0.50545457604147,0.685821075946206,-0.0712623217257483
469,54,-0.792477049955377,0.127442987325613,-0.478373580178869,0.239017527448069
470,54,0.880672487419576,-0.84164882651164,-0.338270668823457,0.5860316634944
471,54,0.181553982565473,-1.54390544782215,0.38355968303371,1.10740123030053
472,54,-1.05423962472305,-0.163750575361773,-0.903373514806909,-0.431354665194151
473,54,0.444815581624988,0.198726513653531,1.11758321843957,0.879333744904149
474,54,-0.0167112473379514,1.42489022148663,-0.499542110422892,0.292273116504047
475,54,0.0801172377160583,2.02534151452292,-1.30527569773372,0.321440659582705
476,54,1.4543684705129,-0.734366832030249,-2.06512648128706,-1.27434495461171
477,54,-0.5191832670521,0.302649199861297,-0.392084921174239,-0.236294552038007
478,54,1.69099214440716,0.032724482993238,0.75426440017727,-1.37323906073179
479,54,0.435948411637576,-0.704999843905173,-0.937749985176583,-1.75235479954593
480,54,-0.664830289405864,-1.24549062227711,-0.590274921514609,-1.7024227054742
481,54,0.609047911986629,0.0329539577612484,-0.556642263797737,1.02236889614077
482,54,-0.649317521262219,-1.57521342686059,1.57190116210247,-1.7826818218787
483,54,0.297968217568995,-0.700425531584765,0.269094654747933,0.666048483289811
484,54,-0.264394910043074,0.767652807028605,0.778884067951915,-1.06905137851469
485,54,-1.11622769060554,0.414271179628282,1.03359919133433,1.2906217724227
486,54,-0.759340014934078,2.17097687005373,0.463389907187915,-0.316957032454729
487,54,-1.20440407565999,-1.06318130325865,0.326042708218694,-2.5333360691654
488,54,0.292038603576818,-0.164653448162206,-0.120672886267593,-0.561254634826242
489,54,0.0508697859090459,-0.0408190519234621,1.77323016775086,0.217619565206562
490,54,0.856703793645276,-1.27486105750893,0.229468703492186,-1.22769649156244
491,54,-2.32224531128414,-0.552463990939937,-0.936009939360114,-0.800462997984634
492,54,0.682115780445677,0.925970248175955,-0.384869577799053,0.932945006127286
493,54,-0.281278343258972,1.02929333267742,-0.370436243741408,0.844644923640199
494,54,-0.141253925091165,0.177814807675314,0.230805695729785,0.812325009813858
495,54,-1.02501829382751,-1.23768639232743,0.513461002265979,-0.99454586306371
496,54,0.968204461642202,0.0335747567766069,-1.67850629711871,0.363527347896752
497,54,-1.11787555929969,1.03501626492793,-0.429781698039435,0.0994910095235769
498,54,0.67671801096881,0.50988344519918,-0.491923061323206,-1.7026638496688
499,54,1.50265097741453,-1.24104419779544,-0.637667477501916,0.989847523674565
500,54,1.86168483293281,-0.245619398366677,-0.914514405835958,-0.907835850359019
1,55,0.278635742412988,-0.512845399677339,2.30027021909535,-0.91444138098751
2,55,2.03268893814267,1.54766209452842,-0.452779734729633,-0.101158867152598
3,55,-0.657874677899394,-0.645039706639581,-1.3591510873967,-1.60229536169451
4,55,-0.603040135383506,2.09113211509589,-1.08954240646805,-0.533395448987386
5,55,0.23966660473905,1.07666906441312,0.100465103942872,0.170434326066232
6,55,-0.659422119150776,-1.49951909662812,0.542645179327581,-1.01775203727108
7,55,-2.01109345216852,1.77776441434645,0.111157161084571,2.22732299999321
8,55,1.01255962397587,0.556057107381057,0.762384501677836,1.62363297228362
9,55,-1.20208499553565,0.609575056369224,-1.24608824791036,1.05985543888518
10,55,-0.726305330349354,-1.46554081319022,-0.868467422375804,1.11324941187755
11,55,-0.249218522858644,-1.11908889336609,0.764455879373083,1.22077990529361
12,55,1.02194645062913,-0.325850082773066,-0.0616834638757676,-0.0648410910495443
13,55,-0.943995899631647,2.3964881583516,1.382386841566,-0.676793526107375
14,55,0.794825271658762,1.0428445082035,1.20062053085766,-1.00612757875869
15,55,1.1503707284953,-0.608740869402327,1.44474082462344,1.0580886404232
16,55,-0.323776190925201,-0.14656133762404,-0.269743435745473,-1.5678773323894
17,55,-0.330729846095193,-1.00753771501398,0.270989135118653,-1.20565805255722
18,55,-0.285131194182957,1.36594078453976,-0.521602429246969,-0.479345071934974
19,55,0.597973289495288,0.803999530027702,-0.272756438947857,0.556805177191675
20,55,0.035121647800694,0.909245572168591,-0.70507906116925,0.82476848270083
21,55,0.106332377525291,-0.52007242993912,1.08227892408369,-0.238625078584181
22,55,-0.347255751576305,1.0645960376821,0.135220448399872,1.9720384251354
23,55,-1.76145330821744,-0.263722137593015,0.514663155138504,0.504344501894376
24,55,-0.0656496625632463,0.165704332294732,1.33865219224389,-0.888904243408155
25,55,-0.652633801752527,0.0289136765002143,0.556632872133871,1.32668580648883
26,55,-0.897984267999244,-0.753334748049148,-1.35713509988054,-0.304577898045039
27,55,0.841784735936351,-1.5096425202415,0.615185535803894,-0.936506221101054
28,55,0.185158392179614,-0.316612559416025,-1.31297860521339,-1.78729420766051
29,55,0.887304508971674,1.09258098185296,0.30406516142836,-0.451797437970139
30,55,0.0567893595443031,-0.612063266747069,0.726111869259835,0.566337361898331
31,55,0.426171604475267,0.962560378059826,-0.304660835249198,-1.09562476778056
32,55,-0.637543416180321,1.39501229080955,0.970207390488531,0.17091143369319
33,55,0.57601760099092,0.648235421620501,-1.31302642475023,0.898444537459417
34,55,0.197766015651485,-1.09514775307589,-0.477550512870055,0.996684964762626
35,55,0.0778318554078147,1.07682101016419,-0.550158098154155,-0.104454862005907
36,55,0.791502097566593,-0.194951312814288,0.213979769129516,-0.0399092559657912
37,55,0.630106073427549,-0.226480585876654,-0.476427670183904,1.52779474224547
38,55,-0.131213863082011,0.0917321992973768,0.197686128498862,1.51046246735195
39,55,-1.40597310544666,2.18269720561395,0.137858651510767,0.53902527690363
40,55,1.73745006539683,0.0752786250083095,0.692494074538015,-0.266165220457343
41,55,-1.02753252785736,1.44679246510103,1.02802144545588,-0.174303263379573
42,55,-1.06340134449829,-1.66791707831926,0.714505710356717,-0.211076287874161
43,55,0.266081818593657,-0.492427983204621,-0.45648406681893,1.16919490095235
44,55,0.800029452482126,1.34184916409535,-0.835401257340614,-1.65988839240759
45,55,-0.739519673907563,0.765201655911906,-0.146629586795677,-0.404689919221816
46,55,0.385606034042941,-0.203281624607099,-2.32397000820554,-0.455641101321836
47,55,-0.802236160913843,-0.154684748604584,-0.623452404501263,0.31222827648237
48,55,-0.315736362371441,-1.19915160825992,-0.926925450398583,-1.82502087773391
49,55,-0.556965319260961,-0.45900719269333,0.242790209405354,-1.0576575516181
50,55,0.143275310911122,0.225753100126413,1.29162299601394,1.43200182260793
51,55,0.744630599779083,0.410956865100081,1.46821504799313,0.175349355239024
52,55,0.0245368326021771,0.205378544525959,0.320104555281949,0.494894782562279
53,55,-2.61565447312008,-0.905398516009347,0.702413489395187,0.205966654102875
54,55,-1.93406131556616,-0.371756780294122,-2.02774703912365,-0.988923266549406
55,55,-1.08477623629177,0.765937278765755,-0.182390679073278,-1.45828161684759
56,55,0.800465281213947,1.39286116249513,0.191758440656362,1.16753923687209
57,55,-1.14863761601373,1.12932868128622,-0.416274834560846,-1.10847585466043
58,55,-0.40652666416943,0.738290127637964,-1.77194729650015,-0.0732754838388251
59,55,-0.00888226465180684,1.50065182335426,-0.663246456370847,0.121428932720065
60,55,0.138148582889302,0.139127949263837,0.186365754937615,-1.61852660670634
61,55,-1.39565829420803,0.786676589279148,0.934239132162974,0.335772983863026
62,55,-0.67510753710822,-0.326632935412271,-0.543823299396174,-0.237882380098348
63,55,-1.24131081200033,-0.083541712755729,0.247283732770163,-0.961585427711404
64,55,0.79414719221353,0.301313656753161,1.99982905636221,-0.351678090388458
65,55,0.980638272647291,0.84670752447186,1.06900661550844,0.167627467721856
66,55,-0.751051701300381,-0.214249838066953,-0.501929497221514,0.317845236602279
67,55,-0.941871908439765,-1.22274712807597,0.726512635270659,-0.480424449235069
68,55,0.294180200216808,0.481245827292797,-0.0848268974207491,0.191701151809978
69,55,0.104000217573013,0.507485999600426,0.650062630103484,-2.2126830055283
70,55,-0.621957084786569,-0.729556877666558,0.214593330244001,-0.97744714521782
71,55,-2.48292921971662,-0.568240274261987,-1.34865392316112,-1.05126366455735
72,55,-0.591420452818369,-2.32645077671559,1.06602693384704,0.0301206877700745
73,55,0.963519440292267,-0.213314140797573,0.848162367012297,-0.058858598661
74,55,-1.15964340048017,0.443142474406048,2.75245131903877,1.01868540377372
75,55,1.52364810599067,0.669013605180059,-0.985535310697258,0.740418385416137
76,55,-1.156987447371,-1.65750561822695,0.188215463623313,1.56397921841219
77,55,2.16407350542659e-05,0.208340044509326,-1.14277145889223,0.696426499611401
78,55,-0.199454822889863,-1.35339036132433,0.900121169771595,-0.901124691046139
79,55,-1.20418246630365,0.415135384720258,-0.611208466299565,0.701868802680945
80,55,0.298870672628187,-0.855612634334098,-1.41176036123118,-0.538904341939567
81,55,1.28206987710942,0.299600190251614,-0.0471845969847599,0.413990390517473
82,55,-1.65690794233017,-0.777379593821369,-1.27085273626555,-1.79150489980951
83,55,0.203766603571356,1.23047534003443,0.424094556216048,-1.38120002630235
84,55,0.331051930736494,-0.409222701223337,0.749675357046285,1.718873913552
85,55,-1.41708536948889,1.34156328090525,0.393801878905739,-0.995924475000037
86,55,-0.387481139761826,-0.0744330237709075,0.700307576192497,-0.585704005945284
87,55,-0.571222166807077,0.114871588172471,0.521026262121757,1.31031999246772
88,55,-0.90043644373492,1.67801922244285,-0.387513804839055,-0.267001682522406
89,55,-0.641465617454154,1.2019480267926,-0.609036944761991,1.0232142012385
90,55,1.30582361514496,0.0990526814217304,-0.2690372034585,-1.07571016221969
91,55,1.08524741943119,1.34061405360812,1.00442816206974,0.677078221126424
92,55,-1.54059292763099,-0.0257316631877388,-0.0659571446783394,-1.39444880071518
93,55,1.12379893433003,0.320482736093475,0.622770603035254,-1.10153805171789
94,55,0.810004766263467,0.108363718804591,0.541251728179956,-0.601152142878977
95,55,-1.30746110505603,0.384350958558144,-2.36814019374518,-2.39232074059419
96,55,-0.060058526301503,-0.604191106876632,0.0172351586414418,0.696648808330429
97,55,-0.96431714424461,-0.945312094869434,-0.130603456942782,-0.558344002626164
98,55,1.89535947378856,-0.15133186737776,-0.473087481347171,2.3666602672585
99,55,0.804080881536216,0.598333741424077,-0.248936800161901,0.795777546936911
100,55,0.521417324222293,-0.714701492705419,0.368220454272535,0.411276285428566
101,55,-1.11836847722325,-0.805159506972008,1.35242528231524,0.0188370139171653
102,55,-0.649199392879752,-0.92272810751809,1.26519004703126,-1.83012006016044
103,55,2.34032334761296,-1.16301039556611,0.45248741037283,0.302634091866881
104,55,1.3688249999104,1.0177571053558,-0.540241324903229,-0.545769811991413
105,55,-1.06960115048312,0.633081585047485,0.800923972362974,-1.22974547209342
106,55,-1.56851584601565,-0.11635294076466,0.745270616908254,0.202170432054773
107,55,1.62025605474898,-0.275911504809702,-0.468597863841041,-0.088403666305024
108,55,0.466926072951051,0.497666944759848,-0.670172915234606,0.967275837696412
109,55,1.17604611971597,0.516469384906641,1.30907510880793,-0.366054383401699
110,55,1.11386691829386,0.900030090954366,1.18643520152646,1.08163694148089
111,55,-1.36269835486665,-0.589550722535548,0.0987226215627559,1.18107106478533
112,55,-2.042994177501,-0.668314202517495,0.36553478827487,0.563975330306142
113,55,1.35031261534726,0.304195543618868,0.0574050971437393,-0.000476479263251745
114,55,-0.288541307490457,0.441173787160936,-0.447031369112539,-1.20992254641652
115,55,-0.38181853048056,1.59995690684987,2.4081190489301,-0.804359108479809
116,55,-0.482460443570057,-0.846803884191042,-0.426483783420934,-0.852393298024885
117,55,-1.5926277421883,-1.13833960178787,0.233866453171753,1.96040051575851
118,55,-0.297160959404764,-0.969025455409572,2.38087680074718,-0.821350924509292
119,55,-2.13679328768859,1.73906193395934,-0.282836784683168,0.816255522360723
120,55,0.0729684691496535,1.90209367742722,0.507959899121381,0.152710835504985
121,55,1.94897007147079,-1.30711692406668,0.244763880941589,-2.45282019661856
122,55,-1.62263678537462,-1.09662292377406,-0.481224298301636,-0.829790183377334
123,55,1.71961043303097,-0.319307930913137,0.267924699116326,-1.42475635890327
124,55,-0.235513371771237,-1.8688163412095,-0.47042776697694,-1.3939204877332
125,55,-0.517355835141137,1.04649298980035,-0.804018595729186,-1.17325517432577
126,55,0.51014057593919,-0.0156393023015405,-1.88330282342509,1.04599357200939
127,55,0.102995287377556,0.118068294986803,0.344810856674848,0.731698360710721
128,55,0.566552420424647,0.237977444627173,0.412928046299735,1.08194913011486
129,55,-1.67349265089488,0.415737717591223,2.29171772646696,0.863282589804641
130,55,0.130993605518308,-1.39793064684451,1.16820785262225,-0.320701970405762
131,55,-0.817452152533176,0.414065788489362,-0.375025466980805,1.54175205245718
132,55,-0.21192498265866,-0.25128099391373,0.0936451835944568,1.54113037396567
133,55,-1.69868564454779,-0.356541393167805,0.250394496653889,-0.218657904365002
134,55,0.589619051244899,-1.60585035046004,0.694762266233335,-0.29797580145411
135,55,0.214556233368366,-0.255474936559391,-0.782214736047393,-0.714236122767836
136,55,-0.38254546270994,0.343383436027791,0.723200402928938,-0.391830814335828
137,55,0.8985893284057,0.655492371696233,1.6052970635843,-0.915107606589232
138,55,0.525562185225465,0.0904566552042059,-0.186313601084558,-0.704316373721851
139,55,0.334908693823092,0.957868095591562,0.610183221328112,0.214047153823541
140,55,-0.673591509955595,-1.14105491094792,-0.424278190025038,1.05058158366564
141,55,-0.0634752646247524,1.34645674823787,0.617048116076056,-0.0798961573764764
142,55,1.15826592031569,-0.618492675487742,-1.47615289241743,-1.02404705255249
143,55,-1.05726944118418,-1.36577988875106,2.04407594473503,0.0699353519458098
144,55,0.0704455861825809,0.587339189784137,-1.62319090207073,0.669411829708717
145,55,0.26187177214352,0.442489288897604,1.75633913031607,1.54828943064033
146,55,-0.131051755077878,0.860151895329998,0.162602583492804,-0.404523539876556
147,55,-0.768164406615777,-0.380816697986927,-0.9059100074456,-0.0760851294689952
148,55,-0.57992280137481,0.260216202908247,-0.288159038509598,-0.293037028374719
149,55,1.7150983179888,-1.07620470748144,0.0541619602873326,0.552050303563697
150,55,2.03042519046182,0.0282439378420857,0.0548834933226038,0.604377941790788
151,55,0.131113894272234,1.48205556725225,0.193089637447998,-0.259259054122843
152,55,0.664659273489198,1.08245902517334,-0.843870733087243,0.106051256709685
153,55,-2.25959922431802,0.00379321133248997,0.669692796149476,-1.58691804524632
154,55,-0.602944023098147,-0.337641249494277,-0.681391966961579,2.00673630726627
155,55,-0.230688162022031,0.813331195524141,1.49449494657704,-0.584117845743729
156,55,-0.84527530194589,0.942204955083556,2.51741584852039,0.43184709178459
157,55,0.802864704515503,-1.00080557274333,-0.420745080565538,-0.385650591380221
158,55,1.37369169237475,1.75758596563814,0.204814476854828,-0.569444680026161
159,55,1.44919681525189,0.246319990265813,0.730410075066638,-0.617548869173131
160,55,2.15262866980499,-2.17486912999167,0.562792629637625,1.34851623627982
161,55,0.246457472850416,-1.22353621831701,1.3590506990298,-0.120788854604318
162,55,-0.374638824360591,1.52707078800816,0.0507174823454908,1.1311530301591
163,55,1.68956844642654,0.431675916823876,-0.273615476869973,0.148345946376472
164,55,0.420284223800675,-0.579397690976515,1.43496356169365,0.372095428062627
165,55,0.227641201979335,-0.180418777899291,-0.408151990664031,-1.57555010440875
166,55,-0.101674667145838,-2.37288566373302,2.6572308857292,0.250976483509417
167,55,0.134389967890503,-0.377495004153258,-0.292637140175532,0.591923552300422
168,55,1.2176545006618,0.0269569068171816,0.20355847234277,0.597983891456289
169,55,-0.680596544289534,1.10260335870713,0.960239061851662,-0.185641870146934
170,55,-1.4683074104721,-0.131711134179972,-0.123078625988446,2.47117203537212
171,55,0.215242193966272,-0.00937141669345703,1.1441991055901,0.574952557661193
172,55,1.41413110413082,-0.266407891912132,-1.03962092034509,1.15425731437558
173,55,0.552561801558046,0.467506915881284,-0.136826571427309,-0.574513347575846
174,55,0.780365772087179,-0.27839467941964,1.39197425033931,-0.0232370856592677
175,55,-1.36440557591239,1.20861906876745,0.274087104458922,-1.23661526187566
176,55,-0.379625534423671,0.566563190710514,-1.18689414291697,-0.251541428779219
177,55,-0.795288137386308,0.256697284019554,0.376089592594186,1.48127227033036
178,55,0.751029248832341,-0.84071975419069,-0.737044123398933,-0.22194400594596
179,55,-0.157240305349904,0.249938682789935,-0.775996034634816,1.80638620489606
180,55,1.4132376797345,1.16883371371189,1.02028947881063,0.877803207736987
181,55,-0.427251268055685,-0.525372533408478,-0.281501961972957,-0.562439854045958
182,55,0.207208475625108,-0.293268566170775,-0.118743114461999,-1.39939815452243
183,55,0.267949219994843,0.465222025222507,-0.358314840984743,-0.886490611891104
184,55,-0.424672848062331,0.565544605831209,-1.29387504155091,-1.04647341325382
185,55,-0.626338246302311,-0.232447305309679,0.376983625055975,0.757280996306236
186,55,-1.13844658606675,2.23826073851962,0.283088368555214,1.07318455035283
187,55,-1.86629697650996,-0.888550188512897,0.43546518856626,-0.52676812485334
188,55,0.495092497288465,-0.645308368541567,0.734834486141465,-0.886559104275661
189,55,0.431545450197632,0.351570063578175,-1.37769281623475,-2.32615369096327
190,55,-0.393294863602114,-0.430845832190476,0.0988659448762174,-2.45050466752943
191,55,-0.468328294087767,0.444451409570635,1.17274629886659,-0.00743587024931657
192,55,0.101523060274363,-1.16345644342379,-1.01619758029803,0.38732879518949
193,55,-0.502147022024006,0.306333846454204,-0.0152504938264297,0.62223447187876
194,55,0.245062344751029,-0.327168274876828,-1.3643100621679,-1.12850919509456
195,55,-1.5885638925143,-0.560793928336889,-0.249047032406985,1.36418268093739
196,55,-0.0581174576568386,-0.147767136085085,-1.97096453551216,-1.07310715223216
197,55,-1.03729970870851,0.42873089876422,1.37808959884122,1.50020082854681
198,55,1.23514604098806,1.49239572241515,0.399403290708876,1.38550847992045
199,55,-0.917779686629869,1.22132273444394,2.67131244463527,0.191201905884887
200,55,0.669124569024089,-0.0809828952774018,-0.403118022875217,-0.105099100485175
201,55,1.6793716054319,-0.0510422661677451,0.60077135041382,2.63931961597886
202,55,0.579170039700094,-2.15447068016854,0.498732675878677,0.648742650547465
203,55,-0.894468304347645,1.01228075813686,0.0753304813169966,0.284175387076147
204,55,0.288217800225413,-0.367045493052655,1.5316196240579,-0.58721239729876
205,55,0.203154089681014,-0.268292250291137,0.0247905490039697,0.82124565997632
206,55,0.432107227447211,0.685103272544604,1.1638067645849,1.46584241749481
207,55,0.530752784223965,-1.16754364720199,0.17341727364138,-0.775001328416471
208,55,-0.0874524917697672,0.00873629274510419,-0.168465735385226,1.2716980104017
209,55,-0.0561508062532123,-0.169997581084496,-1.66547888293467,-0.879189943692375
210,55,0.0592352647813363,1.04501588922059,-0.608825619353013,1.07770168702962
211,55,-1.10400395847986,0.487080718743743,1.37149390084872,1.02105423266795
212,55,-0.976591487201123,-0.571979121564473,0.647171075217213,-1.6151991270852
213,55,-1.41364275853614,0.186159729312316,0.488580021211909,1.2235898916109
214,55,-1.81724408974266,-0.585599765505232,0.971244789148671,0.749113125198502
215,55,-1.90352943656284,0.0418904898403572,-0.600424071183987,0.436424548520345
216,55,-1.45296264835503,1.39692533464995,-0.497838794215415,0.58020189536105
217,55,1.26643782433112,0.0290115138763576,-0.218613446868703,1.09912551743419
218,55,-0.873697440490232,0.714189013940651,-1.95632588962528,0.932563643164839
219,55,0.690306953214799,1.62884635877873,-1.38246438207535,-1.57158461992451
220,55,-1.62586961990169,0.688026632951933,0.79119647241173,-0.440352835788278
221,55,0.109494219467797,-0.741726138934068,-0.336905671711447,-0.843045067872268
222,55,0.330565168906561,-1.69786957688023,0.962498484152884,-0.862554457741178
223,55,0.269022507865843,0.290526584296447,-1.42831522920671,1.24269392000763
224,55,-0.0971016805900947,-0.406626855555902,-1.09451140385564,0.37714245665885
225,55,0.943921408524095,0.35971114174238,0.509777730882513,-0.844210102873486
226,55,-0.36611498317979,-0.221910440931178,-0.0633968694378804,-0.501778998669515
227,55,0.998499575216898,0.862541875693847,0.22625761953517,1.20345521959747
228,55,3.27321075338852,-0.150663154873214,-0.281055349079544,-1.20096619247725
229,55,0.377954903406971,1.23058801872685,-0.111455181452261,-0.173783662260136
230,55,2.08993708399356,-1.06379006841685,-1.47469755870155,-0.249695151256499
231,55,1.00921226581121,-1.17860137415082,-1.02598925390428,-0.746954158939362
232,55,0.0883172744559967,-1.47421324149214,0.531764352204258,0.155275595244096
233,55,-0.285911264559213,-0.617246585528878,0.613144187593538,0.684524277296805
234,55,-1.14260253003497,0.0521853013775521,0.705736443537815,0.00770922952892879
235,55,-0.39608787651545,2.87166628218573,0.600726509169822,1.84974158299417
236,55,-0.00510545648288927,-1.04825161397641,0.0437748888546656,-1.01460961833376
237,55,-0.883953140587783,0.743111121552592,-0.0335819768358841,1.1025941902611
238,55,0.0929472565719051,-0.404642174723834,-1.40998597461659,1.86174352576289
239,55,0.670401593344405,-1.13354389685026,0.204202933186562,-1.7405538449538
240,55,0.700783465731728,2.11771963054787,1.16143722603234,0.182322092892513
241,55,0.168473477240439,0.724071807585829,-1.44329436363772,-1.81796667618611
242,55,1.00723209112474,1.2958128849943,-2.22295369781072,0.244922088958803
243,55,0.885389952044813,-0.296599920647069,-0.548692810811513,1.36200769108836
244,55,-0.065257832586501,0.465836875027607,-1.11260007031324,-0.9114284627612
245,55,-0.180344160158153,-0.344996851811893,-1.64895192848165,-0.980662725068489
246,55,0.335152193787899,0.264192520319277,1.47773539320211,-0.304258837746774
247,55,1.15740099446461,1.20165267045178,-1.43131563209565,-2.0326419067391
248,55,0.672162778409139,0.160623718325937,-0.554928062760589,-0.872336477326924
249,55,1.46998830192975,-0.300267903868717,0.476598964777827,0.212513712318585
250,55,-0.457316684198269,-1.38498273749508,0.398875267893706,-0.721573184405963
251,55,0.896696938233827,1.04869340692886,0.269269070930328,0.217804679023254
252,55,2.8624702808072,0.459395321944865,-0.834070739294889,-1.46097551791404
253,55,1.1635234996861,0.584168221086989,-1.59539598789215,0.809650011564521
254,55,-0.334281699316243,0.413935521634209,1.47629042341115,0.705558333224996
255,55,0.150767900668407,-0.671017458410192,-0.340384113758839,-0.00517405451479473
256,55,0.871734087362398,0.865922633227878,-1.18936709277325,-0.352048188783883
257,55,0.875009638344988,-1.12774110744341,-0.676533150956927,1.50560452844737
258,55,-0.40965158228865,1.49575637727788,0.670877843037304,0.317139053037932
259,55,0.129347075070679,-0.371151549704578,-0.598704662768625,1.72986830673252
260,55,-0.588748150714684,-0.724504623716939,-0.998990394218152,-1.51507903788791
261,55,1.36198745587982,-2.73790063253247,-0.917715612609228,0.968581911730058
262,55,0.264833859797057,0.499497094435749,1.10195164276324,-0.111489662485388
263,55,0.57128920507792,-1.48454067623893,-0.128003235330123,-1.24500375828206
264,55,-0.468942837224143,0.105203159686959,-0.630247885295879,0.0949019496113679
265,55,-0.292569794217925,0.592928043908311,-2.01409068223268,1.00901167170153
266,55,0.841576905618688,0.826207564725269,0.65876660439936,-1.90515588595996
267,55,0.63119632959258,-0.417886420964601,-1.0116589817592,0.0421760719733423
268,55,0.89304372064431,0.115151266225023,-1.29972533419618,-0.343672408163621
269,55,3.13375598121095,0.365047685668116,-0.605783411219773,-0.383480412700117
270,55,-1.35098146268359,0.848845680405665,0.975792093754528,0.161268418215761
271,55,-0.0115783674215124,-0.730949869934045,0.508520936229559,-2.34309802921536
272,55,-1.79807310731249,-1.13634753960565,-0.0838307544611261,-0.617806047962133
273,55,0.0523740737518325,0.519512334165173,-1.37565406390358,-0.385110325229873
274,55,-0.140721473824541,0.784291755495064,0.267391459526545,-1.18210003699653
275,55,-0.673945569449958,1.06259942784444,-0.359496848609767,0.471534523553275
276,55,-2.09683544705288,-0.894804595668428,0.809965112519216,-0.289301735665864
277,55,-0.12845777578752,1.04405501712992,-1.66784701151625,0.992689345070795
278,55,-0.824473561228197,-0.787215318240041,-1.36564693924801,0.480421312854823
279,55,1.2502674971059,-0.209818696954855,-0.668762085332334,0.864070507661075
280,55,1.30155154593274,-0.703770861105248,0.597229442712123,-1.48317560033461
281,55,0.536043711310915,1.22083983660601,-0.573968137673975,2.00635921641398
282,55,-0.16725270089534,2.00588635242775,-0.807105118360501,0.153761726339183
283,55,0.699459710968214,0.152981251368509,-0.759633634782638,-0.546949034066312
284,55,-0.310912798574386,-0.252558664818997,1.69704203088408,0.757025426291064
285,55,-1.00415825095704,0.988380074690402,0.513236488091456,-0.288479552326777
286,55,1.51852262981691,-0.627489481029167,-0.444919272493046,-0.42428242741201
287,55,0.0396161381203085,-1.47686709920587,-1.19748704874731,0.31598375399265
288,55,0.173241564260451,-1.28458180595201,1.58026181513149,-0.387888818943765
289,55,-0.932298994724775,-0.0558785391621048,-0.0307533397478717,0.26262191182611
290,55,-1.00940787001057,-1.14873984679883,1.78793106705672,1.47365952299391
291,55,0.622540339700136,1.53096272140745,-1.77211570970945,-0.160295002340298
292,55,0.868317102485969,2.54106519564287,1.77172055710658,0.158857785424033
293,55,0.756784310981732,-0.691575959854229,0.141558875590406,0.470750664813783
294,55,-0.78017680661359,0.204035836261321,-0.06032780717862,-0.579786169273777
295,55,-1.25137946612462,-0.364009081245535,0.659799141633352,1.68894840538027
296,55,-1.21666401117609,-1.2759002309586,-1.65173963033909,1.40204857383004
297,55,0.572379426723164,1.79520204398435,-1.03406941464928,0.343557732624809
298,55,-1.10930105061697,0.941431195126112,-0.470686539953695,1.96366226242706
299,55,-0.812296806079112,0.508269845399805,-0.825448995358988,1.83633442107853
300,55,0.208640412372608,0.922116242314718,-1.41126697968002,-0.193434751760601
301,55,-0.257736058760467,0.0296610527383747,-1.01131350497188,-0.894443455830358
302,55,0.154737609014901,1.5789015589711,-0.408586039327466,-0.652568627945773
303,55,0.607146941762809,-1.02123039331262,-0.950617752830416,0.182784543401992
304,55,-2.11722417355226,-0.470729347987219,0.46971417756507,0.172122632118802
305,55,0.467948081081972,-0.627374981642944,-0.589242180241275,-1.29090441553588
306,55,-1.2865455892495,1.14323882337801,-0.507373356046514,-0.597770413590637
307,55,1.28822076167062,-0.466169946027393,0.234815402786198,-0.103426178154965
308,55,-0.963217067329963,-0.475726675047425,-0.239726602331758,-1.17297059240809
309,55,0.123366113876209,-0.75144106151073,-0.848136775964674,0.13803004848407
310,55,-0.589150153091018,-0.0213367451620901,0.353650105800198,0.177839444663938
311,55,1.74529710984203,-0.0547052990663281,-0.22118670409225,-1.79549731775085
312,55,0.140172194837232,0.596396548990925,1.33479277967602,-0.0246182796360389
313,55,-0.80546828490368,0.410014514089439,-0.265225112744994,-1.12330894488599
314,55,0.56579506005281,0.661336970512713,-0.262721493734575,2.17550142328895
315,55,0.672318905249088,0.250374143952529,-0.752240120978483,-0.913774963501341
316,55,0.982484105428373,2.3010555236412,-0.154254859880534,-0.277209744736652
317,55,0.830180400522065,-1.94418096452088,-1.25175553765934,0.871734318935938
318,55,-0.413486217027696,-0.713921598625936,0.096509705954431,0.350419471497507
319,55,-1.57093518057582,0.293356606808386,1.20078183571916,1.40373635913179
320,55,-0.99837161358612,0.157209556298836,0.332795309408629,-0.783258575317681
321,55,-1.59696702529905,-0.61840599628652,1.46771654645795,0.270730960269741
322,55,1.11148559403295,0.0366838289497677,2.34540421109691,-0.439262439063533
323,55,0.531143853852968,-1.03331837092758,0.106075931447931,-0.500008949727904
324,55,0.471214211539738,-0.38912082684454,-0.618608097851624,0.695948335285216
325,55,-1.39084370753134,0.757962294346062,-0.580254557802244,-0.739976532554045
326,55,0.0853858927053088,-0.722467908140627,0.56191531008667,-0.470642944500261
327,55,1.38214000386351,1.2092199417061,2.41896157178046,-1.93086607287079
328,55,-0.637021718564476,1.21082438584792,0.179510268422923,1.1151401238564
329,55,1.0180646377763,0.247139901544422,-1.26317721604542,0.0635772073583839
330,55,0.0559928007786282,0.959198995648715,0.0656942856367332,0.96575025958885
331,55,0.387395460317767,-0.338671384132949,0.779598150319714,-0.224793585065518
332,55,-0.67597888518283,1.84351556530373,0.918185798340579,-0.431636966801502
333,55,0.970259243577042,-0.155306507102924,-0.828625201393081,0.576324319917238
334,55,-1.54725632632917,-0.698585087422977,0.372501233428289,-0.818511397753432
335,55,0.817830517830544,0.24216326579048,-0.869456711309137,0.794693154408359
336,55,-1.83734593268488,0.190900515699454,-0.450060609113157,-0.250486150543561
337,55,-2.02737449221341,1.16165031308631,1.60317872286309,1.65923827877282
338,55,2.04270823821726,1.14559631950914,-1.67605239929864,-1.39273553785579
339,55,-1.5914006722337,-0.0386377995451642,-0.0354008785120287,0.226597516927952
340,55,-1.23495454028043,-0.231264785049466,-0.186261478166318,1.74019202546604
341,55,1.20088948282728,0.223791819341525,-0.967635951613405,-0.283718497321238
342,55,-0.405301494381925,-0.988632512947304,-0.436742826163285,1.11949716318871
343,55,-0.196970556595782,1.4519579342176,0.594649736654973,-0.389736843009828
344,55,0.12495218086783,0.43903643928881,1.11656639271026,-1.00469661653686
345,55,-2.14031268482918,0.522950077501461,-0.31791803527478,2.27497879236682
346,55,2.51976488519966,-1.56131178227596,-1.23246088698656,-0.848311321589121
347,55,0.0114687849057593,-0.570882207275242,-0.27541838535538,-0.676268243585709
348,55,0.239870469684365,-0.83437563821277,-0.707913969832287,1.6210446200025
349,55,1.11586115602882,0.542714635627687,1.17859691263426,-0.244155055220733
350,55,-0.838628172298196,1.52854694469606,-0.450069535077491,0.723956396434321
351,55,0.247866439979704,0.262128428478528,-0.843393970622587,0.696407489448746
352,55,0.97631845190837,-2.69625532503806,0.593164333170555,-0.0376856620111098
353,55,0.0829218417875955,1.66387406881085,0.282715848723145,0.20116151330011
354,55,-0.410955093906982,0.199187417909337,0.64060422052553,0.248471374449698
355,55,1.01442427794993,-0.24624476008776,0.0540798646068734,1.06159097814672
356,55,1.05393858732715,0.0326366873306574,1.4098851329341,0.854565564504233
357,55,-0.122318102618152,0.58627661550758,-0.368105256854415,0.0588254371982961
358,55,0.0807998538354432,-0.369868501466808,-0.249337982707315,-0.176136976943536
359,55,0.327233093675798,0.60215794043957,-0.310017113460734,0.577418816284081
360,55,-0.4389600838455,0.818810608277787,-0.359077287072373,0.0460041303690283
361,55,-1.64811338727231,-0.415367884196287,-0.276326019808384,-0.722138905684105
362,55,0.720229346734092,-0.824541813398891,1.73399389044704,-0.568962043709481
363,55,0.432597181681881,-1.08855811609481,-0.669806740981037,-1.74356209712869
364,55,-0.0664320378387698,0.153855586323689,0.719814503123995,0.266869348265159
365,55,-2.03037200432671,0.868741536171188,1.2913540933774,1.20489947839412
366,55,0.357861019092682,0.640859712895254,1.07623139995019,0.266584525614274
367,55,1.6843820653945,2.04557256190258,1.22850309719324,-1.33258163533014
368,55,0.195651829157233,-1.1093670313482,1.52538730010391,0.382062122869035
369,55,0.522593989725935,-0.637044973675584,0.733522880981658,0.742268688973703
370,55,1.31592595164229,0.922980146659184,0.585934508965055,0.657891828050817
371,55,1.72759364991907,0.632680449674369,-0.270372355083081,1.27313211281349
372,55,-0.0536917585311405,0.739122302556938,0.528686087311337,0.142545116846097
373,55,-0.0154142746317904,-1.27231818543228,0.74383881350367,0.0648722636370593
374,55,-0.234180519867647,0.406885669190659,-0.553439103335578,-1.55579996018285
375,55,0.284857375534115,0.00692933984120377,0.302519093182403,0.966462824195431
376,55,0.025042157004817,-0.273743005129858,-1.12514083065522,-0.116429885482216
377,55,1.61288887260943,-0.207178863936206,-0.392483546942153,-0.578147564970422
378,55,0.275070736846783,-0.446586781593004,0.428388891241168,-0.907103659506928
379,55,0.559683110506921,-1.65170115718174,0.798016272376569,0.801008686941616
380,55,-1.24057309428222,0.94606648214912,-0.755533311654,-0.356745191695359
381,55,0.153656794220038,0.445246576601624,-0.416626066320903,-0.698290060244805
382,55,-0.5685200906557,-0.0558808286825594,1.03253331040386,-0.262068642531733
383,55,2.41360919654798,0.700782157252157,-0.927495863130851,0.582508163023161
384,55,-0.16926429933325,1.54557870005323,-0.0226209572795226,-0.0177826286381995
385,55,0.288374165647349,0.96848940304977,-0.625105697296865,0.217826464802753
386,55,-0.284501254507638,-1.04579108844425,0.0181130614330366,-0.775669308362235
387,55,-0.299922723244668,0.864789391847048,-0.312215130277219,0.686145048697516
388,55,0.879480779095494,-0.322308599691281,-0.0112728873284679,0.497217044912715
389,55,-1.94996680779636,1.25182091681185,-0.091988128297622,0.391893928700925
390,55,-0.8485645457827,-0.918657528909305,-0.840801331124574,-1.29705120172966
391,55,0.707541958391308,-0.734606135457585,0.697468964340206,-0.232522163703029
392,55,0.512352508652029,-0.486576936242526,0.376981224234092,1.8287405574845
393,55,1.75696164812359,-0.308691578195488,-0.654884578057737,0.746364529739388
394,55,0.465525229161104,-0.477898510373797,0.996650228980431,-0.239394672911397
395,55,0.929512732413843,0.90958573754184,-0.0761380118504747,0.600517779046596
396,55,-0.612923656071229,0.594262131198776,0.54497320613163,1.10275927146664
397,55,1.06322984759533,-4.46299024405721,-0.354185379297005,-1.15242045954531
398,55,-0.562971172579652,-1.58171056673925,1.62091226434467,1.31244174469505
399,55,0.414359959407755,-0.623146702361981,-0.0691664093963572,-1.28268823006825
400,55,-1.08105361379558,-0.442221125127528,0.901625776070799,0.437832960648195
401,55,1.38296011048997,-0.548772057664836,-1.0923112107262,-2.53930733802682
402,55,-0.526994878265549,0.555915877837417,-0.867434368248928,1.90605442219902
403,55,-1.38553028009618,1.10438661364666,-0.72192779368845,-0.717209319311834
404,55,-1.77689664468865,-1.09189715160728,0.833631318693376,-0.835375431395216
405,55,0.667259460241517,0.364939338574094,0.118725261180464,-1.38416108038991
406,55,1.55294517678805,0.70021952357328,0.27167956862679,0.384224470519607
407,55,-0.113038821399174,1.89194183812981,0.86577938801389,1.35975331197356
408,55,-0.703975974381631,0.302281305892997,-0.638133369728348,0.7422872162456
409,55,1.7066389701942,0.0460028112358871,-0.0450974853492917,0.0703173177587422
410,55,1.48662715950475,0.502225207109877,1.41604824505191,0.412332271491459
411,55,-0.248683824405692,0.498865932709867,1.09016677413356,0.746280064139286
412,55,-0.437877029722082,-0.771142773417408,-0.665494422276535,-1.1229492388488
413,55,1.209385514591,0.100506707464902,-0.280199379379389,-0.923944825055795
414,55,-0.179356043265183,-0.982597846769679,-1.58377912862023,0.296781258382834
415,55,2.43276720078238,-0.901155907662001,0.850385622149721,0.25022555873395
416,55,0.944840565585299,-1.54751151295184,-0.723566967228087,-0.596666199020153
417,55,0.0203516517206684,-0.383123408821331,-0.960985692727988,0.641939877990768
418,55,0.0182400929187343,-0.296070392080401,0.540964718423062,-1.05139168795812
419,55,1.17074834260556,-1.31410054452947,-0.977581363647317,0.245363881826636
420,55,0.434096714101221,0.626456610756052,-1.59621870323217,-0.612213036449853
421,55,-1.02428574274759,-1.43680063382598,0.144959097023088,-0.16367533341514
422,55,-0.409422315276706,0.745166891682657,-1.47708588824111,-1.13585466133867
423,55,2.35918125457839,-0.445590143326882,-0.725909969261706,-0.644040872494482
424,55,0.625102840822391,-2.50704740398186,-0.900782780875396,-0.857469658084021
425,55,0.413441499223909,-2.04308926713992,-1.39980052612189,0.936149128306413
426,55,-2.52074470731315,0.929269452170202,-0.369531754750378,0.232177209946944
427,55,-0.221766941818723,-0.336767473205467,0.0644527879695213,-0.368089296172912
428,55,1.79020637281807,0.0841543770750961,-0.985763796176689,1.45083007641022
429,55,1.17805245023161,-1.94748699474342,-0.1269945525521,0.244876504593994
430,55,1.39166562964156,-0.400639102981207,1.4728851271289,0.277674362218595
431,55,0.374898607344702,1.41482407802035,0.0513164395663372,-0.604575301676941
432,55,-0.510451671786794,-0.290134379144627,1.8444526194314,-0.985073315827977
433,55,-0.353073556772798,-0.104097031028482,-0.881503550567437,-0.0718835617599548
434,55,0.743580135763895,-1.51193199631301,-0.89516290828575,-0.538703560388502
435,55,-0.822986167920907,-1.60869109788165,-0.185853310643389,3.01727261169282
436,55,-1.26581017298846,-2.67464171488026,-0.0492065306300581,0.121904928768764
437,55,-1.83402930324607,-0.0367804974530569,-0.61717489428919,-2.09755197220147
438,55,1.13711343813957,-1.25135413746334,-0.512136872262645,1.85347207766404
439,55,-0.448489674579461,1.15093980233767,-0.0871652557194425,0.267793517215603
440,55,-0.16302938998409,1.16866670737227,-0.464037549521223,-0.033527193422772
441,55,0.786812780988869,1.23614276836058,0.0173162448018,0.857763557862062
442,55,0.591090761981511,0.00124177863060752,0.587102676805944,0.131950567087588
443,55,1.56981085004629,-0.435449930222707,0.0473121294480874,0.35419794308682
444,55,-1.14485918814547,0.660856021855538,0.676715971399723,0.234471337503835
445,55,0.122159579760619,-0.969290698975142,-1.63796996612012,-0.64219616567051
446,55,-0.729725246198446,-0.383323576265046,-0.890235157778907,-0.994897198541706
447,55,0.335955375571311,0.52337451279512,-0.912063808591061,-0.406149893790167
448,55,-1.17409239300481,-0.287028955812651,-1.03932395695932,1.55839969200684
449,55,0.734407354467393,-0.348172653722566,-1.69121044106065,0.228101765812668
450,55,-0.825075289554256,-0.266266885427062,0.229555515067104,-0.0973431932578735
451,55,-0.211513725380569,-0.613864123339264,-0.893196575388197,-2.45154086084337
452,55,1.86027566942427,-0.124067011176767,-2.38732888013079,-0.192174231466846
453,55,-0.448210941299144,-0.550503497424799,0.495891499652055,-1.51420648163381
454,55,0.0335942570946435,-0.834173007215445,0.236352872450524,0.366752194700249
455,55,-0.885185528545321,1.70624214497038,0.0665137744538112,1.67764276243913
456,55,0.958809780800005,1.00721281057741,0.987991738365237,-0.391924770807261
457,55,0.223666630186133,1.91523389071145,0.587967387160072,0.131913720331119
458,55,-2.07797558308731,0.550646439127586,2.48438810011963,1.0739429201869
459,55,-1.0703613113259,-0.757452282820281,-0.448083218533087,-1.25497375016404
460,55,-0.0289588003167849,-0.969464524440226,1.25479180833793,-1.4336443217276
461,55,0.17771096601032,0.599910124692927,0.815020531523828,0.328581830418071
462,55,-0.95254052924215,0.875083169343829,-0.0237006163014609,-1.65999063880223
463,55,0.876095278869915,-0.625373900300692,0.454818793304802,0.336907050689447
464,55,0.932856562435962,-0.048122945519457,-0.936773492267203,0.501921333885258
465,55,0.728272928450615,0.112766463254039,0.589152211548911,0.384917879158893
466,55,0.0129713892834348,0.74590887439117,0.73011955653373,-0.302053609389459
467,55,1.00667450866874,-1.01679498079522,0.421540315797363,1.01902275297628
468,55,-0.371086429344361,0.123552140091708,-0.62476795297226,0.0817117632831302
469,55,0.450854146958688,-2.36681867927839,-0.80969456735167,-0.931498562862426
470,55,-0.847854135803256,-1.24684813677747,-0.955386778190806,0.010992422851759
471,55,-0.855647916752972,0.450254867314352,-0.117295776883021,0.553289511451318
472,55,0.562177718087913,-0.526633163331114,-0.175318936438686,0.856334386972016
473,55,0.924685182289593,1.47445439284635,-0.207194885100618,-0.230924571889714
474,55,-0.4773730078394,0.771387246052245,0.433051764333159,0.613415248747471
475,55,0.403933717674272,-0.0506072071970174,-2.15688574174197,-0.912855944262038
476,55,0.222315692406535,0.892270281380448,-0.127633097420549,1.05504058182397
477,55,0.542795096489381,-1.62928183812698,-2.84498987195349,-1.81357406745155
478,55,0.507344713396442,0.168582100698057,0.847404073221091,-0.853168937820283
479,55,-0.987068291464671,-0.592122082200872,1.00348234259661,0.508709425923911
480,55,-0.518151883681523,-1.12821800054061,-1.67937947738731,-0.122765650958028
481,55,1.17833201600811,0.88949260274946,-0.858943946299971,0.218247773724558
482,55,1.65341677460592,-1.19098510597337,1.10822362258018,0.0849200296833438
483,55,-0.325644071633575,-0.639255458470307,0.901567589417766,0.920998109417344
484,55,-0.319278876359446,-1.3084956877067,-1.74402637907907,1.11262676267293
485,55,0.161456167644065,-0.350369994716484,0.91874872379465,-1.13649639889226
486,55,-1.44729961110111,-1.31582180399616,0.50678834305574,0.072324893208844
487,55,-1.13027512161259,-0.0388754985089351,0.21059083935709,-0.0854813318574279
488,55,-0.147015128093315,-1.07578013070337,-0.747972216971352,0.79023630217519
489,55,-0.537369879659404,-0.24032923640986,-0.701870051398337,0.380837949275603
490,55,0.3111079915891,1.74692123764641,-1.36099370782651,1.03221342777507
491,55,-0.144088058786487,-2.40320177495057,-0.83663385622049,-0.321549723124599
492,55,-1.15408296748018,0.319314265976534,-0.616203695903447,-0.110507121618485
493,55,0.290313734677575,-1.05744650268303,0.284571761609024,1.26699824206132
494,55,-0.197851966983542,-0.394861043265175,-0.247890156670394,0.416751989718541
495,55,-0.82832193087888,-0.2329331116167,-1.29286431522221,0.166278452167715
496,55,-1.17093146523259,-0.151440524753724,-0.438970378127366,-0.844184195629296
497,55,0.450574154325259,-1.04628080641977,0.840690148152206,2.97133429274586
498,55,0.937565152802254,-0.112485385425657,1.04864329012342,0.184992064375174
499,55,2.3861725200897,-0.597139533937707,-0.934539727661651,-1.00053042953323
500,55,-0.675017080679201,-1.04842591364294,-1.20730728891463,-0.476059217974147
1,56,-0.557968152973608,-0.297145011596732,0.531774306413223,-1.97087320562096
2,56,0.500229620068876,0.957583860857609,0.628966730249728,1.43397551553908
3,56,-2.11844883004646,0.970364506586516,-1.18873076691788,-0.0845410547538747
4,56,0.579394329253113,0.923679442693181,-0.652271557914279,1.13813881239103
5,56,-0.401043734144351,0.854197563393511,-0.803982729942362,-0.104594535247742
6,56,0.0543114003761073,-0.28404273695987,0.794759781415188,0.910595902533386
7,56,-2.55527363223728,1.11556502676849,1.07746537854552,-1.05001709852936
8,56,1.12832724214566,0.868444176494596,0.226614513748885,0.573666280765984
9,56,-0.184045821333269,1.32004359736975,0.7735166000806,-1.63833264813428
10,56,-0.507670522269373,1.54251372524795,1.56986047150097,-0.0290393997739949
11,56,0.189324034254967,-0.773655996986877,-1.10176437592781,-1.09554481930179
12,56,0.0232572249845836,-1.47157875461193,1.47046813423304,4.01967070398382
13,56,1.50683740682442,0.295492369784451,0.363416897173941,1.23704271424045
14,56,-0.82992610108619,0.540305993409444,-0.120320167216283,-0.538562553006609
15,56,0.908130291632367,2.35834311050689,0.126331130948629,0.680329486661748
16,56,1.04407533730677,-1.10586924813383,-0.269251893868438,0.790222021301475
17,56,-0.0235471555278395,-0.540257200790386,0.547230539519363,-0.410218333083848
18,56,-1.23483628768479,0.622995238598713,-1.24569134430989,-1.31157623355464
19,56,0.505925396666896,0.418014627372008,0.758815019796354,0.385363292644949
20,56,0.148004986299284,0.434857730231941,1.80748802978689,0.3832426788317
21,56,-1.02095000590457,-0.471490957080076,-0.675211220170499,0.022456711701517
22,56,-0.87810104720658,1.87968811003042,-1.98220035886425,0.56265015131273
23,56,-0.596422657977101,-0.106626196674305,1.66731431749051,-1.60022175099173
24,56,0.358632229953461,-0.654629339856994,-0.85748920384947,-0.0494614659151986
25,56,-0.26005142954554,0.373507092239812,3.56374201749419,-1.20432149787371
26,56,-0.102459280846401,-0.324129194826642,0.52302256110089,0.0408338744940229
27,56,0.177489125977972,-0.579138758134013,0.204396420000409,1.12985522317493
28,56,-2.26599905892404,0.601197124583164,-0.165953888859133,-0.370311630389826
29,56,1.48239222869738,-0.305020184879209,-0.643928827194812,0.126608736835635
30,56,-0.401935402067674,-0.24473284221055,-0.40208993450053,0.26531808850417
31,56,-0.44269996080725,0.0320387556673677,1.388247301295,-2.37974606445927
32,56,2.78456334680472,-0.296804488186678,1.28115955228887,-0.662756982303999
33,56,-0.257476279991642,1.28254218300596,0.823694541655555,-0.05961319759913
34,56,-0.17226316542028,1.30400863995554,-0.914470885925291,0.17670375620309
35,56,0.157401315643072,-0.0327836925827986,0.615004780922534,0.534896023180901
36,56,-0.997259565428581,0.904546245041875,0.108895748449864,0.302026053426289
37,56,-2.24485396632661,1.94645151582484,-2.40219868536879,0.635833760797709
38,56,2.12639794035505,-1.5884918587515,0.0603232669422182,0.335566620539
39,56,-1.4153062728789,0.719438130221305,-0.161117855391434,-0.0980510714115076
40,56,-0.885932611911795,-1.88091256463527,-0.713881328217811,0.146975191433808
41,56,-0.818080309857111,0.891311967729573,-0.121701164288598,1.78314075245084
42,56,-0.133086586103838,0.168950368282763,-0.629021248953036,-1.69664476788209
43,56,-0.120026926128685,-1.28775069816691,0.642189768168194,-0.806792427862562
44,56,0.371431427161835,-0.975905331560667,0.584289772964343,-0.262852927811604
45,56,2.20534483583186,-0.261101561449719,-1.33251766705411,2.24268080529627
46,56,-1.03595229427365,0.550580719879976,-0.363846377280273,-0.767086573446525
47,56,-1.39366424125361,-1.69121896715304,-0.556022734522346,0.0505571815382755
48,56,0.701001229760526,-0.69404211235554,0.607362404657276,-1.60579382422935
49,56,-0.970960803045071,-0.98592214439302,1.58236782964655,2.12376125148465
50,56,1.9269891522328,-1.00753335224165,-0.203314013083567,0.813458910578911
51,56,-1.02492282282039,-0.263343222190312,1.73748039783335,1.46166308803932
52,56,0.59228796427194,0.368279399758536,-0.589230018029009,-0.182481465734281
53,56,0.757984035121232,1.15723117306423,1.78488696624927,0.345991627922502
54,56,0.497707513682171,0.169248793029714,0.583537836815691,0.89180916139637
55,56,0.0924312963017711,-1.40959547965236,-0.752035497671651,-1.60937651380891
56,56,-0.00854382190680025,-0.141274235698147,0.114499130722183,-0.499954280778365
57,56,-2.70625860025165,0.802927215057073,-0.360369621428438,1.97331736296207
58,56,-0.567233783393965,2.04775360845491,-1.18731961845936,-0.371071937715149
59,56,-0.920010761634787,-0.454551692049466,0.168519013073271,-1.4090384214672
60,56,-1.25033102670572,0.395320259503134,1.52650793928926,-1.26598379664637
61,56,-1.10500909814655,-0.218267983441881,0.0313110658500979,0.253812102096985
62,56,1.13479801138691,2.14407304081737,-1.28769212735753,-1.31094045963749
63,56,-0.902358920900275,-0.109371958560256,0.134440374015179,0.371491900882876
64,56,-1.20555595841512,-1.0740251845786,-0.324290483465652,0.724645537216757
65,56,0.555025868982259,-0.523601004614588,-1.4841380146947,-0.500226205587133
66,56,0.811828976869804,-1.63837794397212,-0.472826009074071,0.322343539540609
67,56,-0.0896225661199896,-0.912081909774191,-0.804733431848168,0.475749620999497
68,56,0.0692911335842545,1.25531353040491,-1.7074185115557,1.05551504863582
69,56,-1.54501989257689,1.16721214619565,-0.591868642247494,-0.88906619113965
70,56,-0.401435191101405,0.385922299434416,-1.512174595458,-0.199699254393859
71,56,1.2330152741032,-0.194942899077941,1.95755911412332,0.330188929380965
72,56,0.433467638956806,-0.880136315794373,1.71853973316207,0.493145580585032
73,56,0.955842786129186,-0.0850126995905713,1.22794677980658,1.23474301308146
74,56,1.99438535829323,-0.383133287700213,-0.149155108758316,1.04346848612182
75,56,-0.246057715339313,-0.0287555905951505,0.388013381296439,0.165868448550329
76,56,-1.50907309006207,-0.323161683978536,0.949566225434665,0.0146885652329937
77,56,-0.905165675447455,-0.13277815893652,-0.866016485416379,0.75610664360313
78,56,-0.648491906960582,-1.50941308276055,-0.96571456184754,-0.803655902540726
79,56,0.976327577758488,-1.67416996498875,0.476702338635474,-0.533975577986099
80,56,0.572433605047045,-1.80507877202065,-0.754535885625312,0.241278374656073
81,56,-0.243534069824718,0.0389891736310204,-0.293310271452287,-0.955278776372239
82,56,1.82713990478112,1.16568275080196,-0.49022038613338,-0.574522500789697
83,56,-0.461010593621276,-1.9477431510412,0.990580395004442,0.817681762506518
84,56,-1.27508706003737,0.519467515384722,-1.28354444788253,1.03134152628772
85,56,0.0592689745277102,1.45767109679011,-1.2917523611793,-0.250979192790901
86,56,-0.647626074708138,0.0437161530670981,1.55349417219084,1.70784378826295
87,56,1.02968471922437,2.99195853862247,-0.790946323217064,-1.40816352205823
88,56,-0.0152531231493169,-1.15520578997138,1.53863935295034,-0.452065325752917
89,56,-0.464899135258106,-1.34239941237688,-0.735389135376005,-0.256634994903767
90,56,0.445030191871043,-0.350980489916964,0.404529894463021,-1.05694470652934
91,56,0.0611932317167969,0.402475756069994,1.74038431775763,-0.61114579585396
92,56,1.05884381882202,-0.242908831796214,-0.341288542129917,-0.10893252333317
93,56,-0.427457509001915,0.924029256904125,0.434725670010684,-0.46403883309954
94,56,0.00727261133682972,0.330045980164773,0.78655181893924,0.674336293963072
95,56,0.0566116245557599,-0.576564674921827,-1.1202234381317,1.28828931051006
96,56,-2.18248970917156,1.42178286880933,-0.644312982432777,-0.652966552631224
97,56,0.788685853093157,-1.69932177337928,0.621309701030201,0.174137551739385
98,56,1.11585669292551,-1.45433115483046,-0.906922264888976,1.09338158045292
99,56,-0.879375835276045,0.103042238558034,0.126523587392104,0.0826891298738239
100,56,-1.16195398154033,-0.248674257974246,-0.544013759071837,1.4298032868974
101,56,1.27014220831883,1.70062949779064,1.11735376727962,0.656070257673851
102,56,0.290539466610678,-2.69222821808703,0.951576042438412,0.371135844939697
103,56,-0.357795163774325,0.854758505517745,-2.56044601459077,-1.30469044540726
104,56,-0.9391904413683,-0.882897664755464,1.34872454422202,-0.325162144573508
105,56,-0.243409127551332,0.711337892497048,0.262922816793376,0.137591749176333
106,56,-2.20490138696463,-0.0219389940053481,-0.552315998491026,0.396455060454018
107,56,-1.34562979892156,-0.0279623332400207,-0.334374676325979,0.413162664652999
108,56,0.640685325962269,0.99664219554854,0.696764316850225,-0.224307153538626
109,56,-0.64526129719183,-0.216261440507713,0.743221073513402,-1.4056599094981
110,56,-1.11527171223211,-0.609694107039181,0.161101616055087,2.82553752225672
111,56,0.304793555353265,-0.856557795282852,0.605506619252011,-1.76655776009148
112,56,0.193154483525932,1.08499913506612,-1.43313108241893,-1.21580319781415
113,56,0.759394872055103,0.12813134708642,1.54013695845002,1.36759734580492
114,56,1.25503334456563,1.19005240805379,0.896700165399185,-0.955337396860747
115,56,-2.54661454756488,-0.477777598815045,-1.73933433157685,1.01349752931489
116,56,-0.72069551441805,0.932237775164,-0.723722669993777,-0.842521303324996
117,56,-1.98656410793689,-1.48307387363581,-1.15137835157235,0.16571111958445
118,56,0.0722525771039866,-1.49384285341396,1.79799175265668,-1.44287475216329
119,56,0.579205372703902,-0.260291584292029,-0.0924564932557983,-0.781390652760445
120,56,1.50474385931974,-0.917566174592297,1.57066859063101,-1.25881903153762
121,56,-0.104570825837956,-0.367270475543622,-0.351263772089477,-1.52908125522777
122,56,0.201025889174239,0.13716140679032,1.3871119713154,-1.0343986587904
123,56,0.621021497747806,0.581545280262513,-0.987188278313496,0.978707245793945
124,56,-0.989427816764485,1.2435498902298,0.453263193700633,-0.7558745273773
125,56,0.0320626133399435,-0.38935693414242,-1.53382808665867,-1.57398515798701
126,56,-1.18365431943455,1.29745312216754,0.0076984819052993,1.90949875476211
127,56,1.46214099426806,-1.47859469115051,-0.217227781121155,-0.609178529103279
128,56,-0.180453075498516,-1.90180676098999,-0.125884141216856,0.269787698993607
129,56,-0.265825100574587,0.931548210871883,-1.51339632944197,1.93979591700068
130,56,-0.173425506570364,-0.375098389627369,0.121139758555947,-1.1391863704351
131,56,-1.51107295573444,1.5493480248805,-0.385597712614436,-0.274421992723605
132,56,-0.52354402209706,-0.811500749321972,1.16957409401298,0.856493521369556
133,56,0.223946221292281,-0.352304860758386,-1.92784571776619,0.553701641918496
134,56,-1.57150701109401,-0.153268697915591,-0.647572336099289,-0.634124196213665
135,56,0.337472928368259,0.686820290201184,1.78666957699088,-1.62302471519655
136,56,-0.602973456757719,1.64712008563239,-0.809156307056758,-0.319660940746085
137,56,0.847535977213518,-1.60338439881355,-0.0700710931815085,0.437134614775466
138,56,0.238142239759823,0.0342983202232557,2.27058900962779,1.39840225860128
139,56,-0.605343572173755,-2.04935194525939,-0.278377971181423,-0.535590630202182
140,56,-0.800762274396864,-1.19043977993811,0.309389883259188,-0.381914888261975
141,56,-0.573389961173208,0.436321252144377,0.169715303720249,0.785708583628677
142,56,-1.59638915806248,-0.703339373611664,-1.09283820203263,-0.422198035811693
143,56,0.156288686051004,-1.50540790821284,-0.302046770208729,1.23173397961645
144,56,0.509013994157459,-0.215627867372231,-0.181045725616798,-0.156442698498126
145,56,0.48622685190098,-0.616265714246223,1.02979815413285,2.04729537437512
146,56,0.57837360213004,0.682515496760987,0.419035839758661,0.72502194064703
147,56,-2.67279590540257,0.13777590077849,-0.27132902634828,-0.077109071884478
148,56,1.63415276149419,-1.48337072766544,-0.619620120435784,1.29982976756743
149,56,0.411037658561845,-0.939581866318179,1.25228020601903,-0.0435707983202678
150,56,-0.620674904206055,-1.11612391900221,-0.726202947929469,0.109731006392863
151,56,-0.176657530815723,0.611974833927501,-0.949394352208716,-1.09137033233296
152,56,-0.756044277784417,-1.33845379052327,-1.14008467912824,1.78672004319938
153,56,0.471508549112085,1.91496878265449,0.553644921313115,0.153951377181461
154,56,-2.03132546909144,0.805834721289129,-0.629848193998088,1.27527798860757
155,56,-0.478430321721878,-0.173138253993754,-0.638804954433605,-0.280951031037368
156,56,-1.31112178815547,0.924281348258783,-0.428132144828113,-1.94090124951961
157,56,-0.673506927499145,0.546385870659313,1.48997799784805,-1.70172450172787
158,56,0.560968239611628,1.19399601659125,-1.57423160900956,-0.18602433443823
159,56,-0.453742111797682,0.938844123669932,0.196071520669737,-0.300383813404769
160,56,-1.04462075194471,-0.989632901397407,-0.369466861457836,0.51526201367247
161,56,1.85119586093601,2.07722104610106,-0.950708937705079,-1.97734300958867
162,56,-0.138332380874479,0.512409027349912,0.529124417065223,-0.334682689691095
163,56,-1.61672987040946,-0.33128529484339,-0.28100313945674,-1.01180933838514
164,56,0.172814899386534,0.194371204829253,0.0942318726730635,-0.615675822499493
165,56,-2.05841938127881,1.04653733698213,-0.936673431843368,0.295294195783264
166,56,-0.908046153900745,0.46539593138967,-0.407900050729834,-0.372241783637599
167,56,-0.535606977474541,0.112236778273546,-0.677151922203956,-2.5454464603749
168,56,0.230188444246073,0.347460401249532,0.982993655637167,-0.288973617718481
169,56,1.60692199214914,0.13761345794324,-0.087478606782583,1.04626939831953
170,56,-0.585913871258502,-3.39984573511909,0.702324084878324,0.000272391692231361
171,56,0.579161515841245,-0.774566650810674,0.62461660023931,1.07349503616686
172,56,0.677613707557118,0.189374051837361,0.46772425767184,0.677495591125671
173,56,0.704251966745606,-0.545779578674046,0.69640421493964,1.6520449494137
174,56,-2.1163143632621,0.563984329335739,0.213423497601734,0.383899173853436
175,56,1.15906151991666,1.14161756925709,0.377558166116161,-0.671487017113589
176,56,-0.426992256018209,1.46856539724665,-1.76781738673622,-0.192085984369534
177,56,1.35868371230785,-0.967223188016274,-1.72587880964403,0.530649391619883
178,56,0.856649541601453,0.474863464523579,2.46862525152534,-0.16179714286283
179,56,-0.582290906746968,-1.50546944345206,1.00442059925252,2.10082236174969
180,56,-2.05009416531063,-0.183768706073919,0.386672637072163,-0.229651905734759
181,56,1.92058627074947,2.18240570003901,0.195036512595824,1.49624233132744
182,56,-0.410406472116669,1.19201022865801,-0.304453271517987,1.09703288463431
183,56,0.247004533401734,2.44793654917407,-0.46096278051908,1.29912336032175
184,56,-0.264851662560953,-0.0947836734341882,-0.993004014905563,-0.510084728070556
185,56,-0.648017938454063,-0.390382751618625,0.304210225315674,-0.544990653792051
186,56,-0.978109864659013,-1.9465210299188,0.368962391701381,-1.17857885232518
187,56,1.19161156307914,0.948313058253052,0.776399190052111,1.08329144816985
188,56,-0.844167653062224,-0.21923800288195,2.0934258101247,-1.05898577082488
189,56,1.06649339646527,0.432552931315369,0.769935352621432,1.05182653314409
190,56,-1.61287918908432,0.0200917491022088,0.103442881570682,0.819811249930913
191,56,1.08855488282398,0.489902489605169,-0.113880646581497,0.088086767479694
192,56,-0.847049004003974,-1.05418184958211,0.455061596091386,0.176981912811356
193,56,-1.32184247460925,-0.676930013481457,-0.589362350425098,-0.221349084378805
194,56,0.775503011827214,0.805066389781649,2.14701203574475,-1.09475382100614
195,56,-0.428748396782127,-0.865391326705335,2.76089789542319,-1.16241971871709
196,56,-0.531806572604204,-0.261653689560677,-0.353819510835502,-1.81741755868954
197,56,-0.079211784022957,0.494178243220108,-1.07838672553779,0.35975658122561
198,56,-0.559077669790117,0.22161036119604,0.793167796631848,-1.16475872532639
199,56,-1.5471517628428,0.338030003626631,1.06979396302481,-0.468769599395808
200,56,1.5810023694289,-0.0179517950532767,-1.29745004449414,1.69721021116199
201,56,0.80010149227823,0.0363446004170409,-0.511934598783522,0.71399961652577
202,56,-1.25902894616603,-0.487791590218469,-0.152685206113573,1.48442665312058
203,56,0.821163979059264,-0.034283904236917,-1.05318868619609,0.90016609683617
204,56,0.321661523387718,0.244233487324838,0.609217807311217,0.31189185714876
205,56,-2.02351091521558,0.56461943975751,-1.52821580340774,-0.144340415409272
206,56,-1.63587329538182,-0.338974335492015,0.859811614154019,-0.974273284404776
207,56,0.362160090734004,0.158947602531753,1.62121873814001,0.792421725812805
208,56,0.576120798794979,1.23168256567054,-0.382770035668029,1.88158074253517
209,56,0.561911603011877,0.45026640049738,-0.741245870166988,0.321190910905054
210,56,0.844097046925505,-0.145991490659302,1.17022207761816,-0.727608140575035
211,56,-0.559893804740621,-0.302633314450751,-0.729116748399475,0.0984105579063299
212,56,-2.930468168124,0.528237265465754,-1.04305844665379,0.376535756352007
213,56,1.61886417141559,-0.553360389280437,-0.396791163736078,1.37985961268427
214,56,-1.00572643324592,1.20184230238879,0.710091280682179,0.866965814012248
215,56,0.442222323585041,-0.209975875926972,-0.447432820315901,0.556889553479364
216,56,-0.136614788208519,-2.16037544165115,0.369681091746766,-0.88625249123486
217,56,2.19689177394586,0.279641007011917,-1.1473264883669,0.264843075295927
218,56,0.634174437315664,1.53251511852481,-1.06996924000096,0.622413312681349
219,56,-0.0566823277592301,0.0924343408282187,0.551544389858547,1.68426565820695
220,56,0.668369612073835,0.540459586357814,-1.40733589738841,-0.726102372139688
221,56,-1.11445544721023,0.756442012582971,0.501143565847631,-0.0598372027710307
222,56,-0.821442285235772,1.45121103246345,-0.808836060109557,-0.679641865909752
223,56,-1.07528884488524,0.37493565689356,0.511162406805195,-0.155229623341488
224,56,0.79910045283121,-1.64712690224251,1.4081975545888,0.842523361706204
225,56,-0.636269981027012,0.730669375324577,-0.699253085597897,0.497195830540048
226,56,-1.63707924779969,1.88545360000274,-1.25954557764107,-0.227341435210904
227,56,0.874677870923518,0.0898293416046006,0.632028703553781,1.94429176509007
228,56,-0.668823985588213,-0.232689937692886,0.168025625050794,-0.225766511024091
229,56,0.401200644238045,-2.05102633496424,0.23145309251496,2.87401932996362
230,56,0.249387407305373,1.93829030227289,0.114226889811682,0.605829138671406
231,56,-0.782747101096622,1.83698156954506,-1.15189804782198,-0.739547257914508
232,56,-0.441514579860448,-1.38019725808492,0.521338425815537,0.192824960461812
233,56,-1.44058455431041,-0.238008950037399,0.335740637931242,1.50815817958468
234,56,-0.0801611503730146,-1.67501735502614,1.56329356347393,1.89007422295489
235,56,-1.23062344047287,-0.454571563568162,1.70780108070637,-0.0290719664102604
236,56,1.10111694720165,-2.48281155606116,2.20330507232976,1.45001731027435
237,56,0.988756096348426,0.326092291452984,-1.46630788298334,-0.650235308813114
238,56,1.35403058943609,-0.655281275845708,0.228050716109911,0.00760562526281093
239,56,0.854173969910736,-0.816355253943421,-1.06482626873807,1.15394045718299
240,56,0.423540724013699,-0.376559668958452,0.69134350501847,1.032413816355
241,56,1.42820050581534,0.13205416133085,-0.361793041811727,1.37498149573819
242,56,-0.580072919462953,0.702885001727162,-0.918101106354082,-0.191764640512556
243,56,-1.87687445730426,-0.80151148239217,0.0913819935638197,-0.714467003585672
244,56,-1.28879325664197,-0.449569635695664,-2.0080456942166,0.590367721733349
245,56,-0.661379650391024,1.38892198199755,-0.0345072555224402,-0.62897797457791
246,56,0.470961136633714,0.103748308813286,-1.43690723583793,0.391760479052995
247,56,-0.382819724499088,-0.881776095023044,0.213122572984862,1.03764715771779
248,56,0.769356122982495,-1.78865945144204,0.0910373119067791,-1.70786789656951
249,56,-0.0256117479058047,0.852675095239763,0.99891293586969,-1.64198300386381
250,56,-1.84414721935541,0.488831617134257,-0.491099737249703,-0.917709161425576
251,56,-0.162539531122399,1.1453816806481,-0.787938947821604,-0.615378052406281
252,56,0.784929682717259,1.52422758081249,0.8484226518814,-1.3318585480953
253,56,-0.149384965293239,-0.652405500706156,-0.998816490624377,0.0589316674897856
254,56,-0.910923321543229,-0.0507358198915454,0.397779451801403,0.0518618647752756
255,56,0.117965283573431,1.19498770305481,0.874893951203943,-0.0368051564205191
256,56,0.466074763068604,-0.877164721874918,-0.0234473909377819,0.609738647635014
257,56,0.0775865432723628,-0.172343838851631,1.03719421852211,-0.285168759312747
258,56,-0.435857903318942,0.175682746324049,-2.21344301261367,-0.640650714419064
259,56,-1.60196133462393,-0.751678278538754,0.196332079440124,0.693901322858252
260,56,0.288377102150833,1.34432217307029,1.28974429194518,-0.204889071736765
261,56,-0.501141203212394,-0.178580486510055,1.4619885271903,-1.20224569442264
262,56,1.10235417533695,1.5147629121944,-0.169614014448376,-0.976454283578049
263,56,1.55003560351041,0.438321110822327,-2.10581193223951,0.493763204377551
264,56,1.02487816534395,0.198440454746505,-1.0535810556517,-0.640101399433549
265,56,-0.0596188657341444,0.505724190061057,0.360231123609594,-1.92419741283937
266,56,0.992641898761451,0.615880730642852,-1.21330664990595,-0.0625408612740203
267,56,-0.0754234871272186,-1.54518079394033,-0.287607413637416,0.056077594143818
268,56,-1.68334731568532,-0.793745150070354,-0.365690509487626,0.401338730532179
269,56,0.780879417279566,-0.434216974505667,-0.790658891756729,-0.054006677283646
270,56,-0.422303341108079,-0.92424987526135,1.10686459005367,1.18956032505004
271,56,0.745139029633876,-1.34621543105104,-0.295696405680608,0.433807738331091
272,56,-0.388372014378357,0.110482795549083,-1.00481830967031,0.900399064770197
273,56,0.681564648934862,0.643461911610654,0.158058813920569,0.172878500865711
274,56,1.41044333496906,0.0644108400058445,0.864353274156618,1.15933837497999
275,56,-1.86547290761831,-1.03066545840306,2.15119216489234,1.44503227545295
276,56,1.16044946702174,-0.666495034096429,-0.664763938679926,-0.133328995196798
277,56,-0.732988344468288,0.614632814803869,-0.406990248775773,1.71216691493771
278,56,2.97110880325912,0.441002247397341,-0.423027464155422,0.425635316638894
279,56,-0.823505582274462,1.81650431410723,-0.562608418478921,1.57920376760393
280,56,1.15397840552431,1.78701071147031,-0.908406926988821,-1.62439073204659
281,56,-0.13765613212891,0.836665561961806,-2.37995901973337,-0.842937106280314
282,56,1.39792002052889,-0.904122512029223,0.368494889356993,-0.216660545767498
283,56,0.870910956700719,1.89870210679068,-1.23577303047637,-0.494186560777455
284,56,-0.363867045029933,0.731316964849061,0.764127586418222,-0.581640556220676
285,56,-2.35499435274121,1.23092067405766,1.62832885808625,-0.318178323242778
286,56,0.322917367865913,0.571864250457063,-0.279589435428248,0.0586559491046477
287,56,1.05073793570718,1.14109337279506,1.105452628093,-2.29143827499357
288,56,-0.725592823636905,0.296200895907565,-0.719333378528111,-0.6891903999411
289,56,-0.276134864828019,-0.776477145990206,0.19544419962676,0.201516910786763
290,56,-2.86074788812026,0.193995060723293,-1.87773725045273,1.34335518047299
291,56,-0.394738786332412,0.119252518439451,0.775279385036699,1.97132526822792
292,56,0.647417373353024,-0.9741206412483,-0.0124107846505076,-1.62208973036816
293,56,0.232960722707738,-2.52950009325574,-1.97845098762919,1.92020548855462
294,56,-1.45600006300487,0.498794283344185,0.394411406226796,0.978917883116055
295,56,1.0140310656269,0.785700318629812,-1.43892387145771,0.469917496413911
296,56,-0.624367288194956,1.13484072740218,-0.322503500039328,0.972212453270646
297,56,-0.597629920477807,0.321823794208872,-0.360254361509641,0.778897966648112
298,56,0.682787947990528,-1.62299602761457,0.442291829293147,-1.175863439144
299,56,0.651646308945551,-0.476324504063352,-1.23266170202998,-0.0961161100346653
300,56,0.314680259395311,-2.22558052795923,-2.33755522666089,2.08219706502978
301,56,-1.45768851599731,-0.435519468628105,-0.436806516284212,0.632057403366306
302,56,-1.16815071520539,-0.494818589847341,0.234652383942721,-0.554891547044461
303,56,-1.09169826541489,2.05042750912943,-0.293707068276747,-1.04491597368277
304,56,0.638246586985211,0.417157732272236,-0.239150498381258,-1.0288698148805
305,56,-0.898967073713186,-2.23724617251113,-1.03860149568996,-0.857428991061568
306,56,1.08799197452395,0.795925157148572,-1.93163657358145,2.11101698628001
307,56,-0.0829939551222332,-1.03068083952901,0.600990096300393,-1.99203261020618
308,56,-0.982949270882774,1.83732181614196,-0.40130585506932,-0.00293909781082001
309,56,1.30983941160111,-0.394191642713005,0.759155694295911,0.820869490346028
310,56,-1.1127584398624,-0.198489617068553,-0.392390972268622,-0.877668074364839
311,56,-0.108933899247434,0.737334233207072,-0.0932008054170283,0.669436947522663
312,56,-0.697403930902147,-1.57456901930217,-1.89152859159724,-1.18471959941608
313,56,1.17608313546871,-1.15205507417719,-0.647552162948452,-0.389061728773539
314,56,-1.52187921620742,1.23819423295591,-0.393654240272371,-1.53973015513126
315,56,0.643362310251259,0.38790647476151,0.0633959261529954,0.527996712221991
316,56,-0.943471363504837,-1.60322417807979,0.836971195221585,-1.05925641722136
317,56,0.00402712907918273,0.266664256428882,-0.640996418900992,-0.879582986748973
318,56,1.05690834895819,-0.306314401805085,-0.613021477516388,0.882332276115304
319,56,-0.580071355427057,0.611317924709024,-0.97774137579317,-0.339079116089084
320,56,-0.00551427280611107,0.498461939826814,1.25101387670798,1.30896628015567
321,56,0.944987347368053,-1.3659387435169,1.97691702601983,-1.34583399930675
322,56,1.58690921823236,2.70637608978743,-0.682510021298703,0.230506980709562
323,56,0.289059344242251,-2.26032016864593,0.772636183811882,-1.27511824357089
324,56,2.24337931400406,-1.40695223117024,-0.422474104013841,-0.0593289784517441
325,56,1.25149785383165,-1.07307927613575,0.471641357804663,-0.369398140259606
326,56,-1.41859563564233,-1.94089577299831,0.271696893644907,0.200710778828975
327,56,0.174229654808369,0.0550398906009939,0.0596042540474958,-0.968905982987136
328,56,-0.842312795745118,-1.57709586987288,1.26842784092791,-0.777947314968697
329,56,-0.90760061110938,1.83027133082762,2.40521850771608,-1.36116325075625
330,56,-0.547459286119402,1.05719037542356,1.23771446221843,-0.399568494648326
331,56,-0.733858310781227,-0.845463585902114,-0.500382795783534,0.417222096160724
332,56,-0.12198947915095,0.102568675987485,0.309858402277137,0.145961439755598
333,56,0.493125691406081,0.577315986630221,-0.663534389428247,-0.262495362099998
334,56,-1.04912615224798,1.23534470514903,0.536083696290365,0.271509599436716
335,56,0.145369240157887,-0.928048635552869,1.08513943526883,0.281894348770423
336,56,-1.00426949317095,-1.19996946909391,-1.18931871155264,0.385136160208257
337,56,0.489177081469923,-0.563311078162589,0.496040391887372,-0.366559070508013
338,56,1.22937020455025,0.781017501699735,-0.343045419107386,0.457042887394523
339,56,1.39501481931569,0.443492800034542,-1.36212879170647,0.410138394197019
340,56,-0.173866608311654,-0.571857619328324,0.900100625326791,-0.0471392506309925
341,56,-0.530835804139498,-0.409914936677131,1.0260351012427,0.00785790587466701
342,56,-1.42974838764776,-0.309198301236413,-2.08435452125339,0.18856920639786
343,56,-0.688363284297566,0.190107334023257,0.728889908208012,1.02599871566713
344,56,0.933588713026235,-0.938415289645407,0.368257726659327,0.256083403145833
345,56,0.273521214493571,-0.316006823920405,1.17490640182777,0.723607365976511
346,56,0.25417849687731,-0.145395895339978,1.36378090024825,-0.849697940053062
347,56,-0.672379080846883,0.252461985460399,-1.1038345924157,0.051721550699132
348,56,-0.183287248637865,-0.622208025938549,0.087175166934114,0.936773856546813
349,56,-0.0490871241333879,0.554117466706393,-1.4254513840667,-0.214734650325048
350,56,-0.389026495465117,-0.630144304370454,-1.69091316434516,-0.195565456955639
351,56,-0.821732227115984,0.358333002743159,0.187154626644872,0.321215826232754
352,56,-0.0885706807620091,-0.331306984718111,0.452251579415453,0.619923803997277
353,56,-0.805994107552771,1.25416912283278,1.26507142096094,0.961110879920575
354,56,0.974915541031796,-0.133898645075319,0.531338203994802,0.42263467338742
355,56,-1.48241570016297,1.60902066796531,-2.44927089465811,1.28197205873071
356,56,1.13266864393418,1.1133279547895,0.707013603476931,1.06274047325399
357,56,-0.665031069031873,0.377282999261954,0.073620936968144,-0.40915656806602
358,56,0.714778461561539,0.643586674531603,-0.0474522567615202,1.03436500498537
359,56,-1.29511258550812,0.300903131997959,0.600501568658924,2.25181207606796
360,56,0.181826929095343,0.828836345638107,0.97390620084732,1.05737376630618
361,56,0.135676975266546,0.131246152684457,-0.292044835637713,-0.669780766796171
362,56,-0.938014337302802,0.260597846693286,-0.265651554897907,0.442466115264539
363,56,-0.0781074171300133,0.534246761305482,1.86153608997899,-0.98176113131523
364,56,-0.593077284263865,-0.743451286906938,-1.05711733083073,-0.684774478001419
365,56,-1.30206868687929,-1.35087444301025,0.727682781412192,0.320866753702963
366,56,0.178479517731913,0.505360515561173,-1.55184481586704,1.71453084399074
367,56,0.617863582311405,-0.663059589800132,-0.867435250494821,0.604765168464303
368,56,0.218324706470488,-0.756627324893517,0.380256287704873,1.989547478328
369,56,1.24914259121163,-0.39550056286452,0.63857106107526,-0.983531705480406
370,56,1.08963832524059,-2.19689262667383,-0.673560570748355,-1.11803836742176
371,56,0.507158451142946,-1.70472443391758,0.486839643202725,-1.95984285086565
372,56,-1.78747989209269,1.69648860523887,-0.274173448972265,0.550056800342023
373,56,0.673753369998323,0.122609730616451,-0.422761028213814,1.17911749259817
374,56,1.69437027326803,0.679054111974615,-0.60076149726823,0.314051026003325
375,56,0.658403259504579,-1.75395265335055,-0.230840694644737,0.451086108905963
376,56,-0.396672896897975,-0.0154546603690159,0.767035612883589,-0.207807264852011
377,56,1.09519319477987,0.62860947008317,-0.676932492606349,-0.310226426779069
378,56,0.633852103107034,-0.327142241457794,-1.0658122282124,-0.956527525533482
379,56,0.888085754131652,-0.539345836724175,0.305154356349872,0.693368753119069
380,56,-0.505156611322326,0.630169136999709,-0.222032138506178,-1.48057098479952
381,56,-2.38582536952586,-0.564143018480184,0.123187169857562,0.312231088645117
382,56,-0.24904136585135,-0.649295783571336,1.49222018878849,0.385892570145245
383,56,-1.2089598596571,0.229300066363988,1.14945266761435,2.19293245294368
384,56,-0.13626478241322,-0.518520166751289,-1.79739350455459,0.507380278330003
385,56,-0.492054789972948,-1.37437431190586,-0.290733364287195,0.735492568258233
386,56,0.525193845182546,1.18841886244998,0.359732008203662,1.30982494765739
387,56,-2.33099867631305,2.2543440153695,-0.803094620668863,0.597741061270196
388,56,-0.0811824702373955,0.00502379482148932,-0.845841977248578,-1.68346028321449
389,56,-0.462269981576123,-2.14802063093392,0.867020974557465,-1.20752128889668
390,56,1.92615234259617,1.2012362742396,-0.935272210751898,0.992629051860154
391,56,1.91136643131064,0.382337086838838,-1.65350712363922,0.94496010007928
392,56,-0.839468314894848,-0.7527711739919,0.211863757657655,-0.182296728368112
393,56,0.0881025309161236,-2.23115340821394,-1.55293341616013,-1.54673279994035
394,56,-0.833910300169695,-0.662815230856186,2.26102394716138,0.308216873442781
395,56,-0.0816539485390486,-0.991032129894361,-0.247977370917915,-0.127183085568311
396,56,-0.509793025596286,-0.0748209759869618,-0.733989330408592,0.929385217103746
397,56,-0.0911387864363464,-0.486142423779149,0.976914744306029,1.04248619967647
398,56,-0.823723224517003,-0.614498244549623,-1.08498127102113,1.53419737806496
399,56,-0.131013730545224,1.60160298367686,-0.887635359827991,0.000498985196999666
400,56,0.220356792453084,-0.244828436652736,-3.62791943714333,-1.15102359250717
401,56,-0.813481483218943,0.1475551558531,0.640671681791504,3.00095601610039
402,56,-0.522810378621752,-1.16301372514625,2.79390142888327,-0.57452853074969
403,56,0.0128538171436738,-0.00722380924686318,-0.292057917117399,2.07717195705869
404,56,-1.66024424791145,0.974430110066514,-1.16885147957366,-0.547500904742619
405,56,1.1433796141584,-1.36140509356667,-1.03883365170597,-2.19349787157971
406,56,-2.33663467048331,0.187270618706158,-0.417056879629254,0.0120586796969986
407,56,-1.49579695780971,0.446762594704748,-0.088716414006995,-0.772588523446442
408,56,-0.428043618741974,0.303385803881442,0.209508473866184,0.419232825054727
409,56,1.46496266816491,0.445844104297144,0.419225352669665,-0.195988731156187
410,56,-0.394502162814842,-0.421114835421152,-0.777781881626343,0.26958164292451
411,56,-1.30451165706245,-1.22884617907489,0.770487970054575,-0.283767672696501
412,56,-0.407779227379542,0.502500071421569,-0.974959875796445,0.741191577914055
413,56,-1.5153339219607,-0.305452197019359,-0.23925941065489,-0.211084645080303
414,56,-2.06008533525413,-0.0197289065975281,1.23674817715646,-2.05772109311078
415,56,-1.67843574763968,0.248404145915985,0.427888665668474,-0.954041586683185
416,56,0.175228187888619,0.422864774058377,0.85473696906787,1.8512183208783
417,56,1.67841672172604,-0.207323459308405,-0.655844317826871,-1.01983569773549
418,56,0.116788389630907,-1.40804259267694,0.234155795981185,-0.159788506663823
419,56,0.253568647666544,-0.864109603793384,-0.925021050568068,0.0915436013648315
420,56,0.470355763203073,-0.309069592454597,-1.2099682568192,-0.641606576901828
421,56,-0.557321381788382,-0.765857606865251,-0.209090410814002,-1.55395994516125
422,56,0.391348065969921,-1.33960568024673,0.328037575108957,1.5190878155987
423,56,-1.48994787139014,-1.44167529480652,-0.287684072619444,-0.43708841205019
424,56,0.665984437269897,0.587037902214567,0.377189760961442,-0.979888785303826
425,56,0.149879056557924,1.59733799744242,1.60767193915688,-0.125802536737077
426,56,1.31766438306987,-0.619329812360175,-0.968568683437243,-0.113047749622917
427,56,2.15144046911277,-1.64128225669635,-2.92971215240016,1.29292999700106
428,56,0.35386612014225,0.308580791771766,0.706738351501635,1.50545369389563
429,56,-0.116741806280665,0.383567668833499,-1.70986897636936,-1.30412127353269
430,56,-0.635422346031691,-1.69275552363514,-1.05106422838742,0.0231389972752216
431,56,1.20618125519675,-0.821564075654332,0.160880853690133,0.245620315654354
432,56,0.962746888568,2.11794489128208,0.815330532289768,1.14259327843655
433,56,1.40915848499102,1.02821121236325,0.697105493203107,-1.20683872734607
434,56,-1.98476911777412,0.201558479511631,1.62854413067315,-1.82349873927847
435,56,1.27785019941084,-0.672686880692193,1.46790312727958,-1.34797520188878
436,56,1.34196086642349,-0.668722928142491,0.514738018793146,2.1767004652847
437,56,-0.4965764555238,-1.07368433885502,1.4934390182475,1.70800798032605
438,56,-0.569048424414749,1.56284387268227,0.13247234317426,0.57213421991585
439,56,0.32512769083384,-0.444074054503347,1.11176038948444,-0.206255715531044
440,56,-0.523386440272453,0.171487566154945,-1.46679712145365,-0.456464649617387
441,56,0.00450844343275094,-0.639805154013471,1.08643659114205,-1.14388338628738
442,56,-0.176357359261875,-2.94970456635031,-0.547562177984202,0.0507496382410172
443,56,0.0152103265834135,-1.64386817472072,0.190522914413256,0.113311382851333
444,56,-1.58680914752434,-0.181513322861405,1.87911584867615,-1.47642521139928
445,56,0.975170311015341,-1.34728263781218,0.592750990299286,1.6023451903536
446,56,-0.349387138705354,-0.621128525186678,-0.249124179151302,-0.367558777436282
447,56,0.356324108716325,-0.735449472091507,-2.61622262981311,-0.105791339080352
448,56,-2.48089254417552,1.00087905863008,-2.19911391712861,0.600601959644062
449,56,1.41001206566976,0.356027400038106,-1.6565900639258,-0.330670403191484
450,56,-1.02920061457923,-0.246372027992514,0.605462803132592,-0.580798178704883
451,56,0.356511425745672,-0.729203019392597,1.28537931434252,-0.435103511355474
452,56,-1.52908282245178,0.977249092743645,-1.84203535234312,-0.474416672767419
453,56,0.12648847512258,0.122984662314459,0.376138865033235,-0.247146886543814
454,56,-0.0458551862771825,-0.495049645371463,-0.840059868505164,-0.708522609692757
455,56,0.385493321133089,0.106716506349486,0.219027418028327,0.429390068501826
456,56,0.301874076750178,1.23186841119015,-0.42290472786304,-0.118311533482941
457,56,-0.588862010588973,0.289099150993108,-0.248327738171467,-0.0652351340610866
458,56,-0.0832454093988609,1.40327404725699,-0.593159231378308,1.2069286953432
459,56,-1.24029213661782,-2.25802449492434,-0.74578725127548,0.750387794866153
460,56,-1.63858946570827,0.119603098029359,-0.230302426375097,0.405896075761088
461,56,0.80602099555701,1.03779427244073,0.519686509105386,1.92545822979176
462,56,1.26830099311836,0.290630604458454,0.0228443703166842,1.70658856372757
463,56,1.23101035412171,-1.73320746785907,-1.90777903385804,-1.20039952935779
464,56,0.405429593074542,-0.503679862116607,-0.258417525917751,-0.699918416309387
465,56,0.76439285217832,0.37716474906795,-1.24170339129981,0.203825432177969
466,56,0.301962777920698,0.785507690925149,0.61709592659491,1.33904906183166
467,56,0.584485205862195,0.319984578400938,0.609813433623164,-0.271694229014367
468,56,0.261550644120733,0.00229501478873494,-0.565586736639858,-0.587982976600983
469,56,-0.457782847624619,-1.11049530168062,2.36416285060134,-1.98395054941208
470,56,-0.043980412719886,-0.237610753625006,0.486648344312888,-0.389646529639682
471,56,-0.815601653784463,0.266088327195441,0.388195757280693,0.288441575102925
472,56,0.232036679559304,-0.145778371679955,1.17843127562858,-0.783853264938984
473,56,0.407466170498473,-0.155040704740929,-1.52112425925424,-0.350279795730197
474,56,1.91895311436321,0.0300646399158502,1.72282103134249,-0.465669694455741
475,56,0.128233076475479,0.677012857398216,0.245829691098395,-0.503750202018126
476,56,2.91230466943044,-0.146323542994138,-1.91445124537801,-1.87758225533747
477,56,-0.190232035769467,0.892666735486671,1.30661835416123,-1.15974133562097
478,56,1.97738582281049,0.929107510781527,-0.911538962237005,1.07676913766804
479,56,1.0475099200628,-1.0333344691695,-0.587545044223,-0.639510160856154
480,56,-0.18813008721144,-0.23202348005211,0.0663573428332608,1.21463691162813
481,56,-1.2908666441058,1.25447752261592,-0.557820521206625,-0.836015459168273
482,56,0.317132962700866,0.9086502435289,0.750621679666652,-0.794885317828104
483,56,-0.655288155247604,-0.824407003970982,-1.46252592026576,2.86769983177913
484,56,-0.393476390582588,-1.44388111632402,-2.16646470256619,0.897215154242134
485,56,-0.531678177764449,-0.539585317290628,0.432416198624644,1.15524775905672
486,56,-0.708150283980438,-0.907952540765588,-0.265862062286254,0.00720586573866058
487,56,0.339521873663888,0.00378894151543769,0.464097044307394,0.54223221913303
488,56,1.43919840163491,-0.68403831440602,-0.107051872028846,1.26410530654761
489,56,-0.590376742275316,-1.87473703404703,-1.06512004993788,1.66323590550464
490,56,-0.314411680527377,-1.03913459315047,0.29309671672927,0.802177281740371
491,56,0.654991761260707,0.786491772268523,-0.697519756759024,0.12361994844039
492,56,-0.597527398659999,-1.24144145395311,1.55843172389432,1.26042120594432
493,56,0.605641397923941,0.471147124189124,-0.590729076685156,0.566921524731809
494,56,0.833868771502628,0.949594526300262,0.730463770572062,1.25117393929714
495,56,-1.27532329289435,-2.24208836209566,-1.30259642948642,-1.07958881194505
496,56,-0.0730260505314006,0.905611463417891,0.42192131751458,0.831492511896253
497,56,1.42098224925963,0.995183655819311,0.606898937694212,-0.344514592734115
498,56,-0.415587404898994,-0.0874181052584698,0.477048080568568,-0.737428295419009
499,56,0.667317749332428,-0.0480485289709545,-2.38451965437237,-0.292181852124997
500,56,-1.86900034119377,0.491102520692697,-1.39513552836101,0.42413954525539
1,57,0.351119841931366,0.258925411861634,-0.318519909226966,-0.749186439457065
2,57,-0.372191554534537,0.378116505507809,0.198878125676451,1.03371608772251
3,57,-0.838324979987183,0.488985152158902,0.0681864145405754,-0.600900426142489
4,57,-0.63605798432104,-0.182215834892869,1.3808109947566,0.647781680686533
5,57,0.56680819242156,0.651773899834089,0.512909125333817,-0.108234160350198
6,57,-0.929450878145688,-2.64146908748539,0.35935174878191,-1.4068645195327
7,57,0.596401366375603,-1.03774863983424,-0.609645731688675,-0.384709448706287
8,57,1.99898236812401,-0.606274042197064,-1.62634245356067,0.395343834851985
9,57,0.0474222177448398,0.74319775278612,-0.38160108490795,-0.247094914998096
10,57,0.392816434185942,-0.475152942779706,-0.35447128555326,0.953578456611652
11,57,0.0708493927911878,0.0677147043986551,-1.67314409483987,0.471254162258018
12,57,-0.454898524189118,0.278234340754095,0.255492540908245,-1.10466829739864
13,57,-0.168045567523336,-0.713683024667924,0.51536284469041,0.855349172627574
14,57,-0.0148963012365381,-2.61869187314595,0.254583593430991,0.706440341304247
15,57,0.0138985166717367,0.718839724731934,-1.34030125593329,1.27344155147698
16,57,-0.0935159130935903,0.716901440297487,-0.0932460212725273,-0.469869819617333
17,57,0.0669537603157098,0.975597953869818,-1.07384967951451,-1.64551494479907
18,57,-1.23817777079082,-1.66018261834377,-0.160589343359167,-0.297535457909003
19,57,1.12973691198691,0.245330279679704,1.47723692420205,-0.155215877273448
20,57,-0.0946325583459408,0.774251824793637,-0.198923929134108,-1.09210736362132
21,57,1.8484379125289,-0.68288378123948,2.25318514980622,-0.765502525144077
22,57,0.124322101769994,-1.04875883508336,1.60290168437602,0.391464695144396
23,57,-0.929266265050079,-0.540433707808265,1.31107644669831,1.36970293377248
24,57,0.173006020717434,0.474923802436103,-0.720905983484453,0.207774139846517
25,57,-0.958549085002679,1.26995377263069,1.09798168177247,1.40291922606783
26,57,-0.0924045149207761,-0.403294091570171,-1.28047625511724,1.07001830468805
27,57,-0.447532222423858,0.70105004513341,0.993651106539901,-0.390135642927839
28,57,1.12947700225401,1.26055257893697,1.78562492462033,-1.37233045884601
29,57,0.294435810818057,2.80405545981179,-1.21871858558323,-2.24169463992477
30,57,-0.0114184202923317,1.13170219631057,3.65206111866685,0.826197510063073
31,57,-0.182225509509061,-0.63852177817726,-0.949619340984009,-0.0281164996387918
32,57,0.328379949445434,0.412055646018111,0.579782932340352,0.66857586069152
33,57,-0.860997188322111,-0.0695125092022771,-0.518294890562127,0.672199639272358
34,57,1.2769520466792,-0.15912340899083,0.116752108392013,-1.59779628091459
35,57,-0.397998079360609,0.848313043493544,0.586263319079766,-0.662332415783583
36,57,0.400906963474177,0.0377989999569059,-1.12070514789603,0.902544944161141
37,57,1.20566743942536,0.363778776571493,-1.33111285266428,1.68176686008214
38,57,0.796873237011243,-0.0500138807794436,-0.159527844320508,-0.835281836188667
39,57,2.55952516329146,0.55400942100419,0.806456605030481,0.357687158480612
40,57,-0.363450547000448,-0.725683690007619,1.38182436749135,0.748582179997106
41,57,1.31995159560966,-0.979253600311843,1.42694545579568,0.0550361188638004
42,57,-0.136839574573174,-0.222169340893691,-0.264781452850885,2.74189996949986
43,57,0.241118259213391,0.93974871539921,2.06333556190999,1.16252548458979
44,57,0.890728075778928,-0.320777496790945,0.898375149405226,-0.426740026306691
45,57,0.703607015531177,0.481196563466242,0.180457764193151,-1.98670750005743
46,57,0.225824185745509,-1.21863148163107,-0.859717998142222,-0.588538919506207
47,57,-0.196333093682743,0.29008549582982,-1.38220474096295,-0.987905404410187
48,57,1.25061901175982,0.462165428525031,-0.452857867802931,-0.45472566629496
49,57,0.426752712137654,1.63035433032714,0.724942103366047,0.894122687274235
50,57,1.5458077719301,1.85035106411099,0.227048713219815,-0.633937399784889
51,57,0.880374726451373,-1.02809078197182,0.400087946435539,-0.696123331391519
52,57,-0.377004713872641,-0.139882579352178,-0.339023689588294,-1.2903341416527
53,57,0.359414893602248,0.247661073536584,-1.35327588171461,-0.548896204034644
54,57,-0.654147564464217,2.01355606627015,-2.52602752294182,-0.62588692582958
55,57,0.995829884320091,-0.067278717415005,-3.02007207375806,-0.913876827690482
56,57,-0.0138088567260185,0.785053007135159,0.127494238808775,0.525453043656078
57,57,-0.0524063268128464,0.814562542055344,1.4334286815354,0.816916851782656
58,57,-0.148359894510845,-0.837199979566013,0.410629079647897,-0.297790959758876
59,57,2.77219139726369,1.49028363933978,-0.360351076623868,0.445020509733689
60,57,-0.889553337057656,-0.89898175841299,0.605380951548601,-0.986968093817736
61,57,0.0903329137096993,-0.488451944821165,0.670561869365032,-1.18431282935002
62,57,0.749983384576636,-0.610124163396061,-0.074987087439694,-0.234616814875384
63,57,-1.13491338760083,-0.873610743285948,0.459849966168401,-0.844966418198061
64,57,-0.0176527020645053,0.219275864354981,0.639116313984777,0.0379275992588453
65,57,-0.469273035566584,-0.62864799805618,1.05104886153864,1.04677400488346
66,57,-1.18023462712057,-3.03966433601178,-0.338027962793284,-0.335178752243435
67,57,0.605902359315632,1.33196989795495,1.10141366954295,0.596779637874151
68,57,0.679732207436864,0.422710519793966,-0.480366343518624,-0.488530848652617
69,57,0.897211331149744,-0.21715888366249,1.29399430129451,0.221935670992521
70,57,1.37506401090701,-0.841449419618691,-0.258058995367632,0.859970959557236
71,57,0.379976738328051,-1.43340023498835,0.237182634239297,-1.04808716599572
72,57,0.481838460067127,-0.195008813644561,-0.932264053724779,-0.485838306703131
73,57,0.832109089316523,1.95266377232094,0.0733727952844617,-0.70145912178508
74,57,-0.935195520818206,-0.714794256142435,-2.22605503840116,0.849490014662035
75,57,-1.61461930610596,1.1198561881302,1.96474183796109,1.32639985132826
76,57,1.67132519148948,-0.312447794136027,1.45205363595281,-0.346207672151565
77,57,-0.111023971027037,0.282854168301348,0.692703823517871,0.872571170182638
78,57,-1.30508248238265,0.726519529440349,1.08970186407717,-0.473818050545052
79,57,-0.750081491522643,0.189001309581132,-1.72744126818052,-0.0348648382199042
80,57,1.3344496654396,-0.769024987696599,-0.557204107160818,-0.213567955532816
81,57,-0.194620117063847,2.41650838061892,1.06139542190012,1.80219185798191
82,57,0.066551493037633,1.5349529099403,1.08239819561947,-0.463653855576953
83,57,-1.09640059037374,0.0651991796392277,-0.244726832156129,0.644307271132126
84,57,-0.782594745706886,-1.14864627456901,1.18761565139729,1.26787692513423
85,57,-0.984807145901832,0.962973695404834,0.838363881701936,0.637543012608401
86,57,-1.98464427937494,-1.55413834424637,2.81532251563212,0.390949936005328
87,57,1.1644714241156,0.219817066512621,0.154566377028585,0.0215152438655141
88,57,0.178664515145999,-1.86804196931433,-0.289913620333606,-0.878445892485647
89,57,-0.826278843643667,0.945629272776914,-1.16059553649009,-1.1235508534172
90,57,0.374440521947712,-1.0088018539651,0.337242323346184,-0.633917202768675
91,57,-0.305221246935656,0.218043676435403,-0.922976366776387,0.601524670501867
92,57,1.87943368708344,-1.10012753246497,0.121063995687674,0.563903047754651
93,57,-0.176796829548006,1.44651993098808,-0.201966495427511,-1.00800896103064
94,57,0.678120431322185,2.12002894640703,-0.412727026740297,0.844973095337387
95,57,0.381682385986314,-1.72705354217487,-0.248782834416849,2.0783809442041
96,57,-0.455479362889552,-0.292804892542271,0.156802673081187,-0.307809538819591
97,57,0.68994349952403,0.575664342569473,-0.112811187785881,-1.02982255218628
98,57,-0.851739587947446,-0.085638095394083,-1.42355366252291,0.371602634860128
99,57,-0.652640445409191,-0.599102665354148,1.06375795174807,1.68910789968485
100,57,-0.166745485057168,0.0626888365084191,1.52374970541313,-0.869156680907978
101,57,-1.24593215178338,1.42567855910885,-0.373695332057825,0.157250867621587
102,57,0.249529478810111,0.569764908944745,-0.691329214540364,-0.298078139753558
103,57,0.761580656680019,0.687562082514969,0.712495206858003,-0.0964893799371007
104,57,-0.311721081493131,1.11263780589242,-1.34035389581836,-0.928834588422855
105,57,0.952848295281343,1.51923312340104,-0.276309442588266,0.291387226540232
106,57,1.14628978489747,0.251712054162604,-0.928003229024642,-1.77392975956969
107,57,1.19617895416448,-1.29602063015622,2.46815841866045,0.75893359191807
108,57,-1.51313332147412,-0.78199581355916,0.59422546274497,-0.431416927701609
109,57,1.24243940948468,2.27157254183051,-1.07948543250551,0.32603280742175
110,57,-1.36228268906894,0.219674886175418,-1.76964837707944,1.70921592588665
111,57,-1.59636999269373,-0.834763475317168,-0.706190123864884,-0.0333622299722289
112,57,-1.59857280632661,-1.75328244842695,0.304078627967004,0.859628565581821
113,57,0.795837347773366,0.771874564716796,-0.756671196213845,-0.149488032872402
114,57,0.151644652698742,0.918024296604305,-0.969065584045844,0.336932861823859
115,57,0.49839059335367,0.478080590866512,-0.274595504299883,0.834044839402211
116,57,0.631911809624906,-1.16142507621488,0.550809420706237,0.936401227798464
117,57,1.03787109298421,0.372739137971861,-0.219989125339115,-0.0389542392450949
118,57,2.30715576726434,-0.72497528447507,-0.88718956114505,1.44367500026527
119,57,0.837455561464607,0.0273358887856545,-0.491227773804761,0.794896029761512
120,57,-0.129392862670843,-1.38550773509295,0.189307686087696,1.05604760513122
121,57,0.526568002556514,-0.355313404000474,-0.0453676308519324,0.790853884507614
122,57,-0.730378407031145,0.817218321370544,0.31795334309579,-0.708559825732067
123,57,-0.855644750011274,-0.929596530447377,-0.232145079195351,-0.500584625338547
124,57,0.936617468673891,0.0795153677968011,1.58964065846648,-1.32322546857767
125,57,0.356533714612164,-0.244973529534841,-1.45433386493492,1.03358439140316
126,57,0.101354984956945,-0.363032061575928,0.879051699701622,-0.227961266925888
127,57,0.891555285894619,0.260519558151051,0.891273756732765,-0.679833502950069
128,57,-2.764585978606,0.406535543272826,-1.62241355108103,0.395831375598191
129,57,-0.0208179819124814,-2.01878022797805,-0.30419078651554,-0.781761632591738
130,57,0.520619177678139,-0.882498329421335,1.98023786582192,0.167746967354066
131,57,-0.30239079127285,1.04300748666632,-1.84022957166286,0.157588148323808
132,57,-0.976238860402457,0.103718650872308,0.932070907451999,0.390327215602426
133,57,0.0768143601570715,0.81249723042269,-1.04513342438136,-0.0829196380898497
134,57,1.78901999437001,-0.657078993023251,1.85859966357396,0.423304438554272
135,57,0.925263226036296,0.468817910590721,-0.418040697751533,0.26051269396205
136,57,0.45740617225231,0.422219312278004,0.225619094587869,1.4055209221922
137,57,0.292100257042927,0.920851383201303,0.957729296651407,-0.0855720262908677
138,57,1.43393018365022,-0.442322252992281,-1.50155545571107,-1.41099029507303
139,57,0.490118336758895,0.0605374864080344,-1.21002693351423,0.814512633382604
140,57,-1.83590593309774,1.46211745321441,1.02294844875491,-2.02991225553956
141,57,-0.0307790128936277,-0.301283562327185,1.04570498877329,1.02863386930556
142,57,1.33020357903829,-1.46280898470941,0.791709046253113,2.69167955040462
143,57,-0.500073999833899,-0.0626499709151887,-0.796964002072344,-2.42159206395715
144,57,-0.277775643237927,1.63773908724437,0.25278842538098,0.998801603264764
145,57,1.06179875389383,-0.781233296106361,0.735247835973857,0.808242675840728
146,57,0.241801752450643,-0.207438645889281,-0.863169533565476,-0.203644515904094
147,57,1.20616135819853,0.497310092215771,0.662946533983184,0.956872918163069
148,57,0.367198393276415,-0.422924978226795,0.762397146805604,-0.372850289175472
149,57,-1.85838771133444,-0.56840853316928,-0.985530411974046,1.60504486396432
150,57,-0.051400780124522,-1.28638818079992,0.994154374606947,1.09622762611512
151,57,2.52080138287014,0.654185109144674,-0.301033112966544,-0.990363472396233
152,57,0.83083307194535,0.815901498498832,-0.190373734483558,1.14314832680674
153,57,-0.217991663846077,0.287745208022137,0.262049114851848,0.936818120985613
154,57,0.865254448397456,-0.186797687137361,-1.55753455992585,-0.777734436214309
155,57,-1.26951351281909,-0.376049705004411,-0.637987545164427,0.234874294198322
156,57,-0.939677035484344,0.0853193190436162,-0.340566411784879,1.795550727304
157,57,1.06173158029084,0.748448640700817,-0.182807869936489,0.923666156991592
158,57,0.235606833042247,0.672997647151392,-1.048678690632,1.00494839727443
159,57,0.371868840407943,0.193858328058147,0.510763386102197,2.35063968224013
160,57,2.02644623381153,0.6250951756164,-0.83647822443377,-1.30014892664396
161,57,-0.645909921599708,-0.3625446323594,0.690319340059303,-1.69581086243528
162,57,-0.224623192519299,-0.138432790804066,0.250761778344719,-0.25081009178769
163,57,-1.52430148885625,-0.216640364602999,-0.636522494305733,0.244695202357221
164,57,1.28994892198564,-1.43552853179185,0.189935839499482,0.402222684040171
165,57,0.44946446904711,1.45753966810238,-0.635874304355779,-0.819461618589269
166,57,1.39264963118381,-0.358790893840205,0.725087856903171,0.2550290792529
167,57,-0.892889549043127,-0.780029256607603,-0.0916062790196763,-0.318229728235155
168,57,-0.439058174010405,-2.23242673170343,1.73348829100819,0.32678202218926
169,57,0.813376597678362,0.26906049453394,-0.243728564152361,-0.788225678161138
170,57,-1.10089684816721,-0.218948053422314,-0.873258034829315,-0.0400071197947969
171,57,0.374266840357294,-0.851431209090022,-1.32657120018036,-1.84331094383583
172,57,1.33454308715853,-1.33361788201119,-0.304340911826305,0.37024851476359
173,57,-0.835016949031503,-0.369982168898715,0.926302202796485,-0.623746490036978
174,57,-0.851535044072203,-0.371218529621207,-0.227052054759693,-0.153516413417982
175,57,-1.19322654039791,1.30124338546386,-0.897373763941857,1.54983855181195
176,57,1.24080748482386,0.661886050663335,-1.34280371465068,-0.141505630089733
177,57,0.0260702024915901,1.10468181842919,0.119788553987441,0.373174176671714
178,57,-0.859639060323737,0.502326894293897,0.410186769320004,-0.0676905769962879
179,57,1.06744231146363,-0.1226945155344,1.36944279866649,0.454423700772843
180,57,-0.403730139513154,0.322395785918117,0.0148690804063655,-1.84659787790116
181,57,1.33806571641693,0.476159130349323,1.00486321828352,-0.594151484452801
182,57,-2.35632066260698,-1.58180302902228,-0.549978879602597,2.40309780948018
183,57,1.44095284246828,-0.737972588445711,0.00515990552694935,1.25571537030752
184,57,1.64669976984849,-1.77817053495135,0.649875758453236,-0.698320914548363
185,57,-0.74568352877784,0.0923619693667016,0.753808254701813,0.13607072384965
186,57,-0.0663976412434299,-0.393463117448386,-0.116034319333403,1.88420404831994
187,57,-1.70324278148605,0.490549617974455,-0.228214437166793,0.462489544047279
188,57,0.860388289542863,-0.292048770342813,-0.494629880175971,0.747289909088548
189,57,0.273327674793673,0.396586284112265,-0.800328544949496,-1.34386691566372
190,57,0.511846166296881,0.471942667680989,0.269873014780935,0.327033259287127
191,57,-1.33067895742,0.74569552487975,-0.080435451090007,1.28682491138986
192,57,0.286773730368506,2.09577771808058,0.666899052117517,-0.872824154806109
193,57,0.55451160614481,-1.70708374661209,-0.443324850371593,-0.553922054295042
194,57,0.366290691699154,-2.25598836462468,-0.488126278095616,-0.127153946223269
195,57,0.371116172509559,-0.876081962426677,0.698483947980343,-0.835172927829778
196,57,-1.32697160631771,-0.271946509320718,1.28709188099293,1.33910529028932
197,57,1.33524180785285,-1.66552234791417,0.0952431788073917,0.698111227518117
198,57,0.897050199422849,0.719050605724767,-0.464377413512147,-1.91477010856746
199,57,-0.955645145770003,0.996108952509794,-0.104316828820293,-1.34499821631938
200,57,0.502290531090157,-1.88203642116422,0.312544615351181,-0.661823364048428
201,57,-0.637674641024348,-0.283283383422845,-0.659546215850686,-1.52522949004974
202,57,-0.185735793123957,1.13205015915429,0.59690985986644,-0.611618376063552
203,57,-1.44753511839002,-0.748414575277989,1.13344127554496,-0.921744866467956
204,57,1.21880021153196,1.14312800133653,-0.561486582569398,-0.690707940473159
205,57,-0.827123483967619,0.438026681002117,-1.71763371420425,0.362837733445298
206,57,1.59083980849856,-0.320825958053579,-0.043122597303481,-1.23343687031825
207,57,-1.84138879400445,0.0416343680594822,-0.477139806237521,2.07320701892576
208,57,-1.04410005116231,-1.29931512415155,0.717059280410461,0.404766876276672
209,57,0.896326562288386,-0.965709446405703,0.320779012268965,0.00503349998007315
210,57,-0.545811203365892,-0.792731500560149,0.925661392692784,0.168918020971278
211,57,0.586851101100636,-0.204940506529717,1.92241615603544,0.120519144949058
212,57,-0.315157302188899,2.41362508546635,0.40220750985533,0.069254386197084
213,57,1.92747731180861,-1.75793433162588,-0.824119966859792,-0.249401933251703
214,57,-0.773143346840808,0.618814379484707,0.0834129290358841,1.11008679154252
215,57,1.49623110279396,-0.611473002037033,-0.948029708557635,0.463811983782948
216,57,-0.153066887608742,-0.00651770891403559,0.779467984626385,0.898977720766114
217,57,0.0954236587084722,-0.748680934887954,-1.00372859084666,-1.76972753762574
218,57,0.579611895366541,1.44583194714581,-1.15597228576094,1.12470751600019
219,57,-1.02425923930688,0.0679996808532941,-0.418026210844169,-1.06675287575499
220,57,0.724379284125243,-0.837475288244028,-0.902770441597222,-1.13900815781143
221,57,-0.323837006325785,-0.782990119191264,0.103940518339598,-0.199740501210347
222,57,-0.314261227520543,1.23961558572957,-1.62338020779753,0.19839744276448
223,57,0.356939158747307,1.18875632018606,0.508347501963147,1.41926663336976
224,57,1.59156714692807,0.992241111217286,-1.40875518824833,-0.544524228090216
225,57,1.25506363657241,0.822305735560998,1.11155898515345,1.46418645547646
226,57,-0.0757306041306842,-0.225204413599372,0.472522262140122,-0.0931648002835765
227,57,0.651800705659159,-0.66769543235953,0.0901539088037768,0.475647666984513
228,57,-0.530139546127248,-0.489811935260281,-0.631855004485895,-1.71952671562687
229,57,1.37238193806135,0.758378158471638,-0.736375861085115,0.717413361065165
230,57,-0.584799499238173,0.184216910949016,-1.0290090382091,0.391049288942558
231,57,0.806917599360723,0.0102891617512776,-0.525499714263565,1.32059209602708
232,57,0.422047941114773,1.10150125448328,-0.8314832223483,-0.16313315030407
233,57,-0.160152101392816,0.917318996657867,-0.648289938912743,1.66102806252013
234,57,1.28685639484053,-1.85707996869488,-2.42780423683551,-1.48529826279996
235,57,0.109392039625353,-1.09200570271555,-0.00477332287866504,-1.10031837730523
236,57,-0.0947603198704632,-1.21927753944862,-0.888568068643945,0.640103559605196
237,57,-1.46902126069882,-0.105314045153399,1.04788237410523,-1.1081284345178
238,57,0.122850254792396,-0.536350834908386,-0.521108065588977,-0.336438993563469
239,57,1.03653457195194,1.06885197434252,1.13062276254282,-0.391668053686182
240,57,-3.17402270257169,1.62957724194393,-0.835004848642374,1.38280622417292
241,57,0.187481746776231,0.662232399434395,-1.59022182476378,-0.78809167058485
242,57,-0.0581774838754068,1.40792041139569,-1.15977394528966,1.58283486758814
243,57,-0.845307370987726,0.586568202889076,1.09450132138538,0.16221937087983
244,57,1.51794559391641,0.294343450528236,0.44975332887758,-0.738371724231532
245,57,-0.580331051687175,0.977834457856532,0.986594242948234,-0.414864433167367
246,57,-1.10632476391365,0.169915754376592,-0.0198026572779752,-0.585520076398472
247,57,0.299161735017953,1.65295605815542,0.383616141464495,-0.128083736169954
248,57,-0.610238164362698,1.5521273759423,-0.362146120906458,0.64981972215407
249,57,0.781776305569536,-0.432248046073334,-0.0238555220531933,-1.21979467834428
250,57,0.051486205568599,0.999159693647008,0.529539965849189,-1.42457160245298
251,57,0.478559918964188,1.27954569447068,-0.955379622940425,0.0388158533426936
252,57,-0.0132575278090882,1.25956244897491,0.169573485635181,-0.647329356763132
253,57,1.65744250195802,-0.732505584743581,0.0897272924222489,1.89991309027958
254,57,-1.59414015676071,-0.183367331812163,0.819194070841421,-1.26524784073684
255,57,0.735663133115049,-0.4315232923476,-2.22143081380459,2.00211334335651
256,57,-0.00585109376663987,-2.47958606914935,-0.827721695854194,2.16361603761196
257,57,0.142421486268929,2.10145818156992,0.592061229473609,0.213047800719492
258,57,0.433571815286068,1.59990866288671,0.0996983804050929,0.99353760856663
259,57,0.678516823542252,-0.459667117372271,-0.216307955551187,-0.365286584269062
260,57,-1.26342249112073,0.25533986810794,0.508923150028569,0.903192178252552
261,57,-0.384403039185345,0.245754125044326,-1.59702326511487,-1.15942623696018
262,57,-1.5528891262539,0.234403330853256,-1.78290804716603,1.73887038141098
263,57,-1.08352873600906,-0.725757751667501,1.442992088897,0.561997854943263
264,57,0.0337270335166327,-0.82526902624493,0.450865247286429,1.43808111168557
265,57,0.11466213675045,1.22568116303483,-0.0617285921461954,-0.279897902588594
266,57,0.345790497717646,-0.831031447115213,1.11829472126704,-0.554061935560205
267,57,-1.01781538046291,1.73562747034419,-0.0400735944659281,0.123350503657692
268,57,-0.766186419885256,0.793743693440124,0.368469573822776,-1.05288404450333
269,57,-0.02501781547617,1.21796911170084,-1.28246415108799,-2.61177373807344
270,57,-0.176581773528403,0.401134359709235,0.0872291386068771,1.05450578432989
271,57,-2.00318043446736,-0.509236749388185,-1.82513086895724,-0.808125087324372
272,57,0.53060323445643,-0.511606492153635,-0.309077170120373,0.51729266314103
273,57,-1.31392790684686,-0.790889372752311,-0.512003203028646,0.160630606337404
274,57,0.917582491055358,0.199434262364274,1.40302855205516,-0.348231349294906
275,57,-1.25983314890214,-1.46221672387478,1.50716143545441,-0.159971146139302
276,57,0.359164504852948,-0.845292630924732,0.254088379572468,-0.334845091310458
277,57,0.748578669400308,0.126283654716838,0.640231505036304,-1.71248366217199
278,57,-0.0970770023252066,-0.0925352705533511,0.152252688192604,-0.823399543777637
279,57,1.59902793832082,-0.455648632076878,0.06585043882772,0.488376909468292
280,57,0.413874393706899,-1.01142546019267,0.602513357221952,-0.695716560997299
281,57,-0.121724872446171,0.778725267006182,-0.15516411423935,0.018233947677102
282,57,0.706194267793478,-1.08712305009788,-0.0361845426678892,0.123744332987594
283,57,-0.363994872511824,0.720232596835341,-0.438180898014792,-1.12095437730046
284,57,1.60735260538364,0.692280188329797,0.0191957152236047,-1.6046592463936
285,57,-1.16197720706099,-1.33081446605518,-0.258395587981729,-2.00322109764395
286,57,-0.199216785080327,0.152120962864109,-0.111787314855916,0.836540377261922
287,57,0.354028122765797,0.499882598561073,0.745705858457502,-0.805521930512413
288,57,0.738930557989324,0.273567953999204,-2.65216766356024,1.79956109140778
289,57,1.16047723022726,0.465445573859799,-2.35149983507289,-0.200541611487763
290,57,-0.188057053620064,1.52626691487065,0.55010973523499,-1.33106670753006
291,57,-1.59787534237951,-0.361933366082685,0.51129566853723,1.20178718692956
292,57,1.10940964192213,0.713876669424782,-0.397777786914012,0.642187460913592
293,57,-0.461246094946376,0.620093869404182,-0.530956332194198,-0.427969385411168
294,57,0.660141888490916,-0.894269766024208,0.632298904003069,1.12775406472931
295,57,0.435226157635958,-0.107153950522099,0.700340520461742,-0.701603451792793
296,57,-0.371502819539106,0.858335301678793,-2.77913319658578,-0.172667567222649
297,57,-1.58434238495366,1.58964542958539,1.87332715386764,1.24177387674479
298,57,0.764558800295476,0.324168877209674,-0.0808577634666881,0.896123064673463
299,57,-1.24083737645775,-1.09965605126753,-0.222640871568164,-0.00923262778567281
300,57,-0.754915603955336,0.619278308672872,-1.14640809091708,-1.61434948010276
301,57,1.74891267716594,-0.110205862008585,-0.429643052890505,0.467123173491172
302,57,0.742332343761663,-0.951530446122255,-0.834138501849242,1.35467185417339
303,57,-1.94325937067256,-1.06447770707421,1.17611184465345,-0.319816921416957
304,57,1.50796769925035,0.992207105128105,-0.799993502298146,-1.65452769594309
305,57,-1.05054065750357,2.72564084370781,-0.312574433967528,-0.5122310617182
306,57,-0.154976363822116,-0.0566080136596065,-0.0574131769232262,0.264172015138638
307,57,-0.427824273262185,-0.350340263813366,0.501491259261268,0.872392239754588
308,57,0.707765157471065,0.0370193449176967,-0.726824660003191,0.317864938449636
309,57,-0.0887297961317683,-0.770133392938668,0.833348170347898,0.693183664061555
310,57,-0.927163417034521,0.484418326382049,0.625723213623717,-0.862848475958891
311,57,-0.363667914131817,1.33255123400142,-0.694445016405852,-0.260152481358553
312,57,0.0136628914733459,-1.99837494840546,-0.206319216525931,0.693590608165819
313,57,-0.807464156382448,-1.04817357098818,-0.285848144033797,0.128687632742438
314,57,-0.766035968832688,-0.547273927182218,2.72314445746256,-0.0668077570384176
315,57,0.444192106738769,0.216811113293683,-0.985648716073348,-0.847926386198357
316,57,-0.54065538403489,-1.39914653568832,0.224901903453323,-0.163298563057634
317,57,-1.07390929025381,-1.29568214459213,2.32237356425111,0.109888236574147
318,57,-0.729668432597561,0.683891608035655,1.06748712835759,-0.8019353303659
319,57,-0.437394691393236,-0.243121760647811,0.382696015060285,-0.318229780553184
320,57,-0.978819091569266,0.519520461194534,1.01601282055995,0.637162010076835
321,57,0.487180862522309,-0.991341766731478,0.0422260431963861,0.613028592986045
322,57,-0.804814339244533,1.14746427401471,1.07848109397946,-0.472545232961842
323,57,0.760990777898011,0.353232419911141,-2.0528784438071,-0.989183383536565
324,57,0.965009751727588,1.76006630375725,-1.3408495146004,-0.686027916179467
325,57,0.702077956935428,-0.583262525777518,0.143861117989658,-0.0259330654063395
326,57,0.213435141278193,1.59591371749213,-1.31906370756107,1.71647700482925
327,57,-0.72461211514408,0.745701102367753,1.1362083177002,-0.353077513931425
328,57,-0.171058783872695,-1.10575777849643,-1.20252477284314,-0.176897795454398
329,57,0.182184530106859,0.0784552846723559,-1.45982461831828,-2.08515243127654
330,57,0.00793580907353721,-0.643374439785266,-0.0267083711345776,2.57758930754727
331,57,-0.783195528256812,-1.69403257789671,1.49833786007293,0.512519387910654
332,57,-0.256625244152383,-0.141092932140885,-0.502028843328477,0.815310047599551
333,57,1.26983344892597,-0.916209336656403,0.204274988805619,-0.477969389422565
334,57,0.00598126432554032,-1.90097572078606,0.24213696305492,0.0367676769873157
335,57,-1.97508653220713,-0.111018745692404,-0.691515628382232,-0.172886460266671
336,57,-0.00131235915320759,0.115875097259719,-0.628819648895972,-0.477546934725889
337,57,-1.17893751130147,-2.62744336084738,0.804223984848372,-0.804815924468946
338,57,0.988445861238762,0.589067810964218,-1.24105681039492,-1.4662630629938
339,57,0.0316012087113673,0.374427901364494,1.45241592389431,0.0546934352898211
340,57,-1.32197230221605,-0.990233340155936,-1.17961237517763,-0.505617095055708
341,57,-1.7140644134245,-0.335905654889878,-0.844089166369125,0.338811146212778
342,57,-1.71414314417747,-0.671763724992505,2.13234762057282,-1.59307086507349
343,57,-0.72262477783597,0.145558867483893,-0.950968058230686,0.113853753481358
344,57,0.45439627658257,0.908516339922998,-2.06677377842201,-0.0148952648662742
345,57,-0.625548467177433,1.67040278568451,0.0693572215653465,-1.1832084483447
346,57,-1.0548294943555,0.0231088892496069,-0.449893968631377,1.05968160799441
347,57,0.899599875319077,-0.708124690250338,1.17793299592784,-0.641118606371592
348,57,-0.51947218179042,0.539256251859088,-0.252900952666812,-0.0860835610333934
349,57,0.929531813072091,-0.962330158752709,-0.0363798591325811,0.786189503834362
350,57,-1.59135825110648,-1.31679536371228,-2.51968482256247,-1.6761917303626
351,57,-0.093556925016918,-1.32230998380905,0.902369737632326,-1.43187104075763
352,57,-0.513320580884088,-0.0858870178517014,-0.035860169906855,-1.75758145438686
353,57,-0.0553445718602477,-1.00907902748312,-0.870677146924313,-0.038218676444031
354,57,2.3990986016798,0.861314523544945,-0.46658645719762,0.396699738965088
355,57,1.00502310333069,0.396325972664234,1.01530533500524,0.939296031938808
356,57,0.114706981097041,-0.763410729837407,0.460624784173141,-1.05935118060468
357,57,0.847199854210508,0.0106395392553121,1.44082874816656,0.855170613476359
358,57,1.32986820731896,-0.082745602252029,-0.136249416744769,1.34804804149141
359,57,-0.699718357660144,1.3104089828449,0.0437907354003276,-1.47220029162357
360,57,1.14403597354511,-0.24338754233536,0.813344363284125,0.150621493274567
361,57,0.943868228482598,0.557630786391356,0.199919266874058,-0.14974173090909
362,57,0.608894154745634,1.59854682900482,-0.0256375350187272,-1.80399474204632
363,57,-2.07937463120315,-0.279882703985261,0.569964118539976,-1.09994776228603
364,57,-1.19509293231557,-0.456903314218163,-0.139153912831098,-1.15713691129524
365,57,0.964803141903223,-0.808079219773627,0.64774182089621,-1.08459492684939
366,57,0.256668047881578,-0.112864183858293,-0.305668764013317,0.160985761239321
367,57,0.570515130014083,1.60576508891995,-0.509384965351755,0.107997934151908
368,57,0.670955750455667,-1.88389526174559,1.79843284008517,-0.491016513284532
369,57,0.462483962182049,-0.74647354417929,-0.931551818934991,-0.337507420940528
370,57,0.790570122872986,-0.272666051011789,-0.218200140459162,0.437369009519375
371,57,-0.725513232468935,0.704229415723643,-0.114269148354107,-0.930268711417918
372,57,-1.23949836234366,0.666254020849536,-0.0875278531147029,2.18882956286995
373,57,1.77000793073038,-0.668362095833613,1.09006042904951,-0.607535648077274
374,57,3.68208525511359,0.344603410499145,-0.299127260005855,0.799568908293511
375,57,-0.485637939528903,-0.808758383964809,1.21798896885489,-1.49225785678447
376,57,1.25801302880013,0.289393945311236,1.93455477565101,-1.07765477522476
377,57,-1.60253478912517,-0.120006323094432,0.971679296135243,1.68434441786266
378,57,-1.134926505723,-1.0504994901897,0.370285019427444,-0.0822176478141988
379,57,-0.056741054831365,1.85822966817389,0.854358476660519,0.859111994594958
380,57,-0.630857389894927,0.699262975243848,0.887368002549166,0.428731437622226
381,57,-0.913408121689711,0.0998277163834238,-0.433389127420286,0.777910616177771
382,57,0.256150883391319,-1.81585967255871,-0.736003997192896,-0.646476487706317
383,57,0.408682865352543,-0.636749139317557,-1.05157856052796,0.0792272334090286
384,57,-0.342219720179453,2.03874255370627,-0.461327399784716,-0.0522752023583244
385,57,0.575867412821979,0.624459706039721,-1.23446865434742,-1.07524185378076
386,57,-0.434235437093103,-1.05441333871458,-0.280782574630052,1.24245176298153
387,57,-1.100578817209,-0.478263014985279,-0.276272719557306,-0.677352415870719
388,57,-0.980542440124525,1.10116417720078,-0.228378979298113,-1.39636144552974
389,57,0.0522845127868448,0.978955977469884,0.749129918033157,-1.04195371561901
390,57,-1.46306056567327,0.169189008452817,-0.677008012701857,-1.76222047029236
391,57,-0.482881303326338,0.417571268824549,1.47645474971636,1.12456742784677
392,57,3.13465899232746,-0.159981794013413,1.20054374461866,-0.93310478054565
393,57,1.10877017104811,-0.0905669485959105,1.88361803294876,-0.624247504449485
394,57,-1.00674249015872,0.263868343334889,-0.501097139783315,0.184044513387121
395,57,1.10824208289555,-1.14980461570688,-0.826870266531711,2.05992433174613
396,57,1.38951336386706,0.18000372339219,-0.10305122635033,0.815546152340161
397,57,-0.803556547079923,2.60465672952725,-0.47001447601052,0.648452272318873
398,57,-2.11194950610998,0.0928338583932694,-1.86425915101205,1.28010456755243
399,57,-0.031372010487197,-0.25896569391077,0.904204210031767,-0.933689514311765
400,57,-0.244949710671332,-2.36803692998439,-0.220006259958024,-0.24080588581043
401,57,0.731324506496979,0.730234657457531,0.114265393417001,-1.0099983909739
402,57,-3.05152175177351,-0.0484263635793386,0.276629137654641,-0.53943051042361
403,57,0.298193851869043,0.225824953033668,0.838514226093703,-0.921679962018058
404,57,-1.19391433572086,0.242418974856217,1.00674349334267,0.0493835800495088
405,57,-1.10714661967975,-0.768277633357692,0.518945895848979,0.145168933778989
406,57,-0.0944377703743146,-2.03400967793054,-0.611544928462267,0.542486876620935
407,57,-0.927389685103877,0.520262772686516,-0.644980773900967,-0.0389874592612857
408,57,-2.14069384060023,0.354790390496693,0.737113937123886,1.40619489860485
409,57,0.941495477405557,0.232791909616922,-0.637400981519134,-2.03420139876401
410,57,1.27010725196954,-0.511526587610255,-0.225252513254821,0.0730118553334606
411,57,0.129697578455981,-0.791792993522449,-0.888944644299682,-0.353252337410905
412,57,-0.568757424945391,-1.70837479327125,-0.851425413755401,1.41026045631839
413,57,-0.207131525570877,0.259537865176008,1.61003293366364,2.84846452288064
414,57,0.241650141350762,-0.707832024305148,-2.15864322240937,-1.42173347923872
415,57,-1.83690724990471,1.29258789665159,1.25250948775765,-1.1212863307182
416,57,0.0431249623386243,-1.06458837803252,-0.831036447637079,-0.122953438846364
417,57,0.829562167323117,-2.81550920380568,-0.136519731280253,-2.1716864650325
418,57,1.63602480661048,0.779674783473657,-0.610540722203515,-0.737030249031553
419,57,-0.104642064092239,1.16603427576725,-0.670107989117025,-2.1206520812392
420,57,-0.319879086204914,1.08411978402933,-1.47563797777699,-0.375956493762794
421,57,-0.0969030586415175,0.201964690054465,1.86240839936374,1.9769787528765
422,57,-0.680521731894931,0.101588049234705,1.47191231768338,0.319315795591685
423,57,-2.18291718708702,-1.74762307385129,-1.1098347084387,-0.887805165087756
424,57,-0.192456271030008,0.811864831571403,2.29884468121625,-0.223037322551762
425,57,0.365977295113269,0.230548338279312,-0.507701210411771,0.389995555022468
426,57,0.957251073873939,-0.874713314562286,-0.775226463650212,1.44485943778159
427,57,1.02986248871616,-0.288277716501297,-0.267029342777516,-0.650167880300052
428,57,-1.04582896790036,-0.938943988729808,0.950645648498637,-0.756298056531041
429,57,-1.90975454189692,-0.855163687443079,0.885539865789642,-0.657517854176762
430,57,-2.1007715598148,-0.0876825642599977,-0.167160919953945,-0.224540742161114
431,57,0.148632918321889,0.346800488210372,0.554409535522338,-0.115842906251134
432,57,-1.6209371526658,-0.630417371237862,0.302606049228537,-0.572607682166878
433,57,0.866923338615914,0.384151198142668,1.65864234003348,1.46746226777528
434,57,0.828498255461638,-0.170073935375709,-0.127863046275169,-1.00754013780241
435,57,0.438084762970727,-0.133078646032422,1.4916357410137,0.151878265620281
436,57,-0.121520485644463,0.748460802591638,0.726042264057373,0.481470213885941
437,57,-0.434772451843799,-1.52022392289546,0.261252125922653,0.49991677644624
438,57,-0.00736923418955836,0.708355369764877,-0.182801599001738,1.65715373900984
439,57,1.17788665496325,0.526482410101913,1.09994429538095,-1.79913797714848
440,57,1.52548450049976,0.705964481927864,0.28551153852961,0.979168439604832
441,57,-0.963156759401842,-0.0943797944853726,0.786413639721637,-1.53437571113295
442,57,1.09140565166179,0.80762129793284,2.26040158924145,2.3110255675292
443,57,0.950391027314796,1.88558398855172,-0.764752423293533,-0.295557357816085
444,57,1.69256897413054,-0.889536770749148,-1.25209329276617,1.26300576510095
445,57,-0.566788462699978,-1.06875419293805,0.172939859815469,-0.40658209267262
446,57,0.475909369181816,-0.0957997521328349,1.75840356148435,-0.0873322567608134
447,57,-0.571941201101108,-1.86114172885568,-0.374273889518916,-0.130859397363822
448,57,-1.11426638971592,1.06289776905845,-0.944375398718801,1.10103373758989
449,57,2.01346951153172,-2.66554701003425,-1.43276278493547,0.688722960624418
450,57,-0.150065922876774,-1.16369356932168,0.189836133062858,0.817650412774517
451,57,0.755513259701781,-0.532061992191358,-1.8804181051994,0.729308464397185
452,57,-0.36306292335795,2.96550270722023,-0.751909225466126,-0.85885165887917
453,57,0.0936106965185337,-2.10148406994768,-1.97633233235603,-2.16968310826668
454,57,1.09862198357492,2.44940983313892,0.633500419052559,-0.490181269166497
455,57,-0.195123996725357,0.12411420509333,-0.9431932904538,0.190980155666092
456,57,-0.200726729854162,-0.236873167422393,0.161425329992675,1.75664263542125
457,57,-1.03549359122259,1.68794193883092,1.07680197107865,1.22604593214045
458,57,1.26874225908926,-0.472532493785979,-0.288997361827846,-0.992634741619442
459,57,-0.530367852649013,-1.57642344625997,0.189965470949163,0.185022512704771
460,57,1.1686679003781,0.0939231531455141,-0.754585797775548,-0.0132322990184377
461,57,0.686696730259023,-0.926741662501195,-1.03551566501482,0.998515433558961
462,57,-1.14470485694799,1.32506675201642,0.595280144116414,-0.590567726751757
463,57,0.525592777873241,-1.45254171988634,-0.502585629424784,0.210106393858067
464,57,0.0331518965785207,-0.806336368600439,0.434653474094482,-1.91106191484995
465,57,0.819218760150479,0.653455719021223,-0.799226784520404,-0.574177944737984
466,57,0.105721034493831,-0.102157718265272,-0.718287499941893,-0.240706792915117
467,57,0.300001029762743,1.13273391024786,-0.257797310359985,1.61408339955764
468,57,-0.344802011403669,1.95401765074229,-1.69847708115143,-0.0797784362446091
469,57,1.14896364038663,-1.32301731302976,-1.12623727090657,-0.413883287919902
470,57,-0.337323805094307,0.781425917857048,1.03307255189375,0.560350876184075
471,57,0.473957641835686,-1.12698275653031,0.354563988300444,0.341342822587065
472,57,-0.345745669599579,-0.500440365709213,0.842018143089735,0.924391815163634
473,57,-0.682931188783876,-0.00539099570412124,0.188689184542043,-1.16779434777064
474,57,-0.907107924292863,-0.550150490462801,1.98130138499889,-0.40343770144509
475,57,1.11712849840507,0.384254375268487,1.52073440961081,0.308934448779536
476,57,1.65782049464709,1.02750608801292,2.16673513487604,1.18218298414601
477,57,1.16339786870568,-1.07946159582098,-0.778698731343843,0.361793528591636
478,57,-0.677895173095191,-0.838118343892816,-0.0442046639282658,-0.442050110601068
479,57,0.0241563451459084,0.948857022641898,-0.0932785093705709,0.104556562436302
480,57,-1.20744422443896,-0.208089608511182,-0.527666066560268,-1.00118294283078
481,57,-0.375006863107418,2.0230049321334,-0.268670206744244,-1.41717550373823
482,57,-0.596653880496293,-1.62915127114737,-0.151958484055982,1.30615860398321
483,57,0.0141278365332757,-0.549586756810433,0.583722935370956,-0.539252060265855
484,57,0.202231387819554,-0.170326489583327,-0.598186004068866,1.22720189728093
485,57,-0.758968536328191,0.130105804332739,-0.238061859361185,-0.924324153886358
486,57,0.3191210152284,0.168128890701265,0.967788840292395,0.583252715965563
487,57,0.357153248339819,-0.785901862903786,-0.200889554593859,0.321335008869311
488,57,-0.173414320285672,1.43723272627762,0.392022259567714,-2.78680969667266
489,57,0.932712320234908,-0.362959132221868,0.0451181082899908,0.133445345750527
490,57,-1.34850913423052,0.418563713173709,0.0417372830492084,-1.33395597235877
491,57,-0.615762442522894,-0.00797811380784362,-0.152258289490691,-1.07972216006127
492,57,-0.891406340842016,0.383831149740773,-0.126533198178344,2.08596721463421
493,57,0.510439676246773,0.0559268129599052,0.706520943738095,0.0262981933322065
494,57,-1.60501016485402,-2.05969024007237,0.286205095985321,-0.249592289953668
495,57,-0.163215843100187,2.51075025588215,0.94411534818622,0.261809873912777
496,57,-0.96406289456183,-1.27847628975947,0.5728433753836,-1.12292330408902
497,57,-0.53765063727503,-0.336951306980583,-1.42205377152977,1.24824359927124
498,57,-0.979782674262785,1.37342073631907,-0.492890614084668,-1.61684436271268
499,57,-0.317318563623159,0.139246163211594,0.553947387633289,-1.18742219102151
500,57,2.55928287168071,-0.469614379299099,0.0806234344147347,-1.23095003593625
1,58,1.68264408330207,-0.422727052891653,-0.332763779984939,0.459763973237479
2,58,-0.445791604425696,-0.535051902275229,0.153728464058659,-0.0262456687988877
3,58,0.0471052632369388,-1.52412649136973,0.984148358751235,0.869515522960428
4,58,2.04807863452337,0.119862622031413,-0.207718814997786,-0.126029339113238
5,58,0.982774422010274,-0.657881649878756,-0.235670595191162,2.7158833370823
6,58,-0.382224414895121,-0.770613639927331,-0.131734714334299,-0.199162231887888
7,58,1.66062347670242,-0.138516852094754,-0.735580063576547,-1.08367145266089
8,58,0.360007487904542,1.10710353483452,0.163956064633573,1.1544788366861
9,58,-0.191787733768337,-1.64320379227043,-1.04651351640098,-0.00940911367621755
10,58,1.1622877110299,1.51548643015265,0.751669563461749,-0.478573422150096
11,58,1.09091977748583,0.714372732209134,0.51013677283982,0.405451714745448
12,58,0.400902083472859,-0.434797181448356,-0.939570119127631,-0.239101334929795
13,58,0.927878233327554,-0.316095856543136,0.7810350745147,1.47020842265092
14,58,-0.0242075033904996,-1.33279598113101,0.799148336691776,0.0919376252469879
15,58,0.925592043544325,-1.06050205062846,0.228624552415422,0.0488223453999431
16,58,0.102398996071178,-1.72954914289014,0.297510904440403,2.56324054405685
17,58,-0.0271208680355133,-1.29757319904753,-1.15058449563073,-0.977589403622787
18,58,-1.25535932407577,0.03057184247721,0.270070085076367,-0.784850069266415
19,58,0.916354066191592,2.67409447749912,-0.196233020496113,0.330614692826627
20,58,0.574674017205103,1.15060277235631,-1.46581924842783,-0.088787777782364
21,58,0.895816548666445,0.636709815976198,1.12887446430653,-3.0591950128048
22,58,0.290777928399304,-1.03583320375742,-1.26527179781665,-1.06824737597692
23,58,-0.523093970070228,-2.07446070113293,0.135628780262114,-1.25722394428657
24,58,-0.446452054481096,0.429991402702269,-1.17123160752429,-0.577768526773227
25,58,0.365050135257923,-0.15189208625642,0.436210017937896,0.302107580291644
26,58,0.474627609753956,0.445956336280535,-0.735379871060196,-0.424750940320684
27,58,-0.531485906544335,1.34256332291942,-0.43843341822541,1.01704634674538
28,58,0.0131350038339054,-0.786072511573452,1.59017715798274,-0.766348118437128
29,58,-1.88054904617649,-0.276035434446743,-1.24460312373954,0.444102365363849
30,58,-0.188975867945411,0.580952544874645,0.0593791449429644,1.04247062579412
31,58,1.13489990332781,-0.505668337155518,0.206754105010012,-0.409679220941227
32,58,0.413671565705548,0.716594388018124,-1.0007812500458,0.710824176633861
33,58,0.793592784269492,-1.27822555360426,-0.7776765706406,0.79859770061193
34,58,0.114437594832579,-0.0577954961358648,1.26026022726226,-0.149929006475633
35,58,0.602097577814534,0.661384731717788,0.732348604843069,-0.315314715084515
36,58,-0.594383662368821,-0.61592004146602,0.543195143310585,0.078373189257832
37,58,-1.00936331098034,1.23235067899821,-0.0169704492924422,0.172975726280579
38,58,-0.358780465306515,1.05731621453808,1.09038129265918,-0.107486918633382
39,58,-0.484521333190522,-0.883495813255162,-0.132561972835038,-1.08263152453007
40,58,0.546009496564719,-0.859888679843363,-1.43499200448118,-1.05609888275587
41,58,-0.0251469595577593,0.0439836879829566,-0.486245082558104,0.94767893920399
42,58,-0.637262516016803,0.0675143933094342,-0.627331104582174,-1.08504070966674
43,58,-0.275370547737447,0.330764272553727,0.911024547231891,-0.267638005415541
44,58,1.26146646834625,1.26973141152826,-1.00676525110463,0.0831026285682345
45,58,-0.0718934431412221,0.427005817467637,0.419247877224779,0.906307458374643
46,58,0.228253660704871,1.73402105574615,0.410642151613407,0.207391515472521
47,58,2.0862354598972,1.41926477988774,0.547240349531378,1.11915311075965
48,58,0.358131071700298,-0.177488606966587,0.464745767606317,-1.01548670697178
49,58,-0.63122924103223,-0.011377646136582,-1.59668075444752,-1.02991209892334
50,58,-1.15623934064354,0.305091947373054,0.743858895292625,0.580259269095496
51,58,1.13409072585553,1.75332633335297,0.497265642538078,-0.335079898978209
52,58,-0.616913557423532,2.63532433215533,-0.00357909576895416,0.529229926202929
53,58,-0.752352530619281,0.730454939535328,1.34388453787947,0.431905762688608
54,58,-0.765951170305606,0.298664726158369,0.322965029462582,-0.185280123927008
55,58,0.773548757080664,0.959433758384274,-0.604935160760016,-2.49530235568865
56,58,0.900860749714624,0.135246918732761,0.146729877132102,0.362157587196244
57,58,0.132275443315867,-1.01769946051962,0.220876248514942,1.57220666915368
58,58,0.269670747697494,-0.934939173789689,-1.05247349942308,-0.339629122501789
59,58,-0.353859331517302,0.766889815320399,0.0893950402126455,0.695221234036781
60,58,-0.0191275420373991,0.565371035312851,0.922930607647311,-0.542018477951946
61,58,0.725324485507955,0.497131940092213,-0.760479723861745,0.339286428428531
62,58,0.418811352524644,-1.36901750724745,-0.652546968350438,1.56678461292796
63,58,-1.00890138614259,-0.291846948883996,-0.961080497122282,0.0543588160159435
64,58,0.703280251153417,-1.4121485949287,-0.252013168330626,0.384588354690676
65,58,0.60730393980964,-0.974624672269652,-1.59815352880138,-1.40830012735791
66,58,-0.482534178910626,0.706450885882346,-0.514771150620671,1.56068934928053
67,58,1.55762147546658,-0.544454870235282,0.342685055586604,-1.85854943791976
68,58,-0.134915153612395,-1.65770388842435,0.923926419175831,0.528118732005751
69,58,-0.182419556606412,-0.520592082754712,1.6018788301022,-1.10079382103368
70,58,-0.0691144741216006,0.175576121663632,0.129527625966032,1.99020574009201
71,58,0.0162112962778866,-0.882561541049318,-0.883849220113074,0.233096301084141
72,58,-0.991554590440499,0.458028806013322,0.26407787962513,1.80696547497964
73,58,-0.37306861294439,1.44503751195347,-0.531563673483655,-1.86861972413981
74,58,1.57651698178492,-0.382517950145376,0.589839576180415,-0.093379354924054
75,58,0.44502843129275,-0.752415968682188,-0.163298474049195,-0.305072676950888
76,58,0.521600482096428,1.03391836730058,0.318688564717031,0.0581833179716389
77,58,0.344533053962463,-0.668789793717943,0.0473285912880131,-0.71470727451083
78,58,-0.78633524301179,2.06511178197595,0.233846682378473,0.0675392675846945
79,58,-0.725482088980658,0.454392959091086,-2.50613389045101,0.93485275972923
80,58,0.000275229801560205,-0.944574229650416,1.61321634996234,-0.69921456301778
81,58,0.911352735668984,-0.605742928129218,0.731563840173304,-0.512763406490499
82,58,-1.22386531038366,-2.89960944481861,-0.973790505109122,1.33510193735543
83,58,0.318262878820525,1.91929002798237,-0.552002355511713,-1.73817142140297
84,58,-1.55185807494167,-1.77661059190699,1.72060950973399,0.0336567743898061
85,58,0.113889700356504,-1.75763244743265,-1.15815468213361,0.606296712003571
86,58,0.421001722181322,0.535310337356991,-0.257597497414378,-0.729496457487854
87,58,-1.06626639384993,0.448639372826863,-0.00935650431334242,-1.08728983508164
88,58,-0.198533315175367,-0.435895501298053,0.813097245212971,-0.397159995872268
89,58,0.605541333323255,1.10144120111808,-0.24808850483675,1.52707537482997
90,58,0.735445986635143,-0.912270289736088,-0.407047787642712,0.382682599703704
91,58,-0.882627874257482,-1.27576439000627,-1.96290070266601,-0.199198917875918
92,58,2.17573682373992,-0.89410955823729,-0.369299916754869,0.720926313189665
93,58,-1.0220847806357,-1.64290281393963,0.57915109258306,-0.255209976794173
94,58,1.70654714125107,0.807858051705772,0.861940675384717,-0.549826941674147
95,58,1.06016015769939,1.19372739791687,0.0633464864326608,-1.1189343294876
96,58,-1.54503584963022,2.08278986732668,1.4319609881885,-0.0778282125717676
97,58,-0.565792314991766,0.120395127833154,-0.399872067952088,0.243638124452592
98,58,1.54998777415648,-0.259399171492429,0.483432989597356,0.508698866557664
99,58,0.808068642436322,0.0960240396189819,-1.0845093569886,-0.152153831977394
100,58,0.96134558195435,0.478362958702377,-0.144179838521307,-1.65400828537878
101,58,-0.163322356191045,1.55886658985732,0.28308988922147,0.0725245719999546
102,58,0.148453474294179,-2.23143300798733,-0.128599616320948,1.51955786458935
103,58,1.09703713942592,2.3669504980819,0.701307123776501,0.420484230651734
104,58,-0.777742185925956,-1.14805345846452,1.13874357264941,0.177403371627293
105,58,0.164206011510825,-1.24456384656184,1.00998955780268,0.0112041317665684
106,58,-0.115100494931975,-1.64462658778314,0.226132267710902,0.534093046476691
107,58,-0.788694912248708,1.15486233664241,0.93750894721589,-0.334676013979613
108,58,0.633437228272504,-0.310156829339686,2.05925520174439,0.172169290592401
109,58,-2.01070469780327,-0.416273573219543,0.415943570679155,-1.15012009511851
110,58,-1.04373108581446,1.33907020640678,-0.415903606023016,0.108487532876996
111,58,-1.01825756415589,-0.0998721418620322,-0.810251699205662,0.0115544868493311
112,58,-0.334780820608134,-0.648502783599115,2.07085324892256,0.586464592406664
113,58,-1.03271781524061,1.13769564980378,0.494135594801414,1.18346598252023
114,58,0.593382794387474,-1.72584460364335,0.0313244344569987,1.051877783247
115,58,1.02354289363968,-0.536935180604858,-0.628468395363587,1.0796143542597
116,58,0.816511405079982,-0.590578196899718,0.293657590313389,-0.239435107481449
117,58,0.00679410689657375,1.10251378571115,-1.86076341906019,-0.397717596943948
118,58,-0.536317329245461,2.18870909033296,-1.32916226448108,1.27534514143573
119,58,1.56817112564643,1.12914276557046,0.581893026516794,0.168437690710837
120,58,1.05313480214804,0.752529326118572,-0.126683203537267,-0.505985132496648
121,58,0.117179631417789,-0.498506690643006,1.62857909979164,-0.696325711187143
122,58,-1.72660837470348,1.74232249742653,0.497380005886164,1.0354949941563
123,58,-0.263012980493174,0.418687511802121,0.155038736006354,1.30716736957361
124,58,-0.773600750663545,-0.887521978221829,-1.16040386527265,0.0194735909783403
125,58,1.18308024512092,-0.125686175740094,-0.392880424182975,0.159759379030645
126,58,0.539445695347712,-0.0115210744322693,1.69816407965434,0.739202793059301
127,58,-1.10959368029686,0.415579050563422,0.213305112965248,-1.2530422153543
128,58,-0.848733382756122,0.695369270108295,-1.39358164804405,0.807682538749152
129,58,-1.0204185184443,0.293119172978978,-1.3326906781349,0.0433224739442781
130,58,-0.147199611332586,-0.0538862509573172,0.481782202982224,-2.11987261889847
131,58,-0.0150799817267384,0.630979819201702,-0.695091827276628,-0.864097105216852
132,58,0.623674622605149,0.106308136208233,-0.655184130365461,1.53236654299786
133,58,-0.576303946331162,0.276896892487749,-0.30619865922177,-0.105275608824187
134,58,1.48844183370435,-0.492476208231256,-0.957138601587135,1.6671897769315
135,58,0.8929279306538,-1.04327126443071,-1.54941453302028,1.57409694093598
136,58,-0.305946638661402,1.58757497196147,-1.37389854536259,0.769803689732329
137,58,-0.111992279610456,-1.34061950138612,1.13979460908602,1.06716145448901
138,58,1.2199130927333,-0.96608285991698,0.989575904681827,0.0260973399006157
139,58,0.49346996760451,1.07272768606514,0.942873242919608,0.770440789693275
140,58,1.7874228147177,1.32672182002366,-1.26325448790588,0.740536966822488
141,58,0.234844412648314,1.44494715092978,-0.246769958465397,-0.768252854505356
142,58,-0.110263848972065,0.341074313299231,-0.257076647232608,-0.522946357518177
143,58,0.816971774705871,0.107941735451098,0.825240754917946,-0.701227205606525
144,58,0.93745044403649,-1.24373244553295,0.441977032435951,-0.575401850033418
145,58,-0.38625434160626,-0.728762211219695,-1.9308592796854,-0.249752651064349
146,58,-0.978738011779643,0.848667536276205,-0.252085222779267,0.715721722049094
147,58,0.0887810241340248,0.721479992992937,-0.0107494149169074,-0.933778137023621
148,58,0.652467958025381,0.764963046673826,1.55233538435379,-0.670206585372567
149,58,-1.48433578720681,2.33251630401239,-0.858302301386155,-0.189008582020046
150,58,-0.890624974920024,-0.135581348144953,-1.02804971317929,-0.0408203850473203
151,58,-1.59763047016683,0.176012933162138,-0.471208701853105,0.996850510448381
152,58,-0.551967248722135,-0.982133084770416,0.962160064179516,-0.163439301705569
153,58,-1.05174591983647,2.06531810622779,0.711682380020203,-1.24631992852621
154,58,1.51518421754053,-1.00917181283481,-0.791796948306549,-0.495801898396075
155,58,-0.232467141086136,-0.311813258529061,-0.933126342726753,-1.46133277705953
156,58,0.303924852418481,-0.318149574256185,0.683507223403849,0.767616274086906
157,58,0.67938182258767,-0.951588458546297,-0.683183879658022,-0.0875833143494571
158,58,0.0358160958752812,-0.154863088351516,0.709431188828546,-0.981651582454435
159,58,-0.670186048848651,0.129743890024687,1.06032355421149,0.155660047743714
160,58,-1.09967905171348,0.836046339449201,-1.16507007330446,0.996121034501243
161,58,0.939230500379115,0.448452873351273,0.195904067283535,0.275100042773429
162,58,1.06959166735952,0.361996910927965,-0.549642096000461,-0.934941208808469
163,58,-0.091162060161892,0.135972983800137,2.74095356659064,0.188985677160544
164,58,-0.314776592867254,-1.61930476975517,0.381524699778786,-1.16526735653402
165,58,1.50758607242586,0.346077010119675,-1.12190595882883,-1.03740515565256
166,58,-0.688627134112655,-0.978702987679487,-1.9028451325292,1.08517404153779
167,58,0.0807046215250874,-0.694946611467334,-1.22442735036751,-0.211709405207682
168,58,-0.654578451426816,-0.350408165020703,-0.074179920885347,0.263216438012981
169,58,-0.0496054946242307,-0.707448795744143,-1.05171472413065,-0.851183807275721
170,58,2.02901400198141,0.260167113702087,-0.428983491565587,0.548081013713476
171,58,0.703269284889402,-0.648899562433461,-0.935456197675619,1.33271734929835
172,58,0.181808695454893,0.190597092155618,0.0756777829599197,-0.808736426200339
173,58,-0.119409278842222,-0.321751927067435,0.144396875404119,-1.09309514100963
174,58,-0.407448189948538,1.90378459375538,1.26845872128031,0.486029261306813
175,58,0.711397440909762,0.750398073737826,-0.45615728000898,0.68994559530507
176,58,0.645940575805262,-1.75933995537377,-1.18134426648701,-0.0807005130669172
177,58,-1.16457878447856,-0.755274087769547,-0.463932409123914,-0.522516102367468
178,58,0.536590824714049,0.486402311928585,1.44489076811381,0.241442164414084
179,58,-2.09791492625155,0.986521943319804,-1.21248151549919,-0.0943310803662631
180,58,0.0894351755562012,-0.435213454274854,-0.733992000747168,-1.33693606500115
181,58,-1.3606908852113,0.198399291211723,0.383608314227118,-0.163041161687531
182,58,-1.47824026862831,0.909859817241453,-0.501796202182987,-1.25826822773475
183,58,0.385441616128237,-0.645158617626337,0.0192537347067955,-1.94760303933655
184,58,0.827549615669164,1.1583538797095,1.82786352724959,0.464563764846021
185,58,-1.05431412369364,1.24011950679057,0.333560343490726,-0.286656786868198
186,58,0.728392672219,-0.211530762380136,0.237457014507018,-0.414671370540587
187,58,1.05730243736233,1.03373745910775,-0.105238305376898,-0.144949272211631
188,58,-0.272926124585622,1.29041024273199,2.82537118143671,-0.466385310503906
189,58,-0.0617099036889606,-0.218033742981944,-0.795259440521155,-1.81750821903127
190,58,-0.521688646893845,-0.381700793791761,-1.31104903882108,-0.265163661789909
191,58,0.485648689497561,0.537339683290795,0.0959726275071417,-1.37518047090528
192,58,0.901357941706403,-0.203445338799514,1.13858587912294,2.1975193903122
193,58,-0.0820528367095054,1.62941266483321,1.08738855234405,1.15340482988992
194,58,0.695333636292742,1.43140766003978,0.346687005636881,0.906209894387547
195,58,0.505363940583597,1.23772359183945,-0.464288743556043,1.66387948407737
196,58,-0.457546962420652,1.09774243462053,-0.344716455560667,-0.933089363737788
197,58,-0.49366807700354,-0.453104768253356,0.71299830686887,-0.226709651749212
198,58,0.0254069033571305,-0.821999929009684,-0.139533979743817,0.107632460066442
199,58,-0.925924260365658,-2.08864288434169,-0.0290612437979614,-1.10171661208422
200,58,-0.80559271113213,-0.921108367444296,-0.235236393084677,-0.481471868660121
201,58,0.596612172872938,-0.0401802572634428,-0.608844269631106,0.0913823586073265
202,58,-0.564104319114262,1.30680034563904,-0.142360266824125,1.33467500333287
203,58,-0.467429369855474,0.445234041376839,1.33382178137168,-0.756263591734131
204,58,-1.68431107095454,-0.134098688285866,-1.27753486171662,0.62761107205317
205,58,0.129715446499352,-2.4880247606385,0.525412700537514,0.227156422040423
206,58,2.31366541787315,-1.10129795092176,-0.378517056847906,-1.42405959043874
207,58,0.449182535749561,1.61967337470332,-0.181254434360569,-1.49407433574063
208,58,0.152579555345873,-0.460876373385791,0.742152311622274,1.2141293608695
209,58,0.559876521813702,-0.960355769522982,-0.721255769780768,-1.5214056371844
210,58,-1.35063146329022,0.141927827545998,-0.923319773249733,1.58035218878231
211,58,0.78098352459431,0.800793981812704,0.812749463813831,-0.455545225555881
212,58,1.54991735548505,-0.0080465882198768,-1.26246066755844,2.03540250423794
213,58,-0.430353941969087,0.321768543189611,0.201263110443429,1.13117555227897
214,58,-0.791376816138322,0.217509302330325,0.389793944130553,-1.96547992336079
215,58,-0.395815387407604,1.42583197275255,0.0420833176527581,0.629778937142967
216,58,-0.248490781686929,-0.506689777366255,-0.621088475140354,-0.520329822341401
217,58,0.453736677583726,-0.115282520633616,-0.236102416742753,-0.471184014590439
218,58,0.581946460637503,-0.548791167238416,-0.946476213810265,-1.25169749613762
219,58,0.281490539822953,-0.728861015407988,0.577631635065239,0.0592453019503056
220,58,-0.0338330686859692,1.43378255944597,-1.17277612267681,0.845004293566791
221,58,-0.296283241608646,-1.20067983374297,1.92909490413282,0.632608893481761
222,58,0.157937379606156,0.641018056402954,0.949764273885942,0.584924748579728
223,58,0.192549068778693,-1.38396058565764,-1.01585249951324,-1.32536512893856
224,58,-0.797298397066979,1.08450600837549,-0.295704851197676,-1.85276739797875
225,58,0.510614398292786,1.29253784142434,-1.00399355790118,-0.716595560717351
226,58,0.168750091760495,0.721286094500169,0.509689416103791,1.30300974123426
227,58,-1.89751187568887,0.26503614985689,0.230959946343987,0.813497755363287
228,58,0.430952341737583,0.170223373331066,0.45309390472293,0.576795357037809
229,58,-1.32539701304516,1.45178734218358,-0.470697059102446,0.832170953331717
230,58,-2.91719080257971,0.119232721560014,1.43620813914,0.639677172205501
231,58,1.65003804107693,1.49248645005609,-1.92746374480432,-0.728047585802363
232,58,1.03491330957028,-0.38666869636013,-0.565147348712372,0.902507908611178
233,58,0.0900610150032294,-0.869098598546966,0.268811821015161,0.532134839392769
234,58,1.02885119254022,0.902888491483649,0.300285637786396,0.363617595532131
235,58,0.592914760333163,0.194417866287258,0.972333166904413,0.810768642563371
236,58,0.977298304715303,1.55045270791443,-0.448421972771686,0.592193416360852
237,58,0.383124318239768,0.131685368785249,-0.0966312527600266,1.58159530151652
238,58,0.951345448971414,-1.20946014101212,1.93854959723389,-0.843294914235275
239,58,0.909768948403671,-0.50657759546632,1.06492855717549,-0.0979833885698833
240,58,0.550479302180592,1.60259928253282,0.00100506446224889,0.898573085860437
241,58,0.050780363297408,-0.581809225610066,-1.22885785788884,0.0481106224424003
242,58,0.0411899663582979,-0.746746461369886,-0.57676540973246,0.743430719941465
243,58,-1.19568940372408,0.419145126543521,2.18627918660186,0.0768449538275278
244,58,0.383453895294806,-2.59639339553792,0.0768581388267015,-0.56295783908197
245,58,-0.8213705192289,-1.63210682410185,1.09169619283791,0.107822163094811
246,58,-0.458492397081482,2.31218031194055,0.452064635919987,0.340900655803576
247,58,-0.65319504265049,-2.95124555735023,0.86460974135102,0.576979554661042
248,58,0.0189412850186828,-1.96037465489345,2.34827132096857,0.996568143017156
249,58,-1.46996828638739,-0.465048914630706,0.035914722646253,2.91958322376733
250,58,0.348087403960236,1.79090837518579,-0.0999100223060594,-0.846672311317444
251,58,1.28532810221644,-0.255432939542195,-0.345549461518657,-1.22921061700842
252,58,-1.1506919500103,-0.949367838745486,-0.879792098763574,-0.339765678564109
253,58,-0.601699714408608,-1.24493848980944,0.426217021975134,-0.295227277156846
254,58,0.520783367692113,-1.70540707479786,-0.374393337592672,-1.30061031981948
255,58,-0.233683301676106,0.404367731425267,1.33913640960232,0.655777922846048
256,58,0.360365331489,-0.950749750983052,0.159105859321945,1.86900869462963
257,58,-1.18349241859521,-0.148865398383491,-0.532713319381412,-0.308993839418593
258,58,-1.0030438410435,2.23617517963789,0.868094086186321,0.40691921792826
259,58,-0.286763268961737,0.665474842123433,-0.466297287896902,0.47292402654958
260,58,0.0646292257645437,0.411067456784806,-1.29512393701265,-0.556380115918069
261,58,0.898330231845928,-1.05060405640163,0.924441449621006,0.570244763564705
262,58,0.102303059278656,-2.89780387306131,-0.793703895864689,-0.908230956033053
263,58,0.104225985998804,1.08825590572005,0.103024204369635,0.965233394072018
264,58,1.08995166976924,1.17763716486792,1.62278851592292,-0.776519641473817
265,58,-0.68732123435716,0.463524536886454,0.515671907292356,-0.703556991957724
266,58,0.988806549486394,1.43819910245464,-0.44542665771768,-0.48767431761534
267,58,0.0112806371237848,0.469622617957462,1.14576622448755,0.465995687784965
268,58,-0.869785334131532,-1.8250690855978,0.697556727074989,0.3721039279792
269,58,0.359933177679977,0.687880537360448,0.203156692599935,-0.173702041984291
270,58,-0.65246616861944,0.280249201572236,0.153751336560817,-1.08415046126084
271,58,0.191079536590747,1.70463896108364,0.044683274137168,-1.23584889434061
272,58,0.0387877725798401,0.675178935250072,-0.0906973152778232,0.213007055859694
273,58,1.06212786094899,-1.33444054000883,3.10697392462287,-1.24612850935397
274,58,0.88307129532498,-0.255825802109741,0.687282705107343,0.222899534425488
275,58,2.02883358633182,1.16721126446605,0.964659328808653,0.498759039051469
276,58,-1.44752990689045,0.998753588849899,-0.870354645594675,-1.23009475961532
277,58,0.23115790329162,0.836891046827613,-0.438176280635249,-1.92930125222623
278,58,-0.139232976348438,1.44863288815125,0.428554657865791,-0.569887313363016
279,58,0.224106506446656,0.743662310409,-0.557052707954319,0.605849408630466
280,58,1.70352091133135,-0.0315935353704785,0.682181145923237,-1.33411275721006
281,58,-0.466142431902264,-1.64723207944615,0.546959892400852,0.0836843261347706
282,58,1.27191456024511,0.307278138130807,1.11366915827639,-0.826408494477156
283,58,-1.7693794266865,0.750572365986862,1.6290039955308,1.44319837098585
284,58,-0.522219218689404,-1.23274829339697,0.3825479119658,-1.11258380292033
285,58,-0.249999588464925,-1.07445035359874,-1.25627035540193,0.365292430721284
286,58,-0.128488105220302,1.24236873544575,-0.428899666307527,-0.301762491071974
287,58,1.52593586689597,-0.660597159035517,-0.322773266083311,-1.41926234463728
288,58,-1.36266493815152,-1.85303578823779,2.32664780524096,-0.348493029717822
289,58,-0.926784914323614,-1.7693212420172,-0.460843152910986,3.19377286849791
290,58,-1.30562983437062,-0.122602276329091,0.186743668015027,-1.93045401243465
291,58,0.0783739952465191,-1.06712867608266,-1.10271138471291,-1.16520727445006
292,58,-0.435999463961994,2.92778058769472,-0.0471480795312457,0.360280478818804
293,58,2.02378798229325,0.0556556761158539,1.34075387756466,1.23273986814084
294,58,-0.631890819660128,0.824522064779263,0.550255716574427,-0.122517999475174
295,58,0.638297491654696,0.21997714056768,0.830180221087377,0.548434101820831
296,58,-0.171642736279272,0.517429988715902,-0.391817468285588,-0.0235302710818077
297,58,-0.610509970587345,2.04627016333529,-0.199079419825592,-0.382824963927672
298,58,-0.0272153294279278,0.412597257799977,-0.508237954922612,2.58011987818512
299,58,-0.458253462211413,-1.96229835382502,-1.12114525772819,-0.195031975407397
300,58,1.55338465613051,1.02786383288134,-0.349632530891379,-1.08483884341316
301,58,1.34206549173289,1.28059104613111,0.259486870500117,-0.881602873638699
302,58,0.291653147977767,-1.31739484698373,-0.100178324414379,0.78262763449968
303,58,0.741453752598758,1.71182520587692,0.95347048778215,0.971693221762378
304,58,-0.751438210717186,1.48408961036466,0.848587878852503,0.373091717919734
305,58,1.13577485426394,0.0822239904289257,-0.835696176334922,-0.182782562302119
306,58,0.933992140643986,-1.64634815645,-0.381422811088489,-0.723172310816411
307,58,1.37278196074548,0.137520115658702,-1.07289458863288,-0.356324212616885
308,58,-0.294850006429948,-0.944203371179301,-0.0615335142571285,-1.65825617646964
309,58,-0.0652550718502959,0.374412608609229,1.83885070889681,-0.379578889365074
310,58,-0.407190977082524,0.363406072205097,0.212945709219155,0.102448897282078
311,58,-0.34720320418106,-0.632965792213294,0.391529639486071,-0.250760206472896
312,58,1.23299817837906,1.00326590342078,-0.187834278348543,-0.229983868078834
313,58,-0.207277829882872,1.04819023482188,1.53085697595738,1.14818771093045
314,58,0.759133780583704,-1.50638379188243,0.400923736641374,-0.539643143919103
315,58,-1.0321187908956,1.16745465381365,1.20636844153931,-0.59521538921526
316,58,0.660304097209375,0.87204411108476,-1.49506514670327,0.0206718795594996
317,58,-0.521060242334931,-0.0108256715221874,-0.396135268044971,2.1351931543062
318,58,0.252960004584915,0.138104905623516,0.897392962930794,-2.38931774164115
319,58,-0.539603437117009,0.671085336653926,0.492614254963482,-0.576432167013597
320,58,-0.258869461487266,0.669250267357514,-0.808856591559243,2.0641532565571
321,58,1.92924032336388,1.53548213615937,-0.446394799285667,-2.18510656512677
322,58,-0.0120981487682964,0.77138209108458,-0.612148790014711,0.621513324518637
323,58,-1.18994594161661,-0.232230502021069,-0.942315360751902,0.0859105244346746
324,58,-0.490033600091341,-0.499015638868026,-1.28113239049374,0.75136455420185
325,58,0.264842975738332,-1.322983320657,0.708758762624835,-0.0505799122391117
326,58,-1.3586658586483,-0.850927309961804,-0.778274723721536,0.226555031877213
327,58,0.361930876244226,0.522048051482427,-2.36117295777429,2.21997358727343
328,58,-0.645457714863581,-0.0548523179399048,0.209536772770677,-1.41227325670954
329,58,1.03139342079022,-1.2358151941489,-0.267892181587939,1.80954806457016
330,58,-0.1041952346478,-1.1376090775829,1.6298183052926,0.589485716259445
331,58,-1.51492229261829,-0.711561124629758,-0.869321604431452,-0.53558969807571
332,58,0.45327879989902,-0.740807054179285,1.85231506940687,-1.19502268076524
333,58,1.15522302207385,0.768974380925228,0.358030029886031,1.41074386193887
334,58,0.896580952813388,-0.165066423303443,-1.15411071511438,1.54651258137935
335,58,0.557385925245315,0.210140928231397,1.71026507410697,-1.05187351031688
336,58,0.437318813174829,0.852531398263707,-0.494459380552714,0.502158991194841
337,58,-0.720080247490197,-0.0101207869082466,-2.16862457700872,0.955833498340535
338,58,-1.61893105623193,-0.137694312394486,0.570997444745135,0.909020631650438
339,58,1.26034304052159,1.06294747605113,-1.69256516708495,0.0621145276324525
340,58,-0.235379002090409,0.647167246181272,0.232710316815369,-1.12477973928736
341,58,-0.803246103931248,0.905915297483415,-0.744818106325607,1.90608831892765
342,58,-0.0931908973688831,-1.0598259536217,0.0691155970763282,0.805548157038138
343,58,-0.92651269847819,-1.1572280606718,-0.0798255815897002,1.3058889560751
344,58,2.31741277858261,1.41010918953491,0.355869391514956,0.232348391198781
345,58,-1.4972250285291,0.459020961121393,-0.665064733634505,-0.539989461997034
346,58,-1.10462975656418,-0.0753480932002493,-0.333851806063522,-0.323838308691817
347,58,1.53612524552617,-1.01995407985303,0.238758608770945,-0.396078374745325
348,58,-2.2084647356729,1.04931057847531,-1.93635732937895,1.72110984470306
349,58,-0.576572189734357,0.496081505739118,0.106779527989505,1.14788382638428
350,58,0.679175640510703,0.350593893917984,-0.268031695688828,0.319492742047924
351,58,-0.823076846423137,-0.62692101487625,-1.39115313839907,1.12045837702561
352,58,0.454345863230468,-0.148682969878569,-0.978422091852115,0.971931917128082
353,58,-0.505508200238851,1.53215547836817,1.17870890267577,0.27693546891761
354,58,-1.17810818302688,-0.548886953792828,-0.39100586657718,-0.333269217358966
355,58,-1.03209793480876,1.75871802714695,1.79557781835861,-0.207862530783095
356,58,-0.022584672372421,1.49689351446042,-0.622503891693157,-2.15749746436981
357,58,0.570274452583697,0.203524642740142,0.149710425506079,0.00469517258330271
358,58,-0.0250115530853623,-0.798009450363057,0.101900814744321,0.218549782838473
359,58,0.92611689905145,0.777330844240611,-0.845736705279372,0.707929536046703
360,58,-0.157209758853601,0.334443683618476,-1.1783032753093,-1.53795246850443
361,58,1.90045395306261,-0.647333766188111,0.107731288393793,-0.310634455328919
362,58,-0.261090187199898,1.45017912005034,0.0658506432671666,1.64642425858851
363,58,1.18141965185129,-0.918553533972751,0.296626929772703,2.10631025297234
364,58,0.135523068344231,-0.77660962325061,1.50910823059893,-0.0864618518521641
365,58,-0.805303014358102,-0.400187815520411,-0.601292501630983,-1.38342307268641
366,58,-0.290601303447309,1.31369826600007,1.02233457438066,1.23892390971075
367,58,0.0683829421314471,0.413875263094011,-0.489163060624935,0.342604415786138
368,58,-0.263436878278202,-0.292725477607313,0.394749944452979,0.166306250074959
369,58,-0.0634430653379487,0.379909498334223,0.363588240729455,-0.774445708545778
370,58,1.16640075179293,-1.26483884346002,-1.07175161189537,1.52750055354839
371,58,1.12126652970778,-0.976911303917588,1.79345590228926,-0.190486838068367
372,58,1.63040360980177,1.26594511925059,-0.40593229122826,-0.0234694755430691
373,58,-0.691756353909753,-1.42559577858887,2.10069484730737,-0.845567368447938
374,58,-0.715599253484869,1.02694429057718,0.393101563995239,-0.256844241987296
375,58,-0.0850599176385702,1.06277196159244,0.252447019415163,0.230679069397006
376,58,1.32532964347513,2.10935581905936,0.512758351813265,-0.83558581113139
377,58,-1.37980178845148,0.765356480089701,0.0876989053566879,-0.847312509642507
378,58,0.554926912969073,2.25913251610457,-0.917503347942549,-1.63961802281567
379,58,-1.06983914021588,0.0172159515633854,0.693230545180753,1.31234224419519
380,58,-0.158257351489264,-1.34095344752965,0.688453147388158,0.213388039859917
381,58,-0.201078375409602,0.165146293763656,0.857490037607996,1.02810635810115
382,58,-0.547940463222889,-0.386607437125527,0.663088396879661,-2.01982324088711
383,58,-1.83023739833577,0.22491667296153,-1.87611623084221,0.0169110898879191
384,58,1.48027875313745,3.15847143905852,0.772852036974963,-0.22026002706076
385,58,0.2350729913379,-0.689397408608801,-0.84785748049271,0.689107043472584
386,58,0.166278135009389,0.428003823117229,0.430272278232056,-0.46288502267474
387,58,-0.592837459591762,0.483217822211898,-1.300449983046,-2.35553925752856
388,58,0.766634852032828,1.02415413469071,0.316248499907067,0.830663896561831
389,58,0.850574381668701,1.83559551777299,-0.724894504923628,-0.134199576843759
390,58,-1.28958728771015,-0.167013557169701,-2.3252170284224,-0.220971190884834
391,58,0.58377559919503,1.43771566081752,-0.467506176036171,0.932599608733765
392,58,0.0221709818669348,1.47486322257896,-1.3354118896379,-1.85535657815565
393,58,-0.867646605437203,-0.860732781627834,-1.20998432530692,-0.730584450785309
394,58,0.488177081151276,-0.807760584935523,0.296049623488458,-0.111504631136798
395,58,-0.20776970126505,-0.102304652167508,-0.316953281099008,-2.55122675005536
396,58,0.832889301912563,1.35758050120813,0.723872327652901,-0.173671248436899
397,58,0.718865735386354,0.847989140038934,-0.804732217700399,2.11594494240034
398,58,-0.232881712920331,0.21292494908273,0.269213635551723,2.1007400694074
399,58,0.624080242110325,-1.74107222223634,0.404039311523649,0.475304525192273
400,58,0.515075447887766,-0.222728732870284,-0.74496279300497,-0.184204026337857
401,58,-0.110734519987344,-0.0448884913030497,-0.0114370376169812,1.53526773469775
402,58,1.69190344036599,0.271206199761058,-0.37809535942251,0.208972636373925
403,58,0.029403219234075,2.05171156849351,-0.95667748850682,1.38611421688195
404,58,-0.617983249671743,-0.543658544345844,-0.353348529373904,-1.12232380413331
405,58,-0.784569991349548,-0.812643324336267,1.20338417001335,0.995299804079443
406,58,0.437252994816373,0.0210957209883875,0.558255279772991,2.05539369569888
407,58,-0.747890507692369,0.117245377803369,0.927600726657953,-0.35311753090403
408,58,0.766304777396726,0.325617640748643,0.0283345023789863,0.164695803614418
409,58,1.65848233735484,1.34985258079482,1.27164915301229,-1.04337926613932
410,58,0.168310090046984,0.386303652018698,-0.39148714975931,-0.362818255989953
411,58,-0.71150037813216,-0.393439201290272,-0.358808053813711,-2.17725321606397
412,58,-0.340656216944149,-1.04469572940881,0.65949194205992,1.45175208624055
413,58,0.112070327855297,0.941651186818025,0.203742611792226,-0.801699179825511
414,58,-0.989995581068288,1.26452290919053,-1.75014669821745,-0.712624112275773
415,58,0.337962168359267,0.0653996613627335,-1.59616486047562,1.9718868335466
416,58,1.20254133632658,0.355137140125946,0.476507917423201,0.958519133343097
417,58,1.13539009406885,0.732298844731296,-1.01312888766074,0.769319301387218
418,58,1.86474148925811,-0.843907331259382,0.411640305113369,0.890072606045194
419,58,0.242564825758806,0.239324796899625,0.796576558605124,-0.189867297833058
420,58,0.177373333063448,-1.26394773640468,0.674777591377436,0.719362021316814
421,58,-0.856125983353588,1.01354444014841,-0.791301315932281,-1.20779877719363
422,58,-0.51478666017586,1.30837893673458,-0.594527052746125,-0.39048473630732
423,58,0.39847700450532,0.207205733493609,-0.610012397198875,0.325842016436944
424,58,-0.828671715704095,0.0800932363329623,-0.347869220170956,-1.02620849625202
425,58,0.250383458611627,0.394825648625252,0.457311961657043,0.39561162450536
426,58,2.85555417170508,0.569663975936116,-0.690006713993205,-1.03379780075253
427,58,-0.943699055681114,0.561942382843787,-1.40591924886676,-0.627477925745925
428,58,0.477188072096262,-0.663669503701296,-0.483055914027664,-0.704402393259857
429,58,0.0446838683556616,0.139025697100306,0.301115951831519,-0.0428918783890373
430,58,-0.719159549158144,2.22136902030263,-0.370880273904461,-0.441578102922414
431,58,-0.815485249917071,-1.07794209747047,-1.72430989915288,-2.38024020624261
432,58,0.387476503267314,0.215470774575959,-0.296623627567173,1.63819613172981
433,58,0.160498780209455,-0.397792643675159,0.187113679641549,-0.551740080222758
434,58,0.506142469590925,0.106791407582962,0.938450934352396,0.187101547730413
435,58,-0.885566626699925,-1.42335611076065,-1.36711214207714,1.42252531558818
436,58,0.597643453060716,-0.496752094206229,-0.142148188417238,-1.59758165458936
437,58,0.617399561968799,-1.15067905934216,-1.53555844916828,-0.224294215405072
438,58,0.0680551253182342,-2.08304688103415,0.0219120756578006,-0.38865893165819
439,58,-0.732310653043301,-0.390170452349904,-1.00068887722758,-1.79287607857682
440,58,1.09274352552874,-0.443481952598737,1.27498845858736,0.485998255825522
441,58,-0.91823016325154,-0.239370055705462,-1.14570372339123,-0.71227787134951
442,58,1.92838313613447,-0.373470655554408,-1.3957086430369,-0.717023784533076
443,58,-0.86937514670412,-0.325436902575733,0.327742944796056,-0.913020728328226
444,58,0.0171679929895826,-0.278189491677952,-1.43455628748031,-0.0603601451745377
445,58,0.533300178440458,-0.553246811836601,-0.281743072090585,0.0927011267534148
446,58,0.123847255929843,-0.583306594813792,-0.256261077107701,-0.677533090214841
447,58,0.106888798050309,2.23675502185991,-1.2734438408524,0.720241111030562
448,58,-0.616804020279333,0.261490984199884,-0.149617548193333,-1.25473173000959
449,58,1.19624363574556,0.368654788189788,-0.202003328236016,2.02554226039677
450,58,1.19870879834146,0.21971938562084,-1.07907173192946,0.408429695188557
451,58,0.866372142642922,-1.0746927332726,0.398201692250074,-0.950970751146565
452,58,-2.72836542043468,-0.370670988506752,-0.505730976384304,-1.20269430076609
453,58,0.00505509064545697,-2.06729324610613,-1.01459326923227,-0.694865335354447
454,58,1.58295918126753,0.476506880075645,-1.67047832881728,-1.12626843030508
455,58,1.11133943189946,-0.0834723223568752,-0.621348096656368,-0.246888480409652
456,58,0.110671590285318,0.520658179464793,0.0186305902350414,-0.519512459854929
457,58,1.95690809846066,-0.0276995929725906,0.31653529516398,-0.441145414925084
458,58,-0.534149929399278,0.278936287670804,-1.12774553286904,0.379774862853613
459,58,-1.58488118579506,-0.360690540983336,-0.58928934662777,-0.0588442096304976
460,58,-0.803571764635054,1.11089886013962,1.05822873774994,0.291039135822008
461,58,-0.336388907726344,1.73530049594674,-0.0578601675107763,-0.142469725337876
462,58,0.921834324038119,-0.0517628624368675,-2.2856510028457,0.942725889464137
463,58,0.800084626663239,0.0522591163715522,-0.445607885413653,0.353724781158446
464,58,1.17161924871976,-0.0997308108901814,-1.3395793812567,-1.27623828456222
465,58,-0.602276448391663,-0.0930944021014936,0.998402511151403,-0.237461065450921
466,58,0.480809911470537,1.08022956397991,-0.658553717007589,0.211108810015246
467,58,-0.467398957387678,-0.413756808634423,-0.661318024085089,-0.424137701214314
468,58,-1.64788436439837,0.330003093788978,1.50875202482195,-0.572433714768285
469,58,0.819959450133394,-0.413502935614695,-1.05999764841981,0.214021189436296
470,58,-0.623310332833888,-0.139318854123761,-0.688175548976757,0.96911888023419
471,58,0.762856955785043,-0.47032834351183,-0.643905900425055,-0.267259887093202
472,58,-0.187490487830284,0.744083708467516,-2.0408294518953,0.20227927512636
473,58,-0.0702893493058315,-0.680679625097383,1.11813362904344,0.868756256132175
474,58,-1.82519942646941,-0.968653388293221,0.662259707939782,-0.419933074607503
475,58,0.685439613321459,-0.326344548886282,1.77191719578359,-0.46482955131299
476,58,-0.737754308466538,0.337733098004219,-0.324536441636613,-0.281099543397224
477,58,-0.275001748668597,1.96559253301974,-0.138081097681622,0.535429569483865
478,58,0.626719692532799,1.08580646907862,0.093250757666844,1.22599374541061
479,58,2.85236076325747,0.328363828919121,-0.486688416682688,0.636703586251172
480,58,0.890611562242416,-0.111927589120616,-0.401809611080526,0.00747743888777467
481,58,0.901332013899581,-0.204808599705639,1.73576204453187,1.51004810340747
482,58,1.00386896993871,-1.13190722330931,0.652290814697655,-2.32761482254259
483,58,0.210939753953444,0.559913791685991,0.149673416652293,0.431109895864535
484,58,-0.379736343280626,-0.603639127998492,-0.450557142553906,0.10247795617119
485,58,0.924827641555159,1.32581546046745,0.414968045760461,0.452719529033877
486,58,1.044170925185,-0.340782428840479,1.813722720289,0.17508870604009
487,58,-2.4216263333282,0.382890816846037,-0.469707337071385,-0.176462173683911
488,58,0.219666798753205,-0.780540835402112,0.816955925181788,-0.018846598532485
489,58,1.14875319286418,-0.900223157287028,0.71342687546588,-1.59089670191949
490,58,0.0819364750344897,0.897522339173746,1.08017033380367,1.82716043790519
491,58,0.721023607536503,-1.46110630833415,-0.582822534815039,-0.739749288980948
492,58,0.247605339634481,-1.44939279367021,0.551601648848927,-0.662555004061015
493,58,-0.591764444859522,0.33426965234588,-0.828167809352332,0.17369532140037
494,58,-0.782006152193052,0.279589996936424,-0.475896173148143,1.0157500349871
495,58,0.735207574377165,-0.146505939041281,-0.0999225348356751,-0.0985995106221941
496,58,0.241958657488428,-0.878389315605465,-0.586550128065693,0.215186812595955
497,58,-0.0920161361543036,-1.22036392160639,0.84563189471895,0.677341524980748
498,58,-1.58515841740897,0.139600660460779,0.756260183509152,-0.778994763406508
499,58,0.381731101245543,-2.34813807046537,-0.459453967921581,-0.840089131208839
500,58,-1.27371059940735,-0.248661295055379,0.0707018864848449,0.324562223656779
1,59,-0.997370714726323,0.128996373974056,-0.54303939859523,0.65256253722653
2,59,0.832347984792401,-0.856883455383286,-0.732961731795201,-0.123380285737589
3,59,-0.637419464731394,-0.249617999823909,0.223530927922336,-0.942431386653021
4,59,0.695537461601585,0.657642765870903,-0.147399544871847,-0.311470169449909
5,59,0.0920877935546828,-0.133184243666723,-0.883689082846619,0.130207308715957
6,59,0.701519264862962,0.289627107915938,-0.254546323415216,-0.78035887895904
7,59,0.597434111045198,-1.44439390096355,0.513454852988999,0.395787712948902
8,59,1.43349455069224,-0.339120090111034,0.162068240158186,0.0773859295770075
9,59,-0.000927389575580359,-0.835230946635703,0.414200853555432,-0.655261014859867
10,59,0.232003605472881,0.0641744098578498,0.83436597507839,-0.154346979326874
11,59,1.27179139576674,0.234686813367455,0.133169947588334,-0.0678837672057057
12,59,-1.87023495049715,-0.0455511601392542,0.323726469918193,-1.83027505723989
13,59,-0.414135522687889,-1.2040609149325,-0.857470051355293,-0.937413039580563
14,59,0.566789844023407,1.62798031106556,-0.813414349649074,-0.401795587509481
15,59,-1.80777007838954,-1.79432579594177,-1.49279765960168,-0.622214554105747
16,59,-0.448670326213292,-1.49586896324063,-1.47115898045317,0.589204774052899
17,59,-0.557935446701777,-0.0138658530746068,-0.0489734851109431,-1.06944828617111
18,59,-0.595183362933402,1.45516209932949,1.2681574099162,0.251243265495997
19,59,0.847578027429787,-0.131243881169535,1.20747260200934,-1.39133031924109
20,59,1.17113444366068,1.08674971430179,-0.62456206656429,0.50922549026948
21,59,0.715473491401666,0.259732586032163,-0.406316087852742,-0.434377935007221
22,59,0.886399888432422,1.06482442436132,-0.964890456637601,0.942989234685797
23,59,0.970638281254097,0.0857890773059218,0.00707982154307281,0.661020803842478
24,59,-0.366215529086912,-1.38594447695938,1.5149413441599,-0.542902044994641
25,59,0.346291878726305,-0.0497691327677665,2.26155431398921,1.02642852291687
26,59,1.28513293108912,-1.39883249630864,-0.0181211567634105,-0.841222532172041
27,59,-0.849716519342442,0.144793824828697,0.751430307288325,1.39895337472385
28,59,0.547960193210479,-4.13163107530176,0.558362936440219,-0.560591603995621
29,59,-0.506619070633656,-0.383484441679197,0.386923013974992,-0.93477857835538
30,59,-1.9616257894506,1.16086129673855,-2.06142399304314,-0.457084213654005
31,59,0.388870704110274,1.02036800536156,0.0141480258538025,1.1799073618348
32,59,1.36593088009924,-0.792234791860467,-1.37141849854803,1.90930883096236
33,59,0.933328657751329,-1.73898234181896,-3.3243846746628,0.0614712177068252
34,59,0.222842586787007,-0.364599663652336,-1.09606613263642,-0.113509154447055
35,59,1.00353114536711,0.289782177220584,-1.86588704882501,-0.423621834454662
36,59,-0.0513578428315835,0.361388320442982,0.944021969170026,0.234739052762466
37,59,0.313061049496093,-0.364629459929616,-0.217755462896176,1.24105921415395
38,59,-0.41239295188929,0.609909959727996,0.327875139504278,1.84178924278987
39,59,0.248002569571201,0.503118891744079,1.14085235771765,-1.42457204904216
40,59,0.266199855992497,0.873345606631953,-0.00144505710770917,-0.499224235287504
41,59,0.0252818769184499,1.88806145471396,-0.321527017089829,0.515062728372453
42,59,-0.374320031736911,-0.522145261094472,-0.0789708412296451,-0.574537616164062
43,59,2.042954228616,-0.336011883584508,-0.739037946305703,1.66074785595128
44,59,-1.45319783698077,-0.878167959414514,0.544472556253848,-1.047230026783
45,59,-0.643441576351678,-1.17826866950153,0.917239857386326,1.73860495950913
46,59,0.49450896341691,-1.17540899991183,-0.854492170279778,-0.0932884413207635
47,59,0.889771845325246,-0.835593692597915,0.945538600350391,-1.50992669670303
48,59,-0.737331328359319,-0.263521313210363,0.304239803851042,0.773646053649442
49,59,0.235388450807192,-1.7618927359608,0.401606634665232,-0.523013400919864
50,59,-0.586074066608525,0.997495530276681,0.790607293002123,0.422585764592942
51,59,0.0775508231505632,-1.17917565135917,1.77451157319993,-0.0519730470683397
52,59,0.831696327863802,-0.56275649888672,-0.905736436910399,-0.619938405312268
53,59,0.33426834917597,0.59964533785849,0.432818171775687,0.552112997844166
54,59,-0.560437700059752,-0.128788483093257,-0.72773284922247,-0.475216840285753
55,59,-1.1126908302555,0.0595384465923213,0.421379596354848,0.461472651540119
56,59,-0.97310539375499,-1.56640742263753,0.454083745221312,-0.933655444820241
57,59,-0.407147417299854,-1.41216506890487,1.53717886159038,0.203666663417856
58,59,1.21199292246811,1.53576183767323,-0.647972146519866,-0.168070153759668
59,59,-0.759089726162834,0.890849513466801,0.889277095908889,-0.824372398928227
60,59,-0.182596823141871,-0.0791644385583833,-0.441813761999507,0.641647801444247
61,59,2.627848925258,-1.60169205617028,0.0917668650649255,0.0403920679666217
62,59,1.5974028508937,-1.1226155475818,-0.40046875972304,-0.17092485052709
63,59,-1.87561638599578,-0.195024328202265,-0.0259195353825633,0.439785130376833
64,59,-0.0251999272612612,-1.87249390677582,-0.926981081385519,-0.762779319858307
65,59,-0.476328162055726,-0.267682392759084,0.658310415373591,-0.331962199538633
66,59,-0.491857270179695,-0.294263100832067,1.24456330754938,-0.375121917687309
67,59,-0.448778984231851,1.04239685425233,-0.0544421302774749,0.826766003709958
68,59,-1.26338731118451,2.14373273044509,0.686786121176505,-0.555900279536614
69,59,0.38378276473593,0.58408873584177,2.09910204726445,-0.838359187280991
70,59,-1.52854766781543,-0.647726113625756,0.42932589611872,0.504328754404443
71,59,-0.409973579167569,-0.74552539458732,-1.0570358602174,-2.43120441598958
72,59,-0.544734599480514,-0.367490351258565,1.48027200466912,0.328798450667183
73,59,-1.24062189714815,0.692877451401991,-0.0190756835006011,0.806450875596914
74,59,0.751114346974946,-0.242054890066785,-0.506292173025942,-0.0100107421742819
75,59,-1.15165514375227,-0.56404286033349,0.0897896138818468,0.0199543765750055
76,59,0.231108856359883,0.99985982577681,1.23151495773883,-1.08545389265572
77,59,-0.413753557024819,0.980520685422915,1.52076750250516,-1.0370802207235
78,59,-1.51226219901759,-0.443167892391595,0.848696922921385,1.56194523988808
79,59,0.308425074272763,-2.18770727438161,-0.321827676518856,0.734460813188088
80,59,0.33783036867872,1.00734444902301,-0.441150222513156,2.19104337553672
81,59,-1.40417718006198,0.333655818303536,-0.696627603967947,2.0286507652298
82,59,-0.945236025907404,-0.850961608367603,-0.750175254060337,-0.146420917739211
83,59,-1.70443879681225,2.40377923094272,0.733886660047297,-0.768783571405974
84,59,-0.604637704645724,0.113027817695538,0.97155164905661,-1.24024614953876
85,59,1.05868037191423,-2.28276314811973,1.45036504122707,0.380255141318203
86,59,-1.08277771580954,-1.45040825102074,-0.896285827961285,1.4111640695274
87,59,1.19264411957294,2.32349220554491,-0.161546719996148,-0.308745226747478
88,59,0.38574066569777,-0.41507727612315,-0.208054972119438,0.834987498811595
89,59,0.302634404230027,-0.936184931252396,0.488626377857211,-0.307040613120033
90,59,0.772481528684812,0.057928057151144,-1.08896206760456,-0.244031438078527
91,59,-0.214272620049091,0.0465864022802094,-0.47024128448238,1.76133744929002
92,59,1.02703931123091,0.669880231591935,0.93161916277576,-0.250243530889694
93,59,-0.0610616103175532,-0.349525831855146,-0.298185646464843,-0.806996563075102
94,59,-0.676318338831264,-1.62340989489626,-0.791851937624302,-0.299327817857996
95,59,0.569040715522993,-0.934009269571634,1.62461916762365,-1.05125807515624
96,59,-0.21757406019694,1.02329279432591,0.751439791984803,-0.410467151495387
97,59,0.831892767863247,0.327002161801594,0.264696193375945,-0.524856404576672
98,59,0.436943508656796,-1.3099770304924,0.28927958939112,0.135479423461813
99,59,2.45330538527053,0.457458114027378,1.77164909638456,1.39912513763658
100,59,0.925594555950485,-0.565091755769908,1.28171906106528,1.67589644757709
101,59,-0.783523722185184,-0.287743561766903,-0.208162396437539,-1.00805338415356
102,59,0.336531787832502,-0.0801759943123814,0.327015945197507,-1.71718158735627
103,59,-0.0847554386352339,2.54240157242466,0.612398101026003,1.21090548960251
104,59,-0.56267975404552,-0.644180769126285,0.297418319048691,-0.429777848292619
105,59,0.518236836096421,-0.911691651707753,1.6862348676685,-0.0730823655336045
106,59,0.543254021375187,-1.48275056979802,-0.641203132526564,0.864886151385933
107,59,-1.70435445641965,-1.60453566739012,-0.16744432350421,-1.76504893958997
108,59,0.953981298625464,-1.62994075924681,1.00016778250974,0.858790305332846
109,59,1.40851724944879,-0.481729740013713,-0.594680835372437,-0.227894085354461
110,59,0.772472580049761,2.53291548743407,-0.636678046591478,0.566655690610282
111,59,0.767438073914595,1.31530965873056,0.0841684289853433,0.0685820710212399
112,59,-0.0075965565585585,-2.56389146727999,1.17972678047199,0.255636111739894
113,59,-0.163846353109156,0.0964352958306304,-0.0283418199516585,-0.944730734990392
114,59,1.48211754631676,-0.211808127765736,-1.03826872994152,-0.272438040858869
115,59,0.717581900342163,0.801986279728616,-1.05508807043051,-0.877551203890461
116,59,-1.266131665497,-0.707015952115472,-0.202103541700923,-0.681860948101339
117,59,-0.59304420364108,0.316456089334751,1.62752079889791,-0.238522730211035
118,59,-0.295013208245492,-0.655032384407163,-0.541281969067605,1.08690507118778
119,59,0.421428802709055,0.302355118729432,0.715904849145826,-1.03223174299804
120,59,0.0141323902384936,-0.354424084598815,-0.943001490011549,1.06177920029532
121,59,0.414611293855246,-0.223125775035896,0.222056596934119,0.097732295269284
122,59,-0.761985805834342,0.960213946171031,1.15421777323306,-0.616082534391534
123,59,0.955110480720878,1.48849535876126,0.111664158768665,-0.136107236165604
124,59,0.43165606375598,1.09785599110985,-1.88378872955208,1.37712119113212
125,59,0.987536147356134,1.05847777763704,-1.33965328701233,0.54109391087652
126,59,0.500167595357831,-1.98537772410295,2.27097731610178,-0.400768155435637
127,59,0.490444360962681,0.467582315699566,-0.309439085128311,-1.6877921447407
128,59,-1.38332439041074,0.803451952180352,-0.870988104597565,0.510439995335077
129,59,1.21001064912902,1.16880382191929,0.329348862073561,-1.53982197222862
130,59,0.016952888826343,0.11341235305485,0.110414654756546,0.490345713174745
131,59,0.263937451746787,-0.469407414785996,-1.02093329203551,-1.00331931979039
132,59,-0.509064924868516,-2.29631322392719,0.123813247826673,0.555353824232992
133,59,-1.59420405594257,0.785406663499952,-0.809422164518108,1.19100265007626
134,59,-0.52860715297545,0.343831801030588,1.10387045692503,0.516571796714753
135,59,-0.622579193822465,1.13617714942373,0.595448397796719,-0.747087010400157
136,59,1.16804663389992,0.14289925693672,-0.0811773733624785,0.0699951502719424
137,59,-0.414111143247791,1.25047442331187,0.95754427835671,-0.231197975806907
138,59,-0.201670443542865,-0.815547164203783,-0.848774915945498,-0.229820026086948
139,59,-0.760433943958555,0.274573983696888,0.610267162313834,0.638181199016418
140,59,1.08373269645013,-0.364266180416109,0.682512238113802,-0.0828612112199208
141,59,-2.65781807048117,0.790778950551757,1.21918301328711,0.307539243629722
142,59,-0.527632483452468,-1.72225249975619,-1.04698630330147,-1.58541179180985
143,59,1.57911851884728,1.36111835056612,-1.09077698347652,1.00792903057719
144,59,0.827947357365304,1.01516551577942,0.778932567185337,-0.492450596662187
145,59,-0.47950569696966,-0.843531460225321,0.537275484428082,1.04687732461867
146,59,0.620250290896462,1.50182374049797,-0.940724364322959,0.625843224977599
147,59,-0.506052338938582,-0.395912430344982,0.00389458245361722,0.621938663553981
148,59,-0.461629967568994,0.836319265456287,0.582211194004733,0.0690964886713119
149,59,-0.340908452677692,-0.099192231476115,0.262982991885994,1.11711619690657
150,59,-0.629049011377655,-0.426341304436711,-0.0460482841816032,1.17151037979964
151,59,-0.357711247943739,0.0713205120446972,-0.159958446687432,0.482198574160603
152,59,-0.403871927383195,-0.793158289081286,-0.195403651519323,1.96981346986316
153,59,1.39867182409882,-0.310213629209392,-0.160344559035449,0.643933878216622
154,59,-0.578183380697071,-0.856033898717551,0.699101143168365,-0.200136263057053
155,59,0.350448273366055,0.487010349762274,-0.039024353324364,0.942959953467035
156,59,0.157229992601136,-0.421078228959723,-2.43641257289259,1.69849306562465
157,59,1.10292052033273,-0.26951801288821,-2.13424301274841,-0.344964317805753
158,59,1.49087802692908,1.19705899896817,-0.774974143620218,0.00277234272042705
159,59,0.119152894532351,-0.724152044789575,-0.434587491155107,1.15828870592103
160,59,-0.477256585489778,0.189795020993813,-1.13854853455742,0.99121724210252
161,59,-0.31238548375499,0.631056017404718,0.0658597619124828,-0.70102644309456
162,59,0.983816001326442,-1.69575531979488,0.462661777166249,-1.35341282452602
163,59,1.75377356009002,-0.150820854286406,-1.876788360908,-0.215507528688488
164,59,-0.214713984033243,-0.205922338777754,-0.787377094685597,0.246085463665018
165,59,-0.483686430986656,-0.892831458040142,0.137986284931222,-0.582014071395376
166,59,0.0664112793332528,0.615197809607656,-0.879728168087547,-0.219249446964425
167,59,0.0786604322164189,0.791770867898467,-2.01279475161197,1.03822412811491
168,59,1.29891056493509,-0.455084832055361,-0.593198050776098,-0.505561750981794
169,59,0.1373636442229,1.1668349198133,-0.0249231747344165,-2.01966112067524
170,59,0.340912013692928,-0.119279128646351,-0.578493391751278,-0.00144583871546098
171,59,-0.567019989626488,-0.329340048717968,-1.04335207432305,0.0155502793415341
172,59,-1.5619955514591,0.412525822358708,-0.0670628345690737,-1.23762694178821
173,59,1.16999518586019,-1.12184280330929,1.8405110333416,1.44013517419789
174,59,-0.14872514694331,-0.466661115987495,0.119449610660747,-0.117542498739372
175,59,0.881272100212073,1.33499701835927,1.53033743071125,-0.289447973641593
176,59,0.110054341845994,0.0264328480324266,-0.545290496260906,1.45522808611732
177,59,1.58826081259022,1.37414401443425,1.1934401450534,0.174675894374474
178,59,-1.80884539728294,0.0967447759363359,0.210376088865907,-0.81111019678379
179,59,-1.09175287716422,1.28382974918067,-1.60651181350008,1.25557672571867
180,59,1.42437923037874,-0.7910313433492,0.0524856997764701,-0.751745897147554
181,59,-1.94829054045865,-1.14553481834982,0.460888138769913,-0.0553940529103748
182,59,0.429510027503077,-0.527429406639163,2.22812376065063,-0.684428216725734
183,59,-0.396199991412626,1.48704655976921,0.178919180673471,-0.960563749551008
184,59,-0.161692052103958,0.91842326184146,0.521384725813634,-0.473319242170317
185,59,-1.08844170342835,1.34330062624655,-0.453307929901004,0.455471542495576
186,59,-1.09984123349702,0.225485904730589,1.24009390419947,0.413728177299367
187,59,0.130177465072481,1.05743173844728,-0.537954290588539,0.920303949325993
188,59,-2.30856681809319,-0.233139721435299,0.0123195186088189,-0.769734304451175
189,59,1.55236437247049,1.42723007682165,-0.534398313191464,-0.237969540446905
190,59,0.0625162720974233,0.371877033850068,0.316753180146891,-2.68952854439742
191,59,-1.06126742728968,-2.91670062133961,1.49348772783704,0.725756860117831
192,59,0.936918861456245,0.789665866538454,-0.325754521684252,-0.894765029903778
193,59,0.00163852458247682,-0.553106704075189,-0.283901465964834,1.47383041332452
194,59,0.459164007908262,-0.279441724809629,0.835375293805555,0.631122017926475
195,59,0.183146606916851,-0.785757933052108,0.613431487841997,-0.507921444491505
196,59,1.24873905842367,0.242153131332217,0.0431812276138713,-0.341656846786386
197,59,0.945012846313531,1.99941775232604,-0.465229270240996,1.29061177357807
198,59,1.58014639111108,-0.697451748648759,2.59143533508489,0.522060808262826
199,59,1.55760818602691,-1.72309699199709,-1.28310464096581,1.27879210410101
200,59,-0.740144988640841,-0.274691779493336,-0.801795770916175,-0.177152240360605
201,59,0.251353664368251,1.06498072583513,-0.396655234301026,0.233172125073498
202,59,0.844667006964336,2.07336925293839,-0.049815000849915,-0.389335933068232
203,59,0.681247480984005,-1.60106433658841,0.10874644845289,0.17068403243475
204,59,1.35687966292052,0.751560861539559,-0.314014328090987,-0.669666719249795
205,59,-0.149169384151678,1.65268879819117,1.58448398808246,0.817827401645242
206,59,1.19983530474102,0.390358754946895,-1.12968094402987,-0.336298693861931
207,59,-0.71625464153532,-1.07383570784008,1.53000422068269,0.0136021631744025
208,59,1.29155541010611,-0.20740882438885,-0.348633303104652,1.59554495148421
209,59,1.39745684970015,0.863237497096963,1.00442306338248,1.30259061000971
210,59,-0.100764463690849,1.51841923543821,-0.299958696823602,1.0244033482388
211,59,-0.789477921839303,1.10767912881327,-1.92211957379042,1.72321649952677
212,59,1.15464126004466,-1.92064519487583,-2.16782986871382,0.538967066958313
213,59,-0.334813170010758,0.313943014341569,0.910484520352258,-0.0242597347854648
214,59,1.39109059420093,-0.676118326224952,-0.132895570124122,0.460576643451961
215,59,-0.653777589005477,2.74781459755814,0.407977294724336,-0.367008243750866
216,59,-0.582787206640329,0.0391778412145837,-0.0279144381418403,-2.69459687948552
217,59,1.15914379648757,1.44914123697602,0.24877768677817,0.474224461177714
218,59,-0.0825610467558029,-0.766208149070237,0.0817030118968757,0.633233233993064
219,59,-1.88513569989554,0.633367621938201,1.12205663780065,-0.304465676462641
220,59,-1.01350414562604,1.52187657903253,-0.00284463079240554,-1.06872978867952
221,59,-0.565193880815066,-0.370794661293087,0.219311574613422,1.19609798230406
222,59,-1.8034450079533,-0.308483546165333,-0.51487694131166,-0.538032291043072
223,59,0.242218398913358,1.32945401043223,0.374980389224221,-0.243322107797429
224,59,1.05514947664623,-0.281543693252039,0.658892353438209,-1.44244488936241
225,59,-0.118874764878574,2.02200400086854,1.48390148744026,0.495563490865366
226,59,-1.47336431412571,2.35492805774591,-0.488319122966708,-2.1322581198428
227,59,1.23176502667182,-1.51033083577687,0.399472476669525,-0.694386247067027
228,59,1.0169509755379,0.845145680936948,0.10214579147027,0.0565643064790532
229,59,0.819926658766478,-0.27691009971252,-0.276101937911292,0.87717077564764
230,59,0.484838556441217,0.895641652170799,0.202471797796778,-0.672022963413544
231,59,-2.46349334970571,-0.206475878966696,1.21902678761159,-2.44640983368019
232,59,-0.335410835014882,1.2029823866209,0.685865499489649,2.27795353406643
233,59,-0.588345338190136,-1.1214762583509,-3.05742803817212,-1.67417209659809
234,59,0.216512301182508,-0.425035499601498,0.559469368895827,1.02591433143406
235,59,-0.561990767640345,-2.05512475872746,0.1591270666327,-1.70939981726446
236,59,1.55574528741088,1.77981015448636,1.13630438203254,1.83097480048934
237,59,-1.19687569274164,0.714116184666308,1.1736193228988,-1.27334621629441
238,59,-0.577199413630373,-0.287753631964549,-0.803379273774457,-0.21728672481954
239,59,-0.36226593010377,0.300321035741873,0.875354162391572,1.30346612008111
240,59,-0.455364009468764,-0.34679582426491,-0.347861651138584,0.515845390206001
241,59,-1.81161028192567,0.0114506714503727,-0.860587597339732,-0.988636142456481
242,59,-0.756980053573078,-0.966947178577428,1.3100197984922,0.881927238480445
243,59,-1.58143359912303,0.266475122030197,1.45493786980387,-2.11744664424277
244,59,0.665057510804658,-0.861760393491184,0.739640170168665,0.0380688308038224
245,59,-0.983676718904558,0.468290229317356,-0.376955615361362,-0.54036182788672
246,59,1.25299530850633,-2.1454944874134,-0.584577319343599,0.262664479740629
247,59,0.853035686636516,-0.76823514327447,0.573687089649879,-1.04985989420287
248,59,0.542825869731046,2.1540710716666,0.117133429592545,1.18657631750756
249,59,-0.871279534638488,-0.199602879854007,0.417550437217752,-1.65816328329088
250,59,0.512300423890141,-0.183645011919358,1.43476160066042,-0.584945358337921
251,59,0.44322441082436,-1.75020132690125,2.25133223004885,-0.683084470453204
252,59,-1.39199709486214,1.03780093054386,0.848814624595356,-0.403147657359271
253,59,0.793280639217606,2.16326697539952,-0.906315483310158,-0.263749217056973
254,59,0.0516634733869433,1.32751239353286,-1.14080273067847,0.467920320144472
255,59,0.953720889321653,-0.624174625656723,0.0808760071242917,-0.369195032712871
256,59,1.39477548222391,-0.0350239665995018,0.608580863454559,0.480088416943759
257,59,0.137754865089385,1.44468699328946,-0.800392134231784,-0.342706898800838
258,59,-0.895489990347791,-0.550765730553398,-0.908690968165854,-0.502555668185596
259,59,-1.3357868199307,1.45175311043015,1.65185155229709,-0.257754019513169
260,59,0.436841120165552,0.207852101344983,0.441302497757924,-0.343670840610325
261,59,0.745928790794922,-0.22188804081309,0.286979699607831,-1.28387026121471
262,59,-0.747012594832905,-0.0808788096375581,-1.08678392271013,0.633912956177292
263,59,-1.73956682839513,0.715236581142494,-1.3515795700528,-0.159977794465783
264,59,-1.71723403809969,-1.25082494894088,0.594934967332478,1.05894784829092
265,59,1.91620931807724,-0.573962664141284,0.627993103647413,0.509160358179308
266,59,-0.602415156768445,2.16537331585579,-2.03138178582974,0.23224054759241
267,59,1.75169066299381,-1.68544783865734,-0.70546687296114,0.0535528635756024
268,59,-0.697577708594382,0.63997662750234,1.08812818539034,0.369551650154573
269,59,0.824507603610821,-0.661233536424911,1.50183471011606,-0.323186126691661
270,59,0.581959516820155,0.780732249387277,0.479204775474639,-0.296217814365879
271,59,0.84899403533087,-0.263829345236463,-0.76821851774537,-0.689143801156144
272,59,-0.052781098161111,0.677739452290602,-0.214522227581391,3.2466275837494
273,59,1.09829834557427,0.0981583254565061,1.20055754322643,0.976748542920944
274,59,0.92430761477378,-1.87338562025863,-0.958794932904949,0.182564203930467
275,59,-1.521963336863,-1.13443400430883,1.74118391232645,1.59562261338035
276,59,0.134886551065136,-0.633866169303238,-0.853743256561999,0.333516553858474
277,59,-0.584114012813068,1.43779150365928,0.127794376137387,0.54290341914433
278,59,-0.913858581009713,-1.17463218114556,1.12730219888121,-0.825022968130539
279,59,-0.378512213676599,-0.440594349777102,0.0604854432443205,0.308338482418365
280,59,-0.676212950222709,0.612037075168218,-0.204512039387067,0.2932819729707
281,59,-1.29016406019536,1.67936347892017,1.19168731151713,-1.07216672862191
282,59,1.34047921712987,0.697626966276373,1.38257324649798,1.15442351281902
283,59,0.919211435828117,0.272717671089833,1.44751467805726,-1.0119266476343
284,59,0.0309819651020163,0.17593529754616,0.528897876210953,2.10199816077645
285,59,0.345076136822676,1.14805812718513,0.436456690504614,-0.403346119330393
286,59,-1.87124985142248,-1.2712581470357,0.441198503432179,-1.00564984649956
287,59,0.531801741584134,1.00883541479129,0.483380897261678,-0.757676698598229
288,59,0.104098892787007,-0.391625087199188,-0.241213027949605,-0.683953541577778
289,59,2.71665074457922,0.826559196288725,0.295781246952921,-0.354272521380355
290,59,0.199666796399379,-0.224296236990586,1.7078880261692,-1.14246973326852
291,59,0.775715247804249,1.93838042739257,2.11308389417365,0.479474567547453
292,59,1.63603053530371,0.924310062962999,-1.58064909492453,1.22695673793667
293,59,0.697457870032921,0.190978933456397,-0.524914531586849,-1.7202468044676
294,59,1.82463627623173,0.320421235912705,-0.396477939888886,1.67352663206796
295,59,-0.391522868736622,-1.46734620068238,-0.236581901717182,1.99362772757894
296,59,0.450649887343809,1.37364488353825,0.267731926659126,-0.0622680067631209
297,59,-0.277066462966223,0.362800830880255,-0.159846619568558,0.620498768170508
298,59,-0.43506191313019,-0.81324485190686,-1.16554350282777,1.21712053440636
299,59,-0.771142944153102,1.2942378117223,0.412280272716177,-0.00653098895095553
300,59,-0.351200247848372,-0.469450395481227,0.687879813795446,1.73461918169793
301,59,-1.07228385231784,1.36970517344159,1.98540650762912,-0.321572426008701
302,59,0.350858293372436,-0.957442459941713,2.49740322374361,0.841789076955007
303,59,0.633431321130099,1.70303624003162,-0.212715294791809,0.32127093479816
304,59,0.663441258187584,-1.16060138371363,-1.20613926908,-0.420238460568185
305,59,0.513650170440471,-0.708838820332442,-0.568378970999343,0.272699527693191
306,59,0.420315937085519,-0.545197710060182,-2.31314150441884,-0.581872061007533
307,59,-1.14112777191139,0.606277621096736,2.96727361269925,1.64915253811443
308,59,-1.88414789519655,-1.92015605277294,0.840037316499965,0.0879299997041229
309,59,1.77973801151782,0.754461921110743,1.69432621527411,0.143810906148923
310,59,-1.3639761266559,-0.105899760503489,-0.674572300137147,0.739873748120005
311,59,1.3619191540554,-0.303965290498085,-0.731260281901928,2.19769543756941
312,59,-1.40964127254462,0.390593318733517,1.85548290431059,1.11669923133137
313,59,0.312716782698756,-2.27635425145381,0.380344549566656,-1.10993654804182
314,59,0.873585988038384,-0.450370929009718,0.465197516160041,-0.611630368011498
315,59,-0.499667299942408,0.733468256560813,1.57809287717905,0.20908262353491
316,59,1.59179042332239,0.975376545041962,-0.609629950744561,0.677453545793703
317,59,0.311071825599243,-1.73812825464973,-0.674610627877211,-0.300941321740275
318,59,-1.69712286908755,-0.413004204618461,-0.99073039896998,2.21978945510953
319,59,-1.73812548243453,-1.72293467630322,0.84091508569204,-0.258469346617133
320,59,-0.741381740330619,-0.0426155525756953,-0.355618412057245,0.0482610126522403
321,59,0.356647675478213,-0.232491695426679,1.34348956031351,-1.34636944727137
322,59,0.317392840117892,0.315675011002075,0.255117490878823,0.445636214076361
323,59,-0.391134728887135,-0.154265951535552,-1.88138890576476,-1.39905343086728
324,59,0.751281204694929,0.309955996029951,0.575144819230587,-0.0244789982087949
325,59,0.732967916652954,-0.740029734858256,-0.947152451631099,0.884821445682957
326,59,-0.290287760698707,-0.17472915672082,0.355254722255591,-1.3878271123226
327,59,-0.839610929957333,1.20061362685237,0.3240012041199,-0.591783281796489
328,59,-0.290903555909234,2.51454423834516,0.0604496952310046,-0.609644724245921
329,59,-0.569416725892923,-0.348723032496281,-0.369503812117834,1.11353095691689
330,59,-0.281209503691238,0.0961567036324464,-0.0118754054020239,-1.17888103072578
331,59,-1.71634722043502,0.988943615587344,-1.19902743337619,0.728540396266395
332,59,1.03789577124153,0.0499079772369415,0.753319869258551,-1.81539289765603
333,59,-0.635201862271235,-0.875734450390791,1.09279823196268,-0.72107711726947
334,59,0.717563159904547,1.35783538978931,-1.06786676004116,-1.21421296764304
335,59,2.07995333974052,0.288300724826622,-0.295219701358728,0.45269738286888
336,59,-0.171927748184321,0.138875079585693,0.352430462915786,-0.8746020312411
337,59,-1.09506034686093,-0.646141499920893,-0.274927636695293,0.0916710817339743
338,59,0.0721557473366173,2.23639017986579,0.0567633406243049,1.4095730670842
339,59,-0.852271346485793,0.892579158932415,0.589021258362517,-0.0853864132054908
340,59,-0.057513999899951,0.614282994051808,0.0448943164355127,1.30836490731619
341,59,0.122178262467534,-0.109498189824062,0.200806975550611,-0.183793944632676
342,59,1.81599568491968,0.428566698559865,0.761591392396545,-0.286198926906604
343,59,-0.925978729406074,-0.491705510238029,-0.0723912675554356,0.938882599847863
344,59,0.0549103798782922,-0.595624745887752,0.755722428785355,1.62009918780553
345,59,-0.840227302566797,1.35569604919341,-2.7077976986727,0.173969532676025
346,59,-0.348295052198574,0.0709043149353408,0.114885271425911,1.61536470996382
347,59,-1.82429749415765,-0.711691750698016,-0.0563006697709414,-0.300617319299515
348,59,-0.990667762375407,-1.45087436763229,-1.37792032497124,0.693899202303802
349,59,-1.28944282724498,-0.550216372459487,0.0123709036926209,0.381636363466652
350,59,2.43183198531009,-0.789879124497786,-0.43467503718546,0.539521906199203
351,59,-0.467830315203306,-0.385809960233291,0.579412315176411,-0.221395850329755
352,59,0.591349196837795,-0.384258052599558,-1.29746064648317,0.797369553453197
353,59,0.0740380250483937,-0.922391541414585,1.02360794810145,-1.72848538424982
354,59,1.83442206204069,0.237194529187902,-0.320356427950092,1.18908841626114
355,59,-2.56602152709865,0.043920623618387,1.98201083261902,1.79542021728266
356,59,-0.469296658256407,0.614113315174035,0.232646822474129,-0.130471832749759
357,59,-0.711729219668602,1.09800558804466,-0.130123780795559,-0.0755243921496376
358,59,-0.189742047553677,0.763872983218206,-0.555944583332696,-0.0720736187473586
359,59,-0.242353456667884,-0.664379688274456,0.245761434859854,0.375272938589096
360,59,-0.411758341535873,-2.12241554275063,0.633821422092282,0.872223262452685
361,59,1.9618824246585,0.332094960606692,-1.62768664677234,0.0980844942582295
362,59,-0.705724789596948,-1.28107018607715,-0.954093412153057,-1.37353224041372
363,59,0.855379883971212,1.4296344382844,-0.0157341184387435,-0.80941811648408
364,59,-1.01561232335238,-2.06543080584644,-0.85855610124499,-0.784166906428527
365,59,1.45984438875597,0.565303843658041,-1.30312829623506,0.674575791986507
366,59,-0.511068391359545,1.66394748984173,1.12893990065408,-0.298530115434781
367,59,-1.01231173074591,-0.947553797130373,1.21488239475359,0.383008074921568
368,59,0.0899167905148196,0.661689946791104,1.83271552330923,0.953635795738579
369,59,0.0837543157771314,-0.610628100941378,-0.328352459647106,-0.536110878151958
370,59,-1.60345197419463,0.564401564149467,0.678670366688233,-0.795841548339925
371,59,0.246792157112075,1.07469449592861,1.12999799738363,0.261808391683624
372,59,1.72662592684839,0.641738694987042,-0.208087585483111,-0.429211524502298
373,59,1.3326716962263,-1.38592776360942,0.504323049011194,0.589690710916336
374,59,-0.247517362167835,-0.202086226653432,1.02589965930244,0.838263221120715
375,59,-0.585093582250828,-1.61952907363238,0.89481587904075,-0.26980401231738
376,59,0.779734083049835,-0.397498697327464,-0.374773707858721,-0.385927744312657
377,59,2.10800772703562,-0.895856963574443,-1.14872555059506,-0.789848887467554
378,59,-1.65149998273819,0.254966963401949,-1.17890142058762,-1.7747740970216
379,59,0.219679636538698,2.09456374615159,-0.962108390667008,0.594124641812364
380,59,0.492842226496296,0.48303380963036,0.661956686702578,0.523246281256657
381,59,-0.185601764525713,-1.70448007767088,-0.0533856955757939,-0.331502588846881
382,59,-0.0478228977063286,-1.99644921778494,-0.56285788112017,1.06241277943243
383,59,0.422051392939651,0.355227982429177,1.43737567154895,0.203645519536123
384,59,0.42121411807439,0.383427801445086,0.340406761843802,1.52377784282995
385,59,-0.787509934663807,1.21285030720522,-0.607365685610608,0.417131716246286
386,59,0.561331852859152,1.59482230954168,0.253766185839864,1.42367450710409
387,59,1.36579510750157,-1.61389044613808,1.81491174199964,-0.455601925364125
388,59,-0.945287640925583,-0.372021240892694,-1.26224479630857,-0.402834918713278
389,59,0.483396303644722,1.07714449029184,0.292902679708926,1.61152022763453
390,59,-0.427765949129196,-0.677274709427022,-1.78661855717786,-0.86119720178419
391,59,-1.65066139762548,0.763400776563687,0.363151838690599,-0.543389515072523
392,59,-0.409892874166291,-0.795703850492299,-0.261730839052946,-0.517433890569642
393,59,2.48111440410327,-1.78211633571953,1.56032402448982,-0.715364454861343
394,59,1.09325182959886,0.887299302770276,0.979989320043081,1.11942124570176
395,59,-0.0869000110053622,-1.78380315117116,-1.38642124027441,-0.184745943632852
396,59,0.566567413308082,0.645726011373005,-0.0757191502528571,-1.20463115165673
397,59,-0.137016121403904,-0.0953957859922496,-0.560065595424569,-1.03233976748634
398,59,-0.207211458893607,-0.977386051589698,-0.156340663588971,0.0777808483293975
399,59,-0.230537152332304,-1.32340590514874,-0.195053408427475,-1.30281969650908
400,59,0.190152515585932,-0.970103038556459,-0.291980954850241,0.0795804642124833
401,59,-1.43685243232047,1.12295319350836,1.9414478628257,-0.726802008652287
402,59,1.08103621113733,-0.352832963904551,0.100654423255634,-0.195027237001356
403,59,0.805231342392913,-0.368387105169115,0.931865672441004,0.193573069650331
404,59,0.440941173908041,0.167467305639008,-0.96457329434455,1.13394444113907
405,59,0.840232657347034,1.70278555145903,0.170649708852541,0.708103598677392
406,59,0.446617976508019,0.682723644511164,0.644382373609761,-1.29277231554809
407,59,-2.08415010744681,0.157689843701282,0.0829726632028736,0.535353372458051
408,59,1.1150647088364,-1.48585962987062,0.588988506246781,1.37703548529545
409,59,1.27345729626318,1.45455834629473,-1.56288539093556,-0.381844269030767
410,59,1.20120354654333,0.34743960756833,-0.154417445699645,-0.833499655568311
411,59,1.56120287793306,2.68667302318543,0.170392338407375,1.16251646084289
412,59,1.60020591477656,0.0978019039115916,-0.460322375307109,0.660742356306875
413,59,-0.769196552192604,1.41669900803206,0.691102826427572,0.551111124766097
414,59,0.293041327369933,-0.308756529167376,0.299741957144099,1.76950466715447
415,59,0.27622248167459,-0.293976052344899,0.246513938337157,0.394371757238847
416,59,0.0347536785407853,-0.344690838622928,-0.432809639429239,-0.857270762541155
417,59,0.747634570530626,0.675959835799811,-0.989566222273783,0.719632583324608
418,59,0.130476214619867,-0.738248171393419,0.271813030911036,-1.3782049451116
419,59,0.151012704963439,0.759540401068097,0.402667448248289,0.524802620601963
420,59,0.464955717117429,-0.284845235361216,-1.26966238647553,-0.820235617222556
421,59,0.907568296724553,-0.423490048486442,-0.588941881271829,1.31010220994025
422,59,2.03600305254219,1.65665229598904,1.06567220909358,1.20981893436127
423,59,-0.687640372913357,-0.261123645265601,0.228970316788276,0.296626400455107
424,59,2.7664365780113,1.22814632143161,1.20685616049827,1.43483459103823
425,59,0.13940370946689,-0.613091038314531,0.882710058993862,-0.247539653037356
426,59,-0.881751813630052,-1.54422602797547,-2.19652320899623,0.889349323291994
427,59,-0.310380661532689,-0.134351428807203,0.813973234355867,-1.13086814102511
428,59,-0.0424465052324669,0.377031427388051,0.236519176312835,-0.842585304505451
429,59,1.66541376643738,1.29545897516091,-1.2692645811389,-1.25782044088751
430,59,-1.7110195032049,-0.620067948982445,-0.337658319077138,0.108299338653635
431,59,-1.14824638468847,-1.32279349069095,-0.40099184397313,-0.629836854879877
432,59,-0.310540790059946,0.458867295866316,0.168084677099616,-1.02569762426393
433,59,-1.41019565724012,1.94054165662103,1.05847037278299,0.673504704499431
434,59,1.21926438278272,-1.3893164489411,0.371418150371814,0.711652473623731
435,59,0.386473212634465,-0.36812493332925,-0.366268524059364,-0.18766047653641
436,59,0.824038166837159,1.43751079777223,1.45229926725292,-0.492707097490727
437,59,-1.40572980188021,0.477469098121871,0.229693654277675,1.99726500797319
438,59,-0.878769268897441,0.193196843943855,1.25682671739167,-1.10352440730227
439,59,-1.83136179971398,0.782637415813778,-0.0883387851695268,0.753272470483777
440,59,-1.19806312152497,0.181099223330034,-0.997333961786127,-1.04309006390525
441,59,-1.78562811130074,1.0945188408174,-0.598782603143087,0.538401078450817
442,59,0.538448454092882,0.850323539503087,-0.346219153253251,-0.167247939613211
443,59,-0.479436668769737,1.20160024181712,1.16536497471534,1.16112089993676
444,59,0.865111008801446,1.06439976216063,1.29968386989322,-0.855831069782608
445,59,1.46532895918819,0.656374655505707,-0.884559729783001,-1.33410094248493
446,59,1.27433643615101,0.103415970691436,0.245006734798691,1.79336030818607
447,59,0.865510482409701,0.213366894818614,-1.71823367191272,-0.378511044446777
448,59,1.28670933708616,-1.08758289030521,0.490882615791696,1.61555390439994
449,59,-0.111693619471107,-0.484231909562452,-0.00545887191922628,0.217488586585675
450,59,0.758003863914109,-1.03687896851878,-0.394809968865918,-0.0437301064735503
451,59,0.356401848571825,1.73993345959313,-0.305417909017887,-1.70117017451232
452,59,-0.0123711363572563,0.0270723965547473,0.81165214158736,0.881630189804586
453,59,-1.28902444768399,0.863693275190231,1.98804762564228,-0.664732628190745
454,59,0.260102901089911,1.16931830862488,1.04314873824053,0.75631813591757
455,59,-0.35235599983938,0.149436879780883,-0.861540687752542,-2.21401616967978
456,59,-0.294799621174802,-0.775692645865383,-1.16452228741785,1.49021906560433
457,59,-0.574625859272675,-0.596221294258348,-1.38734068803607,-0.939411284996654
458,59,0.780117665727705,-0.530524527051856,1.61447487067351,-1.31255393673928
459,59,-0.183399817974322,-0.408164618861881,-0.566847843258616,2.52602284513516
460,59,-1.68230545299272,-1.47046949551839,-1.42045876955392,0.534315525223674
461,59,-1.10641367250789,-0.302787402162346,-1.39529202094372,-1.26243935145
462,59,-2.6720841607705,-2.98611455773854,0.589003290949349,-0.234143421443615
463,59,-1.47729527304913,2.04577988474183,-0.77608862023468,0.424192002317356
464,59,1.80252395134866,-1.05491544134029,1.70872805187575,-0.400780350848214
465,59,-0.607912242778992,0.449275108009909,0.591297839459088,-0.00868756568283536
466,59,-0.580519057534271,0.824869784611199,-2.96995162547543,-0.361936441187745
467,59,-0.457510831998898,-1.65333885631756,-0.284837896251343,0.581493807333173
468,59,-0.865155557402698,1.60442654033683,0.157985004912636,2.37399329862301
469,59,1.45255471918765,-0.0609814481463929,-1.17212267253522,0.993618368049786
470,59,-0.455963931982115,-2.24575345083862,-1.74596605140589,1.4309144817353
471,59,0.824990864580094,0.246720097580812,0.371948547345323,-1.90631328278804
472,59,0.911957343560534,0.29655545855724,-0.730662986258897,2.27131129493584
473,59,-0.869997061440356,-0.550697086477056,-1.20103388500619,-1.55143260439589
474,59,-0.0488802543812219,-0.215868781443233,1.30430627154031,0.0754199296006289
475,59,0.926761174304707,1.47969603244137,0.972472990072424,1.06088885729128
476,59,-0.770689642290951,0.291806142415087,0.118966973551709,-0.471774175221938
477,59,-0.778338111178302,-0.427294226170065,0.192073797751099,0.480540085267569
478,59,0.583617054650311,-0.468178468638168,-0.440782627591565,-1.86707784986824
479,59,-0.0652292134281501,-1.79849634415422,-1.14222846320975,0.338250655303925
480,59,-3.60587272973435,-0.316719502468834,1.95770076514424,1.50471915076892
481,59,0.0596927302289193,0.630057764165089,1.75044532654459,0.82667258742277
482,59,-1.2747835543559,0.627189494785554,2.15186107960069,0.353119991296348
483,59,0.46517149862648,-1.43992616048836,0.872928406370144,-1.14464686653364
484,59,0.0806162754170717,0.36289024625742,1.22375184858811,0.0593498384868344
485,59,-0.403287280494452,-0.646125230148574,1.4810943957221,-0.600773419494271
486,59,1.33771156014527,0.480883521190742,0.352416119489137,-1.22246688926083
487,59,-0.383951004346884,2.24907262532481,-0.347626240622515,-1.38291311373661
488,59,2.50279688096437,0.064856691301185,0.322128824519377,0.767165459606221
489,59,-0.245356631627032,1.35325351554137,-1.33580097628648,0.271286110039958
490,59,1.66355065993197,1.82895355755702,0.0108213570037691,1.33914534690778
491,59,-0.451008911757453,0.801483174805388,0.434447192175884,-0.80231492629211
492,59,-0.0617713806811541,-0.0681318379398611,-0.0149884698038222,-2.1601706122817
493,59,-0.0302926676093402,-0.00290703699392393,-0.0388516697151242,0.075517253600551
494,59,-0.311732004352263,-0.397015877061566,-0.120015379096377,-0.362798900579673
495,59,0.305711707090851,-1.20509141738577,-1.4266231462407,1.18155427969629
496,59,-1.3922628718356,-0.109458811261787,0.749597740553103,0.7699255394187
497,59,1.92427474001062,0.470274644690023,0.696735332497731,-1.12704451449493
498,59,1.52749852715429,0.860546600145283,0.990074956970225,-0.258637581159656
499,59,1.53175593944253,-0.768123518268077,-0.705669339037302,0.67177406249308
500,59,-0.48982936466414,-0.433330339786591,-0.566146452202911,1.97412224154113
1,60,-1.32441051464351,-0.215593459872703,-1.49986911954603,0.553385614638516
2,60,2.40528893738704,-0.120380720693444,-0.326569655408746,0.249397755556107
3,60,1.98011120866034,-1.67361934145628,0.15510614139763,1.20406353129983
4,60,0.974735197091404,-2.15318621824195,-1.72591157304289,-0.0786520087487185
5,60,-1.4929952795986,1.21990233241052,0.245729714681233,-1.53987530389279
6,60,-1.35590929090945,-0.103733188948213,0.572321635527267,0.264679403166798
7,60,-1.21901127489426,0.067031265920248,0.738628036585409,0.471956793008985
8,60,1.01137664936352,-0.691707234803358,0.944608662266465,-0.157503061649406
9,60,-0.415328449786906,0.553437289191253,-0.255873707839475,-0.0154367743802332
10,60,-0.653061314404749,1.67619474711608,-0.121231024343584,0.258214689012366
11,60,-0.0246666432857899,-1.35028959388867,0.032484202936511,0.240843302511947
12,60,-0.286375921737694,-1.94246898417924,0.252862066976469,1.310888686391
13,60,-1.01495581997555,0.815166654911494,0.900969656420479,0.494566390341323
14,60,-1.38709204142465,-1.43505561820913,-1.8405304260597,1.67081311500868
15,60,0.552130526608042,-0.497545371383386,-1.26053347289716,0.552144252584263
16,60,0.0689246409781634,-1.10883249898998,1.70602410738158,0.941189472003283
17,60,-0.0561811798397138,0.414054782818084,0.653123506941787,-0.281751627452001
18,60,1.40331648512166,0.712056874035467,-1.0104527225426,-0.263735865122682
19,60,1.11164976452362,-1.47847227043136,1.38087330330273,2.21822579938595
20,60,1.1814088286506,0.824866047032572,-0.904320971334037,-0.996016938000759
21,60,-0.676005884634414,-0.161263428602171,0.00226916812337927,-0.183797447908112
22,60,-1.4985295354819,0.58249248853313,1.71218804236234,-0.130344820453684
23,60,-1.53826190722201,-0.794329419827421,-0.145889133993734,0.440486321417106
24,60,1.74903095685364,-0.134051041861676,0.0570424661582432,-0.113532729072111
25,60,-1.50339920317994,-0.272190220777727,0.218836596233992,0.0965733679938042
26,60,1.2773186057017,-0.809185846285328,0.793428006317019,0.422661229827622
27,60,-0.110173328997704,0.684200524966389,-0.942843474004015,-0.0156951858318215
28,60,-1.12518727821239,-1.27680697270213,0.437626856586331,-1.320496670676
29,60,1.08568632937853,-0.791821522205665,1.44838310271803,-0.0135742556632051
30,60,-1.48991994938767,-0.0359446678382772,0.297599166369036,-0.618477838005254
31,60,-1.26195930974124,-0.123258851902645,-1.32509256017766,-2.94458234811403
32,60,1.65757069375769,2.66311915317477,-2.18942264559101,0.543955706490125
33,60,0.411376350261763,2.81749841642693,-0.228651506592737,-0.49177586274224
34,60,0.80813766398693,1.76180751811552,-0.322779448027371,-1.19046188813338
35,60,0.41184419238821,0.0178306360224134,0.303113447629121,-0.959955549995096
36,60,-0.9583820743179,-0.0452596000873727,0.178082661599467,-1.95010056751035
37,60,-1.63887688007211,-0.0197983029564234,0.171469122342645,0.182523131297086
38,60,0.323781393891231,0.845852475979527,2.00327832614772,0.0735526347408889
39,60,0.817562203770111,-0.473688259506042,0.830437627817315,-1.27604436738526
40,60,-0.662353900381496,-0.848813011144961,-0.793721673967128,-0.65845756710344
41,60,-0.699491256355926,0.493691503990137,-1.3547640961819,2.28970161576833
42,60,-0.130201238659417,1.8619382152276,-0.111790340507012,-0.654315399810692
43,60,0.496704733656705,-0.12287694126647,-0.611188313121216,-1.86125042969447
44,60,2.43729155422062,-0.00673716666003947,-1.21309495211469,-0.0957947132646971
45,60,-0.71706911521379,-0.347262963873987,-0.248266569091261,-0.176045973531069
46,60,-0.954634716218045,0.293661229732677,-0.081809268516988,-0.607089264502777
47,60,1.23842007906007,1.11566595617067,0.64557906874707,1.79619335515335
48,60,0.885228652402842,-0.880688150034704,-0.777097948143778,-0.206776021597475
49,60,-1.09189850606471,0.786939449270076,-0.762244035781492,0.763874659171888
50,60,1.23840329251534,-0.890146125314769,-0.572221316323986,-0.764133666509929
51,60,0.243455433982753,-1.19337944748749,-2.36523500935911,-0.341012625294418
52,60,1.79922746054378,0.0705008912516665,1.51422420324575,0.188128070012129
53,60,-0.61334906631803,0.523052236401116,-0.00524588982906657,1.53279918454847
54,60,0.781370205446089,0.0527268888479698,1.21783263231016,0.339761730815903
55,60,0.69315231630109,0.950795199018184,0.621959938641107,-0.0169024317808129
56,60,-0.91113271003232,-1.66840194321543,-1.11077924747637,-0.80523052927991
57,60,0.438566148115681,-0.558896510375039,1.48965357342647,2.05493240345707
58,60,0.229657781763747,-0.857342691800698,0.439753290198732,0.866480287199098
59,60,0.052795416747857,0.555661969882075,-1.90510924678831,0.235692854132252
60,60,0.578339074177041,0.583199310578186,0.701290511215993,0.371074358162007
61,60,-2.06776819266385,1.39230292477188,0.188670139050159,1.18626718597126
62,60,-1.22195971975491,0.230593956246772,-1.36329906130816,2.09098692704728
63,60,-1.84032644277483,0.708200493228807,-0.644511163229476,-0.515305307841005
64,60,0.260163699466266,-1.60559380015573,-1.72248747795112,1.15398636500337
65,60,-0.548031996945359,-2.56471457292514,0.622598768669626,-1.52740600227927
66,60,0.0417501357067227,-0.494192810474221,-0.806792966155717,0.271704232298724
67,60,-1.7728532051732,-0.102426823425606,3.40963050678494,-0.227417308077144
68,60,-0.237478001561246,-0.307565882411472,-0.215132753829117,0.654112750300603
69,60,-0.11202082377652,-1.27943505426816,-0.573540245736572,-0.232984303817296
70,60,1.08555830979123,-0.779947134732534,0.35370144401523,1.93199333712621
71,60,1.05230518677161,-0.298587284373419,1.00532625157555,-1.0430182441094
72,60,-2.66046401922881,0.140274867673833,-0.707222994206075,-0.635528830244365
73,60,0.217339910217064,0.946575288900899,-0.837528640984761,0.824119916509768
74,60,2.34488576105004,-0.90632770439269,-0.185000680272921,-1.65939811466393
75,60,0.859940357800796,-0.0663792705525316,0.279769751457891,0.641607579888535
76,60,0.42058563885845,-0.0353367223875779,-0.698580806148813,0.23685230255227
77,60,-0.963679656599191,0.787663931405073,1.13191930210681,-0.188318640099349
78,60,0.392127840519299,-0.464015065936668,-0.123198232564519,0.489571994801857
79,60,-0.74194544200846,1.49729392540207,-0.630585372566119,-1.26035621626787
80,60,-1.01885717414861,0.572824431431974,0.55902670635112,0.500246139812597
81,60,2.11086188738099,-0.266746316966019,-1.36061350154728,-1.51035225059777
82,60,-0.45511029356617,-0.878909999674621,0.96768911556167,1.07245147311504
83,60,0.0607846689285027,0.0283016341763318,-0.47898443049089,-0.86773261471257
84,60,-0.235755989252314,-1.29054512681447,-0.682341664406252,0.37739684446685
85,60,-0.121097662859668,0.534369138539026,0.908874238293821,-0.22532637493094
86,60,1.41540986002149,0.199121816847395,-0.768452831336749,-0.447542549992385
87,60,1.51345235859423,0.893338667762772,1.27177353886038,-0.0832843247288709
88,60,-1.88685634421656,-1.33400180263938,-0.230422700478108,-0.713705048117186
89,60,1.24250069879397,-0.87608385541386,-1.20343139518165,0.514565381279777
90,60,1.00094857517736,-1.59409911514883,0.112886277679937,-0.0772818649818766
91,60,0.265874240737831,-1.27308711839301,0.645537861147391,-0.586116386885015
92,60,0.228004182511462,1.80457880740582,-0.0976920507191525,-1.69804258552183
93,60,-0.729890699739837,-0.012838220701787,-0.617505351587407,0.152439079823037
94,60,1.20126473869713,-0.272060240284333,-1.19424758892116,-0.186874618766463
95,60,-0.283702414568674,-0.216035508319006,-1.18136303326733,-1.48846469530007
96,60,1.55059637203102,-1.87950665554775,1.74931618490616,-1.11863297031221
97,60,-2.59105749844877,0.23404674777205,1.18015153173953,-0.91360774550317
98,60,-0.226024638948083,-0.761979208869313,0.887821716908616,-0.70011181029727
99,60,0.148333355237345,-2.12626356150502,-0.45077693401714,-1.00633500279234
100,60,0.273081121541482,0.0052609625657463,-0.988850102173988,0.154362182181397
101,60,0.347628581614903,0.0232535101229609,0.90547351354451,0.727731246281315
102,60,0.0950254831961642,-1.6513883655756,-0.286257281094262,-1.86501210605752
103,60,-0.177730778348575,-0.796771638154718,0.178749526235557,-0.210715824644451
104,60,2.01791968986943,0.132440881962708,0.488393670918767,0.400024250584353
105,60,1.59546946259162,0.273523563593766,-0.870487284999578,-0.157254616227608
106,60,1.0426292457205,-0.668525100504666,-0.517543076977232,0.286145219733213
107,60,0.989308199227106,1.10410774828425,-0.720075333446914,0.969823654934309
108,60,0.211665092346993,0.504299126784542,-0.991885929181369,-0.58145637482999
109,60,-0.0712631948219152,-1.26372666845272,1.04290108233184,1.80076401263463
110,60,0.182331949914006,0.300666837900321,-0.89868818873584,0.629557982421107
111,60,-1.05854552016132,1.07906837053479,0.0716881870870155,0.0688983806151724
112,60,0.656936355103692,0.359698888586185,1.27249226757152,0.950618879785889
113,60,-1.15899087683495,0.855083318260535,-0.298496955619631,0.788097282148825
114,60,-0.67937020372435,0.0956718751805925,0.402753848793509,-0.466952215732638
115,60,-0.116241902688842,-1.8823698945128,-2.76720137144023,1.00694851018461
116,60,0.243735398181,-0.0623376059852551,-0.227978245713502,1.51447794558874
117,60,-0.441039326113333,0.300695361850246,0.170268815776188,0.109016438597017
118,60,-1.51940539529341,0.0133770388065105,-0.775835930590577,1.00185041215677
119,60,0.13321797220448,-0.371794095829306,-0.350359631806846,-0.042654455056627
120,60,0.989294365772599,-1.62116643182907,-1.10991217563996,-1.13077518075337
121,60,-0.0783448944542506,2.15257094279456,0.227499933333595,-2.55773089188861
122,60,-0.618855531538022,-1.60542769070055,0.151573948943471,-0.266697288451245
123,60,-0.954668300497561,-0.100097085939387,1.37015303854423,0.500653297282903
124,60,0.216999427269422,2.03939959499953,0.849966882092887,-1.26882152095096
125,60,1.5055835347817,1.08775884138109,0.5365124293784,-0.577540782853531
126,60,-0.33349499496487,-0.451941397186247,-0.845985813602037,-0.687369970233168
127,60,-0.382907471998588,0.853614694798294,-0.458291617699007,-1.62803030733399
128,60,-0.960719205383032,-1.7351456376563,-0.0119198966307448,-1.85194663598346
129,60,1.59714253003404,0.520798097797417,0.865164470467013,-0.635545078138211
130,60,-0.450126880536912,-0.469166734414641,0.0498666664585936,-1.24171084581372
131,60,-0.194308464893708,-0.535236616101917,-0.518075872439846,-0.680050253496638
132,60,0.501983290268424,-0.706461592741806,0.789455412801512,0.159268641109739
133,60,0.48108168085176,-0.726850525158605,0.630695556304857,-0.187767044297682
134,60,1.05384890336232,0.713807325649658,-0.999904013767183,1.44197147517892
135,60,1.00449291138134,1.86696738865596,-1.57019146188524,0.659418689383919
136,60,-0.132275194615848,-0.176277027313277,2.08658727521632,-2.22950823928095
137,60,-0.0740704303002304,-2.00744144926882,0.385855081474568,1.42704597471393
138,60,-0.808763652800101,0.389654719752675,-0.568573822489925,0.646624373984749
139,60,-0.182901740842791,2.05002740625793,-0.125699731398439,-1.33533794465346
140,60,0.316090038571238,1.8409877532045,-2.04108583669224,0.110971475201435
141,60,-1.77328407817217,0.0495046182508364,0.0927363198715536,0.990662011519858
142,60,-0.789394935070258,0.659224901019226,0.747403924690147,1.04859385232893
143,60,-0.27671613448385,0.758701177794283,1.59324241764633,1.44428864699844
144,60,-0.229841416772314,2.14263452422168,0.640226559955762,-1.445306619904
145,60,1.90780126053254,-1.73850108595772,2.58142358512263,0.042873257673563
146,60,0.205196049431467,0.49685683725766,-1.97290433471095,-0.814939083388371
147,60,-0.699366984388728,-0.314392982159583,-0.571957572966906,0.576972289022426
148,60,-1.3091482795931,-0.264247491369723,0.866413870118951,-1.14239106759707
149,60,0.360217658483707,-1.57524180018345,-0.192023174123086,-0.899625294322981
150,60,-0.705840957973542,-1.51794707852321,-1.67182326285362,0.4129240453974
151,60,0.262050116383747,-0.752085605825339,-1.12037737382352,-0.306042076702085
152,60,-0.518194657811805,0.376577639508664,-0.839812238023609,-0.0999199488303867
153,60,-0.636876522794553,1.10317479695702,-0.215670043178389,-1.3495615271127
154,60,-0.0314398109145896,-0.553130889957387,0.925751101928388,0.418453920849155
155,60,1.37478425295479,-1.24843055281757,-1.2818501804658,-1.3863231372645
156,60,0.706909826128123,-0.264476698434416,0.832267041298515,1.97058309343382
157,60,0.0632726654925923,2.16621019466544,1.05944008390019,-0.0601244151003844
158,60,0.681617592382061,0.501439771450744,0.872136889062309,0.566483328133146
159,60,1.21085512623474,0.705889054571125,-0.231582468420975,0.516667018970625
160,60,2.88392059142026,1.08934588882584,0.947709527400718,-0.893459958337205
161,60,-0.844802025666566,-0.461155599413407,1.13983268029861,-1.3596876495557
162,60,0.290000869463511,-0.754868105933736,0.42544347802765,-1.79884968784922
163,60,-0.0193667678699072,0.419115799802365,-0.804622835134814,0.25899785345394
164,60,-0.55124956754265,-0.34407389684836,-1.82539279825668,1.11730009685719
165,60,0.939143373634877,-0.142936860392829,1.21847062681207,1.12208937337063
166,60,-1.32521683593408,-0.203380084744282,-0.488983786153231,0.0677456516422367
167,60,0.284474259554271,0.853329319055001,-0.567760665085797,-0.503880820888355
168,60,0.924218654483741,0.332915371228663,0.614350296204318,0.189652657520977
169,60,1.5098220006809,-1.24982646866366,-0.27918245679736,1.0290364403986
170,60,0.880144589432303,0.989902988754867,0.0715668545551854,-2.53451804754753
171,60,0.623291202034502,-0.642793595105265,0.395055573654248,0.616446449697262
172,60,0.867257802967069,-0.617772446469855,-0.0365640491657791,1.09326309043279
173,60,-0.0718125811988632,-1.98241573497375,-1.03943018984878,1.37344879245306
174,60,-0.996093299987442,-0.432896881390833,-0.68521632219934,1.65058622109162
175,60,-1.86925536428754,-2.35392536630386,2.95104554768264,0.116004112696656
176,60,0.101702442593431,-0.0683950277284458,0.623552191049346,1.50751669923199
177,60,1.31476340546262,0.096579865356712,0.79162679893317,-1.40531745183363
178,60,0.0484241824679164,-0.348664696538372,0.209496867696192,-0.383811534589359
179,60,-1.33054048015321,-1.13520382576615,-1.57560481083682,1.56204903218129
180,60,0.450514965379344,0.481512743348312,-0.787758945705087,-0.0318930699210042
181,60,-1.4940881112574,-1.0262887150368,0.493385217017215,-1.30179234958403
182,60,-1.34007279875879,-0.0925504447281995,1.43061371738253,-1.20555850039215
183,60,1.32649434736554,-0.654515872156236,0.343857099318712,1.17415240315901
184,60,-0.034694672437917,0.0237209417061843,-0.148453587853158,0.111486599686024
185,60,0.134581422885966,-0.394849340729012,-0.405831919312883,-0.617750877611439
186,60,1.88109898957062,-3.26570120742662,1.81402813209196,0.268663435414935
187,60,1.27795988529671,0.363874469444392,0.325965104131921,2.32886869925964
188,60,-0.588125332527899,-0.221681242287206,-0.373793931036348,1.44415024732062
189,60,-1.12973199285171,-0.715332521527053,-0.568846331588837,-0.783151865118188
190,60,0.474114945914279,-0.0243880560730796,0.811586809206114,-3.41778131855326
191,60,-1.12252698747462,-0.516449505232841,-0.322700503550015,0.756351315533452
192,60,-0.622032256832696,-0.0628866329488337,-1.49860790939212,-0.145255289009313
193,60,-1.25924623107688,-0.553941025950719,-0.061233517717098,0.285482679336722
194,60,0.391376328438707,0.251429416719899,-1.89340153066458,0.392254033388661
195,60,-1.20697184852865,-0.90496187068598,0.240500302354508,-1.90676756598269
196,60,0.127791539674572,1.29730911686468,1.05413554923358,-0.357110692017894
197,60,0.949949277147151,-1.73850716684519,0.169951548411783,0.125681366463184
198,60,0.172397486041243,-0.799251324935827,-0.27237512007496,-1.46420200873596
199,60,0.516308051303692,-1.66152091257274,-1.71925433991629,0.552278534038198
200,60,-1.35192275684278,-0.0713709986336695,-1.11939740402313,0.971179454279634
201,60,-1.59961659200374,0.377377153216394,0.921126393425527,0.810816058813844
202,60,-0.682352850704538,1.16525582372407,-0.106530241807573,0.630787793950967
203,60,1.74092164306733,1.10461252357349,0.244363508104444,1.51255262410628
204,60,1.64652466133118,0.379526589739766,-1.07953485925399,-0.376245840594474
205,60,-1.83892361864118,0.541309717723064,-0.11564886421167,1.51098935172533
206,60,1.46181480739875,-1.039258682322,-1.34424834186411,-1.04973833966256
207,60,-0.616639266873182,1.13856532119618,-0.444844636705085,-0.278282813770809
208,60,0.0909762575438264,1.9274136882644,-0.384637810387199,-0.58543485340787
209,60,0.213368260015905,-0.885034167695618,0.916182684784498,1.59287252524615
210,60,-1.2554413951122,-1.80710782467368,-0.0864195932227747,0.23314582772742
211,60,-0.795215802351805,-0.660520750395911,1.78546378086737,1.5895708023312
212,60,-0.935942122491417,0.89828922186562,0.376353492768256,-0.489783010644012
213,60,0.813320106088534,-0.481029270538085,-0.527130813859938,-1.48903969540822
214,60,-0.284561274930408,0.783033935760851,-1.42359906525556,-1.24597741338268
215,60,0.24248255896253,-1.25765633464653,-0.851981182640206,0.282975992773295
216,60,-0.777919255710031,-0.924818068205216,0.144523527333908,-1.18122055871122
217,60,0.365291326194177,0.744562860943286,0.540540542745731,-0.132403005009449
218,60,1.07899383804252,-0.0501211717799236,0.144628966370995,-0.299191689027552
219,60,0.159620120792936,-0.695499427049424,1.48346021767952,-0.931668135172645
220,60,0.963416063622392,0.177048442123335,0.538393804342068,1.25626679363561
221,60,-0.0797009605151236,-0.547609478008038,-0.323925920164605,0.352837541549705
222,60,0.899648244539609,-1.22165944031086,-0.961392547419844,0.609517611119419
223,60,-1.00719206260377,-0.26923080043553,-0.968569218596925,-0.536107178888666
224,60,-0.494668786050714,-0.433628731190621,-1.61233963231445,-1.50686418000577
225,60,-0.281084437382277,-0.327003121604908,-1.0667510594711,2.54288093723379
226,60,0.821680109486826,0.0029426543777654,-0.0610205537272555,-0.355526819987276
227,60,-0.0943913069573536,-1.2938995221712,1.37922536359361,-0.262662850692752
228,60,-2.54852913693718,-0.696326279407422,1.17508363916848,1.04114246257969
229,60,0.380427251887332,-0.83760070368862,-0.318996671161974,-0.556340286260538
230,60,0.722822401594328,0.30503049826459,-0.50963280529267,1.46443066204074
231,60,-0.0999393013961141,-1.53344273700757,0.9231883356104,-1.68981063679716
232,60,-1.91028957596435,0.543544917725292,-0.440549062869219,1.1340363243058
233,60,-0.64501269201518,-0.269345186251093,-0.718875887376692,-0.470165542638399
234,60,0.614719257389921,1.59241467133676,-0.999390853945722,-2.64241690600599
235,60,-3.32281208546074,0.33194334526251,0.84948102266077,-0.295395301326528
236,60,-1.05166595989588,1.69192554587456,0.529956719215391,-0.0614753428683334
237,60,2.28479796497664,-1.20878204959773,-0.856870632510377,0.36132585582733
238,60,-0.462363839544766,-1.83608323560156,-0.00871960503692503,0.199288937027935
239,60,0.365792211777706,1.69103322645833,0.609303764225463,-1.01958710228666
240,60,0.33541424852104,-0.261809635568118,-0.166379647065703,0.66565131296205
241,60,0.012955425458678,0.364964750812998,-0.623332947304706,-0.400906652843423
242,60,-0.25519021164029,-0.0502923663924357,-0.895891177316707,-0.0131405086925293
243,60,-0.0395442526595867,1.26641216080631,1.2787675841571,1.7636016352578
244,60,-0.968367416538684,-0.483642956483901,0.117185449499349,0.673423354603897
245,60,1.49228265030037,-1.89506622640965,1.09257677567455,-0.371504832395864
246,60,-0.641181895035688,-0.661593744309445,0.103811665408321,-0.107242628874068
247,60,0.737575582381517,-0.112665847075219,-0.254403946857181,-0.352215014655214
248,60,0.147598242469947,-1.00632923205867,-1.15945555023419,0.0848628565380899
249,60,1.1292807605659,-0.362098133920066,-0.58501926070371,0.279518006606699
250,60,-1.18820563017896,1.39197670091831,-0.28409510451532,-0.337035372354914
251,60,-0.137904956375459,1.34174843962221,0.420819602423757,-3.00103208718749
252,60,0.816233692755979,-1.2535978331377,-0.71460606784986,-0.0628893460291444
253,60,-0.396930619366761,0.79231202059712,0.256476194737632,1.5814067129703
254,60,-0.17629504806532,1.60616719760892,-0.22365462071678,0.818399676096094
255,60,-1.48603541640487,0.593555135744658,1.7000542258968,-1.14671552672017
256,60,1.65165573130009,-0.101791825666639,1.9300488276772,-1.10191937195786
257,60,-1.70491126249259,-0.453538045900626,0.0416909892868111,-0.107957080914513
258,60,-0.911388950363734,-0.185788862174803,0.61698682224205,0.604008831486781
259,60,1.01414058918146,0.517409422937708,0.776772324605019,-0.562536236037331
260,60,0.171142306677511,0.709074606539064,-1.35551408420346,0.0330509017074104
261,60,-0.922128561730908,-1.10232834650983,-0.907055661699865,2.09185590050308
262,60,-0.701418549738286,0.0263875199988727,-0.132890921119532,-0.285016182472995
263,60,-0.127388414943876,1.53145934290708,1.33094021151978,-0.832266089666886
264,60,-1.85109007062101,-0.272000760309519,-0.866402490684979,1.68667754650739
265,60,-0.825819059573428,1.70328330399944,-0.288045179748268,-1.14485699971908
266,60,0.00662190580849822,-0.18646513379424,0.961749666668221,-0.255929764678946
267,60,0.0276921595165556,1.36470191065966,0.487708511742992,1.18921954285884
268,60,2.64046604652403,-0.233473231512656,0.802937227772814,-0.232870537340094
269,60,-0.74105315578501,0.0602232205565297,-1.07944070862829,-0.0464863834221843
270,60,1.01847694699918,0.115383847414929,-0.819997479917501,-0.919047081932565
271,60,0.318456658266312,-0.953763962683788,-1.5506035927429,-0.0227555463495169
272,60,-0.765340167351261,1.14113488416038,0.337335317269834,-0.0441084177213347
273,60,1.82455783712943,-0.753677861549933,-0.290935976682119,0.838844989381024
274,60,0.726572171913713,0.795341745255241,0.375954649836019,0.129529485433719
275,60,-0.478898754492939,2.64723879567662,-0.459730052088664,2.64121398933703
276,60,0.810286566373042,-1.34047208600463,-0.633653828679909,-1.48473156444706
277,60,0.874208083502427,-0.145620627155241,1.47309090449195,-0.881077296359761
278,60,0.508084585675162,0.464882388715357,1.48209793131491,-0.813151043572289
279,60,-0.889836917563837,2.40105239949743,-1.05309122704373,1.91883786743349
280,60,-0.0154720370956115,-1.68735171150473,1.11083650742506,-0.273306385052238
281,60,-0.48226290846888,0.478272437303054,0.19547334160074,-1.85778670151758
282,60,0.290229240526029,0.0887728687495342,-0.165668385563442,0.459706186164944
283,60,0.296623484813127,0.929876094212453,0.839923669103216,-0.330006597030659
284,60,-0.831608899082735,1.26259917998056,-0.95218996278443,0.436755145713698
285,60,-0.364242128505715,0.0217232690941385,-1.5184056720914,-0.493391127788865
286,60,-0.182088698320833,-0.333290493267623,-0.0163093455661057,-1.66334916295327
287,60,-1.80342736872708,0.0178015553685366,-0.764705367651473,-0.716668676857911
288,60,-0.583739467371853,0.888999008118303,1.09733479504624,-0.285712638926186
289,60,1.16152294336429,-0.569269211228366,0.98586158143224,-0.561742330517549
290,60,-2.16667667038554,1.99894751875238,-0.258704291726584,-0.0222161389827979
291,60,0.352579657978553,-0.24596322281605,0.0545141861747375,-0.975364053809931
292,60,0.519592516189431,0.636409966379801,0.229075750339605,-0.510528130858877
293,60,-0.707953467887232,2.56940440578034,0.61282047091327,-0.902619753298449
294,60,-0.560270143113606,-0.603395716478698,-1.82311894496085,-0.546524555340568
295,60,-0.582245198000323,0.97833402103505,-0.962221251416935,2.55020972751036
296,60,0.193840303885288,-1.54097084006423,-0.867831708476033,0.324424540131391
297,60,1.04965535641674,-0.362211807387306,0.282671012957006,1.38099679306224
298,60,-1.4500602610808,0.193656201082672,1.41112415239714,0.963686978880089
299,60,-1.39887558427311,0.144216283873168,-1.54783268231803,1.01963278133472
300,60,1.03117388953278,-1.18285421765661,-0.0805756747821633,-0.932563667981654
301,60,0.825112456626354,-1.59000238240893,0.949051035559082,0.353842928714074
302,60,1.34582586911912,-1.09120827721413,-1.69687488381299,-0.28223924638738
303,60,-0.940470347157477,-0.233581754390994,1.96502597205594,0.318494103002403
304,60,0.436257538170603,-0.114377599251065,2.15110915002746,0.309564294073416
305,60,0.885503815507385,0.435517238576753,0.850918774460014,-0.495870255105123
306,60,0.371673104011247,-0.472038012218743,-0.0768718976836862,-0.403881414208397
307,60,1.04010909577272,-0.668501403975173,0.332368482461258,-0.868863506025222
308,60,1.05724253166747,-1.77555361600344,-0.278043502408859,-0.433057814680086
309,60,0.952942844912178,-0.161808158001348,-0.463759434778062,1.20561232978252
310,60,0.238837958954876,2.15103630969689,-0.253535205513273,-0.528983640895892
311,60,-1.12506585358708,2.28672156368753,-0.462121906244105,1.53688299142053
312,60,-0.0646772649877109,0.835135183739302,-0.401820376994036,0.550763852813903
313,60,-2.25699201969545,-0.316046749825219,-1.54304609169368,0.315770317720812
314,60,0.20786387516475,3.18628463409079,-0.254464150955806,-0.89641253776916
315,60,-0.117092265956291,1.10060779346855,0.108369595452473,1.39212926878808
316,60,-0.0362611721583706,-0.386792099478126,-1.3351806126657,-0.944972973713262
317,60,1.35552379579286,-1.72634619627058,1.16900866357713,-0.048862106107783
318,60,0.678296454827745,-0.802241678405792,1.00587760592761,0.286435180121333
319,60,-0.748805726756265,-0.988184188494654,0.667648367376942,-1.27952482226142
320,60,-0.195030553311367,2.23812461911056,-1.19391782393319,0.522172185901182
321,60,-1.0295781647874,-0.297147988152968,1.23926167742126,0.821083326403046
322,60,-0.324506669473814,-0.158868853617472,0.51784293450175,2.23301860602617
323,60,0.415936086352172,-0.0926706852281336,-1.01569330881431,1.17244342142425
324,60,0.276535034110552,-1.75593352747438,0.529411938704854,1.02388999444551
325,60,1.23544063876467,-0.440260419526021,1.74450647744662,1.55780110102025
326,60,1.62392885987895,0.535056668457345,0.301039806485209,-0.753716641053867
327,60,0.281120689104612,0.428285497210062,-0.435573209051194,-0.230937902643135
328,60,-1.66457966125871,0.0162700383826947,-0.662614974312921,0.425815235893405
329,60,0.173084834885895,0.672799723177619,-1.4897508385909,0.828904071384225
330,60,0.680229183605969,0.596023652876937,-0.390015761870073,0.41753835542971
331,60,0.389423417998161,0.344185764633167,0.770338739420054,2.42459659085952
332,60,1.71918652439752,-0.435147187454998,-0.724537882936528,-0.810537669192515
333,60,0.260531131767525,-0.0795245455859213,-1.65867278656391,-0.661999537917858
334,60,1.65268398250294,-1.5259272252896,-0.826438836171898,1.48326506211183
335,60,-0.724677224752685,-0.585996143121852,0.215864242304512,1.1910271901222
336,60,1.98339007355189,0.4779986269981,1.59785379585544,-1.04302865485829
337,60,0.0911819700933643,-0.462437947509768,-0.130276779748552,0.26317166716714
338,60,1.12259373274346,0.453500622975626,-0.03358296214683,-0.444559361622658
339,60,-0.932465231102696,0.429383209934894,-1.910105238877,-0.620181620835238
340,60,-0.584822160414436,-1.16794144174996,0.313628709288711,-0.729487066946907
341,60,-0.589764462057941,-0.065519262594704,1.82730437651727,0.14934943031558
342,60,1.82298161398053,0.344374402161689,1.79547178751538,-0.365989619748886
343,60,-0.372309787733088,2.0227840687004,-0.674267843283443,-0.783879115113013
344,60,1.15132051701524,0.929075373880025,-1.08182014446684,-0.00707645042811252
345,60,2.10821459262795,0.589172971089231,0.633662071392673,-0.0513789628242151
346,60,0.0776794405177298,-0.752234918857073,0.789518818451347,0.840678378615188
347,60,-1.02894882405645,0.864067940985087,1.96292953288531,-0.752418325149208
348,60,-0.821453751169915,-0.375268268601044,0.388975540003221,-0.473072931580575
349,60,-0.848302629169021,0.350243074802934,-0.151433138508561,-0.677069071982092
350,60,-1.25800440169207,-0.46771934807129,1.9115323546796,-0.619450281205418
351,60,0.144183159715632,0.804020172470608,0.503734867486656,1.28934738795741
352,60,0.865471441785923,-1.13445950029481,1.86163042927965,0.0229902938901764
353,60,-1.80008032081665,-0.348363006688137,0.334344016900781,-0.512898350180344
354,60,0.68089612508409,0.588703258823962,-0.665710427938789,0.107253095552558
355,60,0.513974859766651,1.0799943424019,0.557041979497285,0.042469056339866
356,60,2.26568092510527,0.408125224550311,-0.406085865013385,-0.602662355989798
357,60,-0.0929563488060325,0.255577761062172,-0.156953469336498,0.126873892764385
358,60,-1.34266494174933,0.635057270785986,1.98396234617868,1.92251030100818
359,60,0.267309297041427,-1.64756392631956,-0.148312828551316,-0.6405214677834
360,60,0.47532851495401,-1.30936744720803,-0.31178593287746,-0.438736066368863
361,60,1.80893543351842,0.040317908417154,-0.932509874576534,-0.617118822154782
362,60,-0.662109538813653,0.972876463685018,1.40615155581987,-0.690128414287702
363,60,-0.96867540107228,-0.532128970299106,2.66485048988022,0.558686611392383
364,60,-0.0443935629156496,-0.435835090435771,0.824723367975769,0.384969099210085
365,60,0.288822704550254,1.39490350716511,-1.68105778521762,0.130797527738781
366,60,-0.830544905003678,-1.00484120667594,0.238353654072072,0.0334542079108096
367,60,-0.896752607162832,1.20781723037454,-0.398331580098685,0.42111845762935
368,60,0.648408121955734,-1.06950949074391,-1.52147464568284,-1.35328222585711
369,60,-0.461799383885648,0.774088123260921,0.83204311057774,-0.744359581508046
370,60,0.199302929394217,-0.135440349740244,-1.66595131688088,0.662518003161095
371,60,-0.425204953790305,0.90731956008948,0.0525692861920224,0.819883348997262
372,60,0.158808751092582,-0.620985735148518,1.2297353293782,-1.55143275063591
373,60,-1.57387404150733,-1.50290293571893,2.0032679178044,0.600341150469278
374,60,-0.722258270770177,0.688854525003334,-0.126880346775962,0.0890830175988438
375,60,0.855403966996181,-0.222070957319522,2.4736127826733,-0.892942321542285
376,60,-0.59628393700452,-0.228286812260543,1.60193831226178,1.6436638879304
377,60,-0.424305115755145,0.462868887394944,0.0888098915509872,0.114004205251515
378,60,-1.15533573413496,0.346020763373487,-0.0326105920132054,1.45921001577947
379,60,-0.345702933928231,-0.617148836552605,-0.367170474875698,0.730546612814402
380,60,1.70112210944742,1.08287472277822,0.0820636506498734,0.3799218663698
381,60,0.505593696860465,1.98839883276375,-1.05156293887666,0.153690858748111
382,60,-1.39647874525083,1.21079593248453,2.00789754306984,-0.906121039044159
383,60,-1.68737081261374,-2.70028029634108,-0.754257737294043,1.58678591010219
384,60,0.141287441468153,0.184465701437024,1.18993958440689,-0.522315802185491
385,60,0.677884525391935,-0.851829570338172,-0.605431692768696,-1.71516662800742
386,60,1.48485869247717,-0.972303695475854,0.168257103841711,-0.303501220534028
387,60,-1.42720786432562,-0.237439590217194,0.993053236830712,-0.621081637230107
388,60,1.38714076693979,0.193559078853946,-0.032944248141325,-0.183131942342248
389,60,0.553666229444271,-2.1525758860953,0.152742842655494,-0.789278287536128
390,60,0.900508121600175,-0.753950389846586,-0.226927518342676,-1.20591088513559
391,60,-1.18036957201319,-0.0637555077881728,-0.816588139019625,1.76504746401571
392,60,-0.289696870938057,-0.528923980421902,-0.66627834704816,-0.104054598395893
393,60,0.815042945856275,1.95091499494969,1.50879337052948,-1.22955555872215
394,60,-1.51592301038684,1.40711998473839,-0.644496588740739,-0.145730155871037
395,60,-0.554589303835695,1.67113398120452,-0.0741006235674988,-2.33569226127245
396,60,1.12356757537039,-0.516520248967542,-1.14697473999202,0.0303020121971238
397,60,-0.15113624900034,-1.83220377355032,0.378397711789305,1.37984488552464
398,60,0.134337615139724,0.259790738823031,0.935393608325501,0.424895425663766
399,60,-0.603339672732861,0.577563868896339,0.521329765393525,-1.2734581953789
400,60,0.109480128013111,0.331947884609008,-0.365279204659584,-0.62881669510023
401,60,-1.21081817072576,-0.412625178426866,-2.59571709907711,0.181249391944886
402,60,0.824961057261426,0.545220133394736,-0.877912735303014,-1.6150625297411
403,60,-0.776240509535204,0.743861598218663,-0.333136465318254,-1.79565252116783
404,60,-0.211815735965837,0.177941049760852,-0.0299564161191089,-0.752132427723378
405,60,1.29346480968808,-0.247205724521398,0.533997153423953,0.169248196842695
406,60,0.0521244641048686,1.2520593470923,0.997364385057767,-0.652441761490644
407,60,-0.0046871000328018,0.316778684937258,-1.29128721573749,0.87475710448788
408,60,-0.795031575916898,-0.863362809187182,-0.135491190938042,-1.12194535498911
409,60,0.692689420960359,0.573382537153511,-1.70629816490617,-0.623031357848098
410,60,-1.48988033011377,0.662106906685067,0.630520619266616,0.403563534896595
411,60,-0.478876719209273,-0.12878691173513,-0.0536156287682972,-0.90724625869167
412,60,-0.608531694613674,0.867291949957776,-0.917050159039572,0.571467447907792
413,60,0.323994806320218,-0.149921670101111,0.331898780929692,-0.0329989785078391
414,60,1.03914286752953,-1.69114849236604,-0.64550740680306,0.0522876703040811
415,60,0.278824015402196,-1.21105056359812,1.09072380792277,-0.637026894047821
416,60,-0.737264992358354,-1.24061096115105,-0.323368478599335,1.2402926447057
417,60,-0.586222771540452,0.0321098270970887,-1.00050349221249,0.635819080165035
418,60,0.274408007797163,-1.44923823101162,0.867790064346519,-1.27601973586553
419,60,0.199835785374158,-1.8034058986633,-1.22216770808942,-0.454392469382553
420,60,0.49966109744854,-0.67169791220718,-0.115124913471541,0.915597212589952
421,60,0.678522755638081,2.00363489352231,0.385840782722857,-1.46663675653119
422,60,-0.562663522039825,0.874086076501479,0.0946158985567522,0.369322624982197
423,60,0.100726737617893,-0.440100394126491,-0.592253368033665,-1.73613557497587
424,60,-0.707789867907658,-0.917078417295342,0.526256825533659,-0.36390163036814
425,60,0.116740901641218,0.373152167718285,-1.90039761683195,0.0823777705165308
426,60,0.313462529777189,-0.4320353007394,-2.75559463123928,0.630582661425679
427,60,-1.6060211358343,0.669207098068006,1.01527319537276,0.574084686529414
428,60,0.0978342234758073,0.332675990110616,0.445796113321613,-0.166332023776771
429,60,0.369974781319519,0.157148560806329,0.890872169037978,0.649313863519112
430,60,0.290821649324489,0.128712042312776,1.028785872929,0.338615362364976
431,60,-0.23199050284049,-0.224316133619772,0.328005321521727,0.978317794503281
432,60,0.315224648080975,-0.476857539633967,-0.867067857738341,-0.50890460195051
433,60,-1.56711432594597,0.726253740945482,0.247344978658513,0.370374294505692
434,60,-0.724240513390942,-1.75993503345716,-0.325000618056889,0.639274781931756
435,60,-0.337608429502583,-0.222783833462751,-0.279782531638982,-0.876881962151283
436,60,0.998231698909954,0.203746888612373,1.26841741933638,0.278224861592084
437,60,0.536183056880335,0.938765978108199,-0.568941233580465,1.14413361021324
438,60,-0.837517432740068,1.01126445018772,0.387384196738472,0.88471828116608
439,60,1.43502762322522,-0.399631969102765,-1.38502049495172,-1.19616842415527
440,60,2.03179548116236,0.281955693524154,-1.94194984398433,0.320357144770855
441,60,-0.798348507544554,1.94362805269985,-1.80106747710123,-2.18220478168141
442,60,-0.538394688414058,0.929798277603292,-0.0280470723833291,0.890821733749205
443,60,0.908384263933676,0.903319392546828,0.768240913017305,0.191983863866497
444,60,-1.64251830626506,0.339656227385591,-0.844539951550838,-0.882772945392052
445,60,-0.373734392851975,-0.577555386262131,-0.20145691641187,-1.23125374844168
446,60,0.316421218199232,0.157760068452434,1.78021671706114,-0.216223825017856
447,60,0.251619279116641,1.09167480215893,2.69922543808882,0.512711723299416
448,60,-2.08475679858169,-1.25010469508911,0.0268010767388822,-1.17268239902543
449,60,1.09241407820074,-0.304412643335782,0.705991460698624,-0.243152485341943
450,60,0.329394006961141,-0.443612578047206,-1.38284009475746,0.944625440403618
451,60,0.524579558932549,0.452597221045574,-1.12762199729676,-1.48043219437702
452,60,-0.0408144465373671,-0.074847895388423,-0.195440346838322,-1.07644320338962
453,60,0.271592204123975,0.237890086584195,0.797672799803258,0.133560868154698
454,60,0.141363637596081,-1.14831553150222,1.64080864185887,0.252566913003312
455,60,1.73357775731863,0.227770930272137,0.929968503250222,-0.556100915496352
456,60,0.340922316367092,0.97046980235424,-0.00538562500312772,-0.106986796738454
457,60,0.780270899997157,0.162612735199606,0.203313856544916,-1.33686521564031
458,60,0.444265097489319,-1.43393023626345,1.77008322674739,0.201417401720884
459,60,-0.428045145609174,-0.743978760180735,-0.620837811967756,-0.201000281776264
460,60,-1.4715633754621,1.04986292684318,-2.40521465794545,-1.60850980854077
461,60,0.372820238359848,-1.93087738672366,0.506566032142625,-0.383212738733105
462,60,0.692092074697129,0.300235996829095,0.836348411909449,0.808850122504082
463,60,-0.724942556304172,0.0106608651989375,0.670333825925659,-0.979236957110521
464,60,-1.07139667594492,0.907808111195617,0.290585456043187,1.74668456050029
465,60,-0.598120068412585,-0.653520063838686,-0.122479735127742,-0.404590524397923
466,60,-0.976996854408245,1.23179006492402,0.38069780592911,-1.50535938555958
467,60,-0.561551862631751,1.1487930352808,0.0615910160517206,0.72959451632772
468,60,-1.98407868582473,-0.461121059690357,0.333744387686054,0.364711825013503
469,60,0.00093706145663152,-0.481862252491816,-1.19076913023009,0.966454821646584
470,60,-0.585880582480428,-0.0639373170425925,-1.183786709738,0.274447422898899
471,60,1.42838913882044,-0.169174187769498,-0.233707136843142,-2.02847288716393
472,60,-0.552884103424488,-1.19225821844141,-1.53329388828599,2.94160438114957
473,60,-0.377586263842121,0.82777456717377,0.992079263578577,0.166293501157192
474,60,0.525659676610403,-1.22466472953591,-0.0230885149570455,0.0627744075094586
475,60,1.23585032984118,-1.22782255076053,-0.29713844601394,-2.39947271487791
476,60,-0.106930672511367,0.864883984093698,0.812006515016208,0.218327427737731
477,60,1.75236726221497,-0.95242511611814,-0.359821866684803,-0.455946414933796
478,60,0.0611931686558399,-1.2158156527196,0.0154177032329838,-0.451262976832691
479,60,-0.397511082387943,2.36652205705021,1.01627374930502,0.848734714901623
480,60,0.102877549416238,-1.63439294320954,-0.985861817576406,-0.103318852873151
481,60,-1.42952323520636,0.00269769975406093,-0.213350450310144,-1.25859925173221
482,60,1.17781533699693,0.832081213586922,0.221954692241995,1.43325376585263
483,60,1.70913673228567,-0.93630803659027,1.53875682382684,-0.731985692729925
484,60,-0.603837184935426,-0.498979948884842,0.155807745684989,1.12285970419822
485,60,-0.346464469206064,0.23336691633265,0.967556180947429,1.94532220213338
486,60,0.839830349110452,1.33202906505648,-1.41289603739544,1.15697883677209
487,60,2.06812252721819,-1.79875649152446,-0.815547317227781,0.472081454098094
488,60,1.01176555468375,-1.19184346599833,0.32636111478226,0.514235862128641
489,60,0.303148420434671,-0.299114634704182,-0.362707200804456,0.0387022050144043
490,60,0.788391195147105,0.928457780280758,-0.188378138355623,0.288714533869214
491,60,0.590276239750478,-0.546086982963082,-0.442080734570859,-0.570548850663584
492,60,0.48757935719055,0.212530484505308,-0.981105841323663,-0.257375766774595
493,60,1.14986672387766,-1.17655501717109,-1.50310652396763,0.0719281867542786
494,60,1.56619393598216,0.74544256261894,0.791959987467436,1.58908373806261
495,60,0.0946073481891506,0.592857471298994,-0.00455099617255777,-0.880353235906794
496,60,-0.46003472210908,-1.34735792320116,-0.701846650593736,-1.16571795361008
497,60,-0.578397303398628,0.26567757957979,0.765179681821177,0.283626814458379
498,60,1.01764004984896,0.218206887676122,-0.924888262852449,-2.0697626617442
499,60,0.222486916242267,1.41797438545425,0.84191675359944,-0.939584673056018
500,60,1.57042732675907,-0.856966606367421,0.461027661853929,1.33943781989134
1,61,-0.777664285952114,1.59114055466183,1.52573175689037,0.117216096935709
2,61,-1.42080461767672,-0.38585068583876,-1.09587242136012,1.04985455991523
3,61,1.94426310511431,-0.242263855811897,-0.0727575724474595,2.22852882233381
4,61,0.454978207046931,-0.854924230808826,-0.389729448056225,-0.214682287665407
5,61,1.46856851791441,-0.489350463301586,1.5905766105406,-0.624187687979596
6,61,0.944036414040687,-2.69080717779008,0.632467344775021,0.292497895897997
7,61,1.29065516842237,-1.48472942258384,0.13045482397939,-0.378073979149865
8,61,-1.00828585341541,3.97652669780976,-0.579265475268337,-0.270477984655623
9,61,-0.278081060283182,-0.546700653560834,0.66566516407242,-0.851473832548083
10,61,0.554504951259778,0.505400836193865,2.73306163416827,-1.11360997722164
11,61,0.851867122782721,2.03028971557415,2.05820830676756,-1.43709468667838
12,61,0.876478761352184,0.871373583986973,-0.752040057528878,0.774655775723937
13,61,1.6046944642779,0.827838355268487,-2.64397277679281,-1.00503390519262
14,61,-1.70081438043349,0.507759360889328,-0.497160450614943,1.15766305595715
15,61,-0.0848519787504599,-0.714940197744432,0.797047729560625,1.84171831258222
16,61,-1.19416251240281,-1.13286332195165,2.29970043373226,-0.43936033784316
17,61,0.417099571180536,0.635254704091437,-1.47789955015148,-0.00766323828015417
18,61,-1.31075644165759,-0.830274291446028,0.566137406694915,-0.624191069924293
19,61,-0.0860798144020576,0.704868772546968,0.118594963483859,0.0957250732800964
20,61,-0.515427650342803,0.614707886470677,-1.3303036969024,0.517561510556591
21,61,0.789040451244432,1.69456558716589,0.720834774159045,-0.24063201592768
22,61,1.06775540985896,-0.526841161530408,-0.577736289448192,1.27071820861458
23,61,0.797602823497274,-0.0233159098352448,-1.13110303795326,-0.39305755885296
24,61,-0.762963449248561,-0.392639351700952,0.0683332924964114,0.0402774246631044
25,61,-1.7615744608451,0.102510685761207,-0.576300595972367,0.217371448393319
26,61,1.14881351474046,0.964154160129328,0.278637824301093,1.62880496583019
27,61,-1.32321661111746,0.790773746604528,-0.0622117391930567,0.975576835688268
28,61,0.794312111186633,-1.00577269456689,-0.947084363859203,0.442083910789208
29,61,0.949501205093132,-1.03161700367349,-0.0423427515809271,-0.878071500716865
30,61,-0.592384991086027,0.024724692119749,-0.428027702370879,1.01642616000426
31,61,0.0669791308125851,-1.42178979798068,0.765867766145956,1.0802708371288
32,61,0.302912814591971,0.0281457437989482,3.22642043160285,0.693266861919163
33,61,0.459804168013354,-0.583779837395497,0.777980694056896,-0.372355338588478
34,61,-0.826025131935501,-2.13900923614531,-1.05639206438356,-0.28213820399945
35,61,-0.0509641743177903,1.09434634633601,0.324464058641039,0.458107375147478
36,61,-0.368776976617269,0.309079690360236,0.259385130299766,-0.325400806020352
37,61,0.541743713574008,1.2949445420202,0.512532442287303,-0.537984241692735
38,61,0.548628436737708,-0.371085195939772,-0.690110791474694,0.816368820668723
39,61,1.25078463390746,0.149606689832663,0.524655327781419,-0.820377856021473
40,61,0.801819841421862,1.25743222991258,0.564518054073064,-2.38615106954472
41,61,-1.16434350197977,-0.699054397794693,0.994375672821721,-0.515207182263538
42,61,-0.919495763200795,-1.05267810157175,0.36178657755005,-1.06401615551634
43,61,-1.40632624799516,-1.5110056488161,0.104058674036095,0.174402906026713
44,61,1.45837967810251,0.350532635420952,0.787060406230526,-0.721907487905387
45,61,0.0743683482507271,0.719810819314182,2.40064958949958,-0.0859601229477668
46,61,-0.292105984117121,0.457338395078259,-1.00198407088275,-1.37479871282696
47,61,-3.01656829417036,0.0161410059344378,-0.00912069119273435,1.66009582394063
48,61,-0.361489741407332,-0.554444578297982,2.02520547818946,1.12527290673358
49,61,1.12821856077907,-0.7379662804424,-0.131764524650797,1.36574123318867
50,61,-0.787466288444249,-0.105649328079601,1.93532426384215,1.52261660220507
51,61,2.48188745437706,0.489741284159134,0.516721133109504,0.61429384718634
52,61,-0.160666111400128,1.32906652185969,-0.0427265284861114,-1.01411080426079
53,61,1.42005766667,0.9585829454638,-1.22655327590951,-2.21433127274364
54,61,-0.141474846268246,-0.669161313542928,0.409605260434572,1.24381380505171
55,61,1.2306826281727,-0.0389379067316033,0.70951719647626,-0.340462319759089
56,61,0.0428173744704074,0.798268440347717,2.16761955600853,0.121198018098325
57,61,0.148033877976516,-0.829733118527454,0.95123820897274,-0.155075109308994
58,61,0.281596971560472,-0.796717685806899,-0.296618695351179,1.06994531539157
59,61,-0.232779342899446,0.3060263384437,1.32462046713158,-0.255239288042823
60,61,-0.653759200403294,-0.379558420737164,-0.111143887518248,0.910338156691393
61,61,-0.221790022291755,0.0457098856835444,-1.53044478489243,0.888100295694437
62,61,-0.212583585184396,-0.18245062943998,-0.137603315654319,-1.11855354481303
63,61,-0.110377561218957,-0.259168030194054,-2.13328182458742,1.15200541941919
64,61,0.840032501321093,-0.732956767463677,-1.5485089978389,0.635365458977729
65,61,0.0724516666178541,-0.807396031926158,1.78200612740551,1.50490751592439
66,61,0.31677253170944,-1.58893000185756,2.22733576244719,0.773536038602867
67,61,-1.46451501906076,-0.274641522399661,0.097891325393655,-1.14363388658879
68,61,1.07031118059966,-2.33787236856573,0.0593462663121442,0.790800647339152
69,61,-1.7536477772779,0.00552130284780463,-0.679105184488303,-0.395220422937706
70,61,-0.377279928501265,0.26869978229982,0.847853569768845,-0.49563381276336
71,61,1.45983612097468,-1.08773347460529,-0.997202621058002,-0.136030908541076
72,61,0.100120786808172,1.47632327012188,0.366867206510029,0.662467794911722
73,61,-0.360210253048992,0.214501981951994,-0.740653841264685,-1.15478602605053
74,61,0.11004924208488,-1.15116124388516,0.904237364630712,1.03858861923262
75,61,1.41230782182765,0.817582689436864,0.159443154245333,0.607939430162866
76,61,1.14330012825736,-1.29036796466358,1.84329989866642,1.14162969681683
77,61,1.02502699845644,-1.0753769376499,0.42339330727277,-1.32031866814022
78,61,0.62940006217937,-0.623038718977064,1.7987293890674,-0.216549674725068
79,61,0.0672941946976955,1.15575340856133,-2.89790049594321,-2.3335026679963
80,61,0.623079081943252,-1.0093745578353,-1.0066989314932,1.73900057515509
81,61,-0.0774319421414879,0.75191519674791,-0.337131078885826,0.352144069808686
82,61,-0.691358408179305,-0.664457863983652,2.05798420446972,0.191025339026564
83,61,-1.04663347012142,-1.49233014841933,-1.57219446977921,-0.122666703124534
84,61,0.476922196936189,-0.188105068238854,0.0104032896463215,-1.67345235400168
85,61,-0.372884962233479,1.24886249279426,1.08698635911778,-1.91154892742725
86,61,1.2575391296501,-0.641683841428912,0.24361641194937,0.495410073394448
87,61,-1.0279219292025,-0.403984244870418,-1.04121448569728,-1.47144838223128
88,61,-0.0921802431445263,1.52145410342138,0.452766733522149,-0.0949643367156414
89,61,1.77018875759187,-0.0385341571929468,0.58832857406824,1.26211096430383
90,61,-0.488116034599472,0.543735629821041,0.355128375321043,-0.497134999598299
91,61,1.12071980422202,2.09535569868454,-0.89654334874441,-1.62032478163821
92,61,-0.0911875620060976,-0.409618745777037,1.13793801749363,0.0563804961283576
93,61,1.87977538922828,1.64740646207517,0.493203760347895,-0.0862473362238957
94,61,0.313316535098257,3.22459448666386,0.521883588520089,-1.1134496102161
95,61,0.233436941330209,0.510937652722701,-1.20107114657455,0.185713317473513
96,61,0.726688075764757,1.55401228649899,-0.26101680723196,-2.02922638513086
97,61,-0.200926603003148,0.0221557001440416,-1.0296184521561,-1.25816301812341
98,61,0.154871149555394,1.06679845398602,-0.363884436044683,0.637550593807095
99,61,-0.356141301447382,1.99301870733367,-0.403607444451127,-0.736295672772226
100,61,-0.822810963571015,0.89517036451825,2.09416664097477,-0.502294410175686
101,61,0.232456364276216,-0.962949479124415,-0.355650417991526,-1.13299690223354
102,61,0.0284263961789268,-1.35740718746093,-1.88304690788387,1.2919373345581
103,61,1.16334418330794,-1.88994363455477,0.366494865867062,-1.71088190985717
104,61,1.33514264687688,0.399848586895099,-0.194787783140867,-0.569447563174065
105,61,0.223600234104511,1.22404911944911,2.65111408659767,-0.107802514175636
106,61,0.972134656578654,1.01997533717725,-0.694719835192822,1.47622160468635
107,61,0.109362220016476,1.50670543201501,-0.577369419795252,-0.549153118902705
108,61,0.342006192395702,0.45651792753678,0.0908518633859726,-0.659303081330362
109,61,0.564369267983561,0.909762842537902,0.72978217414465,-0.97201710714456
110,61,0.373297261093259,1.69922160930713,0.494500892445553,0.795450438186495
111,61,-0.840526054805696,-1.58663037269878,-1.05865750201833,0.931665881794317
112,61,-0.327272069650547,-0.509883501529517,1.5569992073158,0.286796800352723
113,61,0.45858207040383,-0.832349670795356,0.128139926901524,0.423147366284695
114,61,0.185926351750099,-0.270568884228513,0.389452485811462,-1.31130963328202
115,61,0.703532822003486,2.56662907887086,0.13253904205631,-1.30848783242813
116,61,0.366047143343014,-1.45589823050056,-0.0196992273147857,0.508419147872645
117,61,1.49247384706363,-1.05726982379342,0.426021214102696,0.709659205498231
118,61,-0.676188441684616,-0.251722926905213,2.03063351038901,-1.01523949910093
119,61,-0.235922090373029,-0.672668820773446,1.27106486215462,0.208667944541973
120,61,0.934587546822339,0.574649563289211,-0.240060975983679,2.97262334724755
121,61,0.73783637990141,-0.102716678567026,1.06302035162802,0.929353561169356
122,61,1.06560998904775,0.812289620166226,0.125590830619735,0.941994443010734
123,61,3.19313092564297,-3.13180708412436,0.715427390714276,-0.957203654025109
124,61,0.192056759302797,-1.76499222302463,-0.0810005565079939,0.404522431641824
125,61,0.918609950817374,0.551727488180051,0.196360197389069,-0.0520370812887685
126,61,1.49217054076078,-0.475091749137514,-0.137065678359308,0.644543385060946
127,61,-1.30538475927294,0.43370741935773,2.72781670797026,-0.0288863066544091
128,61,1.70116062873307,-1.18326882421695,0.449686760451479,-0.0605196071041867
129,61,-1.57269394074224,2.12963085606481,0.838266660115953,-0.935852535174683
130,61,-0.566151138487345,0.733286796979114,-0.36056796044291,-0.147306514975126
131,61,-1.4126146221029,0.0237633305678096,-0.936052717136933,-0.270090667167964
132,61,0.107420950841622,-0.626589864080432,0.24236304064302,-0.0653908756035078
133,61,-0.218092237084248,-0.430823802488889,2.86152143294213,-0.207465832700402
134,61,-1.50917590215711,2.58239625226977,-0.489885399045415,-1.24722710802028
135,61,1.67733906331931,-1.51666054089168,0.401867662651687,1.28657567449157
136,61,0.442267936317476,0.320409898206033,-1.17584676278254,-0.993728079178596
137,61,0.531855390871429,-2.33259527039962,-0.939191697755263,-1.10277367127498
138,61,2.15870979108602,0.344722607091086,-2.1122101005456,-2.27445227630021
139,61,-0.252585463535537,-0.562726968992749,0.22560976295013,-0.150129072786454
140,61,1.25235328901572,0.821177420021456,0.774169396170316,1.07891771041356
141,61,0.525173269044059,0.0356604056457696,-1.3580547557317,0.621039296677682
142,61,2.07106368900892,1.9653272843252,-0.692542227644888,-1.54678887793146
143,61,1.92131321994357,-0.222607065789682,0.945055414725413,0.54204189062807
144,61,-0.600004235405323,-0.560110333362137,0.8505800083708,-2.27105830964239
145,61,-1.34261981261425,-0.474823661805845,0.0651650384880145,0.132811910637208
146,61,-1.06132219995107,1.42777214780198,1.18389663977405,-2.10940644614892
147,61,-0.244558597494116,-0.33058227502772,1.53566785105598,0.719084142126843
148,61,-0.884098513566687,-1.03690751726099,0.20936421713684,0.595280438137603
149,61,0.444837046044811,1.57039185317854,-0.44836090279193,-1.20639719615055
150,61,0.905889812285174,-1.62226676531687,-0.207683343080942,-0.483469294994473
151,61,0.579762377071604,0.840672865671364,-0.0955209241974032,-0.686443407213237
152,61,-0.786820248962163,-0.831830523386367,0.701159761105315,0.239554683767392
153,61,0.116052765772109,-1.12160462177121,0.435975437557548,0.848146977389488
154,61,-1.78735099268349,2.02517497946269,0.50421207836733,0.0896780698079207
155,61,-1.2697611023203,-0.793038242385652,-0.202397561537387,-0.597186276841003
156,61,0.264624182557755,-1.09113918751715,0.459284289601773,0.280616564712268
157,61,-0.0303361248488366,1.21141004946718,0.0883482164199987,-0.580483706223788
158,61,-0.258226325710982,2.03675600919139,-0.932324610885093,-0.0789020678649193
159,61,-0.623903707659744,-0.715587104656865,-1.27039859751868,-0.803733727364912
160,61,-0.4135690129586,1.42574559800622,0.407866936232942,-0.1730496132622
161,61,0.799748260020961,-0.658051922773711,1.10312922666605,-1.09050384182813
162,61,-0.0119852393686595,0.32479867535141,0.606164392686297,1.42597239891935
163,61,0.0589893495551441,-1.36030766052025,0.190677673261918,0.81715354943563
164,61,0.364159569044202,-0.3239550735595,1.4557104346867,-0.788951504390665
165,61,-0.593607116850378,0.281836215903103,-0.46259101379253,-0.142163056914862
166,61,-0.174929095666181,-0.358518438500309,2.34955466580278,-0.418689823863151
167,61,-0.291892497233322,-0.74059718062539,0.516659607524999,0.72924438621641
168,61,-0.664713095638866,-0.606664246060546,0.905638484151054,0.139908200436808
169,61,-1.21001261345691,0.66975269760452,0.382626225963287,0.0624745407604076
170,61,0.423136384857877,0.711675153246024,0.262925379195372,0.797542942692612
171,61,-0.258104934155347,-0.583968375063038,-0.623968561478105,-0.0388492131352805
172,61,-0.554619890860154,1.65564567215855,-0.0451807910591896,1.76562940603987
173,61,-0.794271035344529,0.573300531206903,-0.494769781312798,-0.339018285082416
174,61,0.167230112525648,1.17099587421414,0.478504521616184,0.281102392820629
175,61,1.47321824314388,-1.64953971136536,0.734815898473853,-0.898189811147659
176,61,-0.804686735397733,1.17863656043341,-0.418891656937127,0.574646780403194
177,61,1.05577322506029,0.180072923298374,-1.4409358481867,0.106171945304418
178,61,0.849977658558079,-1.31616324746444,-0.74776809922409,0.815857857024191
179,61,-1.61745103953544,-1.45148136495172,0.302929236814473,0.605827777732757
180,61,-0.951532930779854,-0.0967274801303974,0.24643821294172,0.0402228590155527
181,61,0.270670876639611,-1.30190535073027,-0.113853138109299,0.446555256519125
182,61,-0.931579869622178,1.74794940153768,-0.140792085291838,1.75389023905943
183,61,0.874992153128148,-1.25085166508469,-1.60187809762873,1.73547323758779
184,61,-1.15448553626434,0.673661025784027,1.49614664258181,0.393098747038034
185,61,-0.55433069949584,0.203354710724364,0.528169207301248,0.650410885994217
186,61,0.164742637755835,0.104856122299291,0.959479504185635,-0.18967712529815
187,61,-0.645593232304749,-0.770877023158634,-0.0109197919716059,-0.10243110095474
188,61,-1.95424784893328,-0.286774194981573,-1.15306157468168,0.71123646088994
189,61,0.636012568693305,-0.244687091890343,-0.517170469819458,-1.07803188430956
190,61,-0.721777883173673,-0.204719422535018,-2.04973138101913,1.27881979804604
191,61,-0.713815598937204,-0.416961226786911,-1.15512604930361,0.376648357794044
192,61,2.17393906118675,-0.769400479591714,1.23845905673899,0.134278921975389
193,61,-0.0532732066411967,-0.466734051169389,-2.12704458031692,-0.380614951581604
194,61,2.55277828702296,0.898788484352147,-2.37179851764519,0.514474249613175
195,61,-0.299107406678791,1.1336230308637,-0.84392925849381,0.973942560123362
196,61,-0.262579411702331,0.937881830829205,-0.58781092674727,-1.52082553430731
197,61,1.25558316864526,1.19609118987612,-0.448873367799952,-0.9467724453947
198,61,-0.516009634671789,-0.70937562403127,0.882833703936653,-1.6075896134869
199,61,-0.977914969703302,0.0744947942220161,0.201616325443374,0.0123670043678715
200,61,0.274192856984841,-0.877086329817599,1.21010822670696,0.457696462349469
201,61,0.794907873454302,0.447616225597468,0.723585797254681,-0.188204240691917
202,61,-0.76486180816863,-0.0620046718935404,0.850350109924915,0.273004529686187
203,61,2.2284473170822,-2.25353279376588,0.399891719427698,0.230016142476255
204,61,-0.390048511915265,-0.799272102954868,2.15544464107967,-1.38662305096308
205,61,-0.932872647490492,0.172289262646307,0.460636530944011,-0.638816130037266
206,61,2.01260171026307,1.06368610937769,0.317873797220221,-1.50176687430901
207,61,-1.24483700164724,-1.05986194348171,-0.81231239969029,-1.00420058586532
208,61,0.470623468519464,-0.297381186248544,-0.436495045155761,0.00780533114946495
209,61,-1.34584353513795,-0.0504409007590281,-0.861669696893743,-1.66140584717386
210,61,2.03377501961211,1.5608474795623,1.24558838820012,-0.431323568258414
211,61,-0.242984098794562,0.669835501258986,-0.0672691806606065,1.65374564059481
212,61,-2.13909314084831,-0.532150045636018,0.939099163241257,-0.550823318031
213,61,1.81487108978243,-1.02783309500556,-0.117499340866485,-2.18978948033958
214,61,2.38177265151733,0.74906907109798,-0.883153948425852,0.420774409154093
215,61,1.42972485927827,-0.0413515330724962,1.81272299991929,-2.36851104293291
216,61,0.140085431982836,0.15365438575339,-0.548389687477709,0.226703987562206
217,61,-0.990223375996203,0.532985404345517,1.92111385380201,-0.441662941860534
218,61,-0.661255654637185,-0.535508095016993,-1.51367267817122,-2.05996035986544
219,61,2.69257209467088,-0.260870913860894,-1.30088973557371,-0.0232341650018369
220,61,-2.39223271129881,0.821945949642889,-0.134938886436793,0.00742192014565374
221,61,-1.29848585305948,-0.0985835858673281,0.829638614732169,0.650212664534959
222,61,0.00704243816358983,-0.714969262940679,0.792176309254918,0.177180992776992
223,61,1.43981827623077,1.33209208108598,2.36957953153558,-0.523608342046725
224,61,-1.10678657591473,-1.07440658503954,-0.49710737143302,0.538158332011176
225,61,-1.35269169434902,1.12115386357797,-0.869463955821704,1.11312295239459
226,61,0.408996776134869,0.143096488049286,0.0152929652199369,1.24249980049196
227,61,1.60554714542273,1.3390839314368,1.15939480552452,0.592115962232365
228,61,0.527406887545453,-0.102050890008188,0.717420159329559,-2.44667524038819
229,61,-1.41416097854659,-1.0626193901056,0.0789954389644344,1.00942290482504
230,61,-1.4334585215901,1.61391791400607,0.769322422417972,0.870684244996132
231,61,0.723958159850628,-1.34267694804076,0.235290174072284,0.960673548537345
232,61,-0.187838802271899,0.651095142902457,-0.954123932858926,-0.93845632396421
233,61,-0.869352960553761,1.55526919654566,-0.565338245785811,-0.102000454089609
234,61,-0.725839239600874,0.540220182121098,-0.948229629256975,-0.103124579566228
235,61,-0.0956500980430842,-0.619199938788571,0.438226011872221,1.49936634912479
236,61,0.378397505883284,-1.04886581424689,1.07887532520166,0.341505876673072
237,61,-0.169746489710889,-0.382844117529687,-1.64150011852204,-0.621711354590261
238,61,-0.33732129063417,-0.805781870039935,1.1070759242336,0.21730920048084
239,61,-0.208337686246805,-0.762184257007867,1.03898870906893,-1.97682038914638
240,61,-0.513635648811579,0.220821886260172,-0.513038908168643,-0.121748881849146
241,61,0.472714424836121,0.234398041576635,-0.496593615159359,-0.143334196740499
242,61,-0.353330132695479,1.08251457073234,0.950581864091161,1.4064420021945
243,61,-0.755424932933725,-0.34332092817319,1.11927051378972,0.50484054191767
244,61,-0.484503783123225,0.0955882512101632,1.56243859041773,0.155646243296282
245,61,0.0279087288312946,-0.218570512557905,-0.167213616317033,1.00520870304235
246,61,-0.404654435851119,-1.18962382214071,1.55376212329261,-0.762014096343375
247,61,1.31982280542752,0.0480237920717787,1.87264683965312,1.17675312983243
248,61,0.516547073412448,1.43826035750272,-0.448963819620573,1.13796279221501
249,61,0.0803620241688665,0.0409860905539268,-0.0391471406301676,1.04578715960738
250,61,-1.09224458770539,-0.501656917615925,-0.111077770121736,-0.724684274056824
251,61,0.741219527065077,-1.91672196973469,0.0740461224103411,0.75918069238419
252,61,0.521345364053704,1.30232490167747,0.331545308799602,1.65308563532584
253,61,1.06937492687151,-0.423637121680213,0.913204612828352,-0.767237505762118
254,61,-0.708574169958865,0.426104699053991,0.736588756779231,-0.52545006339252
255,61,0.316561654714078,0.0159750766265105,-0.701188423284082,0.65572432793203
256,61,0.0558425930676235,2.20173027797532,1.3413889574413,0.369068565826269
257,61,-1.45009211490288,0.187227472949615,1.21022296285831,1.11472242752429
258,61,1.7706914368773,-1.00592465958444,-0.963962077198318,0.572402157732819
259,61,-0.862229448650568,0.291089219957348,0.449415795342687,0.745977694490129
260,61,-1.66080367359461,-0.269311328981545,-0.448337551940105,0.402628214415343
261,61,0.369410679369266,-0.626243628406981,0.931040611743109,-1.18973516119854
262,61,0.926587614528356,-0.0193097561271303,-1.81818689672783,0.651167505662339
263,61,-0.245072910081961,-0.0788919949233005,-0.92598472534696,-0.0234715494855357
264,61,-0.40638440055227,0.583532222863009,0.934306952453211,-0.67415982521819
265,61,-1.69235338400105,-1.33936709880699,0.177242669483224,0.451377435569929
266,61,-0.140803132082397,0.497192388451969,-0.696599899676715,-0.503190183834977
267,61,0.23648590506936,-1.31760930842762,-0.195052503820708,1.35997314289188
268,61,-1.48706587973934,0.183134437683959,0.647686638649888,-0.996803928963646
269,61,0.180400958418087,-1.82362363747245,0.757320374081118,-0.408159032985501
270,61,-0.260043431345579,-2.02997350503637,0.4182216302797,0.715275114251729
271,61,-2.04319032910653,0.133636729152304,0.18436353436066,0.349508546334275
272,61,-0.122317243788103,-0.171060445482599,-1.7523072302011,0.386970394477303
273,61,-1.72424498208304,1.20324149606329,0.879730169311494,1.83330112777926
274,61,0.230326295367735,0.615743770708756,0.0510634270836596,0.89500039836867
275,61,-1.65848117450565,-0.660054154056421,-0.879538189088049,0.990808870901605
276,61,0.998126757747466,-0.373730843939329,-1.92731046706287,0.583217253337114
277,61,-0.647339052234688,1.30275877284313,0.128653697699619,-1.71947979893931
278,61,-0.244032462046176,0.0376656029477383,-1.59769238924407,-0.716451123412827
279,61,0.717768405986655,0.462881690567269,-0.370440183781237,0.163660984081833
280,61,-1.25993765081214,-2.36237511069775,1.57727655895641,-0.0658613903852877
281,61,1.74860694356855,0.249067215529645,2.54961059116715,-0.0694296023986049
282,61,-1.6037865769382,0.821978071832843,-0.311874202683933,0.253087881178747
283,61,0.760497879019053,-2.18363655384256,-0.538642912990982,-1.03718012864889
284,61,0.175498611333608,1.88980180198853,1.18518286027459,1.15637931196768
285,61,-1.55697126273538,-0.933786072136214,-0.563109150068496,-0.576564115171546
286,61,0.598666454571496,-2.33257104885235,-0.842563055883272,-0.0085142337566888
287,61,-0.103042899203954,-1.74420180930988,-0.842255478173742,-0.644136844135194
288,61,-0.586834455127634,0.516061013798572,0.258551444752342,-1.47413720380212
289,61,-0.933743686300476,-1.95734423723829,0.301294775164268,-0.297086293751783
290,61,-0.515447480290826,-1.08007456931817,0.355632167639146,-1.67847593563591
291,61,0.34408409035442,0.141342893345306,1.05154880145439,-1.09992549173764
292,61,1.62668912799013,2.36200418217231,-1.65140557244106,0.319512958877184
293,61,-0.463682768644754,1.28149054256585,0.581192197809986,-0.258192756151962
294,61,-0.251173094483999,0.181125442933942,1.15264044810718,1.90260979601066
295,61,-0.863439323192372,0.764482863757936,-0.335197847442916,0.732697759954742
296,61,0.160108746209605,-0.0956720780495261,2.13680786744135,1.31283688102425
297,61,-1.05033880639181,1.20209297195724,1.30515768528117,-1.02772295187684
298,61,-0.48249875243683,0.536699941448198,0.0927945006696195,2.02143058195471
299,61,0.654531889317777,1.27220246759298,1.44172594576491,-1.38047698109205
300,61,-0.884239161241469,1.0873348302829,-1.14971129647975,1.2451309194656
301,61,-2.96641504993453,-0.0235631465000799,-1.45470484250174,-0.841830602785661
302,61,0.869549131576705,-1.04286561314302,0.433559769523381,-1.63598802519534
303,61,0.436341781722112,1.42545442314502,-1.17826223850504,0.791352059016966
304,61,0.624803040453845,-1.01746639485654,1.42947439416443,-1.081109196134
305,61,1.09751412250307,0.371257841432284,-0.749444912404818,-1.46993467927213
306,61,1.35550399942212,0.90191537715959,-0.299071834121997,-0.567230558717306
307,61,-1.26593766610661,0.660855798707235,0.435796153445365,0.783670130721629
308,61,0.175188369952789,-1.60241242861797,-1.04010605335195,-0.724301432998765
309,61,0.909362707336979,0.979804635098247,-0.707306373268993,-0.163870739649081
310,61,0.616208751494065,0.707565254559941,-0.61627348283629,-0.19901171680136
311,61,0.460473724961431,0.338365735308206,-1.32542861848972,-0.909602561006307
312,61,2.06267191966149,-0.171578305671582,-0.223233564251432,-0.00799962091375156
313,61,-0.817434336810756,0.459749627312764,-0.543216115123426,2.25096057846496
314,61,-1.12493584834578,1.29754880266465,-0.313651628495242,0.774278942254328
315,61,-2.3744079310156,-1.84689591912902,0.309481253930884,-0.273742832758075
316,61,0.567632445859161,0.879779155821819,0.804116520937028,0.499882795670283
317,61,-0.169109220103596,1.34691809707954,1.02843710840973,0.594343621996709
318,61,0.00432655618558707,-2.05511808963301,-0.129849337217066,1.58514047863182
319,61,-0.736777780074588,0.154147108683982,0.439391963108784,1.04664129643252
320,61,1.56247228729661,0.139806116247071,-1.66143669677379,1.16378655017599
321,61,-1.6982461929632,-1.14852636262084,-1.09905409324591,0.542641115231819
322,61,-0.0191822859473381,1.07641518350465,0.90326445833113,-0.592155458252142
323,61,0.600281119325994,-0.72043389141789,-0.691223330259223,0.0930994992047335
324,61,1.99243506446463,1.11866406855326,-1.0275511398936,-1.18823628138704
325,61,0.357856305497059,-0.410943214076283,0.779708706511469,-1.36767316663943
326,61,-0.319124378211901,-1.39083865266648,2.05343257398183,-0.367656704025339
327,61,-0.211948699927092,0.322210037254975,0.150171414243383,-0.38358620261199
328,61,0.916922539459867,-0.0573873130666955,-0.552218221958933,-0.551446627411259
329,61,-0.767559780227372,-0.123886993592285,-1.27561973212686,0.634416097426787
330,61,-0.468080768864973,-1.40068476406668,0.693954325527884,0.546320497425254
331,61,0.613838988731899,0.215433072950621,0.198902247897515,-0.112636419413321
332,61,0.718879210217406,0.183759067588987,0.827985287089655,-1.36031157992566
333,61,0.580160988259393,-2.73551386215537,0.402642521683185,-1.23259010497301
334,61,-0.53227979153148,0.0637094435875758,-1.05944549236289,-0.317738484708384
335,61,-1.01003879227138,-1.58306856836484,0.392225105358668,0.871267485465533
336,61,1.75528205485685,-0.0702881303338028,-0.3772957055584,-0.553934402798045
337,61,0.362553279565757,0.558682944424271,0.63483845514325,0.0823854754902887
338,61,1.61086192827048,1.07408954877225,0.207227157583461,1.93404845749581
339,61,0.956644545083214,-0.407941133665874,0.798716128994868,0.103009253259244
340,61,0.979587704300748,-0.275704866434549,-1.2020711105412,-1.61685231804606
341,61,1.40635616160682,-0.143149440547089,-1.77557813477082,-0.279731628609717
342,61,-0.759642499156813,0.284933118005976,-1.18819709340419,0.0806349848716837
343,61,0.00063618520422589,-1.28022856371073,-0.510601873363941,0.683456869623866
344,61,-0.949188323685886,-0.848963180421395,1.13130610992003,-0.138560993437975
345,61,-0.0221397566615447,-0.498665451511577,0.677267658389464,-0.471077287789513
346,61,-0.443485010340147,-0.352152916500952,-0.118185841812177,-0.102951678459011
347,61,1.18168910235965,-1.98750336624479,1.00696930755206,1.96849375295526
348,61,-1.23685134949653,0.43277900773542,-0.0752796544031537,-1.94203725986417
349,61,1.01553870804835,0.97558027513991,0.269938227930372,-0.536869334248945
350,61,0.231698425240027,0.508972220366735,-0.575803357683365,-0.0278613597347167
351,61,-0.0110053568688084,-1.99468669279335,-0.756902398375262,0.136947353888601
352,61,0.714594321459597,0.493429466826858,-1.50661717108776,0.366685684122868
353,61,0.033716720244978,1.5009085287793,-2.16195942128937,0.696352325088075
354,61,-0.528315779804223,-2.05224218547808,1.10692150276888,-1.53090797448773
355,61,1.16851844060557,-0.816598949524327,1.56975263956823,0.128691907162134
356,61,0.556198771881962,0.392032093453077,1.18214376044073,-0.0237900710616711
357,61,0.00669751900190384,1.33972769352017,0.470058106358341,-0.66184587998874
358,61,0.0980992274684919,0.120672746771468,0.0827915663604592,3.28196823316556
359,61,1.0267701320273,1.32086975257083,0.785680784202677,-0.592540208352481
360,61,-0.0828405768275191,-0.770797564106518,0.857136323454184,-2.34176815914227
361,61,-0.732881175097453,-1.31631998967949,-0.302673023192946,-0.109575273029973
362,61,-1.26713252758136,-0.145145699501446,1.49904128089348,-0.319058348321101
363,61,-0.550333589646546,-1.30069799396287,-0.209841755793998,0.302583925943785
364,61,-1.64199364889389,-0.104449468924897,0.0980639127187012,0.0472092301570625
365,61,-1.22816102370133,-0.0753635098036772,0.530941116565996,-1.17623433495486
366,61,0.57047482397845,-0.439127333488417,-0.943027594650706,-0.322889361077137
367,61,-0.448786309024854,-0.643690708116116,-0.523154112733665,0.467326404883482
368,61,0.585268816655199,1.26820918228758,-0.79017185692823,0.467792826111612
369,61,0.215091584982927,-0.379414931196574,-1.22094188552293,-1.68966109898717
370,61,-0.505451481249128,-1.93719712805795,1.07162716933862,-0.0041433358572142
371,61,0.539036776748945,2.40723571010728,1.02821327860177,-0.499782708130038
372,61,0.189462248980981,2.09511428982852,0.809900308910387,2.34441913902705
373,61,-1.19665075264894,-0.00117869417887591,0.794304898142331,1.7897094845185
374,61,-0.829630976809221,0.147536492503438,0.959625515835031,0.673412348916642
375,61,1.60936488785141,-1.66604999640631,0.519600989458034,0.606372410738836
376,61,-0.495751334165077,-0.339220604645414,0.726908867861647,0.202120789110549
377,61,-0.689775480837117,-0.203859638369325,-2.37453320456374,-0.203991313877381
378,61,0.548301915833625,-0.169377513708739,0.801653631132473,-0.143632558738555
379,61,-0.809429332734494,-0.54004340240068,0.795399018303201,-0.183368872452605
380,61,0.713663596079426,1.35926596861852,0.820572577854046,0.663762188011346
381,61,-0.499252703880376,-1.35603261497692,-1.0205242094481,-0.136169223017501
382,61,-1.3145348309458,-0.270580344899857,-0.440661984630577,0.234093452040794
383,61,-0.586033617039988,0.510670012685773,1.72568768805328,0.111731248608678
384,61,-0.670713116314881,0.352566695749499,-0.802667305574958,2.6643371831319
385,61,-0.51903574693215,1.31197406771696,-0.561738349863332,-0.179022844023195
386,61,-1.81594894972714,-0.205384541570756,2.12230757059952,-0.784122144499107
387,61,0.747736267099186,-1.73010679003511,-0.332971827857833,-0.0147907206943634
388,61,0.0571757406683635,-1.55191367105643,-1.57499305075205,-0.15943951696543
389,61,1.14870544745876,-0.5567532017345,-0.933820219155688,-0.815046611885098
390,61,0.712214553960819,-1.39144773183313,-0.693611264139803,-0.501281077157137
391,61,0.67737727544419,0.743076550238365,-2.14608548187866,-1.2916838867874
392,61,-0.0768649526804085,0.294818765838741,1.32098530395267,0.437421879476734
393,61,-0.109143416772889,1.68367428357177,-0.580930724934209,0.318883519170831
394,61,-0.659802164538424,1.69452730824036,-1.5643523802905,0.879867294495079
395,61,-0.0732395590813231,-2.29431460102127,-0.370046362553445,0.169370137383521
396,61,1.06234805724755,-0.981314919685916,0.659909904776761,-1.23360819104626
397,61,0.548069085892315,1.18079388605134,0.584350891118805,-1.68207633583011
398,61,2.12375051388396,-0.521195507710978,-0.0383454823217051,0.685973649183096
399,61,0.899694429084514,-0.54164714059116,-1.97331031487023,0.592270783456606
400,61,-0.749316932242739,1.51316376949428,-0.209444841318425,-1.41957881373757
401,61,0.470667729247048,-1.17298996324317,1.37892724313123,-1.239688707122
402,61,-0.564392076419164,-0.889690891136563,0.379162093549051,-1.10641453225623
403,61,0.402009278876148,-0.0972358858104581,-0.749687180504092,-1.46175660058245
404,61,0.555361830871359,0.460324887081753,0.741174742732208,-3.26597409811313
405,61,-1.93172878113099,0.798079381818362,0.677228262145448,1.52596004513239
406,61,0.200740071744575,-0.0397743992687234,-0.663072413884066,-0.442767866652665
407,61,0.962045884884541,1.88740330218283,1.64373711144136,0.359295115713873
408,61,1.57031927048502,1.3651902550621,0.762142857714153,1.42149833516712
409,61,-0.993472775961682,-1.98226398011126,0.986921855223928,-0.422704641666487
410,61,2.11945704452762,0.0512371177791133,1.32436943855411,-0.894024613233581
411,61,0.00323781401071712,-0.678710621419499,1.87198934232123,-1.13405962779972
412,61,-1.32083087123583,0.763405687424012,0.403080848736352,0.219002623200451
413,61,-0.0312820802097707,0.698929030684346,-0.447247226410668,0.862515279462006
414,61,-0.745591285144857,0.355264317129125,1.60449795080253,0.585271049901174
415,61,2.01207158040491,-0.473160495978096,-0.348472826083949,-0.342835229353451
416,61,-0.433322266721692,0.788422201410252,0.0267918955639105,-1.56811334786192
417,61,0.354937204586795,0.0775235199792474,-0.814807177497515,-0.360703053883182
418,61,-0.817839304058156,1.64942028486357,0.292263972729876,-1.63740236634606
419,61,-1.7362319827446,-1.09523621359303,1.0719821005624,2.0047051926916
420,61,0.422420619621386,0.688905381561075,0.143647701001853,0.809333691720375
421,61,0.388519811775598,1.16816508900156,-0.0779655812956707,-0.823684878176629
422,61,-0.617125981689326,-1.05708452505443,-0.423030059137912,0.862897347436525
423,61,-0.700570996329118,0.892678793899711,-0.385985865533066,-0.629693757545496
424,61,-0.682169584293658,-1.07101602637972,0.327945988978579,-0.891119475688054
425,61,0.554906115950932,-0.635394836162424,-0.779396942536008,-1.29164089558311
426,61,0.253901230584306,-0.394569622207458,-0.242139847400172,-0.597988803636061
427,61,-0.0405904176038487,0.0407690060431408,-1.62324874957435,-0.616142081221622
428,61,-0.623722985014296,-0.270297477526395,-1.25200763253,-1.35179176839812
429,61,1.60723885365993,-0.961944962630981,-1.5106378692728,-0.571513136562039
430,61,0.935957923566449,2.07461827552458,-0.236603018866986,-0.985729899499941
431,61,0.815258242257135,-0.794666065081502,-1.65280120712947,-0.0167585734695985
432,61,-1.40568275880449,1.11559400824023,-0.879001134678624,-1.95403515508461
433,61,-0.646634679675012,1.53749398997105,-0.182713192254481,0.664892923442714
434,61,0.7961393292964,-0.0886619631256719,0.364048801980345,0.548619076128691
435,61,-0.692455800517455,-0.40163780261586,-0.170274339016757,-1.43147621957775
436,61,-1.17398217964921,0.0609855440853386,1.22501538946049,-1.05517068164056
437,61,-0.000636270506291466,0.818417518765528,-0.0186709605972454,-1.07980834594828
438,61,-1.89221570315945,-0.591563639511568,1.23755516765903,1.81308173175564
439,61,1.96278988884708,-0.494500416193721,0.866212364390796,0.479198941216567
440,61,-1.11693161587993,0.949282154521026,0.411565209159863,-0.749903276836547
441,61,0.199475470339695,0.540086285139212,0.306529184980471,-0.685698954839162
442,61,1.70544753811325,-0.726704403936453,0.227036092724908,-0.89626318299428
443,61,-1.31995239221994,-0.301559404736161,-0.961810687584991,1.2146031997313
444,61,1.79699347535066,-2.5477821930749,0.0789674693283242,0.285432732853862
445,61,-0.592499355392113,2.17963529029365,0.078210563332659,-1.84700793090127
446,61,0.205643134035264,-1.76494067074793,0.0486573890146949,-1.55504340351085
447,61,1.26255171446277,-0.665787496957868,-2.07668296296318,-1.1469009920305
448,61,0.448297959948543,-0.923754137687835,0.0201582949014771,-1.15305931117386
449,61,-0.0930498900789938,-0.161393200657535,-0.383081618272319,0.0720855872869711
450,61,0.969870679144313,1.51124545081217,2.05884146120676,1.06317976799993
451,61,0.842803820113888,0.0322262071998449,0.708858077353788,0.0672909877310344
452,61,-0.627040329052875,-0.903902591850429,0.315413747339933,0.113945870660845
453,61,-0.950345854733915,0.345331050824443,1.27932252194203,0.656001247835064
454,61,0.0498747430665959,0.957126067612394,1.17599747417548,1.06551640460111
455,61,-1.26498349402883,-0.00599769458194592,-0.0135032626101201,1.72355351897765
456,61,0.149371393089556,-1.23562649513575,-0.221804993802826,1.2718632417386
457,61,-0.536212629056528,0.047490491970329,-0.561904773038032,-1.14341691660462
458,61,-0.576901937478426,-0.882001380577133,0.116524002296945,0.702292995066092
459,61,0.303179249934724,-1.03111985364371,-0.410120695205446,0.238337930107684
460,61,-2.42348174517729,1.06367810227198,-1.73878562355686,-0.494252406118983
461,61,-1.41845803237274,1.00046991075732,-0.363140584231464,-1.84210227980676
462,61,0.365595577417539,-0.195873843057932,-1.11525603688794,1.43202891536103
463,61,1.39165173873513,1.53378287336644,-1.36882867469081,-0.0841583861709429
464,61,0.0564259577099948,1.58613555770078,-0.481835530755805,-0.42013150691888
465,61,-1.03696681140645,-1.01650203566112,1.64304123771042,0.473055324052868
466,61,-0.165604677451495,-0.00450013195743931,1.00521942966422,-0.88593482706283
467,61,-0.817642578378482,-0.825466398760685,1.40613830724865,1.25109132743701
468,61,0.357531372705049,-0.965001230170203,1.26271003492171,0.932561930738854
469,61,-0.711091836541754,0.986165507969244,-0.345438640929958,0.336931704248601
470,61,-0.103359758613051,-0.952997433341706,-1.3896828111315,-0.318701802533503
471,61,1.34242389891056,-0.809544147595031,0.143221700959714,-1.29845715959293
472,61,-1.74523670297049,-1.40831032929437,-0.679741855674729,-0.19717004644281
473,61,0.23526632585296,0.454405864429605,0.657645964486818,-0.945023592223364
474,61,1.99597178458961,0.361865838246901,-0.613767657985909,0.0134805380966803
475,61,0.520131360477422,1.0472625403394,1.31429030681013,0.306729965475028
476,61,-1.36165578507378,-0.0750836512590189,-0.196031985379312,0.444406268688491
477,61,1.34941067153144,-1.21587737256582,-0.780935072522484,-1.20230613940125
478,61,-0.271876023952395,1.01463663014005,-0.487905943109154,-1.23139650904453
479,61,-0.137926667478636,0.188930195556904,-0.0941890413846169,-0.505868158575695
480,61,0.0384781687348287,-0.405402217098588,-0.137960447406877,-0.572110122817444
481,61,1.20808477862311,-1.46335053656095,-0.659985211535103,0.0327822044094598
482,61,0.485105947533363,-0.932436142946564,0.309924143511734,-0.0774340108520694
483,61,-0.236306897242425,-0.810871472174456,0.594299289215662,-0.404159620318645
484,61,-0.841978969261232,0.160375091803715,0.470174729296239,-0.123444503165591
485,61,0.263821686298271,1.54814696090646,-0.701002723842892,0.0696063350054491
486,61,1.24680907060422,-1.05347646439659,0.567910636380115,0.0427549357587428
487,61,0.492999759672975,0.00608595687032299,1.09389550284195,1.40994277529376
488,61,-1.95079446256536,1.42299832487731,1.2687910495081,0.484177863521176
489,61,-0.30737597722308,1.03171490222067,-2.46305245722444,-0.381371597246674
490,61,1.7817290641645,0.0805151537853226,0.59056830131812,1.75410985348256
491,61,-0.488854757128186,0.0466337853107872,1.27949833669399,-1.01122861915079
492,61,-0.663593969499419,-0.238462879605406,-1.29919710901815,-1.04373163677225
493,61,1.11666067390875,-0.316675753483614,0.854615666686935,-2.83443797773857
494,61,0.696812251047204,-0.218316731399088,0.369367774328482,0.590518504592504
495,61,1.16344888864311,-0.203126445987102,-0.978596948689645,-0.835611594369712
496,61,-0.742028717264397,-0.861504472991931,-1.49694523500186,-2.28024675198927
497,61,-1.24859990356387,0.687528261797371,-0.686276819857168,0.623008359415182
498,61,-1.08988208355248,0.502378027451777,-1.23007350654341,-0.129504188617018
499,61,1.02640924535623,1.5492481926498,-0.413404668699968,-0.690964312826293
500,61,-1.11451040862935,-0.569316566269375,1.52061806862521,1.28807608378185
1,62,-0.556109016448212,0.597385151381178,0.307857181303407,0.119124484201829
2,62,-1.67245982649023,1.61551628556508,0.856370783258713,-0.0284185998408765
3,62,0.0825834039255996,0.772260466419302,-1.47176120798266,0.578419508735038
4,62,-0.600792728043333,-0.126194912552899,0.216958959927096,-1.53215418689306
5,62,0.0484207038271389,0.186487768272378,-2.28504046523761,1.21046408442086
6,62,-0.194508305356349,2.03843911176609,-0.529574039392,-0.0219379064985298
7,62,-2.07195596824728,-0.185427276978393,0.375160590222602,0.257639330141929
8,62,0.358772059253335,-1.47265980051214,-0.282467405141442,-1.44900776213531
9,62,0.733226467187339,0.55615104303286,0.990762058474025,-0.0571868871359113
10,62,1.23792281544784,-4.00052475839349,-1.4930217512267,-0.910867847894839
11,62,0.749301271789882,-0.398295893540316,-0.311412663555934,-0.600556372159302
12,62,-0.592983875367801,-2.51995553494014,-0.719308998727052,-1.14422383133567
13,62,0.31097087458687,-1.5501937006872,-0.883738266754218,1.76041533561246
14,62,1.33378088930848,-0.625549093582725,0.554581855567684,0.64535471975868
15,62,-0.70744498871807,-2.29028894176222,0.887291301348011,0.282780283318277
16,62,0.0902680604701116,-1.15001132454841,-2.03019304392469,0.195429241512834
17,62,0.537915302970145,1.3968929118658,-0.703200534545339,-0.59918021483422
18,62,-0.531423737843365,-0.809921952604887,-0.784934547256814,-0.519284614054593
19,62,2.19529320365268,-0.209069657570992,-0.259562999243577,-0.579229899172959
20,62,-0.537269629908823,1.37207461288754,1.20200583278668,1.1521899368515
21,62,1.06032560895385,-0.724521906460271,-1.06328441909273,1.25242270385932
22,62,-1.1554259091975,0.44482344142399,-0.75392874487012,-1.00240863864146
23,62,-0.283937849799529,-0.375878770517846,-1.74580810258019,-0.41507482120946
24,62,0.600116622872469,-1.17787069061844,0.548965781953426,0.41683955093074
25,62,0.330909571263737,0.853394711084179,-0.371441112593151,0.962924853231054
26,62,1.93174666374663,-1.61831844080409,-0.392958528113411,-0.581646430601355
27,62,0.443490991226841,-0.128004805407444,-0.551146525402848,1.26023588893825
28,62,0.584103669197674,0.763010715104144,0.945884295785083,-1.80389749577113
29,62,1.59616989724424,-0.543100674527655,0.280831767100455,-1.80835745610145
30,62,-0.901673743684245,0.196546637691871,-0.916310616027979,-0.414213277480509
31,62,0.246707783580394,0.832686404824797,-0.876303694399276,1.07116325468414
32,62,-0.286965352037737,-0.487242366767502,0.0449091299142744,0.991786616057959
33,62,-0.814712619513542,0.856777653314666,-0.215740309599845,-1.00429051151492
34,62,-0.0632378598140398,0.883415226963499,-0.485726060471004,1.48805065882808
35,62,-0.27625141225659,0.49077162772295,-0.0824958952154294,0.0929583183862775
36,62,-0.830766272970337,0.199792664168135,0.103056423626258,-1.17923837711721
37,62,-1.03580289747029,-0.811139104432759,-2.19726048720606,-2.04743533669381
38,62,2.36309163602611,0.147039347969976,0.235260146931895,0.845936600955526
39,62,-1.26922071308428,-1.39877013782798,-1.51176440712493,1.13371241588892
40,62,0.152661450939684,-1.13742422310672,0.400990789315742,-0.576399465632764
41,62,-0.723767156780635,0.1721767755657,0.447836147773843,0.543248847161728
42,62,-0.020502792960804,-0.36346238818157,-0.123410481558661,-0.653977664573559
43,62,-1.2635602727604,-0.584615253646583,1.53765552578013,-0.380211702091255
44,62,-1.16676374773451,0.695941355099015,-0.92517514952761,1.27419454850497
45,62,2.34328636056165,-0.319363825200783,1.2077511195659,-1.6350900639075
46,62,0.0414444436498152,0.63990154442293,0.0331382574430219,0.0431836493033303
47,62,-0.416755876866677,0.490937781860073,-0.639667196674657,-0.265081947463152
48,62,2.33323268624936,1.08181035283259,1.50671347046713,-0.114220491581725
49,62,-1.19380915577672,0.11210784136017,0.710163048468516,-1.80814515882658
50,62,-0.0539566174168334,-0.441475960209338,1.76623933068705,-1.31113879065093
51,62,0.247231765596648,0.257165131787645,1.53111631810289,1.82394726917699
52,62,0.800442052134395,-0.588867851439961,0.728041611177634,-1.04211094364985
53,62,0.865132289598592,2.57858773829863,0.541499564772867,0.26320064471341
54,62,-0.258245159105803,1.0968876237991,-0.87924414651987,-0.910687226652026
55,62,-1.96776772176577,-0.14002404558909,1.38873665922776,-0.353150117802751
56,62,-0.290910992894032,-1.41015482057877,0.52953598421502,-1.75895129822597
57,62,2.49895723361656,-2.1925177626946,-0.312376171752425,-0.155171203683817
58,62,0.0581521219729665,-2.05158904022995,-0.140154025260922,-0.952455944774116
59,62,-0.0541721883367998,-0.81308074321864,-1.23697503669606,1.47473309767553
60,62,0.733896641712718,-0.447592874209108,-1.33682061655812,1.71950094789725
61,62,-0.969662010939286,-0.633266240539081,-2.10012831000681,-1.21944135422419
62,62,-1.5543022563341,-0.280867863424582,-0.269573321460797,0.186537741234175
63,62,0.990248084713605,-1.16716528856925,0.443730721175474,1.86393049431938
64,62,0.449119505434296,-0.128662948171676,0.376013300945556,1.41533193619143
65,62,-0.269667560300008,-1.31867704304433,-0.830607326993945,-0.372407464262322
66,62,-0.750364497540459,-1.91719659715723,1.27167858469605,-0.172979693950727
67,62,-0.0402929217543593,1.99609621923944,0.660949712650128,0.854239836752363
68,62,-1.05740846869395,0.129872435362275,-0.476775536820254,0.232332243491061
69,62,-1.7835529738426,2.79969537360265,1.26827148951655,0.491261284382612
70,62,0.706926143351688,0.550097601914273,-0.538316562046412,1.34628892826337
71,62,0.643915151481584,-0.563841411108101,-1.32846669311495,0.607840365272066
72,62,0.885109831412293,1.00919110636256,-0.601603110311136,-0.533503562468144
73,62,-0.265126439129468,-0.168262085229042,0.74352447730874,0.187426938963278
74,62,0.264553426556972,-0.403567754523433,0.727858968807967,-0.570946786714412
75,62,-0.65437338385308,-1.34867929187055,0.247432441894479,-0.76296312584049
76,62,0.00168590142834546,-0.708590165974031,-1.22334478462745,0.159994296283226
77,62,0.710118129483295,-0.606211474570652,0.59037432671588,-1.11402369329472
78,62,-0.0151540697565355,-1.01985360744999,-1.4312700490892,-0.045375948369537
79,62,-0.0564898212507417,0.663058359441747,1.43496537668927,-1.36663027128275
80,62,-1.89170074452688,-0.216883635706137,0.926044617760771,-1.19716171146052
81,62,-0.771172416208899,0.865149023862914,0.723531124610126,0.552601825545257
82,62,0.188283934767936,-1.43957375400649,-1.98211982007359,0.0117379310703987
83,62,0.930590157428337,2.0937304337451,-1.60183411959468,-0.20376373286454
84,62,1.48572759319803,1.78852880319781,1.76990754709216,-1.44778740491619
85,62,-0.0302861031122349,0.324946947116196,0.821269991924435,-1.08347269050875
86,62,-0.736287035508004,0.470470079661206,0.489702181109371,0.199801085394516
87,62,0.486086973610684,-1.29483528285094,0.815491623597158,-0.13745192417268
88,62,0.824655678358849,-1.50676326437528,1.30057204250626,-0.608644220898878
89,62,-0.269450937730307,-0.70891025788694,0.568325959687085,0.539266869920202
90,62,0.623331348315887,2.84292963038016,0.986666464371767,1.56044305617413
91,62,1.2616951047454,-1.41835021571554,0.00100572674307451,-1.0082755740895
92,62,2.19196454706226,0.513733438121996,-1.67662755700715,1.92347865047311
93,62,0.227539186815085,1.01078331068591,1.03173355675862,1.9208876228644
94,62,-0.00316985034806217,-0.0325864054903945,-0.0493381826173394,1.97318532787495
95,62,-0.739922849287658,0.956928808169421,0.807203632030959,0.0681704530495086
96,62,-1.17443684268746,0.91044517988812,0.453363097976932,-1.66031795037297
97,62,0.199415804966489,-0.955837975669089,-1.75041815516039,1.50601711818115
98,62,-1.25184398521367,-0.240935660698342,0.433552709439216,2.92101311259901
99,62,-0.902585908872346,0.167662231728801,-0.982793649806203,1.14844415476771
100,62,0.448458165945202,0.263635805444246,-0.274516639868887,-1.35531118454097
101,62,0.910609604892342,0.555584044049394,0.810227420564547,-0.591274799043338
102,62,0.323732804195189,0.106506369122418,-0.105347987259664,-1.42634186170754
103,62,-1.24640758006731,0.217832796481704,-0.694800160224888,-0.91428099120614
104,62,0.730170964286536,0.228479869835935,1.17288316307558,0.0105804286268122
105,62,0.0137242629862411,-1.34598917797322,0.204175280534879,0.446680215503399
106,62,-0.942759276684658,-1.33569873739111,-1.5753052688381,0.0807612859478445
107,62,-0.161439190797162,-1.47309431322387,-0.661032783939869,0.969010784847721
108,62,1.73795132317224,1.79340068842432,1.04601395096805,0.0401449480295387
109,62,-0.850108677702416,0.444989054167974,1.78554428856612,-1.82489480801196
110,62,0.284556196994906,-1.3387274502913,0.490520308324904,-1.25747539594658
111,62,-1.62093618587813,0.0125091428605481,-0.745061394263922,0.347165871704343
112,62,0.222871151234369,-1.3462653551361,0.379201985953066,1.10140473267942
113,62,0.185764542266187,-0.566057696807075,0.310330071095528,1.91889333565689
114,62,-1.79588766089549,-0.296502041169828,1.56043604217725,0.330784916708484
115,62,0.452703902037898,0.451667872259486,-0.957265741407932,-0.28501052490471
116,62,-0.71163562394324,-0.816361408501196,0.385161333113437,-0.676459150326668
117,62,-1.40525074432676,0.667610060851692,-0.243334141791657,0.873037269534877
118,62,0.138903186680006,0.44633394510986,-0.955189457110791,0.11399559653121
119,62,1.02660752328858,2.42494072341427,0.557799760995583,1.16658248307914
120,62,-1.16505329044463,1.22888262353553,-0.292050678925302,-0.306534317983426
121,62,0.221582689576481,-0.230666126109291,1.49634187860492,0.132101215534778
122,62,-2.14325533791206,1.01062128727755,-0.200252970276989,-1.99440152013411
123,62,-0.602264785020884,0.718611903193705,-0.0197769591265972,0.328847229469415
124,62,1.98957066196512,2.93142899073149,-1.06308807240554,0.288890917583777
125,62,1.00060782737591,0.863134212697494,0.449357546732422,-0.0542119118347392
126,62,-1.26574079865729,0.945521255666507,-0.0295834417714827,0.380058452298538
127,62,-1.16124570036865,-1.06703344688163,0.124083384965448,1.14094701495152
128,62,0.174204872559463,-0.933751850373444,1.13793585076936,-0.299417758872751
129,62,-0.365223222783611,0.44859937847518,-0.645071949011557,1.02671190563191
130,62,-0.92675978691468,-1.42271711057887,-0.683546254100858,-0.935944923132108
131,62,1.50771040228556,0.47067576407536,-0.428446704952491,0.140081323735109
132,62,-0.00377563115840119,0.466736597539388,0.247180796904745,1.21568961617608
133,62,-0.870500877495932,-0.540000970281894,0.780203094813645,0.182593947947356
134,62,1.7200563963414,-1.48333563025469,-0.364867347984895,0.798071087486465
135,62,-0.576095454837,-0.44884638858501,-0.753336137549919,-1.3212726175853
136,62,-0.221347751614341,0.307440877168843,-1.73877176085769,0.674488765970132
137,62,-0.0801128125131363,-1.03656033795312,0.608735998970931,0.782388303192113
138,62,0.39087770687377,1.34665054764639,-0.392790140371125,0.305777802696353
139,62,0.461259596334658,-0.0656492900210122,0.559934884617579,-0.534486417179109
140,62,0.269830267134547,0.713678107703655,1.75638092058218,-0.207238688617824
141,62,0.184780044584619,-0.289385570867641,1.04249558052498,0.237177670888335
142,62,-1.87843549667872,0.772153553404114,-1.35649714649651,-0.995276593550927
143,62,1.08915669301462,-0.611269298710064,-0.12161824390328,-2.49663481787607
144,62,0.468046235656535,2.12261590045541,-0.84244480233236,-0.107972932935906
145,62,-0.779697273309485,0.105867282579453,2.42014801829871,2.39788903246639
146,62,-0.139875588493936,0.146925401016856,0.0938813624876513,0.0666428696503912
147,62,0.0480218437032016,0.640500470012674,0.669553904293249,-0.216197031185463
148,62,-0.580938153811097,1.653539502657,0.464242192915812,-0.0826381656345428
149,62,-2.07377431050321,-1.08084706981545,-0.0915737871683101,1.46810362358258
150,62,0.00194324657526707,0.200985619410552,0.4971498642896,-0.00486389283498036
151,62,-0.694186487115866,-0.753846966621763,-1.76745370597658,-0.0797490062830784
152,62,-0.515490729411164,-2.41542904712333,-1.01039755864705,0.301625148319004
153,62,-0.307541669793294,0.787574533595484,1.00050408573022,-0.842324389694834
154,62,-0.55481289511088,-0.595902206695962,0.793459724581567,1.68938632015386
155,62,0.677481108351155,0.546148824179215,-0.257398036947102,-0.517762467589293
156,62,-1.22949062808476,0.28039419455786,0.00376921251534396,-1.36626508953495
157,62,-1.8997657824828,0.36008801211515,-2.20499666907021,0.949415228448453
158,62,0.468140498565184,0.651418472938939,-0.575775636631079,-0.544952140180804
159,62,-0.030527629839058,0.224206143024315,0.391584386169447,-0.513519970827104
160,62,2.71350102476119,-0.288730909565713,0.201720259520079,1.1730472403385
161,62,-0.644743325953387,1.07858059936951,1.17781152952323,0.327583624973925
162,62,0.350173714354995,0.559884560403058,-0.892382834370529,-1.49134086249053
163,62,0.248863936577375,-0.118993382896998,-2.4708679798932,-0.599222087140966
164,62,0.620643467543893,-1.75007732548969,0.745386420511726,1.46409577755225
165,62,-0.75072177690181,1.79052826742043,0.723354200720537,1.96891934733763
166,62,1.21370528748616,-0.263565785722722,1.2971598334886,-1.04550944907819
167,62,-0.114599107178061,-0.84524218346447,0.233301079940041,-0.842058301766329
168,62,-2.67698106733801,1.95607775932887,-0.382013958947382,-0.480651508926847
169,62,0.3204556823414,-0.71136599533894,0.00786011392071831,1.11042393353129
170,62,-0.493574020384421,0.814690975414006,0.845809369329051,-0.43199580803804
171,62,-0.324604017089689,0.22143462729136,-0.00905444580916028,1.07553378884621
172,62,-0.527216462011795,1.13589096018018,-0.0320043982212227,0.536915749101351
173,62,-0.165366259930054,-1.28139939814041,-1.17985907739978,-0.854049489501061
174,62,-0.162114625366066,-0.46374214456285,-1.49775411892112,0.147449667435711
175,62,0.388015519492796,-0.677998448172557,-0.304609386957935,-0.942021566057221
176,62,-0.0354703957617287,0.0979136173951301,-0.681768293529968,0.135278235340036
177,62,-0.618645970812916,-0.284207780381607,-0.680026833293014,0.3788784292283
178,62,1.50561571011899,1.13031764810403,0.00287070268997638,-0.417242076952437
179,62,0.856697672924059,0.879687705664088,-1.19744298539665,-0.36015398533975
180,62,1.24779514636764,-0.044659640954904,0.681323091131738,-0.533305024648773
181,62,-0.0498373876102635,-0.496410346966163,0.334595014421078,1.15167782818721
182,62,-0.433199637452662,-2.10795679951222,0.151421510610642,-0.975882845671155
183,62,0.462069597148773,-0.509981320369174,-0.686865638977475,0.167917741698613
184,62,-0.904043976803304,-0.975483770813484,-0.0368140774001177,0.56258310819632
185,62,1.86150387055497,1.33523809513789,0.698714339175927,0.430234899923412
186,62,-1.08853841414442,0.773333549887012,0.453028243067522,0.014480431689952
187,62,-0.659875314964719,0.402765811736233,-1.11644486059793,-1.09275289350091
188,62,0.756283483140113,-0.613181283409658,0.0733033701818278,-0.181233531475307
189,62,0.994423021303836,-0.0605624512870125,0.530003811923921,-0.68836083920572
190,62,-0.387471653801803,-1.39511034019136,0.722945265651746,-0.134118177968387
191,62,1.17476222165885,-1.69579678375414,0.650996131100265,0.762942586376106
192,62,1.06451832316626,-1.29430831673766,0.124297357756192,0.202589961566407
193,62,0.181885649574963,0.547055598611679,-0.927238886558496,0.0485389002331601
194,62,-0.653505473441961,1.45461811653114,-1.24160023102158,0.425446983531972
195,62,1.03246049944572,0.0145590326703319,-0.479249318146071,0.65389025997706
196,62,1.05258355334079,-1.33462227703906,-1.43027433654214,-0.580272796309629
197,62,-0.405414765922915,0.380193065616309,0.256693903998887,-0.455758408090405
198,62,0.309201329205212,-0.302704935420968,-1.88325515450463,-0.0170696081028486
199,62,0.344860453773961,0.149976123985268,1.20373962412926,-0.62309601264204
200,62,0.141109518754901,0.146695402119129,-0.601349380772685,-1.8497147095254
201,62,1.33076956852232,-1.84479731719845,-0.57852535105093,-0.024057504109471
202,62,1.79736548394061,-0.63512886186468,-1.21829566644833,-1.02359018896923
203,62,1.00321843518806,-1.38565593405193,0.46552562998643,0.0918520280952216
204,62,1.77884914884199,-0.115565609627502,1.04893170373706,-0.0145838764392064
205,62,-0.232444628152945,-1.47740782545105,0.745648708298236,-0.758074113044658
206,62,-0.654393551079457,0.0248312873314415,-1.44128935261961,-0.570370016141662
207,62,-0.672068858433053,0.137391149643498,0.148707746784164,-0.421622881860206
208,62,-0.224631631478353,-2.8694018597218,0.590193298903041,-0.373007606009702
209,62,1.79406546467328,1.20015078783255,1.56664641275884,-3.3428540670241
210,62,-0.31759918823535,1.53562473889961,-1.11523163714321,-0.736571289584119
211,62,0.810495012773266,-0.175592824582038,-1.68297780480445,0.51882440701826
212,62,0.419043364480398,-0.751758240425925,-0.185853878121393,-1.43664316012601
213,62,-0.629071945690313,0.113238523085091,0.668828407825708,-0.82364168140976
214,62,1.04272292581561,0.328288227262399,1.34738401527545,-0.455807453025379
215,62,-0.466052381962251,1.42380102087974,-0.442897612186657,0.107382533915145
216,62,1.42330705723856,1.37257955198291,1.44209004375223,-0.041224450232406
217,62,-0.223801101828935,0.581055383627073,-0.210751044030211,1.29219958414796
218,62,0.784648727659047,-0.0487216420504415,1.03586751465566,-1.37539026793808
219,62,-0.134762477819075,0.155817060641608,0.741997779282071,-1.1888566477699
220,62,0.0995048339271082,0.153844626212151,1.03743073944412,-0.467293333444604
221,62,0.894633858191183,-0.981784154047726,-0.15333265621675,2.35876399526099
222,62,-0.242143968755889,0.742594841306483,-1.38700426537546,-0.73678259837465
223,62,-0.0941334792751535,-0.861183839541153,1.55514422406463,-0.864928179272988
224,62,-0.860227921435309,-0.565955220565472,-0.342608925392252,0.110852171628445
225,62,-0.941190883888675,0.402432999417564,0.543589246506239,0.0128857535970432
226,62,1.73707020847388,-0.683603165127426,0.684015366905419,1.39271238470108
227,62,-0.76922321953715,-1.46656231265063,-0.377121356280143,0.353262175419707
228,62,-1.40884324177471,1.19123233711868,0.53699810059816,0.0806598686682082
229,62,1.68229910091385,0.359006238982055,-0.533256277745689,-0.971544988539998
230,62,1.62787920432583,-0.895890656613578,-0.559153532769646,0.445190085795507
231,62,-0.398059268833757,-0.860674759884297,0.839818757767918,1.19530461594308
232,62,1.10399756931061,-0.173466774658103,0.976961586791715,1.09165975114595
233,62,-0.0296260552098245,1.03050886959589,-0.897970020977024,-1.30873017240758
234,62,0.200831154969907,-0.347950048198134,-0.557274117708446,1.04793938079972
235,62,-1.09799102386275,-0.669203376420917,0.35719441735649,0.889894801972249
236,62,-1.47044379257926,0.0948877665954492,1.53554014010958,-0.374696666705675
237,62,-0.601848406392676,-1.01263501786566,-2.31361921336375,2.12117215877922
238,62,0.257364264998986,-0.602772153176949,0.295741233028632,-0.215900859320799
239,62,0.155351723190052,1.28770680678159,0.811034967743833,-0.545007887189897
240,62,-0.377165388296951,-0.668292712294949,0.570697332245779,-0.384425698891381
241,62,2.1608397711921,-1.05181853489086,-0.00146138935799848,0.733381528759088
242,62,-0.683473158462735,0.635178071423397,0.449223217515699,-0.570659574773291
243,62,-0.202536929426959,1.17408006720761,1.47125506917705,0.222403531904305
244,62,0.455624968815669,-0.1993400073499,-0.983652367143539,1.96124573595823
245,62,0.396817183599678,-0.366860440634033,-2.59910533374873,-0.521589601132979
246,62,-0.464817163437598,1.27170584234042,0.344897388255917,1.98701911496192
247,62,-2.41976864185463,0.93365628691922,-0.61598213417113,-1.38130590433317
248,62,0.159670592436792,-0.570019324076858,1.17104932017454,0.251014907546543
249,62,-0.592306363604321,0.323086402983784,-0.210789443821491,1.37614439508721
250,62,0.156745310995179,0.565983614980419,-0.0813471914664294,-0.264311904684273
251,62,0.774944743739118,-0.428567781050812,0.386741823264229,0.205352896020067
252,62,-0.316097797326382,-1.58147462220345,0.449324717564848,1.73285318856868
253,62,0.62938929634881,0.648809628067491,0.0730908310221321,0.595271286033376
254,62,1.25420228259105,-0.119264898742733,1.19465910249413,0.0302775063745969
255,62,0.0390708238254718,-0.237625354954848,-0.768140535421677,0.347045845481265
256,62,-1.18684374435301,-1.44615653480049,-0.454386165943242,1.56677571293199
257,62,-0.477008769293507,1.05060496899985,0.162948039053342,-0.913029570780135
258,62,-0.195819936783283,0.367368618671586,0.61731414128234,-2.57614616297641
259,62,-1.51823410965679,0.0146496079131801,1.16852089361611,-0.440743693766283
260,62,0.229378067437612,0.514573367301384,-0.974655015424215,0.226979863238644
261,62,-0.356215673074262,0.861105068407065,-0.46347677623338,-0.387986414128198
262,62,-1.03160734664454,-0.138672237388758,1.57331541747226,-0.68350982397866
263,62,-0.0528637516415329,0.22270226205299,-1.16917016158399,-0.628311106445654
264,62,-0.38010972172637,0.887712760722927,0.0814201864788707,-0.117676764904205
265,62,1.92545905927291,-1.81478819311442,-1.6324963040564,-1.72975750754297
266,62,0.151090659753802,-0.431257817173323,0.334803921570524,-0.11219671527348
267,62,2.00002865299073,-0.0938134793517748,1.37533153979619,-0.898128273928872
268,62,-0.173177270805693,-0.121633881591088,0.877055183113015,0.229522943927765
269,62,0.236422260511295,1.56450627923928,0.520657031351836,0.156946120298595
270,62,-0.80069644636999,0.195866487609411,-0.33195229717329,-0.0664379056997799
271,62,0.566870896402332,-2.07349344382095,1.19115848274145,0.64528813676516
272,62,0.750304603886609,0.598819495083913,-0.624301593663736,-1.41557752133035
273,62,0.320638217028583,-0.217863366318621,-0.843381498329745,0.779513395710518
274,62,-0.136371491171526,0.179221524043305,0.12117397534512,-0.508855706389906
275,62,0.200598246569972,-0.694437273546348,0.324035454454563,0.903233536088807
276,62,-0.0670221054292118,0.887043605410924,0.313485384073664,1.12700392440112
277,62,0.486888895395635,0.787903027273332,1.21257095101491,-1.70498328897789
278,62,0.904267892697275,-2.36307124132836,-0.710558157319534,0.145954174507477
279,62,-1.81455162393403,1.43608510118238,0.235370895466678,2.51296997419958
280,62,2.19655740272568,0.156542564257948,-0.114619020937182,-1.00802294184556
281,62,0.260339965172211,-0.788209499568563,-0.683511484225769,1.20997386037034
282,62,-0.110137941184947,-0.974803388310911,0.0596083015129947,0.298925808276299
283,62,0.479457009658358,-0.152579723953468,0.393922887301285,1.21557938587293
284,62,-0.530195965583906,0.28098141858372,0.965635782653084,1.20767170923278
285,62,0.258796266605912,-0.979829205486299,-0.657331880001323,0.338571650544526
286,62,0.94577742600005,-0.0795068479383046,0.436010799075617,-1.92314589949853
287,62,-0.533845331849664,2.22907255607923,1.27608816106395,0.24260111214085
288,62,0.326118172535691,1.82422652647193,-0.769183940963061,-0.000483414283163756
289,62,-0.838261147260513,1.7104002871218,-0.437320547776795,-0.906708493728598
290,62,-1.39165933176497,-1.07802666332848,-1.3543506565052,0.545727258320472
291,62,-0.990524154376936,-0.129850296077068,-0.0123020036278322,-0.0264809346485661
292,62,-1.21986422720903,0.690061615751755,1.1892361065074,0.0175343772765829
293,62,-0.761347177627512,-0.503316998327698,0.050138247119542,0.295617643072681
294,62,-0.155800054779216,0.624318995264842,1.07354849913923,-0.136891230758596
295,62,0.978587447231351,0.878632668802427,-0.0394005402927267,0.127755656048505
296,62,0.807998401520924,-0.0643494721302559,1.23883542070105,-0.761489601375168
297,62,-1.30561514050038,-1.02546876542281,-0.48801774339895,1.45899470762522
298,62,0.252515073736127,1.42697144529993,-1.02552596195813,-1.57825886292056
299,62,0.563070564788423,0.512881940389334,-0.703761806318229,-0.468685720253354
300,62,0.0970054767146546,-0.975564201994225,0.0721476172881616,-0.657230818110164
301,62,0.126231999721247,1.11501500013452,-1.21403629881183,-0.178567203860161
302,62,-1.52585132737275,-0.890219661222711,0.251234620953591,2.46551809914473
303,62,-0.306158267602663,1.27606399909976,-1.95949316007554,0.108937976115372
304,62,-0.669116447922673,1.53304516305323,-0.786705686197288,1.43676683109959
305,62,1.58191656395799,1.86094934485457,0.921647477780766,-0.151411777800503
306,62,0.547972697442057,0.996397030835439,0.987575961064891,0.0773382126154613
307,62,-0.812160039659196,0.197700478787036,1.17372703956522,-1.04618652102167
308,62,-0.417217872904442,-1.88247423832876,1.76644793108295,-1.28166138878199
309,62,-0.212808805590831,0.631131823188578,1.75405480621479,-0.258141069916842
310,62,-0.166006485921909,-0.186591833444905,0.624718910745048,-1.60831902289848
311,62,0.548642862439479,-0.66012747241306,1.39363637697135,-0.0147645860327553
312,62,-0.411167344312012,-0.850617760564533,-1.39013014511424,0.497068414559832
313,62,-0.733965119331219,-0.0497145382478643,-0.0116699339780516,-1.14562771853461
314,62,-0.895123743392451,-2.09628023190288,1.33383648023943,-0.512319743871897
315,62,-0.1489037881007,-0.225488623169315,-1.55220121372463,0.356186394663338
316,62,-0.42647873538995,0.837034933898698,-0.445608964634394,-0.547906223810945
317,62,0.447285676953706,0.185354475050283,-0.651100157078177,0.36744193344574
318,62,0.344823641951095,-1.13390733418178,0.285009699736721,0.569454747124581
319,62,-0.093298613922274,-0.00834177471569192,-1.31345336108899,-2.19782469577917
320,62,0.41479516120952,1.11916846780093,-0.268554492754109,-0.319315241520629
321,62,1.23418054895989,1.70381301895237,-0.391833921584519,0.365159139721928
322,62,-1.10568972050016,0.270038062556679,-1.20068588751546,-1.47145308052834
323,62,1.01922717806983,1.83016102077487,2.24376078613917,0.638033676443776
324,62,-0.534237431498244,-0.0100483942054011,-0.4061045501366,-0.656332866384926
325,62,1.10498884981036,1.18082781835114,-1.59989896902953,-0.880557837051387
326,62,-1.5624977526546,-0.244514784205387,-0.911962409438774,-0.822602266545585
327,62,0.276745552803938,0.659497842154844,0.0132729377831501,1.89158842535619
328,62,0.15346517869757,1.32192383189505,-0.509913164280183,0.842981821933345
329,62,-1.09940362107978,-1.02407539009731,1.37204189858619,3.06652645206567
330,62,0.0209211400096311,0.64514999258942,0.0720338836531411,0.282425317930385
331,62,0.118477852263711,0.588225712098753,1.47569316898117,-1.26397973403767
332,62,0.512722749874643,-1.06836429909607,-0.00736350433637197,0.978991028637018
333,62,0.737658627266213,0.286897195398823,0.277691722154568,1.12212070954026
334,62,-1.06764374151981,-0.856735477548616,1.06436673791845,0.44939383776805
335,62,0.601565981049124,-1.04474626109362,0.455969920091555,0.453844388932142
336,62,0.76363096816326,1.52277273346931,-0.380855820280744,2.17800862346467
337,62,-0.140962889659699,-0.268110027083301,-1.22649344744928,-0.331465839529626
338,62,0.402306999967291,-1.14576770610094,-2.20443251379275,0.559189453233194
339,62,-0.224365421787332,0.471889673215492,-1.26358164305653,0.133697630740973
340,62,-0.51117519780595,-0.838791095984727,0.595548923257079,-0.920586494490798
341,62,0.159239590380387,2.31115306837512,0.69809149824611,1.28713955644691
342,62,0.0280569738748,-1.82656423530112,1.51330739933758,-0.18185686610543
343,62,1.74258077753813,0.66937495594562,0.820757068899495,0.734139390760377
344,62,-1.02090936052075,-0.093636491865622,0.682939130047552,-0.63938641163322
345,62,-1.0441237184682,1.33573571983092,0.682248350993631,0.726711423726715
346,62,-0.572041846488875,0.634812387999211,0.0231230029123261,1.15701067806659
347,62,-0.646326688953611,-0.202122009944248,1.23190583643059,0.719684316707664
348,62,0.320779267907302,-0.664092430890783,1.68680562159175,1.54354545661529
349,62,0.740958372967665,0.0585631468149808,0.124027953777905,0.565553501967502
350,62,-1.0522833964065,0.0706603716499894,0.619160984590545,0.658722925172516
351,62,-2.04884052564975,-0.419862009374962,0.967317902491265,1.16276944968888
352,62,-2.13621788198949,0.297446268218997,1.40224370700538,-0.291599495525623
353,62,-0.744152299343208,2.06864014976521,-0.287765714946271,0.151012364365376
354,62,-0.4685695019091,-1.71689169920997,0.593980006052633,1.71165382614409
355,62,0.657435563666353,0.514506983281207,-0.39262158863902,1.5471002182298
356,62,0.865023923568963,0.73527302953358,0.0530184230956714,0.371177562950209
357,62,-1.14908629705816,-0.551018550668001,0.835605650077852,-1.26373493585865
358,62,-0.709189490143159,-1.03013250828461,-1.30280980244952,0.573854900522389
359,62,0.975010492070634,-0.664325772628035,-1.96097647458226,-0.768266902097832
360,62,-1.72589243978105,-0.916150886237678,-0.645997674466843,0.125073131388418
361,62,-2.19621104016436,-0.357245038083746,0.440080936820323,-0.49889695768911
362,62,-0.955234281984986,-0.484870850875997,1.27788500349404,-0.995011406258275
363,62,-0.60659736813484,0.614892210535045,-0.0239683618892124,1.45362997715841
364,62,0.767259092328067,0.549350571208869,-1.80888750681622,0.154840091831809
365,62,0.262281571751909,0.210156361032727,0.647483314358247,0.635393726588489
366,62,-1.64980083243699,-0.886211096411505,0.446594389276071,-0.80406798961637
367,62,-0.747611853934381,1.05500368828763,-1.13228670813851,0.0564261951242517
368,62,2.3483108427983,0.970126748346907,0.424242536194777,0.510773641363256
369,62,0.246317160177372,-1.34384669848376,-0.173186260508895,0.344554916735822
370,62,1.77491022323654,-0.128802901424473,1.43107770897779,1.17791667563417
371,62,0.12059723462866,-0.409729520446516,1.03453372590905,0.394098084044342
372,62,-0.368217924550596,-0.185342236608914,0.354037416501002,-0.950516506754857
373,62,2.66431435186417,-2.113219001268,-0.851763851747115,-0.275632051345514
374,62,1.4719950041201,-0.258631999352679,1.15596667205281,0.611208952380422
375,62,0.729935154905394,-2.04793845242159,-0.652854695280792,-1.04649763038601
376,62,-0.690594811355176,-0.744238170281671,-1.42112527702715,-2.25534591534134
377,62,0.154758736426027,0.523320097905241,-0.861905436816536,-1.16918035413835
378,62,2.03675578423667,-1.51000357460378,1.18951979670043,0.362771800521847
379,62,0.505748984435002,0.052475245751968,-1.05758582184403,1.77081017732117
380,62,-0.9639442534258,1.98610504690739,-1.39844957686813,-0.0247389943901414
381,62,-1.13501117810601,-1.44965154302901,-0.802697890081457,-2.53658810315043
382,62,0.603411636873272,-0.0316160347422152,0.493134816638356,1.11580862993298
383,62,-0.626236545639963,-1.44009220378078,1.18292719032851,0.00863364481899901
384,62,0.223692910277212,-0.865835098937793,-0.187228222876052,-0.621562266637131
385,62,-0.0527761761022049,-0.0888274521196964,0.499383005899444,-1.28582399675896
386,62,0.868972161264633,-0.598927754705064,0.211409227792591,0.807471529579622
387,62,-0.370364881499644,-0.290836568518107,0.11303250431031,-1.5426451806291
388,62,-0.690825900313257,-1.03772441960741,-0.277605355752725,0.0901707911316485
389,62,-2.30295047886916,-1.53569401973849,0.12352035099421,1.38094309403452
390,62,0.0142815798501467,0.936108609591449,2.24401969636793,-0.589507568452108
391,62,-1.33691801071191,-1.23723505897335,0.810451535491816,-1.49463112015479
392,62,-1.29040278232677,0.586443709381493,-1.1972750784873,0.996460694284688
393,62,1.57142131657898,-0.485952793156624,-0.153063363014458,-0.123116822795696
394,62,1.59627937519886,-1.07789679970262,-1.36353738700826,-0.0337611628668894
395,62,0.146994238730413,-0.912938326149424,-0.106716717105557,-0.475855743154685
396,62,-1.34677475510507,1.13982268608141,1.05149686301335,-0.0487536032106956
397,62,0.039347053725361,0.0946971833950376,1.2386479991276,-1.56913417751663
398,62,-0.534607421731148,0.185051099806037,0.772361727929653,-0.923410568012889
399,62,-0.137715360327418,-0.637725958777817,-0.293973680524665,-0.614631812883233
400,62,-1.42673939252188,1.04987046105617,-0.576501830668093,-0.0472660538677641
401,62,0.203397381777053,-1.45383324187888,1.53837557736516,-0.670945410807829
402,62,1.38377554532279,-2.47335660306508,0.120242614121395,0.864204125479748
403,62,0.568978504841722,1.02757513837204,0.0763652777242492,-0.981980996756488
404,62,1.80866868079937,0.141694995281312,0.361646345002506,1.50729480829076
405,62,0.163852285148529,-0.857414968360622,0.619401174295373,1.62692600880037
406,62,-0.879174813624798,-0.898646007697308,1.23527246351321,0.442764230295106
407,62,0.244823724281289,0.369127552153092,0.719679350983222,0.154697274170522
408,62,1.65895251939135,-1.4625187215775,1.04036617613444,1.36650466132285
409,62,0.942962856676699,0.813972008928876,-0.167256862598626,-1.52099065743863
410,62,-0.0279460742828736,-1.13131779602298,0.395357911016061,-0.835834072276935
411,62,1.42713524740883,-0.539488256691369,1.4945213128289,-0.0778909298538026
412,62,0.065280744165957,0.703114990957189,-1.49999200862088,-0.0364061297855791
413,62,2.66647675872811,0.0885496902349724,0.460132156307395,-1.00717557394138
414,62,-1.41318933961395,-0.204444920355484,1.12987907276144,0.746298888349449
415,62,-1.57650041544583,1.79196067110737,1.08875247385387,0.00703657880961776
416,62,0.263201710431806,-0.848741834108052,-0.180008604299565,0.117332344382881
417,62,0.185231481659847,0.678999880003059,-0.94648480678573,0.602360679403111
418,62,0.703711356413797,0.326103199800374,-0.444848987277478,-1.5147421413061
419,62,0.348269496001359,0.4085995301837,0.475968854667873,-0.395205310167968
420,62,-0.616744237812769,-0.66037228986645,-0.934161123273399,-0.0368341050051183
421,62,0.386149777515842,0.0192900149308231,-1.2018557471687,-0.377691271696905
422,62,0.146571446650319,-1.35922297693287,-0.701428297251143,0.0640399580095205
423,62,-0.0863998620836447,-0.577945838208872,-1.21102626687838,0.327125041888374
424,62,-1.56232908882246,-0.0351525527569886,0.217934905753209,-0.469845804195827
425,62,0.278569576933615,-1.2214106025216,1.37580736492758,0.278121168940173
426,62,0.210692738391817,-0.180020170348322,1.35771921994163,0.138224765762775
427,62,0.75760974462264,0.824797235213193,-0.395836740115259,1.13682477614199
428,62,0.689428398711492,-0.248881298199486,-0.684395949677137,0.919845765084412
429,62,0.197355517173599,0.475207083019825,0.220218405445337,0.576420490808183
430,62,0.34027376866376,-0.286256239668437,-0.133491850290889,1.07454323625335
431,62,-0.257591433512495,1.14648229308327,0.376719614442409,1.11936345881986
432,62,1.4576508815161,-1.60436546937188,-0.480557946803713,-0.893028443788821
433,62,0.711550588052842,2.39416959827028,-0.590563786125616,2.17820889414662
434,62,0.687228223774675,-0.136726982695238,-1.20570531908399,-0.00463510683010123
435,62,1.07872439130957,1.2911480589764,0.358189532843353,0.105212915653655
436,62,0.230644755044965,0.677209356387849,0.997203911401242,-1.22035243912805
437,62,0.0772920960617087,0.805167486738255,-0.837477243157263,1.42262053026205
438,62,0.464135581006116,-0.986928976405538,2.34930786392477,-0.462133464615848
439,62,-0.420990735422,-0.232063276495909,0.266879662343006,-1.19602116228646
440,62,-1.39495793736427,1.32566654163923,-2.13164220992056,-1.28398188530398
441,62,-0.410171804457315,-0.963085246704949,-0.426468414674752,-1.48122409804093
442,62,1.57524940794565,0.537777225134355,-0.85989523345718,-0.459461631340822
443,62,0.963832792100684,0.377982186865964,-1.78477782882963,-0.966407030378467
444,62,-0.176280346720576,0.816646709497076,-0.318085170367182,0.747949083986236
445,62,0.740076315658088,0.456450523599201,0.301688789469896,-0.742688062833257
446,62,0.164317381841181,0.648965936727817,-1.03430934616705,1.42540574743633
447,62,0.704152877592317,2.34425130617882,-1.31511864755838,-0.531980798982556
448,62,0.842981706404631,-0.417183536541589,-0.00368054609320805,-0.39643198605292
449,62,-0.150755984539031,0.108870785124488,-0.183023370854122,-0.327493475945165
450,62,0.115473464469082,-0.5188785995223,0.34371555438591,-1.41314575422655
451,62,-0.679712309081882,-0.822761556029044,0.336313328430541,0.368718780134785
452,62,0.604423972035844,-0.697754740913515,0.431619816272892,0.480330522581465
453,62,-0.103521558400378,-1.03133663239452,-1.13523651961627,-0.186397320414533
454,62,-0.262112333466597,0.40249821844975,0.398149183510189,-0.289850341805221
455,62,-0.882014533169233,0.0537599017179062,0.431710673694044,0.39318242737549
456,62,-0.296060243169581,-0.993965023115126,-1.03021755934727,2.19710448054953
457,62,0.321192776074096,-1.4161096200997,-0.948007586315289,0.845324966843063
458,62,-0.61267788090115,-0.866139697518779,0.788034542482743,-1.96928392223904
459,62,-0.659663637073626,-0.991422894057259,0.498225340728888,-0.667118915278776
460,62,-1.51121938862166,-1.62665233870999,-0.844352766296763,0.0253088223976658
461,62,-0.167497303452217,-0.149987165503036,0.0850977901842011,-0.685659427755144
462,62,1.52029564229635,1.75629081013382,0.472304282791075,0.90328778712609
463,62,-0.19583116251468,0.663167346700046,-0.729972672162535,-0.88171029243846
464,62,1.40232971419433,-0.0393285701840382,0.852511370945735,0.719951401523459
465,62,-0.142987544035901,0.645626894145601,1.09578532287667,-0.21127584441576
466,62,-0.706704596163779,-0.651573005187563,0.600473686488057,0.921179947792546
467,62,0.32833620402346,-0.844885724012,-2.79806635955619,-0.318692449939098
468,62,0.342931982800966,-1.41798349533911,0.630566254912909,-1.34889486661143
469,62,0.609841582928702,-0.841122632193057,-0.187442816836786,0.0562720736371692
470,62,0.160646243740566,-2.26679095731425,0.647134981925333,1.00726072427379
471,62,-1.48715213192929,-0.0987088072738105,1.32583544406138,-0.55947735899807
472,62,-0.0190455737315691,0.685523469373113,-0.471182650932576,-0.269289019129079
473,62,-0.773540735680372,-0.436914686463575,0.416277990988175,-1.88406124431932
474,62,0.141908447264939,1.52461201826624,0.751022293586313,1.40357163959472
475,62,0.24751631341582,-1.1382957811689,-1.46072145015516,-0.340174328148693
476,62,0.270660804954508,-0.0256827589524198,-0.610277789489552,0.167149749762513
477,62,-0.0357361118502916,-0.989725442335324,0.408120338631115,-0.726998295452271
478,62,0.340133570617918,-0.783420234318122,0.287976825165883,1.39161083386987
479,62,-0.0369821195950143,-0.0118066159782848,-0.0914380288846873,-0.275082111244029
480,62,-1.87816496932888,0.128750919162989,1.84554060905879,0.532800285039242
481,62,-0.728093877826576,0.199587269628483,-0.605090689808111,1.36532008544181
482,62,-0.225603632875342,0.802896697978382,0.326369734023759,-0.434556689761212
483,62,0.601173411748126,-0.504437718712636,0.240444482338055,-0.990050760449029
484,62,0.607659825443209,0.133640169365594,0.884622632790418,0.402816016595888
485,62,0.0364899282266001,1.21728201724194,0.088920737148562,0.457013777398549
486,62,0.837091355525479,-0.526269948555469,-2.69361739429855,0.0975742316768497
487,62,-1.43847105320921,-1.50555235690745,0.978400490536452,0.055917851069954
488,62,-0.652714537172311,0.355544559821396,0.981396495721897,0.396116129582088
489,62,-0.129678055264433,0.628343024225196,0.792759027409919,-0.476810775167004
490,62,-0.406934621931731,-0.866659669549641,-0.353380638633046,-2.02317354265285
491,62,1.26381166176392,0.62929435077897,2.31173884959213,1.04753205921733
492,62,0.685423171643589,0.429253812272913,0.297147533809127,0.585890312146002
493,62,0.416803191511728,-0.920419124291385,-1.76612685869927,0.550554395332636
494,62,-1.20241188876503,-1.60795612089386,2.21573041245799,0.691590424754113
495,62,-1.01063557576268,-1.08339993712592,0.151599826016207,-0.701098788249551
496,62,2.32785371760721,-0.770898522525408,1.35126761502529,-0.983090441557467
497,62,-0.748369445956019,-0.432374499436157,-0.183425780202767,0.368747209603857
498,62,0.702150745925376,-1.80011919578567,-2.41564451133337,0.0569513905069636
499,62,0.0807061152884511,-0.590025646186155,0.627554749742341,-0.707920887310437
500,62,1.1190582968731,0.99236790120187,0.108152544004669,-0.548672878032421
1,63,1.25712027553038,0.742341342646825,1.17200891683582,-0.212996456294839
2,63,-0.228501697276457,0.328552470223726,-0.872066529823328,-1.14916847589222
3,63,0.441470864401624,-0.571290453177796,1.66273220967535,0.922814758754179
4,63,-0.18768088671968,1.62418365076864,0.524334285018333,-2.24628444906981
5,63,0.428538911987488,-1.23064012306508,0.115187512931339,0.623023569661671
6,63,3.15502546517665,2.69907002594547,-0.23137147986405,0.269768091482552
7,63,0.817619198166126,-0.100530484706633,-1.60174408936698,0.215386718654727
8,63,-0.257609621723766,0.888996352521612,2.10020821059768,-0.0496337651319081
9,63,-1.03651410265508,0.136668929167608,-1.53323579187275,1.24792294692914
10,63,-0.401619036105074,0.610458634014222,-0.497054732287188,-0.311310786394277
11,63,0.204475571270209,-0.565410756036111,1.6002164324839,0.919654792218015
12,63,-0.226597965529711,-1.43497513962368,0.200820958778325,-0.0960321583664179
13,63,-0.0172449080465705,0.188765406707447,0.79925452615645,-1.2245673572651
14,63,-1.11510953144024,-1.03847397893485,-0.750825864130933,-0.417522316451851
15,63,0.00745699918765091,-0.850924846498314,-1.32949222908045,0.759959742369314
16,63,-0.277464859461889,0.397504065088151,0.327486640262373,-1.46839421768466
17,63,-0.313668795921484,-0.298911310283718,-0.479760881288293,0.0731164811572222
18,63,-0.629222266847606,-0.0777657541601401,-0.900527613373584,0.637155652465457
19,63,0.992163742409746,-0.299841465274724,1.01491166412747,-0.373401427568278
20,63,2.34585395761278,-1.89670294235384,-1.23534484869847,-0.0526031565277968
21,63,-1.04630968262673,-0.167303462975855,-0.227249946056937,0.117066288013047
22,63,-0.98272048065347,1.81363803174725,-0.126234785606109,-0.217235545990408
23,63,-0.294487512108708,0.928719374943283,-0.306047277007814,-0.860696600054669
24,63,-0.425687680742862,0.286322986990125,-0.900052837276761,1.60759618953836
25,63,0.275449654230202,0.100926102892603,0.659383254914742,-0.349798773058017
26,63,-0.664755388034566,-0.0839044275699696,0.532419431533162,-0.89259401645282
27,63,-1.24323016628771,-2.48958668876597,-0.332803378355739,0.397433721052973
28,63,0.833266531399796,0.0421355071469875,-0.834407039706939,-0.697577193602722
29,63,1.39688653932424,0.142192914108189,-1.05182876988674,-0.934157860309294
30,63,0.457682879710879,0.818560087307616,-1.80153923493385,-1.52726227262408
31,63,1.59242212147446,-0.614461189197693,-0.883557702099644,1.32984782012133
32,63,-0.0703869839594795,1.53142678387273,-0.445403789901175,1.252469834148
33,63,-0.841381141345466,0.490324779013113,-0.573720354873624,-0.164419060447415
34,63,1.06525362864456,0.320668026761127,0.502799922130515,0.828464510627972
35,63,1.52361156839121,-1.5553128228715,1.95951039434116,0.670711139945734
36,63,-0.537963169731581,-0.215347233785441,0.0377521778626075,0.0420771595133434
37,63,-0.51027661643762,-1.63352748980336,0.663252965778,0.272334361772422
38,63,0.171280861119702,0.450233877113593,-0.272459000815171,0.652622368088272
39,63,-0.00744320159406674,0.417993835998674,-0.436384389712675,-1.39231394668172
40,63,1.84514446547461,1.22719378840184,-3.28841261752862,0.714939350259443
41,63,0.439835911806947,-0.72641894178258,1.29718607104854,-0.504748503432928
42,63,0.880646383275475,1.57553633798836,1.49795601055065,0.587836641089101
43,63,0.293981196049245,0.0505881414695458,0.526361521068954,-0.616872391576985
44,63,-0.842737100133863,2.03245212512446,1.77121392318292,-1.31624487462029
45,63,-0.308262379675016,-0.0346043276109574,1.0597084853395,-1.37467489384642
46,63,0.244572171961341,-0.152474285560108,0.952712113280506,0.535555085376263
47,63,0.102567211483606,-0.442469358322549,1.35441459049225,0.854539466184129
48,63,-1.27889383745115,-1.54407760908402,-0.065868687602538,-0.473692387084162
49,63,0.976344441502106,1.11720189043343,0.117478191039432,-1.76501505536129
50,63,-0.60285247879144,0.752186605117867,-1.1430448691702,1.37198092973831
51,63,-0.558979181557698,0.481934370429475,0.686978723029967,-0.67062594806017
52,63,0.747616597901378,-0.405894914252155,1.42791087898695,-1.57888784791514
53,63,-1.14663421514451,-0.0648448154744148,0.602414176256769,-0.634328474806218
54,63,-0.613173465547859,-1.13091092686564,-1.85541553925445,1.11701668699056
55,63,-0.80969875960076,1.43570785351386,-0.728550348779533,-2.19451385837443
56,63,0.184889755673804,-0.20185921841041,-0.678842500950393,0.174647654793373
57,63,0.583003159273364,-0.95627584814168,0.156781609082839,1.32985776679682
58,63,1.27771344009988,1.91585642530384,-0.309697326647683,-0.488047928364843
59,63,-0.990237568299495,2.38666508876878,-0.555903309535466,-0.42073396857468
60,63,0.955941720441032,1.48620837042225,-0.439136385215224,-0.459021731578467
61,63,0.952422911988547,-1.54985998154504,-0.478116759008424,0.845410996998231
62,63,-0.737588040509009,0.39995077653492,1.00373656805801,-0.250496943018531
63,63,0.774200611291733,0.756224855045093,-0.821683065891214,0.125366917018341
64,63,-0.911137455168481,0.87591454975324,2.35684001828925,-0.458303951471952
65,63,-0.194729485075013,1.15097440415775,-2.12762139193491,0.0550474400472859
66,63,0.557482099176037,-1.16833954755398,0.781211263408035,-0.24738298078723
67,63,0.173264916842998,0.197278424559019,-0.597045514261073,0.0966856235272265
68,63,0.0120637848834033,0.341346955153101,-0.243490728149424,0.0989405664954687
69,63,0.965923563358225,0.0526165918564034,1.40779861394726,0.0547820847200111
70,63,0.687542320820822,-1.27676596286861,-0.914250651216885,0.796489975188445
71,63,-0.915585624418269,0.339387656015834,-0.0642792115983796,-0.935853904551504
72,63,-0.398512891258325,0.101497826299305,-0.00762329740252165,0.0310875170229867
73,63,-0.415458672497694,-1.97243568850406,1.03633844179511,0.559764533572415
74,63,1.51941701934831,0.651102530517441,-0.190416340426459,1.05901971180653
75,63,-0.752999073780078,0.417740795130699,-1.01306582017863,0.812864900744218
76,63,-0.925800056098538,0.801092593339571,0.179774371280506,1.3504401131926
77,63,0.0809928652921571,0.679916696508306,0.394959025787505,0.854207255625545
78,63,1.2233364950693,0.867221139863458,0.124668980701021,1.38297065867918
79,63,0.844269617464924,-0.781580390279925,0.213490735472218,-0.286621775135658
80,63,0.304439668971703,-0.684792907619886,-1.87622427671836,-0.653197821777761
81,63,0.565883540094849,-0.5307138038212,-0.719042201069244,-1.12967866284451
82,63,-0.662152323369658,-0.0804980453353602,-0.514557900904859,2.56790377260556
83,63,0.265735837339691,0.475233596469194,-1.09507726907249,-1.82971403272009
84,63,0.327213880741742,-2.34859119938051,0.456971250723232,0.723736581385788
85,63,-0.776188687640201,-0.838045830375537,-1.8443061659149,-0.438796295853974
86,63,-0.70108788475212,-1.64291617006068,-1.26751434943003,-0.862101961884843
87,63,0.4874464294468,-0.826637255557332,0.0973019776783423,0.202250660026874
88,63,0.630146779206714,0.511468072905846,-1.49858457929519,-0.00193448184705571
89,63,-0.402111232039322,-0.38646088621481,-0.940147196976099,0.911012611052064
90,63,-0.996998440981043,0.0830133602637472,2.09455155021517,0.930163174838161
91,63,-0.0483919671900984,-0.533228485302846,-1.39790702226971,-1.58691499365923
92,63,0.894200500605374,-0.481297134412231,-1.36443958332908,0.960337880584257
93,63,1.49042598853111,-0.283936113452387,0.622320848346385,0.562296039853304
94,63,1.50874541969487,0.648610567633622,1.05627990229745,0.887599152795763
95,63,-0.213880252604909,0.73770572317144,1.32673209091263,-2.2331394228963
96,63,0.131793452957035,0.973414792627406,1.23268506812972,0.175434754924375
97,63,1.24277869612166,-1.08728750402547,-1.46891566238912,0.228589906481598
98,63,-1.03597480838589,0.715088171313923,0.140567424432531,2.27253056445179
99,63,1.23520151779025,-0.236022597183323,0.182010486818585,0.962586342403737
100,63,-0.799040955218369,0.740549988101652,-0.641913978776047,1.39546234320321
101,63,1.17884856359597,-0.147178333840574,1.20510753893487,1.93485021965192
102,63,-2.36349295118903,-1.39505985757156,-0.0935259003965798,-1.79749407142463
103,63,0.261166838700857,0.680749674255948,0.206609059636784,0.873249768482931
104,63,-0.963715842704003,0.501083348943886,0.956672759248725,0.330145601535271
105,63,1.70729976302935,0.188301879406763,0.470896682443606,-0.620169471655365
106,63,0.396910628640576,-0.617023985726434,-0.468645512672602,-1.88544831877729
107,63,0.15735462217242,-0.0544622950479432,0.272140276873941,0.508052584582992
108,63,0.368937655258831,-1.01783753768804,-0.179149180299655,-1.5682084156418
109,63,-0.53849899262326,-0.729532144965257,-0.90323972430418,1.08863486978975
110,63,-1.25416197289638,0.714047313680846,0.250921863072267,-0.119482883847008
111,63,-1.10593489533991,0.046733465447927,0.0937678696930155,0.301003411291738
112,63,-1.47442619748063,-0.0374367082139246,0.0708917202451255,-0.0632320038272386
113,63,-1.3274688440932,1.51002777591536,0.0657310105344896,0.791477664491267
114,63,1.28037023613687,-0.869873640847366,-0.00548984054809051,0.881953896451142
115,63,-0.467132138719216,-0.300417879676256,0.17743912043515,2.75728074565072
116,63,0.0390177240290496,1.17832569342967,0.70288762204024,0.576798294974164
117,63,-0.0779894325123803,-1.72632593605673,1.02692949750388,0.485978053816846
118,63,-0.220998596173944,-1.63006167818049,-1.09907437512551,0.567158160588215
119,63,-0.269270556657683,1.1130567628545,-0.239527728208668,-0.583148979358507
120,63,-0.584786660847076,-0.567724393672593,0.661207321096903,-0.599215991701232
121,63,-1.00190660554403,0.875691209137854,-0.466018820860369,-0.880882701247922
122,63,0.144567945467856,1.98959084261978,-1.25032030123287,0.302190218745791
123,63,-1.51072232747676,0.858362528310135,-0.902944515535564,0.265899210776593
124,63,-0.146146162758559,1.41734886098215,-0.702875970542382,-0.836339455300205
125,63,-0.542769871653387,-0.772343472733345,-1.41473583671555,-0.769877744561271
126,63,-0.583595098422625,1.79145068820052,0.129852031868708,-0.135697963351085
127,63,-0.472103608273311,-0.473007496823283,0.804575722561139,-0.729207477200982
128,63,-0.389320248886346,0.956780356521697,-1.14495165269458,-0.491032929188972
129,63,0.391567606937809,-1.43802509707207,-1.56972663815406,-0.75549365098803
130,63,0.729176007319119,-0.491112026971408,-1.3960258582761,-0.0481103799178206
131,63,-0.295121753672835,0.475673168161291,-0.0265680260100347,-2.24078337872322
132,63,-0.257235289597202,-0.116232743509936,0.746497297236764,-0.709060823403663
133,63,0.108403760064522,-0.476357708352995,0.0652996704103102,0.690365809555949
134,63,-1.0286050148822,-0.289356843245419,-0.303200016252713,-0.369322548687535
135,63,-0.190280449675984,2.58100597029884,-0.0498673076282693,-0.279992548848199
136,63,-0.901900376690235,1.33065947428265,0.650596929554709,0.247605454191948
137,63,-0.00764200387929953,-0.433807019154789,-0.614201319456576,0.438248628666908
138,63,1.18127342671075,-0.361699401069446,1.42070164996883,-1.06972466275099
139,63,0.0282942541353426,-0.0388178799301316,-0.146494802776415,0.256145016058122
140,63,-0.539717142624461,-0.79468359758143,0.185888835167369,1.48985548598724
141,63,-1.41647407605724,-0.61362031615771,-0.735936132217305,-0.501118326935
142,63,-0.882363361565247,0.182080765543019,-0.406222564342339,1.56940301103086
143,63,-0.703191263110259,-0.788996927100977,0.78360323345959,0.0636524214349679
144,63,-1.50977540108689,-1.2201960336862,-2.14806639716971,1.52767569282425
145,63,-1.36004206111632,0.527867396730423,1.2778584654632,0.693710789511643
146,63,0.0927181266776891,0.823386922685184,0.2648038183542,-0.191791175471446
147,63,-0.422335188721343,-0.0456802058686717,-0.40794492347989,-0.553012068344856
148,63,-2.87915457550408,0.0684394647868628,0.0761104535793729,0.261845950686904
149,63,-1.3354100491919,0.0383892127778178,-0.371002134534985,-0.796176791467028
150,63,0.71299979748851,-1.05864346616842,1.04535435025417,-0.245654232290401
151,63,-1.8454211840523,-0.91994696916117,-0.376726412238821,-1.04958294741177
152,63,1.19333542399586,1.64101632642376,0.492589507500218,0.230869188269487
153,63,-0.0751752935471084,-0.275067743558723,1.04881006364966,-0.0840724416940289
154,63,-0.43357749815242,0.234840594292502,-2.997762844668,-0.753067972407863
155,63,0.19014813826666,-0.810101091595707,0.522579463992601,-1.28824534950905
156,63,-1.1210299289444,-0.260517835311656,-0.667364560598144,-0.236688710356263
157,63,0.753531809705615,0.624512557576797,0.165252213381114,0.454998853485593
158,63,0.29676571934357,2.86356963267622,1.43997225549299,-0.393286558396486
159,63,0.721333580578888,0.636829393466133,0.0450554755607353,1.22062748064253
160,63,-0.0455801523252807,-0.146510285669762,0.33725733744306,-0.0554514242856975
161,63,1.21393540030974,1.27813690377147,0.156163172953419,1.07536568077158
162,63,0.0173211703828223,0.894108576176346,-0.115389975085493,-1.77929857336786
163,63,0.493946955371532,-0.393221453051358,0.0270256600608883,-0.00130679900962708
164,63,-0.603964037081268,-1.34884709873417,-0.734284990482467,-0.509788922590108
165,63,0.129721731510187,1.10454477607194,-0.825944639562312,-0.302592779223583
166,63,-1.48133949900461,3.16538476905893,2.73561156207457,-1.67041832159003
167,63,-0.571878024228486,0.736488759065504,-0.00889520897340925,1.2371501811171
168,63,-0.242665627211592,-1.56685706404829,0.231301072421308,-1.77294940967941
169,63,1.18945216216703,1.62617120816329,0.543517399342968,0.0394521125674181
170,63,-1.71115816386923,0.627192879577319,0.605987350062604,-1.87039518895004
171,63,-1.29704961783843,0.169772646767505,-2.18493783075181,0.458371255422339
172,63,-0.708603167663954,0.572812522081605,0.341238448835888,0.306769128073888
173,63,-1.2710668118024,0.223194888949435,0.496657737356591,0.769786467979796
174,63,1.13125949089254,0.965986506594992,1.15269495500006,0.81096953848833
175,63,-0.639879340583214,0.288352939330169,-0.135750804305084,-1.57205459862046
176,63,-0.668285744490279,-1.27780186316055,-0.537794355407886,0.340409976040147
177,63,1.05503139946872,-0.9810879114416,0.213139803973472,-0.252950081426169
178,63,0.220042680958724,-2.19533105661491,0.587315145758276,-1.45717250792992
179,63,-0.0703310951886369,1.5974825194983,-2.17259619925025,-1.54398165744987
180,63,0.535015013096548,-0.380587630232491,-0.0799648089529427,0.463203071229203
181,63,-0.118536578475873,-1.06506368349483,-0.978681623248357,0.930944322367018
182,63,-0.280148178642473,0.0941007484170705,-0.571622582172852,-0.0669894038767557
183,63,-0.888841879501492,-0.612663012846317,-0.970170846871053,-0.493361036701561
184,63,-1.90540053586169,1.22665127181439,1.15875701097307,0.296696882939353
185,63,-0.964999531743759,-0.779450139174301,-0.168466518934653,-0.0470915884339488
186,63,0.938613262506194,1.07797997238546,-0.0383088422613968,0.851133667941336
187,63,-0.46776098777153,0.0829318983717593,-1.15270690225442,-1.44035755922926
188,63,-0.320602634259524,-0.582183170020115,-0.301410605935761,1.71920885849968
189,63,-0.405628848544217,0.412612474441578,-0.353904871275771,1.94275069770203
190,63,-0.265676050174452,0.21546477546089,-1.06473493384505,0.458498929295957
191,63,-0.218970100764132,-2.00129901126197,-0.162868510176756,0.682197740985438
192,63,-0.873158272449418,0.232220208163118,-1.22015747835212,-1.68527934390051
193,63,-1.47838629533385,-0.15154100261455,0.318942842070436,-0.225345070259941
194,63,-0.0763203553037473,0.476770476481179,0.579895329029912,-0.243899282976814
195,63,0.446735761307799,0.427611021206982,0.546542763699402,-0.0907764262228207
196,63,0.432514760713899,-0.146900768275435,-1.23591651210372,-0.199024705113123
197,63,1.17815685901541,0.409400086298722,-2.02722710182618,-0.275329585026143
198,63,-1.24080181063221,-0.531057144193002,-1.01152488189079,0.184293354332553
199,63,0.294454349516552,0.946734971369601,-0.80501016484418,0.756433460009759
200,63,1.32966498099666,0.511662990711289,0.938713493986941,0.854245593411592
201,63,1.50000183545253,-1.12999538404301,0.325284310047124,0.0537441089506052
202,63,-1.52206736016851,0.2143413921985,-0.75568484459175,-0.300770944628277
203,63,-1.03296608164022,-0.033559897746884,-0.458747546482766,0.258834077448674
204,63,0.492333016301381,-1.22978405124174,-0.419904689216918,-1.16500718142571
205,63,0.278193324223304,2.67014151295834,-1.9169277160242,0.373897217896493
206,63,0.49482205988963,0.373281917109863,-0.429801098215988,0.663882867148081
207,63,0.623086798318894,0.864539147016286,0.264246028933453,0.0312879495138068
208,63,-0.822422509772084,-0.138728454995117,0.282220014363626,-0.480614099822402
209,63,-1.05150592748306,-0.706988511340886,0.372046429388159,-1.84097771557014
210,63,-0.0943563997964244,0.815038836439092,-0.822862006558278,-0.821939022690552
211,63,-0.996575726715327,1.06361758852903,0.783473293974757,1.3603158778588
212,63,0.0348784103180047,-0.222896720233078,1.80984698516954,-1.25539604848075
213,63,-1.39806798347951,-0.782338870664881,0.0458104001854306,0.312567189917519
214,63,0.654491895067859,-0.467669744679677,-0.270044936277252,-0.50300966800332
215,63,0.217988615588786,0.277833076771186,-1.32828369338101,-0.136580039885492
216,63,-1.34161311281992,0.883425157995563,-0.314431642016809,1.73466632075052
217,63,-2.37680393513009,1.24985213609655,0.784451751511495,-0.0498298580854369
218,63,0.946881784551929,0.535721950259559,-0.807519796031868,0.346574528823834
219,63,-0.586289804170933,-0.415823458515194,0.459536858867845,-0.61208284445981
220,63,2.43140482294677,0.878730773291882,-1.73709625413216,0.199478428023983
221,63,0.479080349774902,1.37865836643543,0.899915285284935,0.470953907679711
222,63,1.2734151929416,1.47330074410198,-1.63300277539934,1.02129402800981
223,63,0.449182702924837,-1.50783732751688,0.358952044011342,-1.6351775052784
224,63,-0.80053228301891,1.20401906227439,0.0233503091006897,0.463406400888361
225,63,1.688097317008,-1.57568009380998,-1.93192837794158,-1.58312391980205
226,63,-0.108742240655592,-0.665293012567573,-1.09746198835719,1.43003603183847
227,63,-1.63860642752333,0.168685400979783,1.27396147231468,0.51083862888884
228,63,-1.12691370744376,1.03811672216349,-1.22520809399736,-2.18898343227173
229,63,0.454991961687274,1.45016172242298,-0.585986863879705,-0.768602159680352
230,63,-0.261093936422318,0.350764941563259,-0.391890286278945,-0.593037872870057
231,63,-0.595274458489936,1.44527940374332,0.458743687023552,0.458632448456009
232,63,-0.0753707202113926,0.544433297717234,1.55828401573278,0.549171787582171
233,63,-1.13205356280554,2.04914838130414,1.19871575929807,0.0397357077584509
234,63,-0.104283360879589,-0.464873501226393,-0.354267868434727,1.02959333054401
235,63,0.823950904589275,-0.747779631288815,0.171428557380397,-0.0216305187583514
236,63,-0.884604183782948,-0.165397631088054,1.43734703406505,1.10304063439777
237,63,-1.57453425082931,-0.143380926467505,0.0407584590854084,-1.24679947783207
238,63,-0.624003006794622,0.558602208443707,-2.06306461514956,-1.16033658953023
239,63,0.24312768370568,-0.477380197688339,-0.0844476995157609,-0.872037879182663
240,63,0.364207967330213,-0.588435555895023,0.107045907908493,0.699157149447151
241,63,-0.518184023184264,0.478142304008528,0.343196958538475,-0.114224559725816
242,63,-0.935456283024239,0.295814911002058,-0.0498272041568205,1.91898681802601
243,63,-1.71394770494993,-0.597067949405477,0.465092106151933,1.14098611595781
244,63,1.18303623420634,0.68027157190099,-1.26450115394449,-1.1523962979374
245,63,-0.312226460087694,-0.0333018641216233,0.256662089473923,1.22355863967872
246,63,-1.76395171243443,-1.26949369652341,0.535181253682209,0.995580449476169
247,63,-0.284318611926878,0.832706029849787,0.327151410614952,-0.323330026515452
248,63,-1.38561014921907,-1.03183444182709,0.276975546314179,-0.20721664990375
249,63,1.01973361042575,2.70522678816172,-0.604078585177639,1.24463057289804
250,63,0.245025319961564,1.69057080422962,0.0731213197760988,1.35536112321254
251,63,0.257108368432422,0.503692276448983,1.7633559310416,-0.199550623464185
252,63,1.32208593331542,-0.00167553570842391,-0.585538724992435,0.854367523769111
253,63,-0.556000321418536,-0.82197118849291,0.609951741656671,1.72411767689912
254,63,-0.380864068404248,-1.34576417518904,0.260470351446401,0.02730576934748
255,63,-1.47046342967553,-0.068054036295314,-1.75933040655548,-0.86016645543974
256,63,0.509495903651958,-0.0673987833475667,0.105847552501877,0.296275269337354
257,63,-0.0578370747358395,-0.891915140447666,1.1255896475546,-0.89398076839063
258,63,-0.490706295318443,0.110934587936155,0.0688956527862921,-1.6990250872425
259,63,-0.402121661796374,0.345685269907544,0.180720751998732,-0.96875024621122
260,63,0.504289701658453,-0.481041526485984,-0.749940099540158,0.991310832109354
261,63,-0.0699902238115485,-1.00074354583897,0.874216539040231,-0.629939853954641
262,63,0.287416053846045,1.29938578552513,0.345701999464313,0.318821712108006
263,63,-0.310508442435851,-0.551756743312475,0.373370254689618,0.0252385011779847
264,63,1.0825718346801,-1.46371245152622,-0.206121102825189,-0.536829586044863
265,63,-1.58811975534001,0.379009772094035,0.782348621466177,-0.00800220686087055
266,63,-0.0493519959455893,0.0736032379936381,0.991080616546417,0.323597732603768
267,63,-0.64883767831398,-0.161236846962761,1.11358465292452,-0.381215424278724
268,63,1.46882692146984,0.088224928897833,-0.854926688374354,0.296771121708156
269,63,-0.575252403971967,0.398287586708258,-1.06387433213322,0.241656175418155
270,63,0.00629354972217582,-1.2372110130001,0.394303466715929,1.22924106659643
271,63,0.358267009229079,-0.680427396945579,0.375885241256194,1.16456413848982
272,63,-1.63749826118591,-0.378427696932618,2.08713798652483,1.70019377988291
273,63,0.887574296717732,0.807046570914866,-1.40521292954994,1.08522128964637
274,63,-1.0292765482005,-0.403040867884525,1.62678652731048,0.535693067353485
275,63,-0.58130752291643,0.133806372882381,-0.84563344794954,1.03132460351845
276,63,-0.376528594784734,-0.765503154177194,1.73919325805167,1.21991570648092
277,63,1.29655716011135,1.84368009261628,0.359448377774387,-0.269201777634003
278,63,-0.617274299805062,-0.960569593139003,0.165955870895493,0.22426628939437
279,63,-0.958692474137037,-2.01429700713483,-1.34222976425541,0.129121187172002
280,63,0.660790204714953,0.0588501478921239,-1.77937456859846,-0.599472532732729
281,63,0.799111047601163,-1.35749755580036,-0.209341495964771,-0.525659765654778
282,63,-0.414461685564991,-0.466140239866528,-0.636256056216024,-1.73172818464123
283,63,0.722510497634234,-1.52868203237558,-0.175540684894237,-1.92053265407718
284,63,1.26449506888982,0.102221682068391,-0.237249488202834,0.149870854210584
285,63,0.330455679097865,-0.284769509932289,-1.94166703464791,-0.566100272034664
286,63,0.885127662557348,-0.912572080565363,0.0971009064858975,0.50182767234199
287,63,0.382791860087114,0.230627743236528,1.21546493525645,2.05985669271459
288,63,-0.369569040983298,1.70731861506001,0.999402649008256,-1.55004596634094
289,63,0.778806375675351,0.599541614227182,-1.31066799539252,0.750109691879386
290,63,-0.255912613057305,0.429615880550226,-0.865297643084435,1.06432490574454
291,63,-0.945297024578744,0.822239365269805,-1.2884352938264,1.29521382227984
292,63,0.594005225703529,0.099783423539288,-1.32669503053906,0.483795532168169
293,63,-1.86403134447906,0.20083112624131,-0.361713911546617,0.438811665365205
294,63,-0.356012386985046,1.27390540941383,0.285009942738234,1.50208076716137
295,63,-0.874958098814413,0.514865979532748,0.79718685750694,-2.20781332264838
296,63,-0.555334339010337,1.42159888189467,0.07398365161304,0.794639293045035
297,63,0.246589354268859,0.809219947365721,0.683091778853367,-0.741943504257496
298,63,-0.437293156803563,-0.298367510921615,1.13170338531236,-0.557004817866334
299,63,-1.26590970818534,-0.329368345246996,0.643217464207323,-0.133498643411079
300,63,0.310635454382389,0.870363536860956,0.0317729731068747,0.586276458766473
301,63,0.826506200349428,0.962671118561565,0.288084086677946,1.30500130307677
302,63,2.22413387821808,0.33942933197687,0.167319852663626,-0.278341000216711
303,63,-1.07041291142342,0.00584040994597186,0.779693913482146,0.988124418766265
304,63,0.29634092730739,-0.545565598370378,-0.471082076631678,-0.70665399112283
305,63,-1.01130501527439,2.27796332664352,-0.464955216440438,-0.676056201649738
306,63,-0.180427602570654,-0.162943649971154,1.6174156956518,0.776528596020963
307,63,1.67587903229989,-0.562253435647014,-0.293398327264194,-1.16968511821218
308,63,-0.801059491003108,0.101000798642881,-0.397678519878154,0.127238930597281
309,63,1.35705490242719,-0.143359036605458,-0.0171953322740545,0.678312282444931
310,63,-0.322612573918872,0.55477910134622,-0.764678447093912,-0.358784115693061
311,63,-0.537107489614413,-0.92796102047588,-1.27289728167073,-0.0491699186532017
312,63,1.47830090208549,-0.962388580085454,-1.87833352111833,1.41962901850879
313,63,-0.560840690628064,-0.679829288047525,-0.488225551466986,0.679438822837206
314,63,1.48671444524582,0.380026361137921,1.50218867502183,-0.318256660153758
315,63,1.53851382797942,-0.688956983416377,-0.0867265983028992,1.22704688566968
316,63,0.10233556830252,-0.0620608438623063,0.236005201784595,0.162829484747967
317,63,-0.632774623649912,-1.12093299041365,0.886783550248603,0.108315464048967
318,63,-1.05198490976519,-1.81967394706455,0.412705457463013,-1.96998896893085
319,63,0.831267489306642,-0.340894130063715,0.0798480571001269,-0.976020204334271
320,63,-1.45104550182774,0.237196685196718,0.483563581708329,0.0210429358710013
321,63,-0.757811135507689,-1.10094075932064,-0.327279137006977,0.904996676320856
322,63,0.428031331228974,-1.05127372838645,-1.25533273221548,-1.27579386049601
323,63,0.91266864240094,1.549188040129,0.175026450302508,1.04338141222839
324,63,1.36924472718606,-0.530444252849535,1.39729090334847,1.31403650945981
325,63,-0.49806189459306,-0.357807540828656,0.765786055270833,0.750552753005621
326,63,-0.48041164310614,-0.00737102276498217,0.343354636635631,0.450240673741636
327,63,-0.548664731500104,0.65660734715562,1.31557588987761,-0.496180108511484
328,63,-2.18933432190437,0.0171542205060202,-2.17891187158297,0.829341207756967
329,63,1.44600456049716,1.61408892330976,1.36438342241921,-0.403229006759238
330,63,-1.1903966968722,-0.566746131354489,1.92510797689211,0.93686968862956
331,63,2.01376192846425,-0.492552885558573,0.965651291913785,0.441646134140834
332,63,-0.420967282435963,0.723348997101002,0.415812253316585,0.659370403270095
333,63,-0.315939442840843,1.30618092538431,-0.0199847392915848,1.65651137972008
334,63,-1.27657321186868,-1.00699131694582,0.947013326762778,1.17004523466759
335,63,-0.990801982579149,0.446768758185706,0.196153720618872,-1.02970582128951
336,63,-0.722627423889928,-0.421930834180636,4.31793512219823,0.687044559492159
337,63,1.1493546651556,0.72059118993195,0.285869741515892,0.41599979069224
338,63,-1.40737074336698,0.429362133264064,1.73223510363116,0.0796997721919607
339,63,-1.49907320134074,-0.51816251035573,1.45386259352072,0.0762166468131867
340,63,-0.860174094842048,0.234200613943967,1.12669517739282,-0.0691456710378438
341,63,2.90453138032006,0.784635159556876,1.16332232951988,-0.580840252387462
342,63,1.42776519453417,1.85589038926785,-0.606708215327087,-0.220246922415852
343,63,0.131526187901653,-0.164713459375247,1.03610568120747,1.09937804760222
344,63,0.929225501250947,-0.0186593639773783,0.344921852819302,0.371728414620566
345,63,-0.37393159425446,0.242945362888694,-1.21296839268857,0.196018136579794
346,63,0.481584220315422,-0.0961937533743592,0.385743849754308,1.06469307312878
347,63,0.11534835888215,2.2966602281112,0.161014100968316,0.664559238236521
348,63,-1.06721367463096,-0.46826001481965,0.0777352065433721,0.127553347268914
349,63,-1.28842876486172,-0.866886475423857,0.093223087550574,0.0492189273595047
350,63,-1.18695604041396,-1.01313923605298,0.346628465767359,-0.839676175659535
351,63,-0.0198980435696826,-0.338797354445565,-0.0771431886882611,-0.179408423681084
352,63,-0.330495175366471,2.15210313780029,-0.298619704065612,-1.24259598654565
353,63,0.274748645354882,-0.591473971220573,-0.4364926484594,0.382215460044946
354,63,3.19235615045449,-2.2853086688479,0.514313258016489,-1.10552101838438
355,63,-0.329101694758942,-1.35730882960173,-0.755362661503153,-0.423661973975245
356,63,0.617960749314781,-0.255918499784085,-0.218625550844514,0.369307085549089
357,63,0.571277556793374,0.0562923548558671,-2.89415113309777,1.36876839244196
358,63,0.862144682602475,-0.44262860194345,-0.163708117025991,-0.316403173482716
359,63,0.0284708538212178,-0.565047061608631,-0.654611533414325,0.752588842963204
360,63,-1.11873239831836,0.1417102122498,-0.761880234341998,-0.662695710755423
361,63,0.798280273261027,1.13241032130225,0.397123944638852,0.387047451700446
362,63,0.835779447894163,1.24562133450932,-0.599970623765078,1.22809241876618
363,63,-0.772003955157387,0.862514442372766,0.586121401211526,0.231672011667036
364,63,-1.73279553407583,-1.64564885433917,1.05659597394458,-0.823022297117898
365,63,-1.55569555251188,0.0216312716677727,1.1986833330243,1.58233824350242
366,63,0.327529324675981,-1.86705495692519,1.38829519139826,0.0634918461731289
367,63,0.311052128548121,1.14437423761425,-1.37598033400465,0.326950705621365
368,63,0.670616331509532,0.662039322505325,-2.74501092694106,-1.15978613745367
369,63,1.3865619145229,-0.279701462053639,-0.399422334183302,1.240639965637
370,63,-0.235305228030818,1.56875732463491,0.646283374933133,0.42005402868428
371,63,-1.27840674848254,-1.63750388162734,0.759969865611553,-0.118257177373604
372,63,0.0279102164099895,1.27719517070857,-0.476187554371581,0.17414999254909
373,63,-0.407227718480896,-0.661482733944557,0.320997574018394,-0.619672599926516
374,63,-1.69914511048235,1.6340563571265,-0.964313202998269,-0.0897221085271806
375,63,0.601510502642881,1.5999749901107,-1.10722181090891,-0.38368200593039
376,63,-0.524428926171453,-1.15470174179014,-0.101288089766874,-1.21907002978103
377,63,-0.475872328085803,0.235974939667783,1.08189511069945,0.303920873286997
378,63,0.265807943012155,0.55370007540169,-1.18265570621506,-0.0164328750079004
379,63,0.0447007265012471,0.258841876553205,-0.959323633860997,1.34971390326898
380,63,-0.338460243206383,-1.17520268482836,0.536839154926418,0.955548262336241
381,63,-1.43065522391573,1.19895584084453,0.337337259650312,-0.0105370203292776
382,63,-0.410957069839031,-0.689165734484791,-0.42403016403175,-0.482271040188123
383,63,-1.89973507216831,1.37131467121253,0.17897509338977,1.76006732587274
384,63,-0.130765618613774,0.173913390382252,-0.37222914200322,0.536039282509187
385,63,-1.21099508042545,2.56265302106917,0.163481497266853,2.03686062699735
386,63,0.5709219208555,1.27527609261453,-0.231941816210179,0.773260659422976
387,63,0.141987801233075,-0.142512797122546,-0.368144074933126,0.615806877836104
388,63,-1.03420699710384,-0.0119922682381847,0.921243172208253,0.391282189014945
389,63,0.7621182826166,-0.400409711930456,1.55169689123599,0.761520223531822
390,63,1.01792820231105,0.785218017445156,1.35121749751407,2.83159867057896
391,63,-1.2740694942337,0.609370398218078,1.01385513569231,-1.67813361078423
392,63,-1.13561928691844,0.270846494201082,-1.46835193017899,1.79999770579413
393,63,-0.179705257118553,0.223238312251177,-1.29576114200447,-0.383775944938709
394,63,-0.0738728775520862,-0.292680831861638,-1.9908700013149,-0.0791683339318207
395,63,0.408040634570888,-2.1675700963649,-1.7189492379339,1.24292827762951
396,63,-0.238668633575844,1.29002821536516,0.564167487703396,-1.48010302793516
397,63,-0.475814169433984,-0.281435547757546,1.04208852070071,2.10840968718745
398,63,-1.39234829758169,-0.291846262037088,-0.370945813075476,-0.225097449004718
399,63,0.229906506895528,0.406610105507576,-1.21557780377283,0.581332543940974
400,63,-0.146193136863114,0.653502455796353,-0.124808030973583,-0.792215975656976
401,63,0.768896085675242,0.148754461681805,-0.0467961225471373,-1.08151470471365
402,63,-1.34829843352309,-0.477587424207377,-1.20478826315625,0.16187687770661
403,63,1.45651945644602,0.0779308559580731,-0.558760397045952,-0.369762921849473
404,63,0.781114527347002,-0.28648415002586,-0.728441850078516,-0.138552977467201
405,63,-0.952166119338448,-0.0629378757089505,0.272470873978373,1.36152732453963
406,63,-0.234227973680427,-1.63997287733525,0.464044452171035,-0.443776450246231
407,63,0.98061628281665,0.452510496248744,0.746872456200962,0.198405279935106
408,63,0.799619868151683,-0.861815197077719,0.894664381502175,-0.543600614952551
409,63,0.385410865159793,0.778191733831075,0.146902756859192,-1.54454569606962
410,63,-1.11568013305728,0.740500996574863,-0.452077897803019,-1.3386885854374
411,63,1.58221129386392,-0.663075578147125,-0.720442387107734,-0.735073651092936
412,63,-1.43955320751604,0.0920070427147546,0.152433387520392,-2.23701399436743
413,63,-0.560378257206139,1.64236962187883,-1.59434844062333,0.185739642708164
414,63,0.534735491255735,0.235910929303142,-1.07673246923459,1.05421277755894
415,63,-0.356949904871777,1.41266939698571,0.117966537534487,-0.796235957028747
416,63,0.0487068116375381,1.57238323192369,-1.6055503587162,-2.01315786797053
417,63,0.0129420990120171,1.61637291273348,-0.713273016665211,-0.896150252789419
418,63,-2.35335212083366,-0.295520294586799,1.56252057246297,-1.35312069267583
419,63,0.283009427977984,-0.0227687759379115,-0.210621357274862,1.17509781346895
420,63,-0.834380081418071,0.360191685590644,0.960986128525569,0.039445769244946
421,63,-0.314199641408905,-1.23845465202631,-0.738400409338801,-0.638562506181868
422,63,-1.19684509876107,1.19715064422406,0.201871721999365,-1.82127596566431
423,63,1.5985235493742,0.494262294066741,0.331784440480655,0.840963506942048
424,63,0.344039546508296,-1.42558462018582,0.154042676104199,1.85616314392922
425,63,-1.06441564792542,0.148899508867562,-1.88951738250942,-0.177580666043821
426,63,2.96870821834369,0.932132596640782,-0.653561252491291,1.09379237378139
427,63,1.27367522847025,0.690818372940009,-0.994497613141828,0.516047566180463
428,63,-0.427026883174278,-0.455406161437448,1.07314823177092,0.244540524829839
429,63,-0.103580089162776,-0.686585125576633,0.21369833161065,-0.0962209484246753
430,63,-0.371963166583807,-0.541930266104161,1.03192232265653,0.99016697598953
431,63,0.32230186111166,-0.798570171646396,-1.28705689734471,1.37199896524774
432,63,-0.59343295988328,-1.98486735616561,-0.197491922021443,-0.167739931411377
433,63,-0.400360038479291,-0.721261396725424,0.51345392975587,3.02686578899269
434,63,-0.820851278617481,0.252356718910632,0.54769805750141,0.335435346152263
435,63,-0.231675141305276,-0.237391118417846,-0.962915716927998,-0.0175283170356099
436,63,-0.76437484644207,-1.5544666065166,0.308452124101256,-1.01814506240546
437,63,-0.0922092133555566,-0.171077265422973,-0.22806923757448,-0.0267517306723586
438,63,0.3596490229233,-1.70469729859846,1.20898696851899,0.0990878443169605
439,63,-0.0478402867069899,0.141510928939543,0.713329832782573,-0.207019416591211
440,63,-2.32797191773352,-0.547643487088123,-1.41346729799608,1.81917522056213
441,63,-0.266787982088311,-0.259062546995278,-0.129933562245772,0.839660800604861
442,63,0.627349094947446,-0.123825668707422,-1.33917220945897,0.373121425889309
443,63,0.710246722517567,-0.491559407122665,1.25325425646283,-0.111487874809206
444,63,-1.20943265188206,-0.378717137387009,-0.431229405485378,-0.385252678047687
445,63,1.98071489740202,-0.510733045821108,-1.15125600714009,1.02076383017234
446,63,0.888985006397641,1.3267664505164,0.173252629426667,-0.862325359555845
447,63,-0.7348820032243,0.883194275582611,-0.363937589041182,-1.46080553006605
448,63,-1.34433710112073,1.75361866288971,-0.849942815907258,0.0187624622760727
449,63,-0.293829686716956,1.35080975185887,-0.496532756115439,0.382351410138287
450,63,0.0489740506651333,0.296485545903727,1.03009724197329,-0.215167474370278
451,63,0.10851582373427,0.114890496879088,-0.347171054356768,-1.25559993007586
452,63,-0.513400779900705,0.626374206676569,0.300103091613806,1.54805185458972
453,63,-1.49082446347569,0.201733111828357,1.25259060225589,-0.830025501101306
454,63,0.0418685607221418,0.908803620757279,-0.929014176344407,-2.44337561192218
455,63,-1.19656792092112,0.117094494878399,-1.42894055905178,0.198702670119328
456,63,0.0899199370944768,1.56564157144209,-0.905963017875453,2.3915176984789
457,63,0.99977471254178,0.87613218513029,-1.01801470524692,0.149097986628176
458,63,0.459865342597708,0.507179624646471,0.518084226273781,1.39201392294627
459,63,1.52747745892906,0.712600981140811,0.83066974053441,0.689619965417073
460,63,1.69758740287303,-0.650310651919589,0.273127165235462,-1.54616044506175
461,63,-1.49880855223282,-1.11176216372583,0.179260789857768,-0.839512412147305
462,63,-0.720034339692092,-0.121876680049882,0.198594241996326,-0.342644476632117
463,63,0.831702989989965,0.706023283803229,1.19592180016005,-0.948318179193559
464,63,-0.327419052524358,-1.2367362303132,0.213817476922017,-0.0597748339977804
465,63,2.54331986245938,-0.341461441034211,-0.68648940569489,-0.260465973053523
466,63,0.733824335438385,-0.515027490544555,0.0942634452868016,-0.12982830097522
467,63,0.625129320125757,-0.790991562969673,-0.971555668416148,1.50057519207492
468,63,-0.0826442440998679,0.208839330553189,-0.331110514450257,0.942386729531922
469,63,-1.59430355405088,0.275055401870513,-0.265426775721593,-0.703318523458465
470,63,0.609450023344593,0.0065550636686811,0.180396375054481,0.191521654931166
471,63,-1.11750209428881,-1.57034829802737,0.065737020776463,-0.81476625621489
472,63,0.875112736313382,0.340794425734936,0.17211637111576,0.463970159657574
473,63,1.05382815772656,-1.09818746458519,-2.10702785896369,0.688958408314906
474,63,-0.858586497387202,-0.717551774169183,0.521969436728184,1.35620478210351
475,63,1.02944803640331,0.55344326638959,-0.323823203430086,0.536945812165285
476,63,-0.565821343158186,-0.868529244848236,0.198404419009224,0.469829100050319
477,63,-0.448117055411226,-0.0656078373510855,0.428316249862281,0.986490743486262
478,63,-0.320760493180286,0.325441274506443,0.0173642597591541,0.187697477739657
479,63,-0.0789569276815482,1.63004982974852,0.0872988205298627,1.80259540846532
480,63,-1.676903210014,0.105642835273655,-0.776795348281259,0.452586958799932
481,63,-0.0832307237315974,-0.142102781042004,0.668719075733654,0.38899784580038
482,63,0.908377534796215,0.491352080553363,1.30901548962147,1.5362636495225
483,63,-0.90688521453088,1.45964723988661,1.4080875673563,0.695038331366286
484,63,0.239447672982658,-0.565918570385895,-0.924897086552813,0.996954604164041
485,63,-0.341280094430998,0.202864465522771,0.826158593622358,-0.508457122229407
486,63,0.366362232959511,0.669572649537738,1.54385208126901,0.680445900595372
487,63,-1.28207109291938,0.940085221034695,-1.03331442984455,0.548347488886305
488,63,-0.568054609380679,-0.208965294423417,0.447835407550792,-0.412093284480251
489,63,-1.59433802355454,-1.27667045257397,0.152031682893639,1.67536175148016
490,63,0.673333680253091,0.769563484602597,2.4009755122382,-1.52263005669641
491,63,-1.38368670810935,0.418698282331429,-0.122026959990309,-2.18372430928723
492,63,0.271146856400215,0.648125947671671,-1.16176021470711,0.333075605826786
493,63,-0.518706113415549,0.398172678444236,1.82569469419676,-0.140674253178331
494,63,-0.0104093998018333,-0.548192981232957,-0.242418012272894,0.946581406487292
495,63,-0.73151868983731,-0.452278646995206,-0.281904494426004,-0.0509152125753311
496,63,0.939114056437561,0.151813447502727,0.210798716471232,-0.0108533035773383
497,63,0.246364547669106,-1.24949931431835,0.299808818969283,-0.120110289391967
498,63,1.03123017743386,0.0166175366188554,3.06848585893863,-0.192408811093604
499,63,-0.817320003186453,-0.0691332708106189,-0.187872410253029,0.520078040758915
500,63,0.0237681352934624,-1.33740806849942,-0.59793586744431,-0.208426761718164
1,64,0.129673296293916,0.87397405563013,0.307820853506066,-1.49392753017828
2,64,0.702111290689737,0.0698373523089442,0.0596902784568732,-0.204645601168528
3,64,0.36670450369427,0.0178204836109687,0.97040323520691,1.42872027659557
4,64,0.126012200538095,1.34107685177963,0.748539173480423,-0.884374718027703
5,64,-0.570738752719751,-1.2524125934559,1.11924396474605,0.771420842155756
6,64,0.627580631695984,0.941135891741633,1.81839975030405,0.472473091223436
7,64,0.739923252237166,0.157972956437856,1.22695753524335,-1.11035182157674
8,64,2.01624305387183,-0.761889203880168,-0.0764179785703039,1.46617534094738
9,64,0.987373018147634,1.08933138389619,1.18951509749155,-1.65034374359444
10,64,-0.801948692607017,-1.18906946985146,0.575726773589119,-0.292635101036175
11,64,-0.354632176913644,-0.240903353739352,1.62973361867213,-0.395679897737646
12,64,-0.117389166749859,1.35680356890609,-0.275965291596909,0.95684995357316
13,64,0.829932210696442,0.00806314737225397,-0.193489228884445,0.525482366229234
14,64,-1.31582506375104,-0.603135130812907,-0.941590890294701,-0.0978819681255128
15,64,1.10414076515444,-1.36371907309683,0.151709755689779,0.176645425962315
16,64,-1.43783553471168,0.75178711815141,-0.00194899597885618,1.67290351472074
17,64,-0.923591717076955,0.891702414098846,0.306863055052248,0.796956120717588
18,64,0.213494502621169,-0.314547674162936,-1.03058019865687,1.25668287582929
19,64,0.4050359899931,0.158154237891731,0.459799229713502,1.64264272994092
20,64,1.21856459295808,0.0129558527595516,-1.49315260937264,0.107010339461793
21,64,0.580996269057606,-2.17344234202111,0.728109271307223,0.166879985814694
22,64,-0.576745406885896,0.882027143936965,-1.05101435816942,0.397651939251
23,64,1.24415190343589,-2.0850026063353,0.135924089596697,0.656765796879158
24,64,-1.53020288177434,2.23511265054095,-1.70671409765076,-0.262739745297464
25,64,0.294230978609012,0.689585423750544,0.386113876216667,-0.558500227265593
26,64,0.721647235494437,0.553930095993936,0.0743875892896946,1.26413400246719
27,64,-1.47721156309346,-0.166262904346502,0.390717122895062,0.350977457163023
28,64,-0.637450480606575,-0.419868300484465,-0.391922705694771,-0.00737315981995114
29,64,-2.36482116464628,-0.689422527096218,0.0998716103800628,-0.45519675305104
30,64,1.37740666148166,-0.455729114893262,1.21185478656233,-1.01526779433554
31,64,-1.37969461170663,-0.244921396413857,-1.77710141944093,-0.12595295480784
32,64,0.567969291299938,0.35367351247433,-1.3393203900541,0.524040566913056
33,64,1.83060030242882,-1.31224672454343,0.649453379393994,1.42337362018866
34,64,0.786125432657825,0.277087337999124,-0.715705139955011,-0.0932440729053874
35,64,0.732584103987752,0.311541961488486,1.25246799652813,-0.906411623891863
36,64,-0.227201722495734,1.50639665893965,0.831265872628337,-0.970020979698933
37,64,1.1648051236438,0.741875373452097,-0.402692025126863,-0.153940740647802
38,64,-0.52738170056424,-0.0796739661490697,0.5170911837798,-0.594997920058057
39,64,0.238861758672249,0.836267246047309,0.544922900277632,-0.490830268596178
40,64,1.4725845474895,-0.252181946805347,-0.0230584722875769,0.474237635751234
41,64,-0.353879741493781,0.186924372309145,0.187580237909469,-0.694884158066277
42,64,1.28565097528907,-1.99720494782553,-1.36987127838813,-0.0106095850587287
43,64,-0.427935360774753,-1.14383336427453,-1.05419857634511,-0.32234986758926
44,64,-0.721725879722383,-0.457949004424313,-0.0478067130026856,0.834269135669484
45,64,2.27301562070104,0.141492967045952,-1.72045909226245,1.81677812693432
46,64,1.03043366502042,0.0429497216584368,-0.146219092969193,-2.0981754908873
47,64,-0.0965477931694066,2.79573262015002,-0.888577113892923,-0.73140265416749
48,64,0.327651939099443,0.816587824954754,-1.49530119345357,0.198073988410898
49,64,0.522928355512805,-1.76490856732813,-2.57062470024677,1.05510536458241
50,64,-0.0129269362520797,1.60862364356689,0.26850688266823,1.68062784100608
51,64,0.71847347254655,-0.91516496895191,0.800396801259472,-1.89176524766642
52,64,0.614243820026257,1.90957065305718,-0.770949610655064,0.498038701497447
53,64,0.159527129862172,-0.795553913000927,-0.0837554326003345,1.29620866121671
54,64,1.24675789045409,1.51238546768287,1.6608594575012,-1.32947829596005
55,64,-1.00497107963085,-1.27550647932342,0.765108145118021,0.365711379966932
56,64,-0.340410290533526,-0.627588278228415,0.985779556255183,-0.0379482286503725
57,64,2.3866688971358,-0.670338094056839,0.234168411878577,0.637920623999023
58,64,0.075255230831423,-0.715474225338779,0.884952584652744,2.5300527088512
59,64,0.538620826231128,-0.00030132952608515,-0.858643360488385,1.02661846766628
60,64,1.47591421285872,-0.596834630361549,-0.0302380480348052,0.598378781911955
61,64,-1.10074122119795,0.275876527222505,0.0206512767974994,-0.762357497313639
62,64,-1.36209717748074,1.98570487817163,-2.06882246872613,-0.426246135522069
63,64,0.786833073959221,1.96552394729287,1.31624095031089,-0.863219046003943
64,64,1.31621870963984,-0.404898382664733,-0.174475165222729,-0.65039791192815
65,64,-0.255256944012332,-0.20470434869716,-0.627550075126498,-1.93051148688913
66,64,-0.475001655256254,0.0339540271679667,-0.0442779831989621,0.772975733596647
67,64,-1.40564954334354,1.47421320854688,-1.31818509324571,1.28215837613561
68,64,-0.537244510409629,0.179610460599887,-0.0929141901424603,-0.441017548040404
69,64,0.877639617937169,0.198008275901971,0.170630018015987,0.68244337662463
70,64,-0.872915014899939,0.0294589020902829,0.592117001557767,-0.131088830116434
71,64,1.61436133168373,-1.35689215370468,-0.619270802615759,-0.808707527151054
72,64,0.188742259512863,1.42339552173084,0.766024740331783,0.742913227365395
73,64,-0.74742403956141,1.34560028095116,-2.13819529982328,-1.4416471394035
74,64,0.559501137155667,0.690956583514034,1.69629912812207,1.333897200418
75,64,3.27549304242258,-1.12693856770823,0.580826609402196,0.133874813097072
76,64,-0.203887003965377,0.0797433402183039,-1.04918510432059,0.927579204795844
77,64,-0.844416686458624,-1.06047911136369,0.847345984730352,-0.888024785619237
78,64,-0.220802795835054,-0.331125198814676,-0.065295428500082,-0.217437135358796
79,64,0.985598800501896,-1.78368519465364,-0.373584037547932,-0.297876287225711
80,64,0.928894177200495,0.0083858704089312,-0.265121269567652,0.846318540759231
81,64,-0.46619135532331,1.44796223259547,0.51268110537985,0.624253902641332
82,64,-0.81145632759968,-1.03652256488438,-0.369046503258716,0.29227598518943
83,64,0.704617081579656,0.0212695913379472,0.818506237185119,-0.375949834293766
84,64,-1.16588276342654,1.56726278141679,0.328804790288354,-0.979030537915992
85,64,1.3901357824634,0.55801746687811,-0.656262780933835,0.222878946035238
86,64,2.18370150123406,2.00682805181436,-0.835885240167309,1.26098997549756
87,64,-0.790820914749317,-0.714069297343354,0.198595513710139,0.31108081764223
88,64,-0.830128980344051,0.966571474469775,-0.313258810703677,1.07872884858014
89,64,-0.116354893581879,0.901237232953538,0.637485891800078,0.443377001170999
90,64,-0.349632438360645,-0.00614903826465142,-1.97610563978859,0.118027683919941
91,64,-1.17489626449667,1.10874617145106,0.0614664611506878,-1.0950226815375
92,64,1.94639257781202,0.630273624163714,-0.509795578764293,1.45372785666223
93,64,-1.12525215124213,-0.991882766097652,-2.28894450086916,-0.0485041812873087
94,64,-0.351730639063195,-0.000519598305266164,0.856322472903179,-0.440982160114546
95,64,-0.438250564852721,-0.277101277709236,-0.837432288784135,-2.45567921645278
96,64,1.92672130975231,0.240699624112576,0.986795542422392,0.633389411627317
97,64,0.363107034473781,-0.678345936384023,-0.513370946565721,-0.78099347105191
98,64,-0.162863410923702,0.638666175633011,-1.57862787461783,-0.220273145885925
99,64,2.62328346513058,1.30744797373244,-0.0775072970981953,-1.37660902282788
100,64,-0.038909411543628,-0.0677113731732974,-0.0176354964464901,0.300784847339028
101,64,-0.646648665322009,-1.31821675687544,0.166276905291897,-0.112284008062102
102,64,0.0905807448425902,1.51425333123222,0.0590353369021923,-0.173448840115473
103,64,-0.322289560460938,1.55706177361074,-0.797069189668967,0.0866628846212903
104,64,-2.08772024141553,-0.625493537842705,0.501855045684419,0.439897728433872
105,64,-0.409271593067854,-0.799550446334062,0.105481287213453,-1.42358124128567
106,64,0.966657758149775,-1.12059055220454,0.57037501560114,2.98577375523034
107,64,-0.560382948223436,-0.0539168085210626,-1.09681557811717,-0.321715473557129
108,64,-1.92875614492961,0.279708191834558,0.525408383787065,1.59388188804038
109,64,0.777712595262831,1.01819571138075,-1.1766055536008,-1.08895205896285
110,64,0.20188449242437,-0.989833173885471,-1.17745060794474,0.585498977842516
111,64,0.229842512121302,1.12233920386313,-1.68688671925698,-0.541094551017532
112,64,-1.15559299759794,-0.263569430913835,-0.565891631718209,-1.12031532569671
113,64,-1.46238138542274,0.656973479620059,-1.73855388560712,0.814639828185755
114,64,0.42530435081818,-0.00791177804636953,-0.610263023000113,-1.88517143751372
115,64,-1.82997151823215,-0.422101470646819,1.24719915353218,0.234996130372793
116,64,0.402848434630959,0.566418259768052,0.58438833738161,-1.55521143796932
117,64,-1.40651451236704,1.5647518923239,-0.128257400137493,0.388896672084776
118,64,0.480766328903156,1.42162621767182,0.120938436843805,-0.380579708474621
119,64,0.297366562109242,-1.20310029548133,-0.426769007292909,-0.138801927686217
120,64,0.273156943898777,-0.660947953876232,1.63700595663934,-1.9299811205826
121,64,0.978376067862752,0.146973341605924,-0.221946552840049,-0.272196960057141
122,64,-1.17808954972887,-0.690996652172499,0.144209375963371,-0.765016332250175
123,64,-0.855325894597155,-1.63841921107768,0.44918146534195,-0.752491272259681
124,64,0.560390885403333,0.529594966946313,-1.51664413560034,-0.814928159782184
125,64,1.18183135647508,-1.49470247039708,-0.251418195364783,1.07352568739811
126,64,0.591304261473412,-0.0835431922908655,0.162897268931394,-1.91332434297243
127,64,-0.608309408227407,0.900741926002433,1.46335950382912,0.00565083501395254
128,64,1.2218927500023,-1.05461085811849,-0.624575715534059,0.135525816798418
129,64,0.870583478802057,0.00342282477155202,-1.0956417773003,0.497938502377241
130,64,2.35711979441366,-0.376307811645317,-0.170921422190349,0.830131571724796
131,64,-1.01422760852005,-1.04102124291929,-0.915667243324003,0.627780467103547
132,64,0.651485674841543,0.302621405159787,0.134988625425705,-1.27928608589509
133,64,0.63558607510932,1.10107450979527,1.57669380214875,0.955130778211711
134,64,-0.106397309860764,-1.2938243832197,-0.982234233932919,1.98479662859757
135,64,0.266290977077165,-0.692218752785408,-1.01152809076064,-0.876659361350578
136,64,-0.942411409228231,1.16402109428117,-1.20507571698456,0.76257718965036
137,64,-1.93527201432691,-0.896770085965537,-0.685498780817899,-0.122443244662896
138,64,-1.08447295582505,1.33982827614225,-0.0283443681404214,-0.0766344719966657
139,64,1.02990205209128,0.769958733771672,-0.0392392673162684,-0.224057212922182
140,64,-1.19428897272573,-0.276522215013674,0.519518318246132,0.0488843113521975
141,64,0.305053011882717,0.82510030409297,0.179476151967056,-0.0482074493484498
142,64,0.0447426823443909,-1.65318648011459,0.617595735789455,-1.51382862812833
143,64,-0.83553577919306,-0.136043650707999,0.707214318072893,-0.624758069845653
144,64,0.253397377583449,-0.971493994284717,0.808205215497406,-0.244025501091484
145,64,-0.101782921852249,0.738295784921434,0.893139614523192,-0.802204221006798
146,64,-1.25724293757942,1.58161120679399,-0.065192008712202,-0.638626645754092
147,64,0.099378813993074,-0.397481690628295,1.29156083138053,-0.460314827182966
148,64,-1.51044131310182,-0.00793573111139879,-0.193891684152445,-0.262900685225969
149,64,1.83846708154327,0.774722067644722,1.00657171312114,-1.57553554475093
150,64,1.40643985905798,1.40239823126359,0.401330458571082,-0.702474258172944
151,64,2.40249407564502,-2.08609295097985,-0.741082760423873,-0.93071689364195
152,64,-0.0203629750943722,-0.596713146061554,0.844897649766318,0.342820215490698
153,64,-0.0167268279834135,0.976282854482987,-0.362302783975835,-1.06289489310458
154,64,0.509475045987588,0.705374305761759,-0.068393954140137,1.16789098250061
155,64,-0.700405833582941,-0.98354587420147,-0.95292758756005,0.270473824875608
156,64,0.932193204909869,0.13729923163727,0.31069359427423,1.65726539420284
157,64,-2.48634845605932,-0.0770237506519955,0.379296673075189,0.0918378204974646
158,64,0.13496550860914,-0.817487295425907,0.979819171748067,0.3625533901014
159,64,0.832076418800764,-0.343958065464124,1.15810663547507,-1.6442213338341
160,64,0.411831089847225,0.218110403686063,-1.15817371607536,-1.36757451277879
161,64,-0.353196182913287,-0.216166179554827,-0.470139352967245,0.685260867452117
162,64,1.83649140816851,0.972949404091858,1.96944281654856,0.669553706751781
163,64,-0.0140415108395359,-0.538395783253358,2.31930335636399,-0.192705270944532
164,64,-0.818057195484684,1.2687023759614,1.39439573425434,-0.778089293141108
165,64,1.89453875266648,0.833766139381726,0.0965449620875388,-0.163481616387024
166,64,0.598964987546254,-1.36984526562997,1.02431747161389,-1.06771145990378
167,64,0.976942729596252,1.15959349369623,0.00112499664194175,-0.267275278370374
168,64,0.148597434530857,-0.415263490736184,-0.881118487502013,-0.718042774192762
169,64,-0.223722726010033,-0.383256134079646,-1.61734765478319,0.954685050516772
170,64,0.242750773621413,-0.0396662231533646,-1.27933902405341,-0.625876405993631
171,64,-1.36491041713613,-0.872277773695113,-0.0253896375894034,-1.06355875631331
172,64,0.0648316682398107,-0.219247803506007,0.607708424246359,1.17660325159782
173,64,-1.50967036986873,-0.151737585325303,0.4393291209925,-0.567989253701559
174,64,-0.870217424516964,-0.253877079361797,-0.265351883359518,-1.03982740451022
175,64,-0.591895772448537,-0.67031973729521,0.606361300660084,-1.52995064697452
176,64,1.60412169769351,0.21476557719173,-1.39133730955474,-1.04607114140589
177,64,0.326015110126429,0.51201614475338,-0.805807645860799,2.43988111558902
178,64,-0.052681023420044,0.0109441866082954,0.124319918951031,-0.617686298530838
179,64,-1.04779287533651,-0.679194753216733,0.69728639847299,-1.14501144101436
180,64,-0.905407721728393,-1.39641557499877,-0.0463462270074077,-0.109730787127142
181,64,-0.378221899707313,0.676173100350691,-0.318645201275066,-0.697648960332148
182,64,0.166371449762515,0.0490761524555536,0.10565479435709,1.33425002756671
183,64,0.122075097564701,1.09024271794495,-0.25680949879736,-0.919148823239478
184,64,0.548550648972551,-1.10358882521231,-0.135718505282266,1.31195365623626
185,64,-1.05828804499891,-0.197728886971584,-0.978699155293224,2.11750500832821
186,64,-1.522588566231,-1.0213724247941,2.80075314855251,0.222835838159979
187,64,-0.12898209757704,0.142551866616119,-0.731204889315034,-1.22577254547645
188,64,1.16693874477086,-0.590090937392399,2.11037159753805,-0.547532126551503
189,64,1.6542609216746,-0.340607393850989,0.0128461862823829,2.16372047512684
190,64,1.24358263071426,-0.235309258133411,0.400634011547475,-0.0178188762710156
191,64,0.203098613187602,-0.768849054970209,0.373998608735024,0.683538552782473
192,64,0.381724937843764,-0.68668867228507,0.413653081840883,0.659834643621853
193,64,-0.216527392173354,0.489657760873594,0.84860629695192,0.758886122467715
194,64,-2.00376150230315,0.217071490222699,0.203411334430322,0.424552635665089
195,64,-0.289227467852771,1.95190468086452,0.642453099911878,0.847004731646054
196,64,-0.693327696762099,-1.88101771152884,0.0586444049692167,-1.46811010984472
197,64,0.57453675555204,1.53674961045869,-0.261944026285588,0.300825385413473
198,64,-0.595458976749603,1.19497986833262,-1.13817593821763,-0.837411113834694
199,64,0.564906111109705,-1.14764238712514,-1.05034469129957,-0.719096963599212
200,64,-0.358655788901464,-0.574634573740023,-0.258221597382771,-0.128438743157457
201,64,-0.293772561716576,-2.00559177421151,0.733725613807108,0.552821341215521
202,64,-1.12060804829649,-1.25508608127159,0.297996245749508,-0.578372095667516
203,64,1.04617926673192,1.61281739992663,-0.896615034471667,-1.10659585303442
204,64,-2.2024858176239,-0.95801465202172,-0.170956113310168,0.012065010006677
205,64,0.0361673831812442,-2.66969781512741,-0.220928061170787,0.289766589777443
206,64,0.836307800873496,-1.59555885319835,0.535156788762368,-0.253696540805506
207,64,-0.728652465481953,0.561742932541575,0.879699584649799,0.352723836654953
208,64,0.219064506502193,1.54584263444614,-0.16684788307767,-0.0312845039368481
209,64,-0.00753436333498,3.35100295416677,0.467234089765789,-0.521093816875105
210,64,0.591815542244787,0.202475652540567,1.03960817791609,0.348722367104684
211,64,-1.18888908957624,-0.0529374289432063,0.173844519771414,0.222478802525038
212,64,-0.0410817037696585,-0.022911621452508,-0.811399939773767,0.590311885832603
213,64,1.1537677756859,-0.5004195588096,1.08029475987154,1.87690175853282
214,64,1.68071084979305,0.865284141298061,-0.613461408328611,-0.273895744946281
215,64,-1.35683836818736,0.315854586316511,-0.0746482476417507,0.270606621881957
216,64,0.230879995386154,0.141627806097074,0.317993095676599,-0.320196997076011
217,64,-1.09646809124333,0.641916279148047,0.469561786091952,1.1223546599942
218,64,1.29191514733475,1.13172784594977,-0.134426905125262,-1.18416914222141
219,64,-0.0051094937204218,0.350311884612929,0.244726770352644,0.0429146021127414
220,64,-0.520931135169177,-1.17006412576236,1.9867897779167,-0.606141239915165
221,64,0.431180637365529,1.82972429579965,-1.73345420233691,0.360245850467663
222,64,0.0931915021242745,-1.45115387919546,-0.384585710803925,-0.0971380054161532
223,64,-0.593106880824909,1.09006187841992,0.629169012650042,-0.78745052047863
224,64,0.364240682818669,-0.479608318021572,1.29818033131947,2.24072917176257
225,64,0.35323941232013,-0.581178742722633,-0.73998283518746,-0.192149288367751
226,64,-1.40198488998598,0.00794128539947201,0.499201628689825,-0.844909165579236
227,64,0.711338663872178,0.785196812184333,-0.228973902013711,0.483800586911843
228,64,-0.63107938567535,0.31810987410405,0.552677664819041,0.852918879093302
229,64,-0.16245758982443,0.342504369415977,-0.793500604792596,-0.674372291579434
230,64,0.270042632447738,1.33726519230644,-0.945231558830298,0.0465988556995509
231,64,-0.132742842072004,-0.989138174710546,1.4473994937154,-0.904936693900105
232,64,-0.155512310188744,-0.043193439557306,-0.0755082155582486,0.056307758414962
233,64,-1.16806021269233,0.566291411036293,0.566231492436574,1.11065882753046
234,64,-0.676439831237395,1.24276058093944,0.510909696814085,-0.939621008900584
235,64,0.770874495227351,0.281610592942197,1.20519244482843,-0.647576197643129
236,64,-0.413263150379936,-0.364544524895527,0.55933261151104,-0.182046980638501
237,64,0.38391376958988,1.0301180751477,-0.393305964296132,-0.0916743044660241
238,64,-0.855148155298571,-0.146645267780996,0.107562012739368,0.829257760487139
239,64,0.698428717284236,-0.254172527469272,-2.26182458858222,-1.04792332679087
240,64,0.80523687630261,0.331055570468573,0.532409912360488,-0.425166960893325
241,64,-0.617330169809919,-1.30615171224968,1.6090259450617,0.375522115822982
242,64,0.383507826042345,1.08072587800028,0.389329045966545,0.236960049200019
243,64,-0.678015126225217,-1.46684044098492,0.182514424165833,-0.0186685618013626
244,64,0.724897444350405,-0.513452366915537,-0.198411673541617,0.702490988655141
245,64,-0.445026494130368,-0.863816816373672,-1.57280490276823,0.715519211999253
246,64,1.95496756633147,0.853751582576331,-0.557201814678851,1.47916043538393
247,64,1.52174775111644,0.996458491632172,1.01926801604366,-0.822810308011756
248,64,-0.216968529156207,-0.552589824531527,0.442395360861998,0.606182592945471
249,64,0.761703608301759,0.799050905192761,0.132166389931295,0.99628647688393
250,64,1.45514126815983,0.283384177807388,1.1281351963121,-0.500222059732405
251,64,0.320940081836504,-0.913321718587251,-1.34259076963981,0.444382880162247
252,64,-1.58623104666606,0.413528102996049,0.150271498664386,-1.66188411928408
253,64,1.11966140812022,-0.394339638391669,-0.87679927654285,-1.43715096577909
254,64,1.65653019675725,-1.52287618865955,0.209322567467218,0.657690640324289
255,64,-0.544124309168622,1.36904262403535,-1.13154328219997,1.18329643550426
256,64,0.23138528374202,-1.21586663259164,1.62338697052872,1.44306720694505
257,64,-1.26897870494745,0.112842796403307,0.419977101397214,-0.643557056462488
258,64,-0.394634250150481,0.256030828306089,-1.08126254683987,0.829568793629716
259,64,-1.25040404844913,0.130141980957306,1.28755154371529,0.24200330524696
260,64,1.07763685812695,-2.09344577087902,0.85309459135093,-0.516083820121503
261,64,0.367517978566717,2.08378853598098,1.34310521668783,-1.09456247981549
262,64,2.10548691035793,-0.840509987957354,-0.276382511532816,-1.02532782246667
263,64,-0.0815933521670972,0.564622195533236,0.265575753973602,-1.08564472635777
264,64,0.00989870654898494,-0.98129030608097,0.887014667700136,-1.02725975068246
265,64,-0.425772686110066,0.0923181454092672,0.234687995504398,1.59120996595744
266,64,0.0208265398236945,0.193742446781265,0.424349323441589,-0.521298766953998
267,64,0.919183365002392,-0.470702345771189,0.182953372394933,0.740877761943759
268,64,-0.0214038363998751,-0.763614086914693,-0.23540578593395,0.521012915856109
269,64,1.5537728876098,0.940468821177051,-1.56601208361874,-0.958975017077382
270,64,-0.0375949496004194,-0.581691943823967,-1.46723318569765,1.40143109590362
271,64,-0.813164377180226,0.641083736904603,0.296635941403687,-1.36431668427911
272,64,0.469996949292838,1.57411130975735,-0.204087091006876,0.378121683391751
273,64,-1.65721750470357,0.374108800749417,1.10221275704619,1.02626637722046
274,64,-0.570553771571928,0.800571859206164,-1.19912166308064,0.801805932106812
275,64,0.360439507726331,-0.72082292027229,0.698729005317544,-0.795303518287838
276,64,1.59425849499918,1.42667100949874,-0.757081430526448,-0.136868860094634
277,64,-0.409328463546813,-0.35698311386153,0.488633762696393,-1.52971239705918
278,64,-0.465044062915551,-0.154030993366229,-0.118689055578415,0.983153288851902
279,64,0.44042839127932,1.02826930880414,1.67849420976778,0.736099458574273
280,64,0.56269980139157,-0.496008351791808,0.0947202608987638,0.555580001122671
281,64,1.207384949871,0.984772705906633,1.19241045853656,1.30763528268156
282,64,0.795222530764172,-1.33583635696841,-0.757179491798366,-0.0681594767714049
283,64,-2.64224920701353,0.552921358323936,0.446430453171172,-0.227351232676407
284,64,0.220725572984694,0.27860384786516,0.376504813199686,1.53222933148465
285,64,-0.732507770995098,0.667618145540819,-0.611285209832782,-1.07619276758326
286,64,0.00521045232510293,-0.485735734760628,0.0218478701025185,0.0503324502246957
287,64,-0.797728346671366,0.0303255093138651,0.500530786275576,1.13431575351285
288,64,2.05462409927994,0.484631064976359,-0.779234425985027,-0.136279783443241
289,64,1.13334296153792,-0.623679848806519,-0.639617948441439,-0.29155663358589
290,64,-0.227074025870269,0.758202279713974,-0.0415338344822364,0.139085599327842
291,64,-0.907071492782048,-0.688856118990234,0.582303690791911,-0.473969048460184
292,64,-0.613646193990371,-0.975506147758016,-0.223126283264827,1.67432692065598
293,64,-0.964347346388182,0.975934398345636,1.94049139427397,-1.14572107634366
294,64,0.934928163496222,1.35188216653735,-0.136637187626248,0.524705532917858
295,64,-1.05944731677471,-0.603508238005962,-1.44563438330746,-0.909741066374483
296,64,0.385664617517238,-0.390182565130355,0.856517665559641,-1.12602352558266
297,64,1.16937012122681,0.445939161818738,1.51240024261723,-0.655703443354976
298,64,-2.0282240244047,0.190942776056343,2.35316766777675,-0.571350238569926
299,64,-0.394406191869645,-0.428641129883226,-1.12032247187547,-0.505257986364305
300,64,0.505605980791433,0.0805003086301394,1.24693839426472,0.727760582116348
301,64,-1.22784422246224,2.03573433182925,-1.47394270916281,0.458867035611055
302,64,0.181572433420454,1.26646820101246,-1.1783797145828,0.56133312130432
303,64,-0.104586488786043,1.82592250993622,-0.829235061155077,-0.615568750138985
304,64,0.309029085426502,-0.794066654133797,-0.380459216278976,0.949604283786024
305,64,-1.27548424550894,0.425221863475341,0.513810874539998,-1.18312413475238
306,64,1.31010082490735,-0.601253086631497,0.0523266581471439,1.40307995897927
307,64,-1.31076082203012,0.129622723961431,-0.551884696208389,1.35793502431968
308,64,-1.04962147446039,-0.402688506816904,-0.692670137049562,0.130191045980928
309,64,0.222665345455376,1.1154022266556,-1.0257255554894,-0.469759908064457
310,64,0.536909060626333,0.202522467270006,-2.62920118689261,0.63053549854097
311,64,-0.213913127836917,0.426247478695416,0.324095596229111,0.0904625368512926
312,64,-0.228466903374394,-0.214565772683848,0.661125133234056,-0.0868649329286421
313,64,0.700055772153237,1.09354988203922,0.341177565307958,1.21819647541127
314,64,-0.323591098520808,-0.765288417731674,-0.52597980157772,1.53694508301023
315,64,-0.162151204741753,-0.181362750735442,0.814992846961845,2.04278110527633
316,64,0.00253322125244257,1.86640639001891,-1.76733514004095,-0.619350731165049
317,64,-0.0661885615503,-0.684546214195761,0.275228316049309,0.0234025247422687
318,64,-0.606997274915552,-0.223772945199864,1.75331678468912,0.272639797318965
319,64,-0.0140077283356853,-0.975527040968942,-2.36443972314307,-0.098939630312977
320,64,-1.10997390590753,2.28515714760816,-0.524605873564945,1.29865161214745
321,64,-0.0982666990468077,0.454388037248344,-0.290668887413305,-0.144765821594561
322,64,-0.729513777630664,0.616745937386767,-1.57892133374894,-0.115266545611985
323,64,0.0882841023641209,0.725715591636768,0.703019379508819,1.67715031445562
324,64,-1.18154010914108,1.23102324689041,-0.494500113291945,1.57529666947032
325,64,1.08188855602124,1.49248666484116,1.34465299708831,1.10752673136231
326,64,0.385073431529282,0.324919298865541,-2.10254876876862,1.0872839540679
327,64,0.747119884928675,-1.66805046850992,1.62077092699228,-0.759199869581005
328,64,0.371036330273168,1.14694134297048,0.477466405450749,0.0785707353390518
329,64,0.331311181125859,1.08897667201472,0.536292582848109,-1.76035950853206
330,64,-1.82504290059654,0.284623414413601,-0.738545197343758,-0.196076083240354
331,64,1.39067801650735,0.629791000643319,-0.314471523514694,1.48453364317411
332,64,1.30438795058915,1.06330101299387,-0.704663908310162,1.37740438331179
333,64,0.600141065827072,0.46421496337725,0.52263586174238,0.896385395872855
334,64,1.2922541978592,0.435329270741472,-1.72825817786863,-0.0845794919555799
335,64,0.283794214596878,0.392611456662105,-0.179107434326608,0.131192174991639
336,64,0.0820073191555044,0.626978569228918,-0.0448124222066066,1.42519476662706
337,64,0.594798752125823,1.75839927759613,-0.788408446762465,-0.0587061989797917
338,64,-0.919017391345712,-0.895719777778593,-1.29335561845804,0.88026147179041
339,64,-1.7237160397611,-0.563714217595367,-0.322937970240662,0.779148289096896
340,64,-1.44380704001786,0.973177827088073,0.810423203048807,-0.85714496185188
341,64,0.037555311308907,0.0696593114817744,-0.0148335325230789,0.273608300182882
342,64,0.0384928409545463,-0.823486021920108,-0.572337778856311,0.0541517917866931
343,64,-1.54793794865295,0.133561459321466,-1.79189408912945,-0.243329239095221
344,64,1.41496095375829,-0.165054893482492,0.386573604155793,1.55211678414053
345,64,-0.0760362065654087,-2.11763555719293,-1.0944459920735,1.54876922205965
346,64,0.350278276166169,0.423635763823531,0.886527662300191,0.716055660195043
347,64,-1.20483563222922,0.395657040938217,-0.651798885210187,-0.681332371660178
348,64,0.162221878240663,-1.12847450550926,1.2686038924819,-0.915191684261815
349,64,-0.123652252527596,-1.19603948390854,1.71416080283084,-0.26181220654979
350,64,0.299434076369187,-0.877683848584438,0.661918042070782,0.389737982124283
351,64,0.898449323799367,-0.726591332458462,-0.171369109992654,0.147000172171521
352,64,0.0423235901435009,-0.229527345667999,0.250347516368268,0.591935977212413
353,64,0.891434576468312,0.110104408431801,-0.481104842384772,1.42770468634708
354,64,-0.924500186068709,0.00437761308329786,-0.0893836849889539,-2.8706845809937
355,64,-1.57237388909229,-0.416240102670478,-0.44784947138828,2.09293648192469
356,64,1.35127091374292,0.819668749923175,-0.721684437646717,-0.278134046138473
357,64,-0.253413018089777,0.0283749053395365,1.78333014714149,-1.40639725922694
358,64,0.476493660126422,0.403737779959881,-0.759287629228152,1.75142709890144
359,64,-1.0753536076418,-1.84855445033775,-0.421314613208904,0.181148696180909
360,64,0.42663643836886,0.763010541284892,-1.00209920392791,1.22834776477795
361,64,1.07745484533561,-0.220080486067984,-0.405908717912562,-0.870636134095462
362,64,0.890490932058341,1.46254867377232,-0.837909413646793,-0.310657357179082
363,64,0.525474899429498,-0.864320751262817,0.260853953430291,2.89654208811772
364,64,0.268216124899704,0.394154097213009,-0.261600868367611,-1.39613997629236
365,64,-1.09885508099277,0.147473138123885,0.446569709072932,-1.06207456292775
366,64,0.735862893695509,-1.53353247679084,-1.95413401508944,-0.19282100102289
367,64,0.567014619284555,1.51929087171596,-0.0221527147024943,-0.806851156841758
368,64,0.812999285504974,0.644680314057956,-0.632640336590106,-0.119480071102003
369,64,-0.449533335534179,0.564870091335078,1.19527888839586,0.155545101163763
370,64,-0.516338908633893,1.41425999461461,-0.475605426046688,-1.16184092521475
371,64,-1.11004203235665,0.469377892858638,-2.54314427490532,-1.27594776764919
372,64,-0.590776699291608,0.573995495578699,-0.49187897685088,-1.05927626356325
373,64,0.217420845970455,-0.049433030651964,0.229781203657444,0.651196589291041
374,64,-1.15694289669643,0.574449654539464,-0.882779065629796,0.990202509720324
375,64,0.621663947465976,0.789828718719584,0.384175104051983,-0.498438174742091
376,64,1.22804651285177,0.161193052450311,1.09621867941809,-1.27439395394321
377,64,-0.57494461883716,0.233084766325257,1.02350397627191,-0.886418292058552
378,64,-1.26058839592516,-0.737479968993106,-1.6825641474295,-0.49494919602671
379,64,0.344564745863378,1.29878430177067,-0.632805827397167,1.04187543707837
380,64,-1.24376692768288,1.60094423905982,-0.0474511763749374,-1.84405251860724
381,64,0.44554297376737,0.0961479621319478,-0.567195008591635,-0.824836280355897
382,64,0.761027319254581,-2.31265885099697,-2.26304267688105,-0.5563991189078
383,64,-1.99015107145051,-2.01360859474335,0.443030100430407,-0.718721346902701
384,64,-0.221502195369075,0.896321266533772,0.487580628337972,0.449081733625105
385,64,-0.861144865572834,1.15351395499639,0.0139949225326493,-1.22281935388471
386,64,-0.417297968759559,-0.302198780581296,-0.210732965771395,-0.89814264308635
387,64,-0.604635265295435,1.37321469333605,1.74982740301651,-0.806846776229838
388,64,-0.483701361325242,-0.242553502924804,1.04807592947542,-0.735857963869254
389,64,-3.1195772911236,0.519895992441698,-0.419249861186997,0.853904527804696
390,64,0.915343085998829,0.283543068866043,-0.204472779354026,-0.351647262883548
391,64,-0.865783330388622,-0.335317367843709,1.0350100232647,-0.30506806731936
392,64,-0.74661048249091,-0.931178917700088,0.0745030504998769,-0.422606277051038
393,64,-1.66686353019434,0.360017750350176,-1.20301172987077,1.21436647916959
394,64,0.107457569788739,-1.86653059391347,0.376074338921348,-0.841785471763713
395,64,1.30367279015866,-0.0676149690709727,1.60829347937,1.21255814711896
396,64,-1.20989524961476,-0.0459544037562664,0.205242547113083,1.95092299052861
397,64,0.530873325430952,0.539445715332442,2.28755326735233,1.41511165301862
398,64,1.73055746693054,-0.630460063270091,-1.3257564071968,0.338656272630461
399,64,0.588253020118553,1.6879269287533,1.55272167643822,0.444489428999118
400,64,2.59319770243512,2.28882611409484,0.463013455434414,1.10657156558184
401,64,-1.16782516558324,-0.325680109496681,-0.682182782275295,0.73362606698126
402,64,2.10964018001457,-0.172937878477345,-0.439078502769991,0.264492880681246
403,64,-0.272219212239652,1.65769956517221,-0.702539000577282,1.17106068436305
404,64,-0.11444520463639,0.826079698851702,1.60499558042986,-0.568269555787086
405,64,0.737866069932861,0.214198687488874,-0.449313501666277,0.495495933304008
406,64,0.404149787902393,-0.321480982123551,1.52969730166157,0.562052492423776
407,64,-0.288762658231571,0.281314818000951,-0.570579543034303,0.283044041506361
408,64,0.415337978994785,0.242271086800555,-0.749026965878412,-1.04813471489785
409,64,-0.159053640220438,-1.57926560663129,-2.0285599666201,-1.45355306544748
410,64,0.28089858993211,0.276012403668808,-0.127764534476528,0.815552579985832
411,64,-1.07131525552747,-0.490059016318594,0.410911507859976,-0.56857091515559
412,64,0.220705692631202,-1.27552276513044,1.12816037084029,0.104093742312534
413,64,0.351277611891409,0.280391689579802,0.759965761278157,0.516437458083759
414,64,0.36833873853816,-0.264346224150017,-0.0854775168439382,0.680610818516678
415,64,0.00177531159060576,-0.0417862840728378,-0.252656546141877,-0.138357157817079
416,64,-2.1351233074623,-0.960181376528298,-0.333101276317759,1.38328952656123
417,64,-0.278769623500827,2.45125482462682,0.241372016892168,0.081877387860496
418,64,-0.522777331594167,2.0672765059988,0.595310607352486,0.115642844885903
419,64,-0.42839921446571,-0.81136408426247,1.65241204498315,-0.790467325355417
420,64,-0.103056670290035,2.28475572280836,0.635359959656728,0.0169720935524676
421,64,0.0589008270300407,-0.67436024472095,-0.0520023910282425,1.01367656709012
422,64,1.22411514850627,-2.42950002328221,-1.29409503726006,-1.46099363933216
423,64,1.68812757169028,0.440835295562324,1.54551268271135,0.476471151632011
424,64,0.602987952198809,0.0670114682132471,-2.35014635220248,-1.77382400849951
425,64,-0.553313900762404,0.205728386522862,-2.16251495501747,2.33632434772261
426,64,1.41823091252122,-1.03814867118597,0.014139835604215,0.88565802810001
427,64,-0.632357790183537,-0.0798093527772846,0.148038432784961,-0.43448383066633
428,64,-0.329734878506834,0.033345433212775,-0.414780528371103,-0.180190709839372
429,64,1.64829642871727,-1.06155638110488,1.93849886545328,-1.83217448353854
430,64,2.43177607659145,0.723871367998543,-1.04198408198643,0.722692298341177
431,64,-1.07330772448486,-0.616069634930825,1.6217254105092,0.00555845681927894
432,64,1.03183433939526,2.01456936928181,3.36725831664561,1.06707846543029
433,64,-0.375808207040222,0.0515887202558329,0.600044865777565,-0.409209068060477
434,64,-2.02798097233436,-0.610687642925919,1.3781490563059,0.202997528117644
435,64,-0.688739872260341,-0.0603330509022698,0.10177529611821,1.0428425453311
436,64,-0.210142657146302,-0.258502169619104,-0.214236846901019,0.489257233090036
437,64,-0.390030104523126,-0.374047753397076,0.958707617164858,-1.97999936554485
438,64,-0.704747394441599,0.640189150555176,0.780325783187145,-0.289241274725462
439,64,2.44278179891499,0.299058455285119,2.03314047065681,0.869107423770578
440,64,0.157907168495593,-1.69059004729987,-1.03541220782637,0.969283744151844
441,64,0.686032460738157,0.085597394380177,-0.672397761553446,0.0266126420577609
442,64,1.35847464289615,1.09008476286824,-1.66379869351547,-1.32002111496146
443,64,2.18305803943801,0.105710915455797,1.12859772822761,-0.317259345762186
444,64,1.59192852912144,0.248844673101097,0.0534850943275289,-1.07754743558333
445,64,-1.8811032701462,-0.740937017255721,1.14323437756774,-1.47077596895113
446,64,1.06565504664868,0.0572833804345151,-0.248080492584091,-1.66745946002676
447,64,-0.747861667018772,0.795968856298009,0.275537791890024,0.317432319085433
448,64,-1.15562570103892,0.300368063734931,1.38263959922898,1.3046102532613
449,64,-0.652040438486178,-0.385022504815826,-1.56385023454627,0.158579234704663
450,64,-0.850859834902929,-0.884279390069816,-1.47683402126273,-0.530987471743882
451,64,-1.11546564473319,-0.815423959491201,-2.13569646563107,-1.23501719407134
452,64,-0.5799932900711,-2.80397901818759,-1.94968476164514,0.648123380508268
453,64,1.05457155212148,-0.421899542076288,-0.860172237141386,-2.21027192703376
454,64,-1.19272374319068,-0.981572715858958,0.111557699974094,0.36938748870073
455,64,-0.200699101596279,-0.179965263698203,-0.309384573891593,-1.92290381780848
456,64,-1.3111168759933,-0.337926388362576,-0.454174449652505,-0.324520571047568
457,64,0.91376353895571,-1.48818957256341,-0.745631954207431,-0.75771541196668
458,64,0.964990141970975,-1.85141869113108,-0.948766044695783,-2.03259151587906
459,64,-0.130632299111321,-1.12847806609378,0.637402195649656,-0.495042093462405
460,64,-0.563335409762125,0.11878847766513,-1.33167551591494,0.415785229444988
461,64,0.116465996260641,0.943046928042558,-0.329022166853327,0.246700580824169
462,64,-0.641585991957575,-0.152772895253102,-2.3567352225351,0.399186303128424
463,64,-0.901823954135223,-0.782660913151942,-0.179974975103173,-0.475813993520824
464,64,1.38924138854863,-0.265903695153979,-3.17183035650862,0.499135244761955
465,64,0.36852502661212,0.497233121093452,1.79181636181244,1.58896025870856
466,64,-0.941453159741432,0.382725053222421,0.382721224672881,1.54853152575281
467,64,-0.518740226247879,-1.53401595307296,0.615920905107828,-1.78737705160899
468,64,-0.474233014305092,-0.0218053521516345,1.73791022091676,-0.692368374574156
469,64,1.29282166474034,-2.00263505549391,0.57928022156426,0.574132489235116
470,64,0.457009925949187,0.511371100535976,0.296415984568341,0.559825650484715
471,64,0.740181001019298,2.19529253457608,0.368528226278685,1.68619069733497
472,64,0.560893521869898,-2.08298836171691,-0.651289894049672,0.516753982947792
473,64,-0.422248039723377,-0.462448267267679,0.894987305261923,-1.21630005235361
474,64,0.0993788222213395,0.155574949031175,1.35182738667489,-1.3885171230986
475,64,-0.725883486621964,-0.0220865993936538,0.0872000243838291,-1.15299664419066
476,64,0.272459044577405,-1.32666134206445,-0.620925376837502,1.44553450448277
477,64,1.07401954103654,-0.385897016580023,1.03135473415697,0.858847705614237
478,64,-0.166931138918079,-1.31292774081704,-0.209611536411009,-1.13973956474522
479,64,-0.370865926198161,0.364402048917456,-1.58917368376625,-0.510388365202763
480,64,0.233388343520545,-1.35594752317036,-0.90332184552617,-0.878557226321856
481,64,-0.646978999259919,0.658245373808413,1.11235170316752,2.8512092392989
482,64,1.28814152259241,0.545089960480269,1.07524308130062,1.38644405225528
483,64,0.35439272740848,1.4087048052258,-0.167365514777753,-1.36405753308281
484,64,-0.703400572034675,1.07319228874602,-0.184906697929667,0.529155983361919
485,64,-0.664870875161338,0.178343997003029,-0.409992456312839,-0.75584133611158
486,64,-0.801104532175714,-0.801722953809369,-0.892484112785198,-0.086605260776554
487,64,-1.24816012892797,-0.526848302502245,0.652615901525332,-0.375099082672245
488,64,-0.291849061864162,0.248453126083625,-1.61992833948125,-0.514917899740869
489,64,-1.07565745767072,-0.949641850555047,-2.49750964277284,0.998988159132851
490,64,1.41318098437377,-1.14816983690301,2.56251235381822,0.668819634173937
491,64,0.0312936316095576,-0.221381306914858,0.682914070582534,0.288173067023126
492,64,-1.45010480400023,0.0827346592015219,0.077512195760042,2.11492344905269
493,64,0.086289352482437,0.582033998555974,-1.46384432028959,-1.86128669100086
494,64,-0.874192394611837,1.02821524888872,1.18350117142332,0.00322546099760877
495,64,1.45044065373343,-0.711498643895441,-0.37280671537279,-0.149299590007395
496,64,-0.965388533243358,0.987215736161094,-0.280024348336736,-1.16546421447535
497,64,-0.438805882886609,-0.0352432155584645,-1.88227821537684,-0.809768781470076
498,64,-1.11350284234165,0.076085609674505,-0.942494955495852,-0.160549761205774
499,64,-0.263033996876726,-0.0923005849041067,0.211425470897393,-0.0402646744714142
500,64,0.281339199472259,-1.14154002240385,1.07973255998532,-2.27707247708388
1,65,0.134546353386583,-1.02813516553415,0.97738966217641,-0.433734548825796
2,65,-0.533931794535462,-1.29928835024677,2.08305188188917,0.556837450243698
3,65,0.348812854453888,1.51721141836969,0.312463474575344,0.0501239841108726
4,65,1.73108177787819,-1.83821737171667,-0.339238794780619,-0.066980667723148
5,65,-1.77343361999454,-2.60893865577111,-0.436413898996244,-0.0996932953830369
6,65,-2.10107171882983,0.441120388421571,-0.216912050124746,-2.2412525411417
7,65,1.63430503594937,-0.0299239327648058,-0.967801105913017,-1.27832386912128
8,65,-1.70771420068504,1.20335440708012,0.112478194944338,-1.0268582157681
9,65,0.189846926207349,-1.6334401435305,0.0756567317528415,-0.168369329272761
10,65,0.573909348499142,-1.24406042854862,0.559494966271121,0.897699024706723
11,65,-0.883360329756679,-0.731929063351792,-2.09752264988106,-0.306261597533439
12,65,1.03374506993136,0.00020192182042355,0.0792795673531245,-1.16375033758997
13,65,-0.0929042051014995,0.550535570991258,-0.792300324133133,-0.68496778811613
14,65,-2.02906554043877,0.770005616521526,0.0432740570771269,-1.39523156121885
15,65,-0.209803154425047,0.813305171761865,-1.36540806051893,0.806173182453196
16,65,-1.37272423234772,0.275291945924894,-1.06103088947701,-0.9553909000772
17,65,0.616979102337517,-0.571149273982183,-1.21652047820617,1.00680575168001
18,65,-2.68434622723992,-0.543989073222715,-0.871466746528895,-1.983774572664
19,65,0.164245486392576,-1.88951159511408,-0.655589159445521,0.557365640153946
20,65,0.489373079628606,-1.25796949270617,-1.27705061796458,-1.1154504334685
21,65,0.521826847203205,1.6532330591398,1.4425516956743,-1.66138596404304
22,65,0.31468949575431,-1.56892191011736,-0.942345628460875,1.56651252794086
23,65,0.120389451303037,2.64998529440723,-0.559865997340016,3.37610398402932
24,65,-1.00738772158486,0.481842525401246,2.05268222759515,-0.278046355793723
25,65,0.836422604582386,-0.752486016834478,-0.100515028911835,-1.91387180156675
26,65,-0.668692621341336,-0.660089941556499,-0.580975168071546,-0.266848437450347
27,65,-0.979917181072553,1.29192152175873,-0.445461723617666,0.774586343771614
28,65,0.430845799774207,-0.317310926104538,1.88508973320008,-0.820065236410928
29,65,0.345858730893946,-0.731860269050821,-1.33755855302016,2.30649441500255
30,65,2.1099808484397,0.254619492657659,0.57767035104856,-0.372378367898404
31,65,-0.8252691424591,0.0823596740906891,0.914275197224707,-0.516723689784821
32,65,0.957401985872344,-0.675343628642798,-0.539667020615234,-0.224609342253613
33,65,0.468265823844916,-0.878805417634343,0.857215870600794,-1.90319981674706
34,65,1.79303178990874,-2.15005179165112,0.769737858343013,0.286235125482394
35,65,0.752829138030896,0.29078387319374,0.634029657780931,1.59207120243194
36,65,-0.545250656146862,0.141573104299626,0.813336670619036,-0.239908649344726
37,65,-0.438719672795697,-0.927863969894112,-0.384299818131241,1.05993162033889
38,65,1.06827209959721,-0.44255202761566,0.646795179391345,0.420139139031147
39,65,1.18768156759866,0.43656357970231,0.937243413569552,2.20070398517869
40,65,-1.18522425476049,0.854679984364008,-0.503935229213026,1.64663110145091
41,65,-0.914274809815458,1.31936205315448,1.85037095945756,1.47099451128879
42,65,1.69554743435946,-0.884120356001325,-0.126717317191723,-1.01078685297559
43,65,-0.457556271942762,0.464108327304452,0.807265202417221,-0.853281581555873
44,65,0.0583381201588025,-0.731988201420512,-0.318039820577028,1.06848820465303
45,65,-0.573162070286114,-1.53658992162196,0.240307991896548,-1.59510818442935
46,65,0.403808933954994,-1.69320996524853,0.958309586990554,0.0931407191744913
47,65,-0.637229838352006,0.282864411858387,-1.65122552168931,-0.892421697842682
48,65,-1.30724421106724,-1.74488625734316,-0.725841470620474,1.48889483947488
49,65,-0.0156160668502246,-0.445935714773491,0.410689850336819,-1.06837910851007
50,65,1.85144377852154,-0.156187337452309,-0.42005206264345,-0.0769397916656974
51,65,-0.422831517969205,-0.356520795258399,0.974225510326293,-0.523607248955797
52,65,0.096851632135847,0.492208848021354,-0.957194131859393,2.00732244468715
53,65,-1.06347462936601,-0.0231381409004084,1.00428809091139,-1.31121260391822
54,65,2.12209710891763,0.636769499487229,0.0380771636191785,0.157142528716882
55,65,1.34128899339815,-0.34478273631199,-0.0390609264710748,-0.287366766449777
56,65,-0.680631388397069,0.972616191423987,-1.71080027346204,-0.558995913396129
57,65,0.474260258264504,-0.198252729262008,0.369577385083221,2.21310405064307
58,65,0.184444914620506,-1.03002072460592,-0.342947862930646,-0.566203324695534
59,65,0.00694769361359225,0.0933867446963473,-1.30647383333516,-1.26392913039592
60,65,-0.332898054616889,-0.0162805769307883,1.12088160379754,0.641384647558501
61,65,-0.0876124202403259,-1.91884070480661,0.43867976826185,0.905055537850691
62,65,0.341636245062641,0.409312867889566,0.420058073576187,-0.530528984932174
63,65,-0.962805617044901,-0.953308135710585,0.720954694633295,0.187703650053834
64,65,0.154045832237546,-1.96235515492652,-0.15859033162786,1.67567212117658
65,65,0.506759078959439,1.97762234850528,1.30942171010134,0.253473472056893
66,65,0.471764582251977,-1.6020160825624,1.90709753656717,-0.590771092237631
67,65,0.217145680354146,0.117928342548441,-0.891842626250611,1.06954000850645
68,65,0.439683289846163,0.293339127423423,0.498821666801774,-0.630344363926906
69,65,-0.247145567419043,1.82836712330082,0.438260264194823,0.85145291325538
70,65,-0.12046625669516,-0.0554822148483933,-0.344589757174442,-0.707800321866471
71,65,-1.33073037268959,0.348108829072202,-0.0960666533361757,-1.0990998512619
72,65,-0.824350503633107,0.103375221513851,1.3285348667477,-1.76437561109692
73,65,0.465274079820957,-1.50397295596989,-1.00487897993075,-0.0882127494143414
74,65,0.865296612380555,-1.2078958423389,0.0994000824517738,-0.654407914113168
75,65,1.42852109095836,-0.178385221479694,0.0859794717909806,1.60423024123983
76,65,0.16483886326322,1.51184697954094,-1.35157240434212,-1.50175095304146
77,65,-0.246243945750959,-0.0764267977012099,-0.833976724426592,1.03775202845897
78,65,1.82395243892219,-0.728460210412065,-0.219779025108481,-0.531123414682059
79,65,-1.04565646142156,-0.679365037308934,-1.34156544633654,-2.03566904906619
80,65,-0.0479655378254617,-1.19169266369047,-0.278448089646896,-1.37501723536688
81,65,0.620377498193111,-0.386434816326746,-0.183130562622623,-0.54456501047763
82,65,-1.23478915864592,1.09456420411311,-0.494993279038884,0.573553144723849
83,65,0.252254602833321,-0.599479757187131,-1.30765087703022,-0.329787175500557
84,65,1.27386896091505,-1.44280775642675,0.045122000055532,-1.26703613036209
85,65,-0.123575636280334,0.00898917664013263,0.39374938082545,-0.517955254571656
86,65,-0.45115787878922,-0.00229612170691484,-0.287247212926743,-0.204573508116494
87,65,1.31467812564028,0.23905913099924,0.70726137250892,0.449491811875462
88,65,0.728824980204097,0.476241102232292,-0.132715379117083,0.13300514043993
89,65,-1.85451714810793,-0.545315364390277,1.28617924540881,1.68507830276173
90,65,-0.389691548306338,1.6075716903904,-0.414363563026925,1.48352501195152
91,65,1.83277062921781,-1.48812834802642,2.28723973201117,-0.276579632880256
92,65,-1.96106617669204,-0.0623630240772438,-0.443537034833376,-0.979346727547391
93,65,0.670512890286165,-1.1040598138837,1.38635896608046,-0.598326247464692
94,65,-1.11509900524586,-1.92512805017202,-0.406209599306161,-1.19280698144082
95,65,0.596508042347901,1.91814781199374,1.88496320614488,-1.84938104439051
96,65,0.105536789429144,0.359958767155674,0.29507052996342,0.970874538468897
97,65,-0.579915380341951,0.371696599827913,0.0876845040288942,-0.187164436555069
98,65,0.079355909937386,0.0362061244592476,-0.229981997635785,-1.64942039772335
99,65,-0.302288335726216,-0.182859289480327,1.30159124254103,-0.357340503869742
100,65,-0.178723817534439,-0.243965677533421,1.40129262881017,-1.70921084369106
101,65,-0.0935040144327956,1.38699424843681,0.000475797140641086,0.228989691858262
102,65,0.715713011541362,-0.974481201647689,-0.828024117447108,0.161178100639238
103,65,0.262102855347793,1.89677301953039,1.92016161706311,-0.533956776683831
104,65,-2.05653663765629,0.115296024726613,1.49733417111939,0.0391511916280475
105,65,-2.12234469235603,0.237005305710023,1.43575960747093,1.09616420704105
106,65,2.35908751050893,0.904837879819489,-1.69876922416858,-0.914383423387595
107,65,-0.163865315225908,-0.199004586259055,-1.96043812372403,1.74064080935182
108,65,0.103262810314339,-0.331311755125646,0.415566285420118,-0.101493445238885
109,65,-1.41019405624367,0.726096046453459,0.00106730486215846,0.877297386406562
110,65,0.298737935205841,0.141052089911397,1.04935913790773,0.0217078308313562
111,65,-0.393712823859451,-0.0314539815897915,2.60792334123028,-0.53090250889784
112,65,0.368058283304448,1.6525971511376,-1.58024335721777,0.534386652257987
113,65,-0.526766382109142,-0.1980366757786,0.349011910198954,-0.674346892544362
114,65,0.49686213739156,-1.11267813052166,0.74698476994953,0.452058891281995
115,65,-0.371633677907196,-0.082853414368235,-2.18451737620109,-0.584932007669996
116,65,-0.551794139896258,1.09382376867556,1.60391329403544,0.278426054177781
117,65,0.0280434097618121,2.6042860187073,-0.407332999687742,0.277407952409476
118,65,-1.05761108078242,-1.60443184844003,1.68107598805762,0.14600783677166
119,65,0.515068057875735,2.36238463485481,1.54831454343066,0.363308674224736
120,65,-1.72975971649674,-1.10492867830453,-0.981291854452289,-1.84704058205727
121,65,-0.913076797179516,-1.74078811352692,-0.74946584385034,-0.0128340541243459
122,65,-1.12718536661339,0.863946021406057,-0.780650502355828,-0.528875325498426
123,65,0.0737866572816937,0.677190172415123,-0.532916568674697,-0.100565380300207
124,65,-0.71091988595558,-1.42040701734385,0.00930461606666747,1.01452311176764
125,65,0.0355926226154584,-0.353913358020433,0.773446198853203,0.82364281980378
126,65,0.932161272924906,-0.128796390904565,-1.31754262749251,-0.108270384926322
127,65,1.36664342888478,-0.851123498642166,-0.122823142868313,1.27668844511481
128,65,-0.723619455428205,0.752601604203543,-3.42654519251203,0.370126088711853
129,65,1.53242016375501,-0.80717106877848,0.369107990030713,0.407706422578165
130,65,0.676309331903553,0.924300393061301,-0.302485876671095,-0.455607788708362
131,65,-1.26292497459123,0.282721818037713,-0.157501482267092,0.114382819676241
132,65,-1.75780656197685,0.650695090237336,-0.387844321895717,-0.617878209464235
133,65,0.690158237448161,0.110103994565936,-0.120479315322137,2.49343915725866
134,65,0.562013794609461,-0.468747804703997,0.093254689616103,-0.263011278437849
135,65,1.2291240947008,-0.435086844338562,1.15269015959031,0.0341938122126883
136,65,-0.945271587148728,-1.36664826940421,1.29889494651718,0.902469988278228
137,65,0.877235732353905,-0.467756882295818,0.15460578466872,-0.779734896011581
138,65,-1.00173221882766,1.56526479167602,0.474736301833688,0.170936754196301
139,65,-0.678539014486322,-0.0988103714286276,0.825774605080093,-0.0133456335104433
140,65,-1.70443886093869,1.86158589197458,0.482237129258921,-0.261704920395067
141,65,2.0222062406103,-1.19285823168854,0.37698569897637,-1.39652555901872
142,65,0.31936087758334,0.405996186809844,2.1243139225037,-0.451038594820728
143,65,0.512528466085309,-1.08863424177706,-0.0575946801189439,0.876631690447943
144,65,0.0549191996375309,1.99672678843221,0.762852413109937,0.949313748786457
145,65,0.20881572984086,-1.30345680197611,-0.909953171075479,-0.441995874486339
146,65,-0.871277623178835,-1.1450398221609,3.03665656854147,-0.37457892986472
147,65,-2.01887127513687,-1.08349116225224,1.29723255022141,-0.27001968276989
148,65,-2.11446420326533,-0.0567042648086352,-0.5430596507808,0.0760295034936053
149,65,0.24034368865375,2.22096856181221,0.201492945051081,-0.168345189317632
150,65,0.256766959337258,-0.21786600670196,-2.13867299489918,-1.53517391373635
151,65,0.263766975085777,0.621910864694202,-1.0193596819748,0.607252573507003
152,65,-1.50602663387029,-1.76352259698953,0.466470698611274,-0.67708529934351
153,65,-0.0470802438436863,-0.370777742997118,0.779001045201353,-0.185176545042674
154,65,-0.115846842975439,-0.141001509492638,0.412571109589186,0.599238582476654
155,65,0.688487207898811,1.36999311473673,-0.316429173778759,0.517571559978623
156,65,0.912599088612505,-0.343605462767604,-0.0404474734306494,-0.213102712345903
157,65,-0.0136270761192367,-0.697376494900015,0.493473044947739,-1.33518346621314
158,65,-0.595613828963085,-0.661355094067584,0.5648977049443,1.41767282233838
159,65,0.296914211533579,0.813468404026923,-1.43612850946701,-1.36199937776936
160,65,0.569686684616364,-0.140962067036898,1.49979725078528,1.14267553972836
161,65,1.01086058978203,1.31820849324182,0.044013229576312,1.31410780682286
162,65,0.260955608997278,0.607668396267764,-1.16963607486875,0.255889798743798
163,65,-0.983527590593667,-1.21088475480958,0.864882197995863,-1.39271367522987
164,65,0.57750971060842,0.992868114874634,-0.0468010193809378,-0.440732129525981
165,65,1.0124093952527,-0.55294024592813,0.43198606774665,0.82472742950098
166,65,-0.881990969322085,0.0766087433009635,-0.725627598368159,1.11434122560075
167,65,0.429606724101536,-1.07612077412146,-0.171250912061746,-0.901344254103817
168,65,0.0177959026442746,-0.394681305684167,0.258415761872148,0.107667300359602
169,65,0.590086291180034,0.112440261483499,-0.52832036321205,0.109130320862816
170,65,0.0504459245565865,-1.17944371130955,1.26693617796243,0.918383342185936
171,65,0.161064887433963,-0.999245563920401,-0.392676358692968,1.70113073216567
172,65,-0.475314068486392,-1.00193835431293,-0.525202874470333,0.878982947588589
173,65,0.012901370440709,0.386958029270147,0.469070220725974,0.955576024778176
174,65,2.0866037504367,1.57451567555567,-0.541601674907328,-0.0755273475702873
175,65,-0.457479726679489,0.0561687812116554,1.35308231104484,-0.358811413332939
176,65,0.681829778599225,-0.273639131719128,-0.517735146595075,-1.56202195922329
177,65,-0.32221872781746,1.31624696112915,-0.659633078415689,-0.548022100750956
178,65,-0.774761593418172,-1.57066336271811,0.13222049030232,-0.859631636566226
179,65,0.0306209005258056,0.27723497378952,-0.193914562338611,0.118080298255324
180,65,-0.231022434711513,-1.6017004283672,0.016060437828317,-0.132212152728734
181,65,-0.221403344821294,-1.08803045172339,-1.64852671454233,-0.862735188121399
182,65,0.223821761642754,2.98633718995838,-0.40396935102067,-0.929106264424622
183,65,-0.456644705669091,-0.622120896474871,-1.16115689852152,0.620134870666813
184,65,1.40580159512562,-0.213144187101498,1.07209975935339,-0.56084977623031
185,65,-1.49501200516306,-0.437200852691822,-0.204942479086094,2.02967044796272
186,65,-1.39234590377566,0.719010654576678,-0.967838349727177,-0.481314462195123
187,65,-0.275553647802715,1.74705419854519,0.414454877057614,0.565515846588408
188,65,-0.23587066275263,-1.11802318206496,-0.208594045456098,0.309470056545243
189,65,0.678821132453721,-0.791407095215416,0.81455265706671,0.116712390877104
190,65,0.101694836236535,-0.271455788606203,-0.358963745559807,-2.35635251304453
191,65,0.593793142366311,0.0662364060000701,-0.0929953810699576,0.0185421265433088
192,65,0.553573266272938,3.81417873997179,-0.020136331587661,-0.20618958754873
193,65,1.15260971097602,-1.71987042561067,-0.631140463336481,0.96253079606928
194,65,0.630313026083766,0.228417034171817,0.507603684484333,0.829119977824274
195,65,-0.539011958964628,0.643480404231961,-0.122009744420567,1.36690333983461
196,65,0.803269634722399,-1.07352659140167,-1.36127299619151,-1.63125062530413
197,65,-0.711248163445456,-0.106120565023279,1.92286945344622,-0.138453011274711
198,65,1.18746888897267,-0.362021229689344,-1.36011642573551,1.05934526865838
199,65,-0.981059810372483,1.78723567551002,0.240318491765575,-0.221456190321909
200,65,-1.22050443467649,-1.62738740248163,1.71305612353421,0.383824255905099
201,65,-2.48675898293137,1.57140378812521,-0.149637864746861,-0.257067832500953
202,65,-0.874791132787714,0.442242904639416,-1.18795744231738,-0.345439827020411
203,65,0.206289138737037,-0.339780971158504,1.44193682135158,1.16647509442603
204,65,-2.01883151288339,0.0286536897076519,0.182672753362214,0.00876990101087716
205,65,-2.09349417275246,0.641216355185263,0.25098817617192,-1.20154924654489
206,65,0.911406178943572,0.818133892484214,0.988715110045666,-0.583962476301617
207,65,-0.832714424683472,0.795085646647623,1.81694578393347,-0.381478033414271
208,65,0.797116804762637,1.3036771317878,-0.956649438064866,-0.611224825397154
209,65,-0.178510796071723,-1.05690392198103,0.582498380242553,0.460853293330488
210,65,0.192248707198319,0.42576625254923,-0.394928969363639,0.497773332526413
211,65,-0.519940774548148,-0.0959973607555435,-1.15464217821559,0.234617102109355
212,65,-1.12997915062254,0.212763355605186,0.431728273450014,-0.728987887109435
213,65,0.986599048049994,-1.02769882127589,-0.220292309387172,0.13254846649735
214,65,1.06905439892589,-1.66661385500842,-0.761891001521021,-1.23980273852056
215,65,1.13813186846427,0.709623861572783,-1.5180403444009,0.0588413211576038
216,65,1.66295983836599,-0.112085852493582,-0.294488140602586,-1.29626714814122
217,65,0.252125524356473,-1.31019932134764,0.51225349785801,-0.0562453208187082
218,65,-0.307244512928682,0.256214160389715,-0.743514696774177,2.72681834711589
219,65,0.751008062264557,-1.55998180406334,-0.926658942389826,-0.732487524817687
220,65,-0.248163529075583,0.13334241718177,-1.57431073189201,0.00779811903225065
221,65,-0.800471908750906,1.61882765488671,-1.21842892864618,1.29050214134952
222,65,-0.642932530317077,-0.292364304957471,-1.68249723504829,0.559589317502674
223,65,0.998617196346783,0.488735678401723,2.15788961631084,0.045338262994786
224,65,0.198155086872831,0.206491025424027,0.342181418341867,1.48224883677184
225,65,-0.77243453913068,0.260501198233284,-0.655306770544179,0.5993652227329
226,65,0.244932490834548,0.50465123543413,1.00992318449131,-0.95416009089229
227,65,1.5425284926782,-0.402222502596444,-0.300127395169375,1.45650759657616
228,65,0.587395784338801,0.000916701012425673,1.34488951373093,1.39788353252713
229,65,-0.840730256261883,0.383833570171044,-0.225571410501508,0.238952518897899
230,65,-1.36826098253169,1.52273916102874,0.576881254810117,-0.965194105250147
231,65,0.892178292383608,0.617035663322554,2.95457514016006,-0.0713554801832968
232,65,0.522344179576114,0.0569316904840833,0.737633654635021,1.75090919800751
233,65,-0.887300823655499,-1.60733145478048,-0.919536038483192,0.787331859564966
234,65,-0.137122999893176,0.766634411071129,-2.16952140613985,1.15112130551796
235,65,0.175170586233843,-0.0529738165088205,-0.998098378453612,0.374568431346582
236,65,0.720196531303246,0.650199369889059,1.37612273151451,0.737170008635496
237,65,0.268117377349239,-0.359735444361382,0.443720645451411,-1.1157193893382
238,65,-0.609363500264421,-0.54574835444425,0.847500253173762,0.354330546986702
239,65,-0.353524988246606,-1.04178669927028,1.21825903286643,1.23446490806827
240,65,0.28395068191549,0.614629205762382,-0.345590995967613,-1.37752267921826
241,65,-2.50377959581582,0.790338214562898,-0.56490176022962,0.785054055884453
242,65,1.37554547135437,-0.429815035667231,-0.968790429442209,-0.749867050582018
243,65,1.1712248393424,0.584964370457218,0.668023603819005,2.17509476770039
244,65,-0.791139658202597,1.35265629589769,-1.27314863346903,-2.36017679492736
245,65,0.590156749765475,-0.243784809731052,1.35781383638761,0.0256306338411173
246,65,0.943816062605014,-2.2188958185122,0.588523101484725,-1.35609531922911
247,65,0.776021780455641,-0.352431255646072,-1.32238702353233,-0.623806977037494
248,65,1.45553534613246,2.20363374137601,0.695262586474375,0.85484907363079
249,65,0.233330514562663,0.881224450408537,2.38450432987419,0.577578485654465
250,65,1.17612629540175,1.62101441423795,-1.08118878466484,0.0145934735324273
251,65,-0.44341765662291,1.89924262749108,0.394656806882087,0.598524821865334
252,65,-1.05837535563618,2.38908678676832,0.915789007104654,1.50182857033762
253,65,-0.859725287287324,-0.444794790766915,-0.18495877923269,0.611956168077135
254,65,1.06708896363431,0.67984755512093,0.780588500925528,0.065353034192599
255,65,-0.335561608272694,0.325370954863024,1.01458018439208,0.196322379217011
256,65,0.188328873274964,-0.190544904736854,0.592670202306662,0.211679509432245
257,65,-0.584382622723268,1.0486209470787,-1.22770399909819,0.579513993372212
258,65,-0.626041760365469,-0.523873167095074,0.879348704691335,-1.15395563485965
259,65,-2.06197966228173,0.684376243605154,-0.387922851987601,-1.2886435327991
260,65,-0.587091866048863,0.0296442611359455,0.323097765358833,0.251595926420126
261,65,0.762657055821111,-0.524362064164577,-0.637663601772653,0.0754677569015415
262,65,-0.196751677779108,-0.384910878526441,-0.691952562205567,0.288750298841697
263,65,-0.972445805933176,-1.35000105754518,-0.524567801750123,1.46745503817419
264,65,-0.621730393516442,-0.0940198883509687,0.285115570481095,0.221946025821691
265,65,-1.3588519039836,0.853909950359476,1.3121341049421,0.601489814106327
266,65,0.783089168154,1.20337083780583,-0.219058156444665,1.89589789432566
267,65,0.11516848144821,-0.855216116262908,1.16200441992906,1.20247801722579
268,65,0.308298984332804,0.613018725933877,-0.693814781116757,0.263549780687428
269,65,-1.40816528776347,0.651168987870099,0.812998323640574,-1.6894794530407
270,65,0.285711424088531,0.0132834349835522,0.932179226162675,-1.28360966157645
271,65,1.18303404214649,-0.847375381772944,0.967530102081116,0.783119987344484
272,65,1.04009784805631,-1.49578068502185,-1.03141298657397,-0.0032342008678978
273,65,-0.935689408744109,-0.540059427760282,-1.46870214844612,-1.77816524522045
274,65,-0.169013239786829,-0.410839145126983,0.679559977969267,-0.479857321857961
275,65,-1.48626506834854,1.87455930921604,1.23924424410017,-0.38412206161931
276,65,1.24573554877347,-0.131326305620981,-0.973603832441641,1.48081264358214
277,65,1.78863070987888,1.6591065275818,-0.181432207463761,-0.240795115378868
278,65,1.105777027034,-0.561240090055308,0.466846460979434,-0.352663605634566
279,65,-0.966095588170797,0.622941440707619,0.25837618828569,-0.510239899599475
280,65,-0.186120798899967,0.395991641839608,0.409006941957934,0.0484084889097853
281,65,0.00442656465859176,0.0726499681021049,1.7296193097209,-1.46290099118599
282,65,-0.851347251134176,0.188544875832955,0.395681544227984,1.24645433413114
283,65,0.108601453312403,-1.55454221496919,-0.0778039577484689,-1.09259771044432
284,65,-0.639770073587955,1.32917888101831,0.150644349144162,-0.390156455700648
285,65,-0.584545247293368,-0.146124473590093,-2.13783304593375,0.844815719137628
286,65,0.542563555972364,-1.65088685838398,0.638718291238141,0.655859222215482
287,65,-1.05860354124407,-0.599629736806184,-0.40016219601269,0.168977786589217
288,65,1.49817560179051,-0.743947980959266,-0.00113263642002489,-0.616651373603631
289,65,0.949308165642038,0.0562603254626247,-0.198270074066877,0.31716145576159
290,65,0.378597376750336,0.775603789068583,2.40002918801895,0.150364522497831
291,65,-0.579011581133745,-1.06493233767441,-0.256166614112144,-2.18976596628343
292,65,0.738099464643839,-0.518198514043388,0.215111118096004,0.959025875550773
293,65,0.887380017959199,-0.598327507396107,-1.08224451277048,-0.659252027109603
294,65,0.0904360418109193,-0.390925426442603,1.5015542136817,-1.13746834590394
295,65,-0.133442318785207,1.88262107586221,0.542933999836988,0.246484988649544
296,65,-0.845988822957489,0.762356159610598,-0.746350815052192,-1.37392342621422
297,65,0.255556031087528,-1.412195365967,0.246480546987949,0.904758323044694
298,65,0.268884691477018,0.705265838945002,-1.19518645669172,0.352826978697925
299,65,-0.293686886406177,0.346538226768385,-0.378673627573281,-0.683027035781751
300,65,-1.54875355719199,-1.33811260468017,1.23476786100014,-0.747998386896832
301,65,-1.6217143683452,-1.1122778156901,-0.4095183715235,-0.00650924840137082
302,65,0.187424994426838,0.162610869332241,-0.340279207038235,-0.485869849873234
303,65,-1.1621271852151,-0.375651462716979,-1.35893799481204,0.959515392103171
304,65,-0.422785478003313,0.481406919687116,0.659534255928669,0.619662142169335
305,65,-0.721853250702044,-2.18760629082246,0.989967541846653,-0.527207903088716
306,65,-0.0719292318048209,1.40356087053378,-0.0156663656580981,1.68737059987999
307,65,1.55667309055516,-0.694364943699583,-1.37026265474498,0.107206379527655
308,65,-1.08355254622284,0.689855039469454,0.564831811163894,-0.563453087641913
309,65,0.880419843326907,0.813365221485139,-0.425688544595988,0.301471586178876
310,65,1.63120737955712,-0.516995031371963,0.0415931516582308,1.47469049358314
311,65,0.159430450765598,-0.811682663478217,0.0666076051925807,-0.115694980416612
312,65,1.02877590296819,0.68842127514882,0.568853908320907,0.119428199591813
313,65,-1.29524538234532,-1.01364779560623,-0.330150367922131,-0.0817835782005279
314,65,-0.128220664724494,-0.36194826721527,-0.888935491425788,0.817425047926127
315,65,0.323845965171225,0.700796310741465,0.592024282856765,-1.44770472600116
316,65,1.03243518709304,-1.10517325746419,0.955713376115679,1.53660821514907
317,65,-0.471291894296429,0.248220112102287,0.289536447567674,0.482199559846057
318,65,-1.01989176827332,0.6123165657387,-1.38188508596526,-0.056102892198586
319,65,-0.689199831201803,-0.283125999403914,1.17299964291224,1.01825745695688
320,65,0.704592541045491,-0.696995599575255,-0.894828530365647,-0.901388446026725
321,65,1.16080215567375,0.355355063330107,-0.131462291886354,0.517863723314655
322,65,0.55987479311657,-1.20105992580107,0.61805595339618,-1.09168605612739
323,65,0.700281764515321,-0.131587092346533,1.07387633566063,-1.0011796868055
324,65,-1.77325127728651,0.103303777253671,1.76445414672659,1.09997800343973
325,65,-0.873219140987556,0.671478088389614,2.04875911377359,1.071645747999
326,65,0.0705264320422904,0.831951767314935,-0.253978881683844,-1.24941417191611
327,65,-0.512762854741983,-0.908037397768065,1.04863848802787,-0.302630108267033
328,65,-1.26896906905509,-0.753557769667307,0.336391066031111,0.373395614975319
329,65,-0.505544733069098,0.594534052168497,-0.292311997866779,0.562945740238356
330,65,0.822071384649509,1.81393742509126,-0.0629421255281223,0.220366579147307
331,65,0.42540240998435,0.535909927990158,0.55652364841352,-1.228338163925
332,65,0.582027278921514,0.659109277485506,0.966644339877866,0.585456912904903
333,65,0.424868212534574,0.509186032670013,-0.00766352484732584,1.30442360043298
334,65,-0.786260140295393,0.589289035577765,-0.76873947566694,-0.388079127669909
335,65,1.21031484809405,-1.83667114502306,2.44005473371542,0.201862950610118
336,65,-0.608633566207767,-1.34000124643591,-1.40548006592977,-1.35101397280827
337,65,0.887464328988401,0.865444520456759,-0.190957870844814,0.585961607492035
338,65,-0.624620888188317,0.350475660048135,-0.184180976238669,1.89742243497659
339,65,-0.0913650702267134,1.2490989156756,-1.89099932240793,-0.17342038811709
340,65,1.77135375056437,1.40107206443264,0.125644315157889,-0.480444978684848
341,65,-1.26525783752255,-0.915255029918052,-0.120651736286041,-1.31689330220509
342,65,0.877554802429836,0.32058873115801,-0.219473981186029,1.2400445792899
343,65,-0.81205785835104,0.156317493125557,1.5891526504761,0.593081974537452
344,65,-0.145649956469581,2.05485000170212,-1.78599880202979,1.27787559899146
345,65,-0.288593493095308,0.195569041319748,0.123389918224847,1.0625674461758
346,65,1.13660228172072,0.771081723135651,-1.61038697924583,0.793095697088421
347,65,-0.730195816547714,-0.145381764058125,0.0965650044139807,1.34693626719676
348,65,-0.00952713163309607,-1.7288031488177,0.710391011726131,-0.866247354346226
349,65,-0.96580321395363,-1.04599264353551,2.47404840706697,-1.81101261431647
350,65,1.34111151649494,1.02935076286106,-1.00877074546878,0.0968236659398922
351,65,-1.55861993947905,0.576534056840322,1.06173695625584,-0.399072939379954
352,65,1.22631608413448,0.816815407785502,-0.954089454855942,-1.1522209083144
353,65,1.26849251620375,-0.64269107850904,-0.0200203118039266,-0.109507206868573
354,65,-1.20963798876565,0.708388756180429,0.82001132406249,-1.84574472341615
355,65,0.371754755403204,0.631028040764183,-0.896256866393107,-1.47425434539377
356,65,-1.02844653042164,0.792554839571583,0.613968408285733,-0.49543463616206
357,65,-0.925345133963012,0.0787882739732728,2.2596179148006,0.703205173577224
358,65,0.0100703628903036,-0.878102302112329,0.0290460599137173,0.643074502743588
359,65,1.2896480171065,0.317993742064467,0.620249920466728,0.386494675126032
360,65,0.252626710505876,0.711899788234767,0.725376555123924,0.898415729135457
361,65,-0.567554649385204,-0.965082594399453,-0.112995404499248,0.796826095512555
362,65,-0.0486097810342694,-1.22701749008597,1.445877443552,-1.98492327033218
363,65,-0.0652137678664337,1.45518925410027,-0.258891985339718,1.76889629941284
364,65,-0.310542615567337,0.889535562469162,0.797077008658794,0.44813701265514
365,65,0.0434253975087041,-0.622298730412584,0.383534174410869,0.544294111158818
366,65,1.1424800938825,-0.0123878406933908,0.517439618235817,1.66785979493412
367,65,1.20371552945367,-0.453753318542556,1.51369559120023,-1.08684351590922
368,65,2.29755036978093,0.598736892948443,-1.36424062322788,1.34126796601547
369,65,0.13852339810891,0.0765258414912072,1.34638630246548,-0.560723111803946
370,65,-0.266271639967973,0.989759397494849,0.666564589270069,-0.0507476372485072
371,65,-0.199967004202752,-0.00721725868163559,-0.00890431930949765,-0.632332993026683
372,65,-0.364672026350713,-1.57040299961627,0.469424446114068,-1.79778668606996
373,65,2.31245585560358,1.95972364947948,-0.979878177399435,-1.23534625198419
374,65,0.361508944337283,-1.37565521348031,-1.48524810439533,0.959857837246087
375,65,-1.96967292751291,-1.78861287515791,-1.15667605366695,0.419184205437305
376,65,-0.276613808880131,-2.22653642310344,0.417863512099753,-1.59509826068103
377,65,-0.349281430142744,0.697191226731549,0.587546643215087,-0.839983653688768
378,65,0.873312127254251,-0.790969171238263,-0.377884652766351,-0.104128549403477
379,65,-0.546861650734463,-0.935432018014669,-3.43066719417872,-0.351102227805774
380,65,0.986213038599688,0.787597588759756,0.2591897053813,-0.1530141873052
381,65,0.282043891001106,-0.504590317483487,0.567467962690285,-0.112268605630365
382,65,-0.674283043808555,-0.589758106243409,-0.587433370456888,-0.403635162201326
383,65,-0.24261628932367,-0.27855855479034,-0.806420589541548,0.795357309842828
384,65,-0.409232731560129,-0.935614898804567,0.215566759425777,-0.383286769533454
385,65,-1.68616844365251,-1.6340779348935,1.02063304318921,-0.163044656914015
386,65,0.907849988255455,-2.60850418630255,0.873595098222392,0.587036753777511
387,65,0.639447824960448,-0.323210693502618,-0.805550143581876,-1.41527943553419
388,65,0.21913646290759,1.25629725858646,-1.35168777752553,1.10838291417731
389,65,-0.661760775919644,0.916953860776871,0.231964049195573,-0.362060568857754
390,65,-1.18329316273399,1.46638659427502,-0.636501855938879,0.423983925018694
391,65,-1.3099875887091,0.189809716849304,-0.805489212045539,-1.40883569656548
392,65,-0.861441595156784,-1.00568685277823,-1.82114885833611,1.22927395890027
393,65,0.192445054653785,1.25243204437142,0.647398148028091,0.336670793580437
394,65,-0.777264683810185,1.44805361922601,0.422188536373962,-1.3245224042684
395,65,-0.246974258584851,1.073874520099,-0.574442428921578,1.94597493365465
396,65,-0.0298714748701509,1.07641854732331,-0.65091005080432,1.00835572538467
397,65,-1.99494401594031,-0.235110340929692,1.26879347564812,-1.77147627015624
398,65,-1.09400414366819,1.7074466319453,0.593896165582291,2.43597598783973
399,65,0.532430532963976,0.0131888415424731,-0.289308277658487,-0.172666396394337
400,65,0.203338144769009,1.05589611473196,0.306376873391735,0.680163314421731
401,65,-1.0504108500622,-0.253549207831412,-0.536236925720008,0.0873534319587468
402,65,0.554830932561362,0.0352946374140868,-0.431973363091977,-1.43872980052459
403,65,-1.26837898002455,0.986400472654783,-1.26326673700812,1.67755829726992
404,65,0.417702641594143,1.8296612526077,0.980253967020424,1.00573178751511
405,65,-0.178002512959018,-0.748388685542258,-1.61246695798031,1.55757683980692
406,65,-0.8318500697607,-1.46337955189119,2.3595235036646,0.253135030483477
407,65,-0.32045185881835,0.497446434415305,-0.298457741364889,0.614498944124813
408,65,0.350729302505366,-1.42460879660885,1.59410099253616,-0.427351042929945
409,65,-1.97453403900251,1.5163146552897,0.927711680020218,1.05832352007626
410,65,0.640271007121637,-0.279034887046313,1.24147959460939,0.69346785994732
411,65,-1.09864817806467,1.08308423388145,-0.175602179991002,-1.63689811282906
412,65,1.28711982655058,-0.197771703256101,-1.62064327313085,0.536072711540359
413,65,1.13042754414853,0.0242650733716219,0.658472779449527,0.190940669224848
414,65,0.266034923219512,-0.0575176027815376,0.231307726198487,0.973878815954344
415,65,-0.997017815154707,-0.939659581400976,2.28505416677,2.0365511452287
416,65,1.28500529831132,0.211587715886498,0.92746743160073,-1.06643293480643
417,65,-1.78663896393628,-1.6579213176709,-0.632662511890387,3.26068166130812
418,65,0.584762472704297,-0.337116076936563,-1.20527424252243,-0.446734106747377
419,65,-0.157956700499258,2.13590349105805,1.01568652480006,-0.484731915864412
420,65,-0.437889015291982,-0.120715314650869,-0.524061372561802,-1.44363287696057
421,65,2.26523511241172,-0.705997836970146,-0.125827644061715,-0.680453616179108
422,65,-0.136348119245169,1.98504053561689,0.13615547808084,-0.0753529710041655
423,65,1.65162937221126,-0.996847077069845,0.991842001126449,1.06323125365433
424,65,0.179145822550335,0.326012735357466,0.991701147584547,0.727303056000509
425,65,0.559523346206867,0.472644953003861,-0.476961311915171,-0.597301247339715
426,65,-0.643989096868985,-0.150362181239814,0.491876320450043,0.469401421204995
427,65,-0.816658311252807,-0.486911893389205,-0.943336349462135,-0.0928096574451363
428,65,-1.69738383289378,0.62043010645172,0.617219076566909,1.37838939213699
429,65,0.0967623006284591,-1.62462840055866,-0.0658811077121197,-1.51269273183408
430,65,-0.539660871143765,-0.36311873222587,-0.114411462141956,0.222269836095058
431,65,0.905457898979355,0.0890458718725887,1.13473654026044,-0.580314139061416
432,65,-0.254485300659104,-1.13647310752356,0.0859113868249697,-1.59900604214069
433,65,0.850305250708531,1.04063306868415,0.947119329094649,3.24633263011404
434,65,0.342159029001995,1.73546674045906,0.686242216673181,-1.67753734947146
435,65,0.841892442884096,-2.78057085785951,-0.719603710972149,-0.300808468623893
436,65,-2.3931703535095,-1.90683132308723,0.823122916688826,-1.31666523092234
437,65,0.603438871228043,-0.53861420470481,-0.329584821526527,-0.889524427854934
438,65,-0.31257638468224,0.277436892656867,-0.295879773264016,1.10402204770742
439,65,-1.10895074029026,-0.640574131262815,0.987326877078256,1.35152624104456
440,65,-0.599529004820636,2.13380473429935,-0.777214525587782,0.245398044954022
441,65,-0.0944797145243608,-0.272986352106432,0.408178213910041,-0.667477981477242
442,65,0.489659590074988,0.545361189399962,-1.14261323688895,-1.55305030021504
443,65,-1.35488939516554,1.95025796244631,1.69921875068726,2.35619134500349
444,65,-0.00310114883170181,0.351833872053869,0.512885219309857,0.846098134112989
445,65,-1.52830173884449,-1.4800958859227,0.919832564233666,-0.396168997099652
446,65,0.504249595082169,-1.22807254938695,-0.884553262803429,1.82513966321341
447,65,0.412639286150113,-0.749756787236581,0.179648678638839,-0.824089690495604
448,65,0.545571339120765,-1.09038821329074,1.42103163728053,-1.90532781073924
449,65,0.870520649222281,-1.56495872679476,-1.23509828180633,-1.52454880680948
450,65,-0.1473394174276,0.966346748299105,-0.0360800515830055,-0.145092055985996
451,65,0.137490824705645,0.389879405833767,0.159786250762706,-0.793640477572451
452,65,1.22072633386395,0.997453902867632,0.0866888045649798,-0.0604491502933245
453,65,-1.47412917118861,-0.688790569649972,0.318765959338401,-0.702611744657262
454,65,-0.589453772109787,0.69513822240732,0.422624863828898,-0.084357128005194
455,65,1.27160789217306,0.851738870303399,-1.57976659678487,-0.0227190375045502
456,65,1.86569299359423,0.0882913880420178,-0.816126563454181,1.77112305224185
457,65,0.45461638545196,-1.67153613118134,-0.321622197121714,-0.356337391606987
458,65,-0.642811503335375,-0.684614547986129,-0.0643759814113073,0.949483811703729
459,65,-0.924834337000191,0.170708465606889,0.71795327635021,-1.41512080646148
460,65,-0.0896319064355941,-0.205452406578098,-0.258591580678851,-0.0886054945414568
461,65,-0.917491198834455,-0.884058744717526,1.78505289399118,-1.31590565591816
462,65,-0.902377097029425,-0.00157251693762495,-0.996153067065987,1.21757892312749
463,65,1.06001250914691,-1.30285318989516,-0.940555616213751,-0.368554045324473
464,65,-0.375702135665965,-2.83148160162783,0.818794528233009,-2.18563822763449
465,65,0.860227361439313,-0.550497047846652,1.01521248438599,-1.7212506373231
466,65,-0.914146833093475,0.332798545120024,-1.26904363904685,-0.244175358565912
467,65,0.372826527030435,0.390491697206095,0.105153038005254,0.62651236270586
468,65,0.016475083430351,-0.667496900642688,-0.239972470114353,0.721515323177608
469,65,-0.616064030694443,-1.91543567724771,0.660638606637147,0.656443844874773
470,65,1.06303375158458,0.560519512199654,0.173793874688368,-1.66097696948075
471,65,-0.799678321307715,0.700387899521593,0.0779664507638033,1.78647290923673
472,65,0.313793196800561,0.506592946111049,-0.089457220714967,0.123569480682704
473,65,-0.504598487758383,0.211772500668809,1.85623841687875,-1.11557752950479
474,65,-0.552904584816161,-1.11199396775561,1.17498027931269,0.246409922589074
475,65,0.064111504373951,-1.15633217789975,-0.646493061102234,0.234259626783187
476,65,0.64929043649533,0.184728136589373,0.453519375595074,-0.434120239751468
477,65,1.04646547897347,-0.622600794952953,1.15482152494764,1.47742245703001
478,65,0.0974709684377108,-3.44794421719791,-0.712123910223843,0.12745813495624
479,65,-0.180997129564806,0.0442501821997391,0.0164914788020013,-0.36084658355744
480,65,0.239015055117525,0.998429895602388,1.31395674670251,1.40805403531609
481,65,0.151081081145161,-0.567539128019718,-0.276579034449828,1.2116337493035
482,65,-1.11788610664774,-2.00496985704397,-0.524959883842829,-0.243168874146456
483,65,0.360779395179762,-0.780086285057672,0.705740951708994,2.20607348569353
484,65,0.533783335362847,0.888419911713955,-1.42015054106211,0.947015347111213
485,65,-0.373465128065821,0.662962640836772,0.448275963787598,1.48028885647217
486,65,1.37028712423887,-2.42825539532423,-0.286079106601761,-0.184675335308954
487,65,-0.869764312854736,1.08449220870197,-0.893515018198754,-0.317867621379386
488,65,-1.18491078234863,-0.281643241175923,-0.713141201636669,0.227615752078084
489,65,0.910273689454842,-0.146527903810002,1.17229856996381,-0.256499568072856
490,65,-1.08516408902759,-0.586571278274513,-0.854151215209944,-0.232532195150219
491,65,-1.86261298831195,0.178249413161409,0.984519197875757,-0.144607740928924
492,65,-0.123676557385015,-0.00641833760618043,0.588713360306949,-1.22401800021123
493,65,-0.52446624841516,-2.27481752664341,-0.0923344108107008,-1.24875079452546
494,65,-1.52362682219062,0.707717344410885,-0.221536341704889,-1.43426529506446
495,65,0.508257590189723,2.58075165842974,0.755792214686157,-0.26665717155201
496,65,-0.142852571145527,-0.525788586863594,0.129682670380266,0.115157287400244
497,65,1.14584764425626,-0.0591508003338821,-0.739734496517081,0.890753453703489
498,65,0.935855425541799,-2.33097646911991,1.43736196913632,0.0104184238224465
499,65,0.353080951845664,-2.05834253317537,0.574177371983721,0.487473614031421
500,65,-0.493020882515229,0.478151780108557,0.926331458915691,0.998458061883458
1,66,-0.920952571095466,-0.582822782344,0.369731554394251,-0.707880554898158
2,66,-0.0579907724609652,0.230852190078573,-0.0981538084750801,-1.04453775304293
3,66,-0.986357004565363,0.269047061972754,0.138331651186109,1.74844624376659
4,66,-0.351245987806937,2.8907918059853,-0.490568792331199,-0.555727878718254
5,66,-1.47241512216723,-0.198193852605278,-1.08729717788778,-0.244698796272711
6,66,-2.20999344388788,-0.0689522321342183,-0.0757004315496321,0.0473260267099849
7,66,-2.144748057179,0.322874708302048,0.0396230628503613,-0.292426475461222
8,66,2.43430526639637,-1.11559152994534,-0.0172657707253333,0.667453369469279
9,66,-1.40398350780106,1.64173219998358,-0.252418949952692,0.993063656494161
10,66,-0.501687510587263,0.765809810708138,1.20261407818467,0.287210641461659
11,66,-2.84720302695064,0.246478747115718,-2.6945612467399,-0.0433050860951135
12,66,-0.232469592977893,0.908878501224282,-2.35016145895822,-0.196699971967456
13,66,-0.713521102302084,-1.63264016925242,-0.729856993152254,0.0855445292607612
14,66,0.854451900389342,0.97976863696963,-1.62078215281614,0.379167977500544
15,66,-0.334868125963497,-0.737236004102082,1.37055680587182,0.321592835815375
16,66,0.386530268581134,-1.43446813949749,-1.32826266538761,0.414455784617049
17,66,1.02204955456354,-1.45675502732809,0.218455818986517,0.473501234028582
18,66,1.30758049627029,-0.089009733742279,0.610613843571625,1.1542957452418
19,66,0.407120765384056,1.56642908832805,-0.614980980634499,1.35445590869336
20,66,0.611502316771495,-0.632819481878784,-0.116257102831425,-1.22758787317222
21,66,-0.622279466111575,0.294226920576869,0.431148338732321,-0.520721470945925
22,66,-0.547546163380826,0.515145779292963,-1.63791561262478,-0.0421452260913682
23,66,0.235885500204635,0.836283412980084,-0.113778893391005,0.575637982494257
24,66,0.817699926805901,-0.160697519129868,1.12448224088973,1.66056862332648
25,66,1.18748411027085,-0.383872941378297,-0.528466199640111,-0.665194542434201
26,66,0.310076328487846,-0.572033878003411,-0.0741687685402057,0.113740932523566
27,66,-0.682569580919959,-0.970530486059422,0.0565760881943245,-1.41194959228146
28,66,-0.851626209575381,-1.38496218647004,-1.860163158531,-0.276480764211286
29,66,-0.801988849243932,0.416548440870047,-0.664988507216192,0.346794841250394
30,66,-0.0115780906698508,-0.185445712336273,-0.189919836128708,0.78317476410685
31,66,-0.754248514545408,1.79352245478755,-0.0319863504128931,-0.950066804184295
32,66,-0.0570698313953002,0.182688357402255,1.21978373470473,-1.86199518656955
33,66,1.13403600159708,0.242006886529171,-0.994801045830666,0.859986761322438
34,66,-0.192701621672151,0.185750695940512,0.868942726446802,1.25501936359767
35,66,-0.856158648705298,0.121595714252086,-1.24878998703447,-0.250636161646301
36,66,-0.188598484080033,-1.52278696953435,0.128671526397249,0.830996555528388
37,66,0.432704697722391,-0.607212805395986,-0.968241636856955,0.507857034423468
38,66,-0.869343476821142,-0.393398405047948,-0.164566568062573,1.48676546973906
39,66,0.390032291579813,-0.781637376225443,0.823621086890387,3.23345559301815
40,66,-0.431786202976435,-0.398156889226736,0.301219134709207,-0.893219684226175
41,66,0.958211486590639,0.208087953579037,1.71747590573092,-0.094940151460018
42,66,0.690478772492362,0.716923397026513,0.648806218625543,-0.59550516031034
43,66,1.23205699886591,0.42311358662999,0.407389786168322,0.590943324579526
44,66,0.434462875501088,0.718281276049262,-0.836982644873879,0.971140545961385
45,66,-0.557172070070317,0.170278291345412,-0.0294471983338173,-1.10913833064481
46,66,-1.25422203414657,0.0889149781335264,-1.09522295637178,1.21037804730409
47,66,1.35713480625573,0.883958092362477,-1.35001848709942,0.265563042852992
48,66,-1.00453620952101,-0.255650663639802,1.93008649425732,-1.62999815636519
49,66,-1.22307765959277,0.932201889926001,-1.64432435710873,-2.28826103680187
50,66,0.944184195400356,-0.512453522404526,1.71616953091503,-0.353441141353465
51,66,-0.912068142150513,2.11936019926857,0.545057146022706,-0.9167827755194
52,66,0.175219791939289,1.66666747230038,1.54571590521478,-0.370076021677172
53,66,-0.753532248825708,-0.0286287650076848,-0.597570089438922,0.605009220799065
54,66,0.0718759937287852,0.239350212163323,1.42795805197706,0.281019486982374
55,66,0.579766787676647,-0.536054259332016,1.39440155078281,-0.539066319349058
56,66,0.280090855224607,0.201289935036651,1.7196526630069,-0.240349476977259
57,66,0.637287721891053,0.855589433131687,1.29702842463498,0.381905910284722
58,66,0.350302911846012,0.819537525292486,-0.870514254124234,-0.043244232122934
59,66,1.08439587354618,-1.25591308947244,0.137823010108119,-0.177383596258865
60,66,-0.980701353382605,0.5024900676439,-0.381559862337279,-0.203714378383415
61,66,-0.541546116572623,-0.402110395193772,0.0904245164729163,2.82689735755012
62,66,-0.762632455020849,-2.26074491376535,-0.409292521427662,-1.10647462364044
63,66,-0.975541353557601,-1.28034328417767,0.0576365536564681,-1.35409855548207
64,66,0.552180576706732,0.185239041380894,-1.2895606583756,-0.701190543586704
65,66,-0.13849447205155,0.694308058489553,0.853994228952484,-1.14043832562155
66,66,-2.27125257418556,1.21973480282131,0.734597615159017,0.39740992620252
67,66,-0.329524407827814,0.515513330265758,1.75506697705587,0.0971464878845948
68,66,-1.67344191393317,0.196498974399313,0.997691299957816,2.19297588011814
69,66,0.27384706626003,2.52314441817783,-1.20271246908449,0.185355142293558
70,66,0.518473875918559,-0.455247207574043,-1.05309530534582,-0.305391759058668
71,66,-0.549686393550964,1.00155233495118,-1.21311729077019,-0.565252018222123
72,66,0.0406058732309416,0.468839262252852,-0.749210265751419,-1.13224764161679
73,66,-1.18994917316017,1.12443244286856,0.36575038550305,0.271872312156254
74,66,0.718478508854169,-1.00837570137791,0.838607755932551,-0.202473118931966
75,66,0.475286631388863,-0.674204951439458,0.0876668186248199,-0.360362617919713
76,66,0.8991769682295,-0.403707659246507,0.679117163665108,0.684429131008796
77,66,-1.01514726733703,-1.01987140385477,-0.312174235252011,-0.13146383147487
78,66,0.960173761248579,-0.419880540451242,1.28270626264185,-1.25861696873793
79,66,1.81963785960498,-0.559946022282129,-0.793559330315376,0.433549080823245
80,66,-0.945664807441999,-0.934674469448372,-0.422865781584046,-1.0448979336118
81,66,-0.195927078726028,-0.190424254865119,-2.28939793787005,0.108280614757699
82,66,-1.19983444628539,-0.765040995328144,-0.741401263710192,0.306290727302943
83,66,0.718937802458648,0.639291178483899,-1.14926537394324,-0.300128040028086
84,66,0.483538469984573,-1.24299476413934,-2.0596474583902,-0.455009252311695
85,66,-0.327008945979313,-0.117857950804898,0.700800825516875,-0.706161930930203
86,66,-0.194572458679927,0.486853920265743,0.896265832095678,0.192392745041586
87,66,-0.124786447453056,0.498231332324704,-0.0684594494577327,-0.963554094680941
88,66,0.894520227889001,1.92429029404426,2.02889207096256,-0.494719981869256
89,66,-0.120109929295646,-0.497137109739214,-2.09499170186263,-0.144960370284229
90,66,0.32439703657325,0.622617641188956,0.141908591923046,0.184738700367025
91,66,1.3505637219531,-1.22363919640727,0.781185084511964,-0.112507686702954
92,66,0.90478952657871,1.64129600052212,-1.69680596911935,-0.935721627206301
93,66,-1.42875662659258,1.18862693931697,-1.74348533267377,0.94782309519693
94,66,0.761385161594485,-0.455780735864861,-0.944755105821517,-1.63908940652468
95,66,-1.00553720988385,-0.120370730738548,-0.262502737138739,1.19811684941585
96,66,0.201100281641975,0.187442190795843,-1.25431157699608,0.898150449936734
97,66,-0.479708784438676,-0.141249471204533,0.783675091129249,0.63142064869954
98,66,-0.332250815303462,1.31224970948987,-0.625445670112465,0.458925201172326
99,66,1.30707248723229,0.371469400924458,0.974811963484768,-0.655385461734505
100,66,-2.26132917263306,-1.25451862700756,0.201309403134657,0.0735169267078495
101,66,0.965932290655809,1.02703183651173,1.46212082564899,0.551857871926109
102,66,0.986518544660487,1.32924319937283,-0.250410523592786,0.34582698156928
103,66,-1.03313874576226,-0.577671951855418,-0.348265688439493,-0.34371953396344
104,66,-1.97065772174655,0.832095018450437,-0.278796552248535,-0.515173221480967
105,66,-0.47762639158592,1.48602637245533,-0.790041345048909,0.812369192375914
106,66,-0.662887532409323,0.565782678042705,0.306777908073789,1.04937030206719
107,66,0.302535218682634,0.811085115478715,1.5025312073371,0.1694050493782
108,66,0.617217297689439,-0.344694099570506,0.453821665291897,-2.55903263142194
109,66,-0.0883779899177162,1.46166579506375,-2.62164019955999,-0.821876761362753
110,66,-0.00345671795390092,0.587398205312424,-0.569002841306211,0.375384857135868
111,66,-0.419096147364002,-0.870892308605536,-0.512079358141853,-0.0697831265022719
112,66,-1.03970687146454,0.875260804252344,-0.23977217263113,0.37968032285696
113,66,1.80869904148675,0.0708126904848406,0.0815690646162537,1.03265087404756
114,66,0.625400510517286,0.490421760132106,-0.246439070002838,-0.54024854622315
115,66,-0.261394691097792,0.697565765291869,-0.571613272203971,-0.866245934013553
116,66,1.66315369249687,1.82725085427909,-0.194492334709413,-0.611204353848674
117,66,0.166396491867497,0.219296183203546,1.52346701695163,0.304792368977497
118,66,-0.485248711602447,0.184333516161586,2.23800071895095,0.387824991448972
119,66,-0.969574239757951,1.52779480102783,0.0890218768681803,-0.797164931558769
120,66,0.527777243465678,-1.30773854374918,-0.467111087142935,0.0234598680356534
121,66,-0.0276748207696281,1.13355484344866,-0.0413266421877303,-0.273374455340779
122,66,-0.742036219780638,0.243229868944827,-0.660787440791213,0.303179504258797
123,66,-0.824630703214345,0.966526689327183,0.749319684601033,-0.578046740800176
124,66,0.271162113371073,-0.359597408633515,-0.115893223845234,-1.30514816205387
125,66,0.573344918822346,0.633412811746365,0.743968223397756,0.553076777337002
126,66,0.910853485648264,-1.08533266666993,0.405096652522197,0.796229979637171
127,66,0.699869618731331,-0.493309102452686,-0.374332333968339,-0.290223456975659
128,66,-0.662855143776779,-0.423235640823985,0.504119813324721,0.498996177555126
129,66,-1.52578029349829,-1.01151589519366,-0.0852028737305995,-0.263819563191361
130,66,-1.5413591873382,-1.17606269547401,-0.856646122229955,1.3067085398642
131,66,0.347563610182154,-0.19290438600354,-0.634568623174592,-0.280872393706991
132,66,1.9022332201786,1.27440620961688,-0.644313656946588,0.691773672419308
133,66,-0.638715070724887,1.59970322159912,0.00890851906758542,0.528320193420776
134,66,0.160492723133938,1.59051650599835,-0.235897858147829,1.46536715473599
135,66,-0.234540050315188,1.02717995508377,-2.17332675871269,0.136906469723547
136,66,1.31122572545622,0.57810280704608,-0.332959758574162,-0.525047862416586
137,66,1.0978124928688,-0.888233708130382,0.818224477739245,-1.37783902304314
138,66,1.65606578808806,1.24364375705759,0.955783417457049,-0.952527359485621
139,66,-0.101550406633221,-0.0410169385427925,-1.03495611203526,-1.60708476162231
140,66,1.34529687476969,0.469661736821163,-0.22729646351871,-2.17407009051649
141,66,-0.00421185026949262,0.678844848225684,-0.204581376271039,0.486101633266761
142,66,0.746963007791664,0.217570776507118,1.06266087853265,0.0368729781636829
143,66,0.827436711975508,-0.432183895963414,-2.26936150600544,0.193246551032528
144,66,-0.290788932371519,1.0778610620947,-0.581867309208459,0.352616203201274
145,66,1.04301983011052,0.786305051682604,-0.975904602693584,1.60628676365885
146,66,-2.76458613424322,1.99692969704256,-0.744462335619827,1.63447416544624
147,66,0.0182326555206642,1.14693625084435,0.908598815786697,0.0379019318256792
148,66,-0.0988534090638605,-0.215763704533122,-0.0496420282552941,-0.552976278869416
149,66,0.518725510594434,-1.24371209250873,1.32343576431133,0.460892768856849
150,66,-0.341884017176689,0.445053549719725,0.546338718026562,-0.428200107970215
151,66,-0.760046015365162,1.41999836217318,0.625400184445835,0.111035020412764
152,66,0.8538528918025,0.0941902414674158,-0.267689158816387,-1.36300908219382
153,66,-1.12272684088665,0.18913075256518,1.01006468261328,-0.640654749181408
154,66,-0.00807792360475053,1.59661886160768,-1.26815188364148,-0.715114519683065
155,66,-1.15331571254245,0.392024954488477,1.11361718158218,-2.34404255050993
156,66,-0.953676549389333,1.1882381343926,0.470032606659851,0.727833129513838
157,66,1.23670894305852,0.342078855151666,1.60022498824966,0.528068167409617
158,66,1.3810159611287,0.754046284665375,-0.590256418587419,-0.32981262368506
159,66,0.491590143213513,0.00313077273416875,0.0288252761459928,-0.157841539104242
160,66,-1.65066306364661,0.556856270762134,-1.16532051415971,-2.69554348900203
161,66,0.110204948680015,1.03448171125391,0.587236201680855,0.564012099409238
162,66,0.315357236712678,0.110283992866398,0.20649200302772,1.08999820588562
163,66,-1.4877760137257,-0.829404184350971,-0.34234065720299,-0.533472534596522
164,66,0.249940013207791,-0.992671220358915,1.67059441393521,1.18859303947842
165,66,1.95851179165055,-0.220809626676549,-0.206169158625644,0.588304724147763
166,66,0.354894672156504,1.5039242833596,-0.357331753844374,1.14683948269275
167,66,0.884038805290117,-1.27837816375706,-0.182637484792999,-0.295381198050277
168,66,-0.0921021601994916,-1.47466814764877,0.503830994461343,-0.853491160765955
169,66,1.82520478643456,-1.04038016824976,-0.383025541378523,1.49997172757359
170,66,-0.0719545814627221,-0.0543300145030041,-0.145268272689803,1.42396167248715
171,66,-0.535648383935903,0.286860780364091,-0.343084051287847,-1.21120368542872
172,66,0.125168451315382,-0.134781952631504,1.03046783393568,-1.14421058467945
173,66,-0.577162876453905,0.113016290263152,-1.09059175662043,-0.269229775469873
174,66,0.00162904112189547,0.125763862345681,0.145530077040002,1.77720368246655
175,66,0.793568152270419,0.485305008297446,0.894014978744867,-0.619053598940449
176,66,-0.190413607061939,0.033576514210374,-0.931908484284092,-1.00243380769172
177,66,-2.05812081924432,-0.554510749208329,1.77529204082443,-0.683377715111691
178,66,0.697645360688226,0.997200606196168,0.0455787371672908,0.388176767383701
179,66,1.1270007378837,0.85173929024048,0.742411824489513,0.423287532624678
180,66,0.0299438317307376,0.522909275657793,0.214346486086937,-0.559773993147621
181,66,-0.36114512296074,0.891744556216937,-0.581047557619929,-0.632000375273464
182,66,-0.326011469709629,0.104277018702986,-1.82969620199116,0.209037987575925
183,66,-1.74447959587047,0.185972408002452,-0.133575181339757,0.642495106245786
184,66,0.373258231217443,-0.264938024851176,-0.420916567548927,-0.591505481687711
185,66,-0.918936135244084,0.69004154371679,0.157489061073715,1.36902993025995
186,66,1.06274412471356,-0.879406871609191,1.05855060918016,0.523334713722969
187,66,-1.10278395540707,-0.524780906303525,0.588042930103731,-0.279832511304823
188,66,0.289916529539677,-0.362761483327103,2.01387900768497,-1.73907045700827
189,66,1.67440706130301,0.74262086059658,2.38158621737501,1.49394440603825
190,66,-0.287841789206145,0.0464236223855926,-1.77001663430801,0.229792559560271
191,66,-1.2379497455451,-0.0104541912425614,-0.851054292470878,1.03153905552227
192,66,0.234590015030216,-0.542968080275951,-0.37000948625558,0.42914532062357
193,66,-1.62838328670323,-1.08156285309364,0.550378840360311,0.0799865585607368
194,66,0.231947858288585,-0.16971324309944,0.892142150001473,-1.52205444682256
195,66,0.510299924650096,0.0610779158392133,0.0469406763033605,0.446165891057046
196,66,-0.0420481522560076,-0.475172737378699,-0.158274889843689,0.488121798294196
197,66,-0.284110863273006,0.50426912662563,-0.629963555945762,0.170486552902363
198,66,0.298473532153991,-0.945343338897984,-0.628200213564182,-0.694014661656834
199,66,-0.0425348224019411,0.365748769750861,-0.395920290503168,-1.93430786176689
200,66,0.524792418910046,1.08303937827676,0.703913648900594,1.35693804693586
201,66,0.688719858884238,-1.1400510030415,0.0959366741415674,2.35631516292865
202,66,0.61149105680837,0.770610063536079,-0.0286720339541498,-0.414614483764744
203,66,-0.73115996115765,0.335986722612636,-0.327675898947362,-0.845440665395042
204,66,0.140048833200591,-0.988316469530422,1.78059944281202,-0.449625518068788
205,66,0.490583717520923,-0.2920274857147,0.647890558263489,-0.393782390464986
206,66,2.02234793206435,-0.581587690208439,0.270053453496067,1.12514425879766
207,66,0.412471457229439,2.57423958902561,-1.54115622870961,-0.651667872994118
208,66,1.21825740335298,2.14696301717094,-0.772186217037728,-0.109530632858808
209,66,1.28338424240024,0.416898422541049,0.00744314415759561,-1.15638221863203
210,66,1.46754022039232,-1.80887566901931,-0.898557099137736,-0.0683032193304148
211,66,-1.03679062743058,-1.34699650689262,-0.527450138129532,-0.079465924836802
212,66,-1.86702859180762,0.66230441791852,0.771927288757771,-0.800517291780108
213,66,-0.635782866415255,-0.515471897507458,-0.166512336440433,0.647701510489799
214,66,0.318477848293471,-0.30972120621231,1.75246068335553,1.76175166097489
215,66,-0.590436663587796,0.29908561305182,-0.0412296548229232,0.370125963878023
216,66,2.35241764296968,-0.398459704274646,0.675916115200109,1.87929703596585
217,66,1.35311730184974,0.604597085118453,1.41068215342866,-0.732553566615723
218,66,-0.117382862078665,0.909157231882223,-0.934529437687378,1.0039852684401
219,66,1.30666366673208,1.10287501367723,0.714206040246589,-0.997142575418031
220,66,-0.460098430255461,0.411775452904915,0.251085857492434,-1.07791706296505
221,66,-0.540403817274173,-1.18294317479593,1.08107139148031,0.819444361307971
222,66,1.38291315923834,-1.57006954999339,0.642690650513588,0.169329220359907
223,66,-0.378634150961897,-0.606296977620064,-1.83356757243735,1.28224871943754
224,66,0.139424049342198,0.47656754736732,0.421003419234796,-1.35822925840823
225,66,-0.724652326656978,1.77847141988564,-1.15711816606876,-0.796721263993373
226,66,-0.96361309929381,-1.11690239130502,0.116058687058597,-0.320852435526219
227,66,0.415515916886544,-0.0352586371208139,0.0571620556205692,-2.23146660451087
228,66,-0.859838814128692,-0.735836260548837,-1.20087220857394,2.41594006227201
229,66,0.37820256002122,-0.0848522048189329,-0.508137939436598,1.00501836236877
230,66,2.09892902360661,1.76439407093988,0.563921880756419,0.573836609647953
231,66,-1.8687707580562,-1.73317833544113,-0.984927457186942,1.71821818185891
232,66,-0.0591633348336453,-1.11591665106997,0.227837752224301,0.111151290816389
233,66,0.4495101025866,0.758652074520817,-0.526011569379137,1.06295976346338
234,66,1.3707660275701,-0.198056660699864,0.708451758338365,0.394366873945928
235,66,0.502090580871313,-0.488341900110014,0.790781123829495,-1.04933083151889
236,66,-0.596338509386607,0.53937172758085,0.0356186597324409,-0.547368039493644
237,66,-1.53688706763569,-0.0552560652399445,0.548052868387218,-0.00152143399195201
238,66,1.23239697956232,-1.44695650387304,-1.49893425213714,-0.24958988761437
239,66,0.101664091874905,-0.0822024838273458,0.952101744181245,-0.728805891242127
240,66,1.34339254348148,0.447220344722344,0.297833230459858,-1.14951514076786
241,66,-1.25239209275923,0.793390135095088,0.908316196692617,-0.404139614511035
242,66,0.670928549912465,0.539271110851438,1.36592178713735,1.84004578301823
243,66,1.32051617393755,-0.500665329471812,-0.107664507121617,-1.32783021636209
244,66,-0.851845203843982,-0.44645807382961,0.956228784193073,-0.2739769785003
245,66,0.281931706082223,-3.99819234340293,-2.11143105250141,1.6546267871859
246,66,0.455758476708826,-0.687938901701706,0.409673915154604,-0.310807924410596
247,66,-1.31554899684474,-1.65698398952406,-1.38715752185219,-0.23920379143004
248,66,0.385770445985203,-1.01774401560402,-0.702874712035225,-0.517363154581268
249,66,0.269145619669922,-0.0147065247763244,0.369297160351947,-0.0759376275291299
250,66,-2.29662398866339,0.157700743667379,-0.026527790296553,0.672304768635279
251,66,-0.31023619972974,-0.0945332281027547,-0.250778930988411,-1.05075323648608
252,66,-0.954190774019912,0.301044658954649,1.6224288651974,-1.44250641360948
253,66,1.3518068210775,0.826553620746771,0.996815461199236,-0.787454745178685
254,66,0.591810719327706,0.708932028922189,-0.0981261091037775,0.17715343718977
255,66,1.18613153495931,-1.53715144064496,-1.25015765894582,-0.556028961804841
256,66,1.30297362669759,1.26845025737819,0.161912976060798,-0.115012310329755
257,66,-0.293410051103582,-0.671462754361246,-0.676455221514252,0.0529932826314123
258,66,-1.56623779622577,0.260644478394209,-0.345155288085017,0.122746756090358
259,66,0.226401502005317,-1.22749269479029,-0.170944002428571,1.06494286723907
260,66,-0.187818788470302,1.19487182940852,-0.218457986433669,-0.0326590573751914
261,66,0.285618334694086,0.842609048467727,1.72696779884471,-1.36760266443639
262,66,-0.952397041730897,1.15816665309222,1.57697581597638,0.468475790579033
263,66,0.0274219740962904,1.37171777777266,-0.173054288058946,0.762172443728659
264,66,-0.940312644836518,-0.0995687823001858,-0.73654709884001,-0.371668661189453
265,66,0.978179250815719,0.219444474741125,-0.694746838403384,-0.227614262947298
266,66,0.350151921027178,-0.0394240855216246,-0.392011064062675,1.629031980211
267,66,0.588278675204819,-1.15570254035043,0.813470630169965,-0.116088564117525
268,66,-1.12480678805458,-1.91698523626965,-0.17586314663155,-0.408123354437847
269,66,0.289498759765615,-0.0657775719133265,1.58898558469291,1.72234226155851
270,66,-0.798659889669918,0.839278639264677,-2.83480396207906,0.106191648875127
271,66,-1.74964118163817,0.5078958848483,0.410139550282769,-1.05033334236574
272,66,-0.843093984996322,0.150172886545844,1.80463088780512,-0.556673071837341
273,66,-1.52226998657408,-2.56489816582294,-0.0288404502954784,-1.34690504812715
274,66,-0.189030498598841,1.2051064916114,0.350994748409424,2.33122606637434
275,66,-0.539101731786575,-0.796171733395582,-0.361993444705106,-0.0861825405821876
276,66,0.0011692277001756,1.27327883641687,0.233826498077072,-0.176280504738703
277,66,1.7446699649865,1.88610393037304,0.330259508357627,-0.17603693433394
278,66,-1.77222005691745,-0.754179808045057,-1.11139556030981,0.453544830688034
279,66,0.16113462698199,-0.760710140321796,-2.32627243516777,-0.345945048405293
280,66,-1.52661341860059,1.86276759300156,-0.963214101855428,0.248060786807093
281,66,-0.556943783107154,-1.72836155393747,0.288653793349079,-1.69006714758593
282,66,-0.243572405497687,-0.836138850118821,0.498772725712938,-1.14286212740032
283,66,-1.48123721442193,-0.221564097285988,0.599983750918583,-2.44865270080343
284,66,0.52065311853043,2.51913285486496,-0.0489660053456496,0.37111948439752
285,66,-1.21230744337007,1.66946179825299,-1.14931312365918,0.34363907862252
286,66,-1.70207907203429,-1.00174910676284,1.30551749671782,1.59847888275266
287,66,0.15654127360496,0.330004318366368,-1.48548868367638,1.91099584086217
288,66,-0.772728099273324,1.42268688293265,0.852050516806881,0.264229999104768
289,66,0.782602219733273,-0.921066567833114,-0.231055359140119,-1.22408319539584
290,66,1.21766234145265,0.0649488964438292,-0.0583178275625253,0.494705748043193
291,66,-0.1567422369863,1.37862412682599,-0.693249360057697,-0.204757110936206
292,66,-1.00366778543658,0.224544073804059,-2.18343693761394,-0.405641496137285
293,66,0.0449595994131323,-1.22023717614535,-0.0194188054581836,1.03594841218508
294,66,-1.6015509300161,0.124379276466826,0.548318398935938,0.939234143554137
295,66,0.112580623946042,1.08084534018336,0.290896097577609,-0.382075453088786
296,66,0.881054609321801,0.898404595153227,0.394255384357259,1.00910022926171
297,66,1.89361596471081,-0.541073812223035,-0.119694789788835,-0.627605087788079
298,66,-0.295463795720172,-0.717672470839887,0.150722292846402,0.636058719774175
299,66,-1.13569066818705,-1.72985939209552,-1.08300674334323,1.71549358351832
300,66,-1.24568642621299,-2.08573989365767,-1.0235169874644,0.561431276616875
301,66,-1.01640341016179,0.091476065068572,-1.77408172662242,-0.497792586195104
302,66,-1.11600419757248,0.522449381628804,0.9500592419835,0.38268637740466
303,66,-0.780800940269946,-0.307386822444604,-0.725241608604913,-0.189024280927324
304,66,1.02284629325715,-0.269283729845886,0.00781046975949927,-2.06346350562568
305,66,-0.580646256427323,-0.282277530690464,1.85962209580189,-0.889775738718304
306,66,1.04390724346333,0.927350726539903,-1.25592180631318,-0.761969301554247
307,66,1.21906084702145,-0.739361844793343,0.234389829897026,-0.666411240576797
308,66,0.823180963312739,1.46627481135299,0.351554072489729,0.366701224728328
309,66,-0.256921432605006,-1.59329683601327,-0.687511036328546,0.151382702709383
310,66,-0.955763456552064,1.00111160803724,0.860375950434626,-3.46355432851688
311,66,-0.249799167143508,-0.100201216986892,0.0191203361310832,-1.92264986694201
312,66,-0.450093481357438,0.676337756910248,-1.07183732229576,1.76214066207793
313,66,-0.572709211602826,-0.597251016841189,0.56531709054328,-0.104075731911347
314,66,0.247438408895902,-0.512156020799946,-1.15576874360648,-0.326349275794095
315,66,-2.83872574402611,-0.924262594888439,0.246493091167075,0.559832402331355
316,66,-1.35476667267864,1.63820949057625,0.55930996776636,-1.43951152861659
317,66,0.444408116833334,0.946842285227565,-1.10431478545535,0.828337277232707
318,66,0.296481256510146,-0.758578769937847,0.483301169968986,2.20888574570384
319,66,-0.531422593812002,-0.041007984761152,0.847313303112684,-0.261909275393732
320,66,0.7391674903948,-1.33854093186653,-0.640619126435856,-0.221421471047915
321,66,0.950755131706377,1.05956510163761,1.29934622196951,-0.277291811421889
322,66,0.263132291501059,0.537793427881167,-1.50031636388821,-0.952674481745995
323,66,-0.640615674807249,0.663396220879972,0.543078484325076,-0.441623934521671
324,66,0.0619971983647482,1.12223651426192,-0.112240546188098,-0.435820073719992
325,66,0.0299467259466514,-0.266807364349486,0.502790497847177,1.68886254180035
326,66,-0.0941611504900997,-0.761518136490154,-0.118133078512146,-0.337120749090724
327,66,-0.442235809125978,-0.760191763289257,-0.885252649595163,1.68314047207918
328,66,-0.0898227710499477,-0.573732529050646,1.06433459209517,-2.46534346996422
329,66,0.256957522126512,0.636552285002373,-0.596989598266643,-0.685824170223874
330,66,0.881193048471099,-0.226746977626836,2.18948117817714,1.48276597512196
331,66,-0.430719199739647,0.666951599939129,-0.521692117511816,0.566745971757735
332,66,-1.37324342787285,-0.702482859816705,-0.30447949618098,-0.948828258664133
333,66,1.10259618557377,-1.29874586777339,-0.69017098190566,1.52377189889715
334,66,-0.957660086645737,-0.336302444868776,-0.676790857840237,-1.48893736857818
335,66,0.25863189103155,-0.633208915853251,1.82289273792057,-1.2224237923461
336,66,0.221512085112295,-1.00509366618655,-1.18975839894815,0.310735765268394
337,66,1.87714577585052,-0.0698329451862716,1.38485157905355,-0.429079216455711
338,66,0.122098269642907,-1.31224527655228,0.00971756945564056,-1.39892142643095
339,66,-0.645290680136497,0.892763334129408,0.261858399635194,-0.743373269762281
340,66,1.59175599560803,0.0238717137283482,-0.908219153051835,0.163189364033503
341,66,0.9692394726842,-1.37180930667564,1.35886977821151,-0.530832785652478
342,66,1.46009666149648,0.230754391317507,-0.149741834012151,-0.277261982819661
343,66,1.32694391248908,0.0476614901094208,-2.03770914781311,-0.0612965963544033
344,66,-1.56518715489733,0.704271636070707,-0.0731089449193727,0.599452803683685
345,66,0.895658029852005,-0.339664857725283,0.388657892634878,-0.907043572909927
346,66,2.90222391931068,-1.88149521742591,0.815106080149323,0.839239740077882
347,66,0.548097268443482,-2.21445718340717,0.669373757023082,-0.669926956234319
348,66,0.511127430790045,0.23111128898648,-1.88638800589965,-2.45135854850619
349,66,-0.0925307317002484,0.177887713663319,0.428224530359192,-0.376839850943112
350,66,-0.445280347945949,-0.920701152438619,0.430860019349002,0.628156937757685
351,66,-1.0309674076783,1.63612675082244,-0.0713245359007347,0.00750927074245615
352,66,-0.227698782481261,-1.01852230106876,-0.538772494338703,0.0897803743178076
353,66,-1.12780471939734,-1.22646382088137,-1.04906521419012,-0.548825007016403
354,66,-0.292717041115855,-0.388886244213675,-1.26466084139149,0.800048060017581
355,66,-0.297623099971634,1.55601139180591,0.439186112796807,0.523128254076773
356,66,0.567482193048707,-0.92082721047946,0.289279049463377,-0.735356954444314
357,66,1.16295330231821,0.00720546184115459,-0.342401904871665,0.85394827991394
358,66,-1.29352545503489,-0.476219773243683,0.290748012821188,-0.0887844149095957
359,66,0.0611143556622036,-0.903672693285311,1.09460043012976,-0.45978894844859
360,66,0.283369226949884,0.346664048224758,1.55012238779183,-0.0572810001311061
361,66,0.860795553703968,0.510406684105299,-0.791556998626507,0.50912313357183
362,66,-0.513520513713849,-0.0776431086792637,1.19086017533923,1.5860447637949
363,66,-1.39220975659847,0.107225922697661,2.38663285545779,2.27560190513381
364,66,0.511806467567812,0.750118744305431,-0.690478067794867,-0.0793766991353449
365,66,0.339870703523939,0.0198497715056059,-0.734643175006908,0.0551929913507077
366,66,-1.28260038806134,0.69485663610083,-0.490741334905164,-0.668772149949362
367,66,-0.313023648952732,0.960731767862402,0.0114471057813929,-0.830208768161079
368,66,0.0909894874184337,0.171033919730476,-1.76754517213632,1.30509955066392
369,66,1.76614510747221,-1.67226909587965,-1.50689608783338,1.13063025090266
370,66,0.788441112886787,-0.623320702642152,0.989443966305198,-0.362241401611233
371,66,-0.572486248953573,0.10731318936243,-1.78797137279713,-1.9605166465954
372,66,0.285184031534432,0.309204510465238,-1.05712258101659,-2.99740366340573
373,66,-0.624391453711629,0.142131974712008,0.226966143497329,-1.12160746048269
374,66,1.03997002765239,-0.239086874474623,-0.298889888225569,0.420397642929546
375,66,-1.05814719658648,-0.423003686505938,-1.00388965548329,0.723414897036323
376,66,-0.911100999372837,0.974193778457113,-0.0104114421656436,-1.46026159425238
377,66,0.94781825266325,0.681318693706175,0.20354578827613,0.329916510813092
378,66,0.457195618858642,1.05188215274351,1.88364781234368,1.74680316375687
379,66,-1.38245481682842,-0.435801230052214,-0.756822555244295,0.6663165866641
380,66,-0.5459486059201,1.02683178083756,1.07203871150211,-0.67902904037308
381,66,-0.0837453507006471,0.802335002143001,-1.1875387128039,1.37450274330774
382,66,-0.800932884244794,0.595024921408909,-1.16913831871447,0.00567827018532827
383,66,0.424164701055964,-0.635267519040519,-0.863571455502961,1.38733331882838
384,66,-0.180453468286494,-1.22077385184945,0.605525075164747,1.44015999364372
385,66,-0.59374719455617,-1.06804729728813,-0.133188460816956,-0.991099535358729
386,66,-0.0733509242450575,-1.26430277205437,2.53037522779588,1.08005522585952
387,66,-1.87932256595579,-1.30981479552378,-1.5209798349757,-0.187125966223411
388,66,-0.658946450660754,-1.32385772551275,-0.371884106129595,0.86686488465567
389,66,0.395542935741273,0.803237542753786,-0.627257878755658,-1.21166184207418
390,66,-0.795870650472563,-0.225952392045736,1.18562094789017,1.755424452184
391,66,-1.0676200600497,0.545733906170708,-1.14917325945193,0.57755345175758
392,66,-0.166337101621862,-0.875943585311215,-0.676064712652597,-0.749992848780506
393,66,0.462796196219638,-0.48499361235808,-0.236896594159474,0.046765237654811
394,66,0.114832764763381,-0.993104437639783,-0.0368200478399142,-0.909907067143191
395,66,1.78839117796412,0.995026470426322,-0.229781796936491,1.38791892376946
396,66,-0.626755731250314,-0.319176612495,1.67219652083883,-0.899002041295449
397,66,1.38100733682996,0.416839800115674,-2.29016529301548,0.368403147721429
398,66,-1.53163814375578,0.705663362292467,0.573441658003978,-1.23435914265997
399,66,-1.47324102383106,0.0511120649870174,1.36148007739586,0.127425676492592
400,66,-1.13356300243093,-1.7137430392952,0.614482636104095,0.133191124754438
401,66,0.394508599787122,1.13716278227295,-0.13741269907419,1.17408724504281
402,66,0.856205246033734,2.53997516728018,1.68443637190407,1.55678315244674
403,66,0.484019718589469,-1.48162357533924,-1.82888331598197,0.294193078167003
404,66,-0.703977426850463,-0.31099987409738,-1.40549851627379,-0.973240464601027
405,66,-0.276159591007362,0.00187408648757378,0.577050884822588,0.0167928818618375
406,66,-0.752964441809374,1.31109341492136,-0.16043551583659,0.450606869332494
407,66,0.552315487824066,-0.980231447149195,2.78302919175425,-0.254073025659734
408,66,0.241343593002831,0.167489429728501,-0.617304786894262,0.208491170198285
409,66,-0.163702959933288,-1.02495520246073,0.489815185163964,-0.587676425240498
410,66,-0.38294270906498,0.513877198278742,-2.53972217125043,1.72824329367619
411,66,-0.522022001977124,-2.13049574144136,-0.771783761528764,-0.245912520640923
412,66,1.12881436609477,-0.698243542166499,0.482480866769114,0.572105552204831
413,66,2.10306963422415,1.48394504549496,-0.121373489924122,-0.662931661728948
414,66,0.730275462872464,-0.947609357696941,-1.29568439664426,0.536690148578014
415,66,-1.73991410209916,0.97094620018826,0.911312904649572,1.03839474560594
416,66,-0.632567847290289,-0.742525985750795,-0.231110434481153,0.523829427076938
417,66,0.529724035818302,0.0884194638341044,0.694534596663117,0.581179910964825
418,66,-1.62254307318125,0.198417613298514,-1.23502074335059,1.15175054501544
419,66,-1.52147325173798,0.378205802457469,-0.926232223881128,-0.0289957905740114
420,66,0.435569896373438,0.344905584164961,-0.241500395735837,0.629714325570562
421,66,-0.293019771467898,0.2279075302801,-0.0438374508827033,-0.956203522920055
422,66,-0.818002900694094,0.245949718326169,-1.00614806962085,1.12548311487757
423,66,1.31610238612848,1.3110045368818,-1.41069187936002,-0.297198489953582
424,66,-0.452384001842392,-1.44257293219588,0.631509894756765,0.0140112010056712
425,66,-0.311311580531626,1.57102420977966,0.464671885508219,0.740086957309982
426,66,1.06729816282535,-0.334398510234421,-0.850928478407208,-0.229822734614152
427,66,-0.227900649033596,0.950001846573446,0.650896094328897,1.06421837600003
428,66,-0.677386411108049,1.52157295015368,0.482062947177719,0.681845545122569
429,66,0.151982593309221,0.422429449347664,1.97251087545286,-0.502681920891158
430,66,0.581266812365702,-0.610050500500817,-0.833264827481014,-0.361901497358731
431,66,-1.60627139611496,-0.684077465270617,1.80197200541276,0.646134975192316
432,66,-0.500404134458649,-1.07605727831704,-0.520970755968993,0.706760992353525
433,66,-1.12333536743258,1.34038612245664,-2.04027358654066,-1.49139499424691
434,66,0.105117908443467,-0.0303476315888959,0.281954382084674,-0.974859736710068
435,66,0.753005748418984,0.00206261508939118,0.703484748281793,1.17584268283665
436,66,1.64197691124469,-0.615357194442171,0.32127055145023,1.22846157481206
437,66,1.05958156504568,0.360030082251528,0.624753411371332,1.26973042148923
438,66,-0.40159163102862,0.0261766289097111,0.597620821277611,-0.451187661253533
439,66,0.821842583284168,-0.238253388376041,0.146887033923601,-0.346339014557346
440,66,0.357393589183179,-1.19011228985345,-0.649590145311127,-1.12649758182546
441,66,-2.33681510280486,-1.28150853808556,-1.42733133453929,-0.70207603796653
442,66,0.346576686880562,0.351685514271788,-1.96040338057033,0.260011644378183
443,66,1.0925516788954,1.16695816580432,0.300414859724675,1.39408107252493
444,66,-0.165397546038789,-0.011558430319413,-1.10013419579154,-0.154023112572645
445,66,-0.0534485597397861,-2.20106059218801,0.684380400795269,1.02035589400517
446,66,1.46533955897164,0.156750437102901,-0.954701060887371,1.4610509808385
447,66,-0.963288770379804,0.667181642089795,-0.646907587050451,0.551594604876739
448,66,-1.55463571352592,2.14604316565758,0.0898789606128796,1.20479398019015
449,66,-0.825566908519844,-1.83457009174152,-1.49381091129508,-0.364938045482598
450,66,-0.300435871196129,-0.880218020994479,-2.15529605586106,0.727083784032776
451,66,-0.724799087994862,0.0689296447038491,-0.5393313280326,0.415505949214237
452,66,-1.67231018557491,-1.9117794165242,-0.552148455560503,0.77951719260526
453,66,-0.27136893905075,-2.22783073009364,-0.452397731991915,1.07983402265604
454,66,-0.0859619829871326,0.913061941050295,1.0469725352025,0.0172263315594522
455,66,0.471105713137271,-1.35735751560385,-1.13457645578042,0.594277413925345
456,66,-0.147356523362474,-1.36206813134963,0.167832413682173,0.0113139842307254
457,66,0.492924483940039,-0.517465093797113,-0.670501684488508,-0.0224547421403556
458,66,-0.982871423302914,0.756372490236282,-0.439527565162647,0.380036018070582
459,66,-1.27069721763043,-0.325847377597129,0.91015762725053,2.70352279445899
460,66,1.16600589535747,0.469156051920087,1.41696402786593,0.698218600695074
461,66,-0.0682672680968455,-0.169795016975093,-1.07652214072762,-1.08936172758938
462,66,-0.158947125544426,0.316515228555223,0.949296538488677,1.80859886460596
463,66,-0.75126216724354,1.96173782368088,0.433863238043873,-1.01006497025542
464,66,1.32793732064777,-1.12094993439515,0.967866430286606,1.41693590021936
465,66,1.29777188740224,-0.0168513851174661,-0.237461184120467,-0.673661536742224
466,66,-1.79652236384892,-0.570359042370798,0.295417083273665,0.84785628616012
467,66,0.159528921685372,-0.28197333410451,1.15384149299227,-0.565846207940557
468,66,-0.521057721216175,0.71288471331411,-0.874744782428519,0.0268907496418534
469,66,0.0665033974227901,-0.943616185754507,1.81295968706863,0.77475311889594
470,66,0.799828326396459,-0.553306478359387,-2.38478689346357,-2.5760704071363
471,66,-1.85066868072806,-0.0119409318285809,-1.72007283342468,0.534988231608463
472,66,-0.2733063843011,-1.97173466836873,-0.660085113102243,1.33929630023285
473,66,-1.15707814716247,0.0766281510081841,0.39398533639707,2.22977851599406
474,66,-0.446373688049065,0.160420341191349,-0.955438823524956,-1.16544529542752
475,66,-0.0772170935474371,0.829884941584688,2.25304590726865,0.165685646755365
476,66,-0.55477340483893,-1.43652952577161,1.05624300842647,0.204791446511089
477,66,0.470602420581508,-0.296221133468876,-1.9228186131524,-0.262180517047962
478,66,0.90242339297692,-0.286390045439245,-1.89974750028663,1.47217134352837
479,66,0.180958551854733,-1.99075783458737,1.03008620621937,0.601656433837256
480,66,0.905776663229026,-0.626070683891334,1.53133126133589,0.760232074085709
481,66,1.64728478619708,0.44029553250232,0.0350960052908725,-1.01608999791726
482,66,-0.69681225742645,2.22423619342989,-0.945502360592716,-0.58140590213636
483,66,1.46047562246665,0.796006247363527,1.09844640662298,0.835248017769471
484,66,1.64673879227199,0.398632902984237,0.588448089401493,0.323812967042887
485,66,-0.425836332839107,-0.351404886841212,-0.633309398026583,0.551372818675057
486,66,0.241345822789884,-0.84275709049836,-0.408236662086232,-0.165331103786808
487,66,1.79327586261807,-0.688715543356118,0.317236669482954,-0.0827805163527427
488,66,0.5201784443258,1.08570563928393,-0.770148667636578,-1.77394460467784
489,66,0.245294725968833,0.0632085056399161,2.15794000395008,0.224740564998086
490,66,-0.686698214220778,0.292833917615941,-0.188385962813561,-1.91723992264846
491,66,-0.450470647258479,-0.319940785719206,-2.4687141835886,-0.638968788461931
492,66,0.560565446901109,-0.215328254378744,0.90283883836786,-0.736492930437095
493,66,-0.0647862142092596,-0.564983224964195,2.62636095067888,1.20105304868912
494,66,-0.454396008748912,0.154025986232539,0.065507018838835,0.474346376347779
495,66,-0.997686271589496,-0.648940364120562,-0.483973036253685,1.80095445586848
496,66,-0.726699169084128,-0.718184576517188,-0.517867330172251,0.228087103582089
497,66,-0.273419698519032,0.510531717261728,-0.248765378664183,0.932279128578044
498,66,0.431668487884304,0.871653652818448,-0.281250996996186,1.51069514543564
499,66,-0.117639854855441,-1.59956981125859,0.632657008829702,0.401238580630861
500,66,-0.679818758359233,0.351953340616384,-0.569258623272406,0.396715725231613
1,67,0.341426354461484,0.839319083525439,1.0094530259661,-1.10288453362981
2,67,-2.12602060924149,0.778555491908128,-0.0063227684935219,-0.221672548199125
3,67,-0.419900898735591,1.04905221134473,0.00493955075280556,-1.9218063116438
4,67,1.17217247002763,-0.769012821360969,1.11572060780591,-0.265328651005486
5,67,-0.386185643862911,-0.235959912216361,0.177854268933977,-0.962105567058064
6,67,1.11886143853825,-0.115603915204809,-0.613429209440483,1.71198754689556
7,67,-0.527734021368105,1.24161126620931,-0.232070965894015,-1.20743685823725
8,67,-1.82674942434373,1.05581210391966,-1.0445169669175,0.292847862587029
9,67,-0.652038580514299,0.572631703132207,0.785848165403249,0.719429544457408
10,67,-0.497515918449075,0.631063374587249,1.4402455359683,1.26902230496519
11,67,0.492465877067984,0.1452716174696,0.213046590746699,-0.624503850893423
12,67,-0.13942717930615,-0.62352252107566,-0.355550568366657,-0.0593595032134677
13,67,-0.269996918119121,-0.231110743049583,0.656284152322219,-0.190520050116017
14,67,0.746527644117741,-0.132746463666822,1.48430120589882,-1.05696679255961
15,67,-2.68526448476659,0.223397814869829,-0.57567848757018,1.10558242211511
16,67,-1.5941849388582,0.396402095265616,-0.0352460001992693,-0.911643482184384
17,67,-0.635691904352025,-0.143062188351815,-0.828567639790565,-0.0432031358225401
18,67,-0.458881361555902,-0.308005877130977,-0.0588703772573212,1.63259360610961
19,67,0.725171072449089,-0.449332053657418,-0.373085775423129,1.12855189463852
20,67,-0.217018116569454,0.547104397354233,0.939412349936222,-0.732543827441528
21,67,0.290956853077106,-0.766555428124767,0.508510514656659,-0.759352996771158
22,67,2.045728112953,-0.294158183935885,0.285074813004641,-1.16506948349499
23,67,-1.01769454763715,-0.156022871562755,-1.1273998695376,0.7608433845642
24,67,0.145644868831486,-1.29432774184865,1.09913436840703,-0.0974255107370912
25,67,0.469935473750085,0.0177626346378663,0.594689756891284,0.638893743069628
26,67,-1.06632758975896,-2.69671732041065,-0.401102127036675,2.21719655824399
27,67,-1.33624013908297,-0.36428475869291,0.204598769748537,1.17323315641923
28,67,-0.347695668709157,1.77330448985616,-0.0626322048299326,0.741010963780473
29,67,0.155528231673097,-1.34721887554715,1.00226170089889,-1.15511606841295
30,67,1.14296225547419,-0.260745012832474,-0.132988094540063,0.962631250211685
31,67,0.698248829891289,0.173325140345706,0.642729456579906,0.26059395509273
32,67,1.04988237512418,-0.350695758207818,-0.203096828894484,0.430049685747327
33,67,-0.221026410302993,-1.83862213281613,1.61205439332266,-0.339697533191021
34,67,-0.976223603119427,-1.89784066807221,0.48437205931064,-1.69803681571965
35,67,-0.574606646746129,-1.13080164921853,0.461305020891487,-0.556006955873835
36,67,0.640405641536124,-0.101174307348999,0.843136422696842,1.38643729033349
37,67,-0.981843306384799,0.0943228339555997,-0.243645408534016,0.356893326874525
38,67,1.03915213193162,0.472706495550958,0.958459948090234,0.353953190424958
39,67,0.973291670618466,1.57232495814614,0.910082646300379,-0.367713573507757
40,67,0.816944054448073,0.867499300729219,0.807939912507759,-1.40872247158719
41,67,0.282439386629047,-0.00591030205278363,-0.815960910196806,1.56161963426642
42,67,1.20289780335514,-0.337412264544769,0.307086992247692,-1.10021108078916
43,67,0.286817972633098,-0.537025496192593,0.14185528011071,0.544668205888272
44,67,2.51405831989892,2.13032571543094,-0.806134871016769,1.43489622350892
45,67,-0.359707667270353,0.408977704362246,-0.543045625560938,0.406002452395305
46,67,-0.360225947344293,-1.36337724902545,0.532164319740535,0.345857985377189
47,67,1.41664393890852,0.0533133870558815,0.28385394395226,-0.573592797980418
48,67,-0.0489643283891727,-0.665372410184455,-0.237263697902107,0.0405897543027289
49,67,0.0458262977898991,-0.11301270970409,-0.695153043136465,-0.272813184472008
50,67,0.391596808503061,-1.05375183378719,-0.536513483148404,0.773620054000685
51,67,-1.50749979502743,-0.994927722835869,-0.707992492903691,-0.651469426184611
52,67,0.887183577958664,1.90231959378183,-1.98139363846025,-0.224315603793751
53,67,0.228544010045416,-0.54566040552529,-0.272204098393748,-2.18758722005264
54,67,1.13075715074185,1.06860681087292,2.17588715835016,-1.31299771236123
55,67,0.932472909860553,-0.556070092862448,1.1221768336322,-0.389306251775803
56,67,-0.763474691687701,-0.294229059939768,1.88684945734139,-1.59987856055641
57,67,0.559844148386666,1.96130547534175,0.385608590676675,-0.101749816830882
58,67,1.4775292036532,1.42252925776976,-0.32804192394589,1.0188452027306
59,67,-0.146641887061378,-0.556786790352484,2.35066903256295,0.63027110009646
60,67,-1.54411507962974,-1.26223202054317,0.00268850276336159,0.194758191547352
61,67,0.294939485271645,-0.204173981634949,0.807288187432005,-0.422636431079408
62,67,-1.30631610405452,-0.509817805032637,-0.681084974589658,0.404126302272647
63,67,0.0326536623896916,-0.817668186135935,0.333496072352869,0.581658632974127
64,67,-1.37201671855904,0.381973402932876,0.73245608125604,0.607130296880913
65,67,-0.537615206453151,0.808709642666847,-0.282252305113435,1.5154382299043
66,67,-1.96641425695875,0.207973825034459,-0.957716921135581,-0.196128334269043
67,67,0.55499794114459,0.512474093786881,0.322584272606863,-0.812146998865799
68,67,-0.124476305857512,0.425921044001452,-1.62115875653527,1.12199601535192
69,67,0.23119550813061,-0.848617815862795,-0.130298172015893,-0.371609748104099
70,67,-0.699957515107212,-0.500508229268717,0.506458273690709,1.01917681584955
71,67,0.44312443884563,0.971951520513984,1.95963395889823,0.0889682115277465
72,67,0.286863039504658,-1.86888071139065,0.746530955823692,-0.771359092711278
73,67,1.03801343147506,1.29252395971357,1.22789132568234,0.571972459641581
74,67,-1.27611049529447,-0.0586528924160158,-0.992169328923091,-0.116528059707419
75,67,-0.531487929217785,-0.255622509823385,0.50915175049688,0.184879748558821
76,67,-1.19570935449547,-1.61048913560862,-0.83154551247127,0.116384503679394
77,67,0.529094690924915,0.747525459877952,-0.382549014701786,-1.026215596207
78,67,-0.559659048956504,0.283298328097967,-0.667893580428729,-0.858641662098659
79,67,0.880495423581577,1.22153346215623,-0.0124982880669194,0.393279740761347
80,67,0.115156114852043,0.76268824672516,-0.270975794034612,-1.84048754436373
81,67,0.243324753892007,0.155858815447926,0.499811772579777,-0.510490949850185
82,67,-0.623775690368612,1.28417999852911,-2.78610045673093,-1.20057375927838
83,67,1.78632754761653,-0.0520638955628223,-0.611264257965935,-0.729732768887834
84,67,0.514876793022689,0.406997254140965,-1.68439064194968,0.468702971973235
85,67,-0.957697197090317,0.506129557872008,0.635970726050757,1.19463073821623
86,67,0.177852032386315,-1.14921260360956,-0.403764091658995,-0.133448226263117
87,67,-0.644434918136128,-0.181751021620362,1.48610754253718,-0.783176596631213
88,67,0.319690512875055,0.64574662586966,-0.551509728914436,0.582085900739854
89,67,-0.468120112225358,-0.793817592825393,0.0785544195411553,0.911893808475024
90,67,-0.716686470690708,0.507012692975711,-1.52528712076877,0.105692893966143
91,67,0.626621231272896,2.34080356186697,0.27425501362415,-1.17694442612965
92,67,-0.00736300155556443,0.00369348134487222,-0.453545169128562,1.08879202553036
93,67,-2.39600646124578,-0.151337903302284,0.390947910838319,-0.77450762434489
94,67,-0.0863102343821696,0.210914772556303,-0.598819451497874,1.26440102974225
95,67,1.16359995023705,0.211612095973636,0.421010599974107,-0.161818491448233
96,67,-0.967917218440896,0.573687852095311,0.302434734303288,1.56568006043644
97,67,-0.30250128115245,-1.35357629918923,0.0952056334585225,0.00193286648311324
98,67,0.0294115448527922,2.4138187196013,-0.920622705262476,1.88388979279649
99,67,-0.147916088747616,0.0514348146321183,-0.884025802145553,-1.91657080568447
100,67,1.74698176620691,0.373676401409466,-0.951216249912969,2.40113632987203
101,67,1.54555636736302,-0.815488742344347,-1.43581163100908,0.490627365881339
102,67,0.666091124450504,-0.351224366405825,0.822196414033998,-0.0954298062641658
103,67,-0.358074392948368,0.777330730602035,-1.72834974099811,-0.95455220555783
104,67,1.74417720746532,-0.401094602684774,-0.399133075880993,-0.427012159976701
105,67,-1.43594837633323,-0.989428383380802,1.10843608398673,0.448249652207666
106,67,1.23353796876436,0.0675754655140286,0.338608304867686,-0.186880246326251
107,67,0.372317663025872,-0.769777075025989,0.735311963933691,-1.01042506009554
108,67,-0.451904599777517,-1.15636506434355,0.207894626784868,-0.903442963562863
109,67,-0.876857599011987,-0.0854980233876289,0.0602360712548385,0.076063157456058
110,67,0.86513658860346,-0.234274960762399,1.48823426252465,0.479548251748173
111,67,-1.10258659705209,0.960240956613559,0.00911851885826917,0.662137817866664
112,67,0.640014614155477,-0.87844941062612,1.33143333248538,1.47567195285863
113,67,0.0152571883099676,-0.385869969082459,-1.58120935357728,-1.28203591345585
114,67,0.153950410127226,1.73533726114135,-0.333086851628569,-0.217022787252259
115,67,-0.0487155415602002,0.819075900117028,-0.340919608320085,-0.856286411289403
116,67,0.120593962480168,-0.353497251193272,-0.571345204706534,-1.14903712881824
117,67,-0.498705913726605,-1.59340424570573,-0.24580735881639,0.604284533371059
118,67,-1.77364116994218,-0.0274831471473336,0.510100728504063,0.109905196092286
119,67,1.47835987985923,0.891655645388197,1.36273518304962,0.748268194000561
120,67,-1.06247733276867,-0.892710744258161,-0.232721468398276,2.97438210807673
121,67,1.42695943042512,0.237062663989596,0.908668325704109,0.00292361701326575
122,67,-1.3474586936947,-0.0095087536245247,0.357494079120095,-1.34191137497535
123,67,-0.403904361919783,-1.06692323219249,1.24850197111365,0.683056179871393
124,67,0.803335451223259,-0.823565087112917,0.389479700528113,0.614266547162018
125,67,-0.310766708946293,0.366780214828345,0.210721060503745,-0.552547505519923
126,67,1.46329050328854,-2.3053057194019,-1.09154857078675,-1.40912131555181
127,67,0.296257243518472,0.551624349053186,-1.08206700253993,-1.69295198651575
128,67,-0.341219694600426,-1.16778799356206,0.176852063557256,-1.77456513006221
129,67,1.38468515230663,0.486422216950825,0.115046876340569,0.119045966178096
130,67,-0.0540387450607139,0.156846205729894,0.237245676996616,1.82715482727325
131,67,-0.17243073140866,1.14242875625196,0.645064524020049,-1.15148450437608
132,67,-0.502744800874095,-0.192562997156723,-0.599083104902439,1.20099312441401
133,67,-0.541536680773947,1.87069720186997,0.960552927240474,-0.359655149051108
134,67,-1.00390968919514,-0.0761096917606258,0.0851665872187162,0.307740040145529
135,67,1.39450295352283,-0.315574288323408,-0.815219031632077,2.72846922065036
136,67,0.207769926402485,-0.616321279330081,-0.300567958186504,2.16513367507174
137,67,0.58895578184008,0.10149775821696,0.432611970799919,-0.700308692141081
138,67,3.10943181667203,0.202474869918032,0.635729304148808,-1.5489807746176
139,67,0.596769999026284,-1.24090844007282,0.653873061147435,2.28360636634649
140,67,-0.667713448939773,0.532531491261129,0.647886073506274,-0.00997749226107363
141,67,-1.34123824126358,-0.225677733890621,-0.772860554751247,-0.0986590784658481
142,67,2.09990716200994,1.24271159402999,1.04667983224235,-0.79157225177601
143,67,0.800660022342286,-0.512980695496764,-0.695533008058161,-2.04238167846661
144,67,-1.15854206816106,-1.57846184718269,0.858234143246194,0.169300251159088
145,67,0.195233636011479,0.241294343452242,1.68437911681938,-0.387959514321875
146,67,-0.138371144977441,0.93523414588449,2.42536043967827,-0.0866299017268479
147,67,0.600361875071939,0.00308275078884873,0.846662108601813,0.256071630607646
148,67,-1.61912888222115,0.795580299526973,1.55694343729471,-0.985632561137458
149,67,0.710270960546208,-0.132369804352931,-0.719733047709406,-1.05382413663797
150,67,-0.855493449908327,1.17766183568897,-1.11470274586245,1.1933930145856
151,67,0.763847906151951,1.16641777761753,1.73365704747783,0.995437910864183
152,67,0.768683467310104,0.505187333966428,1.02257860242864,-0.918925894263478
153,67,-2.05119254352802,0.328552320272282,-1.70521950250342,0.346035933836029
154,67,0.630082066686442,0.739356378294117,2.21237565592683,0.983065344545702
155,67,-0.44461998964941,-0.18343871488058,0.0616606218505454,1.30015839392763
156,67,-1.00487352612431,1.7103441735404,-0.115960602492977,-0.932084681514515
157,67,0.5915375806214,1.83943500950228,-1.26742021128361,0.921977476350519
158,67,0.505041802064509,-0.00300692765765799,0.594146724689464,0.451351111424776
159,67,-1.39303397859127,-1.04168817442849,0.187359154600701,-0.971827607519238
160,67,-0.44755967691372,1.68608402553949,0.144126750752446,0.780034311447496
161,67,0.846639080218248,-0.0387791236489771,-0.357686780114739,0.498416245342961
162,67,-1.21296049137432,0.325190978279553,1.07995951805925,-0.747560069927596
163,67,-0.744991084129954,-0.124595217815328,0.482845967095215,-0.234068189881907
164,67,-1.50134734289013,0.463320125453814,-0.201109272520704,0.385144297631941
165,67,-0.0450535684872296,-0.320207103186095,-1.20800293217178,0.251742305587284
166,67,0.609839111802074,2.05581719582411,0.657787695798039,1.09077867329284
167,67,0.955037821854195,0.61123977089548,1.31096095113394,-0.749140381139612
168,67,0.407579454601845,-0.854803621546742,0.243574460660992,-0.0528683869483899
169,67,-0.023152239675414,0.245369015716429,0.152849454677818,-0.127235512411662
170,67,-1.60376089392012,0.920047204640997,-0.960844987889456,0.744509900392939
171,67,-0.326529175834575,-0.252343279107234,-0.351313171204926,0.475365704141485
172,67,0.981755835548403,0.391754940249788,1.22056935998792,0.0219773152807128
173,67,-0.192176134682441,-1.19994773450683,-2.76627612141228,-1.15618981712599
174,67,0.272071619280211,-0.438045457109219,-0.15126706000517,0.996336637396081
175,67,1.47215718696944,-1.43651153821303,-0.704605323937921,0.212588018771809
176,67,0.275968145358269,0.127138084955445,-0.380058737640564,-0.292782313804636
177,67,-0.398660532772813,0.160557682029774,-0.376340448132116,-0.350422416297597
178,67,1.16414422525517,-0.713626023998585,2.40348784474508,-0.886520856204944
179,67,0.93250114395389,-0.407481302034541,0.215355533752852,-2.49481251154341
180,67,0.795866170447873,3.17683273981727,-1.39052420802606,0.577796419248713
181,67,-0.290017663415782,0.494642217137571,-0.0734307613567244,0.15624503420325
182,67,1.32700613765585,0.0398053178456462,-0.456021553235535,-0.0625981703333142
183,67,0.880264113834075,1.26332490053912,-0.211103049739971,0.120450105464032
184,67,0.563608149439904,0.302038925451757,1.55357190281494,-0.584009330766487
185,67,0.879063230086856,1.36079639510963,0.0185021018546416,0.229617753605748
186,67,0.0143779176860488,-0.615714121298215,-0.396722656671913,0.828107545846685
187,67,-0.329196234475258,-0.291130953128918,-0.455675578932302,0.912491522821636
188,67,1.52983582240481,-0.666776670793183,0.302724440745418,0.404516500696602
189,67,-2.60732751297358,0.791269404388186,-0.0663880292712156,-0.00373738890762407
190,67,-0.630599792902811,-0.0553226969500147,-0.210809738356851,0.90322622642525
191,67,1.79077320122015,-0.716116001807226,-0.0438539671237445,-1.59032841405254
192,67,-0.641765890727427,0.687257438951651,0.867836684597393,-0.502195053374873
193,67,0.436783978591451,-0.066757928173426,-0.319753335641313,0.0424601017055137
194,67,1.35446763392126,0.677028433587319,-1.10406943143482,0.114217102944014
195,67,1.29241217072992,0.562372899925258,1.52132763230932,1.74159416080019
196,67,-0.109833639491456,0.0664301819787717,0.628061377751236,-0.303457930336878
197,67,1.37587478019477,0.372965713737283,0.00123451913960425,-2.47108920265148
198,67,-2.06562636536777,-0.417000326460886,1.41263733323633,-1.52089467172991
199,67,0.533505436509338,-0.567123047549327,0.387925758226091,-0.135388082052461
200,67,-0.883165551861686,-0.361651244579838,0.361839011035833,-1.52818573086309
201,67,-0.355283211374248,0.927131566176111,0.0973835195247419,1.0242330883005
202,67,0.232012804837749,0.381745349772925,-3.03457352207431,-1.02836573135261
203,67,-0.313809082213387,0.426503591110846,-0.791818310722442,-1.1612194652467
204,67,1.98221609244634,-0.908921728135119,0.903375079785765,-1.35324151111463
205,67,-0.945821211679372,0.757534590881753,-0.714109827427076,0.165998350634437
206,67,0.66815576066764,0.343469503632735,0.692396315039741,-0.932206212732107
207,67,-0.601690847148736,-0.73603206455545,-2.19744909590061,-1.29578009209707
208,67,0.286237579902672,0.398492744120514,-0.257757960202205,0.574391751871764
209,67,-0.554514193165789,-0.12854741402156,-0.139494107032139,0.243309566586293
210,67,0.88917632904371,0.530062286327335,1.04908712286262,0.683429883355118
211,67,0.860782411866628,1.07597380179195,-3.04967246810205,-0.216234937696862
212,67,1.22085904841376,-1.15541320833501,-0.638985778271708,0.739288056493611
213,67,0.83697528372524,0.119635007639496,-0.545222469375148,-2.21900912874704
214,67,-0.441555495261569,1.33549951649293,-1.11071737382529,-0.3547988969945
215,67,0.715917478214233,0.375735831129506,-1.24383829057751,0.912531002897442
216,67,2.21114643916296,-0.0225940776396348,-1.4557716620666,-0.132152197890589
217,67,1.64504256460046,-0.872268695602186,-0.0958667683828109,-0.044921860849045
218,67,-1.88664421978741,-0.985083721532919,1.01191074171324,-1.08710487177689
219,67,0.466268690959207,-0.786550096515342,-1.33671429777376,1.36895751997814
220,67,2.30740705415232,-2.08755391317596,-1.11365974470653,-0.175253204095278
221,67,0.918636046454766,-1.51028463932235,0.0868265468641007,1.01465107583415
222,67,-0.7606903604137,-0.14112691064691,-0.377173932172533,1.33006525869779
223,67,-0.035798456288115,0.329050401666478,1.79093394394541,-0.265489805876111
224,67,-0.518603613197601,1.17369945457807,3.0901112206267,-0.198295190214083
225,67,1.63185081974067,-0.271138816413861,0.0277770455114195,-0.61904189008425
226,67,0.391200381473665,-0.745284251656532,-0.31106093712375,1.46090399277877
227,67,0.434243872715052,0.934874674593322,0.597268925477687,0.60007061383728
228,67,-0.290842645886925,0.202424848180877,-0.874247561275755,1.42537574682163
229,67,-1.49909905099646,-0.932378588086485,0.494547460373305,0.512314870336119
230,67,-0.655068880308206,1.2225580121533,-0.810704244584536,0.277827192427173
231,67,0.182964372793846,-0.288301284859463,1.115181687521,-0.377050901525536
232,67,0.147265708101087,0.995562803749118,1.79723029169393,0.79583421442917
233,67,1.17975963915445,0.100207354730882,1.50429817116649,-1.18611442934442
234,67,-1.60429933573533,-0.639744487062578,0.315311118044667,1.02737083388164
235,67,-0.436640998040496,-0.106364183389902,-0.553112241839345,0.200773053316927
236,67,-1.6301717597106,1.00564709880361,-1.04492117404139,0.433175173290529
237,67,-1.210750770005,0.713903756021154,-1.05886912151909,0.239962165719645
238,67,-1.08613059934677,-0.493724576425515,-0.667315243701021,-0.777182118881949
239,67,-0.357041812173434,-0.956809936892685,-0.168350454497187,-0.369610459145873
240,67,1.43721954437357,-1.08569776903328,-0.526566242296238,0.00350847844407436
241,67,-1.90140450269061,1.05668766523696,1.06110597829891,0.925049816297072
242,67,-0.463100265614512,-0.291969390581951,-0.506257544419416,0.638753903857407
243,67,-0.503990708530865,-1.06076981474435,-0.163309968383203,1.62522724593476
244,67,-0.238280682975612,-0.762520155999885,-0.852024499451007,0.620458821613719
245,67,1.17254385368884,-0.611223826896079,0.449957493123078,0.993268985398006
246,67,2.33961629660193,0.76312824568681,-0.30326281577339,0.332904739668016
247,67,0.579688306893732,2.72844321315027,-1.19866954141613,-1.05313968679137
248,67,0.298997988897762,0.21528065357581,-0.81803039292822,0.551070975701689
249,67,-0.697568863895456,-0.188070060674421,0.944400382296468,-1.3596858679795
250,67,-0.326503668868074,2.61874637684008,1.06469937832245,0.0976668104781727
251,67,-0.866912800594325,-3.1652057854032,-0.985804087064446,-1.43090457557834
252,67,-1.19373016665203,0.329500161117634,-0.425256661381152,0.179363716832438
253,67,0.247173679922039,-0.336055042176455,-0.80378574650796,-0.328377448128097
254,67,-0.282654032578589,-0.610096825222679,0.890836504202748,1.99422889659188
255,67,-0.191879527883739,-0.110211817831882,0.119630705215547,-0.578057756111065
256,67,1.27062290952337,0.00816328381700283,0.199596245375484,-0.973295599843518
257,67,-0.384003746630746,-1.32108444754747,-0.379987748428843,-1.04581342039388
258,67,0.534145580764429,-2.56046679090313,-0.598207033448259,-0.891015442030486
259,67,0.64049354860757,-1.69822899883794,-0.8640727811319,-1.40703969460777
260,67,-0.603214353725866,-0.282849656821919,0.845382299679277,0.283821883996294
261,67,0.778362783687013,-0.935132045018388,1.59361239093391,-1.25904095572944
262,67,-0.865176533995258,-0.782168869193906,-0.0487864880554922,0.744829092075567
263,67,-1.0608651806596,-0.646290370916711,0.718503070202914,1.42124621479863
264,67,0.488828044081017,0.975948126194705,-0.332124903447828,0.508301184954434
265,67,-0.135260160409508,1.9016377474433,0.600276811231399,-1.10585799578397
266,67,0.789991881001511,0.470634205156104,0.697528278530662,0.221860375624812
267,67,-2.28119739065131,-0.171709493054664,0.527070129793563,0.452855923737138
268,67,0.0563900242778121,0.638211405801883,2.3043573315394,-0.436741189231153
269,67,-1.4472650376982,-1.76430213686283,1.1625996199502,0.265798458885068
270,67,-0.274031402505031,-0.367508304804515,0.153043325351734,0.798651063436624
271,67,2.0582099832161,0.221383559370232,-1.16367395170155,0.647678432807914
272,67,-0.737906647891929,-0.386210874146213,-0.240464192060659,1.3988553126797
273,67,0.0761385665372967,-0.203519828122407,1.71020943677062,-0.749077344518622
274,67,0.05500192750206,1.63914089909922,-0.109156974208055,0.6097250116983
275,67,-0.335117251788407,-0.0643659609484417,-1.80664471241653,-0.964294658101803
276,67,-0.139280875192477,0.554408157377518,-0.25458091848559,0.695737305590427
277,67,-0.233769117581162,-0.89970342431602,-0.428340888077328,-2.15669872351508
278,67,-0.351799826564679,-0.82496474104426,-0.81525155165073,0.996183929780991
279,67,1.29113084022669,-1.5641724820476,-0.182510114297011,1.04186424252845
280,67,2.37505396304432,1.33220030816126,0.843467481558709,-0.410439240379335
281,67,0.989379351300959,1.88936087831548,0.128548593486395,1.75617596704824
282,67,0.697447813619939,-0.244885612154875,-0.824608866453297,0.094471186421068
283,67,-0.974072756880958,0.345510282426731,0.839597365075099,1.0090235782657
284,67,0.516110457696295,-0.318297894570654,3.37813202445746,-0.0242950816055555
285,67,1.82258217850909,0.590880897118483,1.00653387479096,0.434604104611926
286,67,2.44447927258329,1.32113376015838,-0.227672766132136,-0.0713351052045764
287,67,0.317257258807666,0.13685438012833,-1.64599899089843,-1.01007297380318
288,67,-1.80764713427518,1.07681934662689,1.28761908117575,-1.14952240412054
289,67,1.34151543572465,1.66042253510987,-0.891604602719392,0.534273045567604
290,67,0.0697184205790953,1.15030508598514,-1.08389922823434,-1.86172408893082
291,67,-1.13695019146857,0.881948007553127,0.90023364405294,0.146103452242476
292,67,0.0293852001098505,0.884868915118925,-0.615635025304376,-0.466251545413963
293,67,0.293404268468756,0.412527815381131,0.998601478908192,0.867990588227781
294,67,1.26796032502695,0.877541712183756,-0.699640036825806,-2.71973397761152
295,67,0.670598929710395,0.840951033279113,1.24312517183752,-1.27786979699983
296,67,1.70382164291474,1.58327434247115,0.709422716907508,1.83638629170174
297,67,-0.710961667773016,-0.0774788401098456,0.668935393884143,0.500411688387717
298,67,-0.091669328298419,-1.49160814311705,0.584678666831534,1.54718265136012
299,67,0.269582401910594,-0.831835063883308,0.499005886493715,-0.230918708829472
300,67,0.120229545835756,0.006663696188481,-0.79666393487226,2.30202362253754
301,67,1.43746659908377,-0.692883167666512,-0.293773651507015,0.0489771220980561
302,67,0.286915477351919,-1.84404660441693,-0.482522330416936,-0.280617190234086
303,67,1.18401829015704,-1.08639972473077,-0.383994078297836,-0.682894744756902
304,67,0.383124010819089,-0.64036393540927,-0.872261951711831,0.423395942529461
305,67,-0.739227150290835,0.0141126166984212,2.37091711162432,0.488083611121819
306,67,-0.538507621914314,0.16299965981341,1.03545301881668,0.944830296579374
307,67,-0.846597066243826,1.40428240197198,0.0406928553250325,-0.260380338660246
308,67,-0.362154355463663,-1.45127925865708,-0.0986362933337404,-0.236516490822557
309,67,2.04756224657508,0.140116828322482,0.473051111956993,0.814909640351819
310,67,-0.203078991476815,0.738665647987569,0.928976288720725,-0.245293808371083
311,67,0.24776636758983,0.169780056177444,-0.652518950876826,-0.353301319550308
312,67,2.8747774055861,-1.37693498086202,1.07560571266942,-0.324600138089167
313,67,0.74584776255044,1.92689008156571,0.647210229860796,0.150958473498383
314,67,-0.281620148393681,-2.61107086302731,-0.428481740156864,-0.273993336652734
315,67,-0.929659894939374,-0.983156583340042,-1.82629499415039,0.534910814948519
316,67,0.424883584396595,-0.0347291961756075,0.526880332098299,0.0567121874839405
317,67,1.20527251253313,2.22208814153797,0.852796978647024,-2.14260650264113
318,67,0.348604377895893,1.93884877709406,-0.981246313762278,0.90859914970695
319,67,-0.70980574243304,-0.720015603368455,0.127606494835382,-0.139640862847213
320,67,0.500134108188012,-0.443257505804146,-0.928118634574681,-1.38256707927164
321,67,-0.819291380871509,-0.0822911160935246,-1.25967033396148,1.29021523832751
322,67,-0.0262220286896652,0.680957196279941,0.51877672750928,1.34532786785301
323,67,1.10831495918779,0.819974174205104,0.290841686922611,-1.10342835250517
324,67,-0.967799147275943,0.0327641822842867,1.00847706231674,-0.197530422131126
325,67,-1.48560027778931,-0.900300231397027,-0.275311758743515,2.03037444062771
326,67,-1.04925892642591,1.10039089435891,1.34003849161242,-1.12625929279683
327,67,1.97676534629294,0.0684212745682572,-2.06543137641318,-0.571745693939754
328,67,1.55590997342564,-0.466156521416208,-1.45552818883429,-0.622858254533539
329,67,0.0169392612304184,1.01740852968113,0.832284849419583,1.01955260021644
330,67,2.08807080618863,-0.717939231047844,1.80048349441392,-0.732755808929266
331,67,0.615209565830759,-1.48160954275637,-2.21542293012833,-0.460270619333236
332,67,0.0369332898833825,1.10595648967991,0.573855012012818,0.607512230468588
333,67,1.30349584662573,1.10817624601729,1.18165567237046,0.709004404669851
334,67,-1.30600826382507,-1.14355634182888,-1.7225238658463,-1.21300083665438
335,67,-2.89815301189807,0.040515655427497,-0.2231882021357,0.62709646445253
336,67,-0.136480622992712,-0.95720869389928,1.0030945994721,1.15246890570507
337,67,-0.690668525891598,0.026937309336911,-0.622498509319017,0.609545362447916
338,67,0.500682871414554,-2.56405963281334,1.48246554154868,-1.1939417826745
339,67,0.334150170900723,-1.76099182946409,-0.40104020261734,1.39638538582649
340,67,-2.22196027739966,2.03977959360679,-0.286682084909922,1.06717018230426
341,67,0.721814391560774,1.53522604910191,-0.976943949357281,-0.300727238930097
342,67,0.148298306477343,1.22369639376906,-0.175979073062033,-1.14629691771204
343,67,0.916260471653233,0.254669721728401,0.112860128210996,-0.55647419244434
344,67,-0.7605549638237,-0.541088557490352,-2.74988946555603,0.434612594219317
345,67,1.26127999010025,1.55494567928902,0.478034282363735,1.75069822626507
346,67,-0.751270128962573,-0.452960445801933,-0.789053667262941,0.186087812097489
347,67,-0.0693675218179185,1.83548911680114,-1.27729419405728,-0.584731459279298
348,67,-0.190466116083561,-0.907502739255329,-0.0648664873042347,-0.0104775024365495
349,67,-0.414223905118999,-1.70864372911273,-0.437585964969893,-0.721266374590664
350,67,1.4874134669588,-1.04706434227709,-0.968119913452834,-0.940356948281779
351,67,-0.394367482914655,-0.529931746921797,-1.53372054206414,-1.01333859414321
352,67,0.186973060264938,-1.25820533528142,-0.500974114179416,1.02384505319389
353,67,-0.437799571601864,-0.451841309749869,0.0211644619922322,0.73318221144071
354,67,1.0002133249575,-1.74744369245093,-1.60159037373311,0.866015543789976
355,67,2.30319654217407,-1.57328357058959,-1.63508316166267,0.794123673167829
356,67,1.21376207731162,-1.89392188731465,0.115097998420445,-2.12236213615716
357,67,-0.577222690424011,-1.00907261477444,-0.269263580635646,1.65663387135486
358,67,0.594021942860611,0.740602469701486,0.0195909494565862,0.727308732775999
359,67,-0.295278032165879,-1.65882982519806,1.07235578971349,-0.314833947472971
360,67,0.665793584277326,0.215930333539088,1.81592902812609,-0.988380025902369
361,67,2.22254382745424,2.03193863729747,0.678960734416722,-0.644222081442583
362,67,0.835348528542854,0.783451816875852,-0.460669290928972,-1.79916037343509
363,67,-0.312065042639419,-2.25014222597802,1.2703511744343,1.08954070659879
364,67,-0.79970652212148,-0.127302527380894,1.71430601125593,0.498376358813879
365,67,0.742923091148705,-0.17670064732445,-0.925973828129081,0.343251463518674
366,67,-0.952841883227729,0.698311960917707,-0.76210733998257,0.910421610588551
367,67,-0.955928152188616,1.62472835855748,-0.6063870123874,0.491399041300907
368,67,0.672667287939942,-0.0348971042713018,-0.170359621851183,-1.64792824289057
369,67,-0.226321608505456,0.667721578846009,1.00699773328306,-0.397234889263618
370,67,-1.34036413822127,-1.98640828471989,0.554024817900775,0.221497571898423
371,67,0.26753180113886,0.779402636318516,0.56260278910835,-0.492415423676351
372,67,-0.0562066179566807,0.560596055670299,-1.65302661221273,0.790171776746749
373,67,1.59808288495796,-0.680288457466598,0.684362760829895,2.66145147538165
374,67,-0.981202733045409,2.35423193254056,0.0335906327866331,0.484744212368035
375,67,0.507697119369336,-0.714390795994843,1.14747646905705,-0.247582222548243
376,67,0.365141067514726,-1.02553304866312,-0.0122227296162791,-0.289857787598429
377,67,-0.505724024847504,0.182216740738242,0.479167624505407,0.449381648137698
378,67,0.291978130371962,-0.0560599804299319,1.4209674264937,-0.0797675371527879
379,67,-0.568800938246564,0.801200695998022,-0.260236769316665,-0.252655970928501
380,67,0.131903810415594,1.16151741123495,-0.0348582020230413,-0.21733917770367
381,67,0.141024973862347,0.863793181650072,0.583789645671888,-1.28526555854732
382,67,-0.382592237633039,0.113711152407545,0.454661717937962,0.102087908568254
383,67,0.678873323297889,-1.26755923105602,-0.0993839067910524,-0.391430139804221
384,67,-1.12678868923956,0.122047844662889,0.0291610741210039,-1.2893395960367
385,67,1.89837190154125,0.518886920255513,-0.379848316462564,-0.120700514345285
386,67,-0.965216944681833,1.29331664726553,-0.363406224792032,0.0704806948498671
387,67,-0.0857905022486343,-1.14143103461253,-0.0213411309503341,-0.257983838783061
388,67,1.87730389573294,1.0819072676211,-0.971932969416879,0.464826242337318
389,67,-1.12994119576672,0.937202056945912,-1.37951732909347,-0.626770938784893
390,67,0.374659470718774,-0.217544499778783,-1.24956673875097,1.19783392051657
391,67,1.21593041281147,0.717600662724847,0.103058414431633,-0.376500405473585
392,67,0.790204445185354,-2.83300610141886,-0.076294636088175,2.24147012741225
393,67,-0.0260481234791316,0.148834491075789,1.25777044603896,1.35504680520508
394,67,0.374697905756186,1.12960725360926,-1.44113374475413,0.0811533866830067
395,67,0.148481900637301,3.82138937175758,-2.22896875608947,1.77379608057923
396,67,-0.589685229332566,0.204151964189273,-0.394365024608725,-0.0408690457097887
397,67,-0.0814985605361047,0.40011272624157,0.155197862632713,-1.43592120003025
398,67,-0.763715323788112,-1.79165652477838,-0.58155476834029,1.76350954479057
399,67,0.066011558068074,-0.391379832852752,-0.0763217508150448,0.181024333749562
400,67,0.411836656489451,-0.26887139438582,-0.750831079855563,-0.819254834332312
401,67,0.717102788646993,0.27052824734824,2.31651921595953,0.310975114935432
402,67,-1.78025643076205,-0.918047454756747,0.061513523597591,0.140617287777808
403,67,-2.33016723377461,0.421552044244341,2.56678978901131,0.410921679950902
404,67,1.32615120380459,2.10814803932946,-0.301406325714371,0.347786668060754
405,67,0.0443722915333598,0.654666155401509,-1.49443264471483,0.0960248395810549
406,67,0.102609685874672,-1.53757747717183,-1.64431354824871,1.357567614291
407,67,1.20139714254139,-0.876053087779965,0.960091526627767,-1.84815274161037
408,67,0.770227623607252,-0.111821299665569,-1.53291558598313,-0.164789003568084
409,67,-0.602470649267674,-0.747473721810931,-0.550882532614049,1.00310140162522
410,67,2.40252742825655,0.348744863567746,0.826696152731979,1.41983415444474
411,67,0.126747172251181,0.442199835880683,-1.06750125772289,0.290817328753057
412,67,0.570813601043736,-1.08371262135364,0.748440932838967,0.999243890712647
413,67,-0.812965497855376,-0.167925831352284,0.941302483820208,1.76649870328429
414,67,-1.84720156847181,-0.210703352759336,1.35166543090785,-0.202137621434445
415,67,-0.18836974653031,1.60658099699838,-1.15310160006586,-1.06370371378811
416,67,0.682852347457994,0.230201837178611,1.47447522860105,2.15093223450155
417,67,1.08006713032139,-0.725273438996266,2.25962468256069,0.42242873622417
418,67,0.35468343168445,-0.255308135955019,-1.50094976806397,-0.238608728697871
419,67,-0.272865222752168,-0.0346453548440799,-0.179018245483536,-3.10698425935815
420,67,1.36720413171352,0.140427296649771,-2.54307663473504,0.859240886500795
421,67,1.607595673229,0.348530543612979,1.50577170938183,-1.25121785371954
422,67,1.29720811615702,-0.443701466379878,-0.689804568315338,-0.29850868327738
423,67,0.0355300056467995,-1.32570866917564,-0.120134550000656,-0.0615698861424533
424,67,-1.20007321994287,1.87149704261324,-1.61927660335535,-0.757703359032821
425,67,0.951056195754987,-0.00895665303339293,0.910620558942043,-0.50794343406108
426,67,0.781417777586356,0.474713012286718,0.158496430397731,-0.295412274141768
427,67,-1.65283871200699,0.0179261599095795,2.20411219713444,0.555742266365719
428,67,-0.328084328075013,-1.07882872600558,-0.933979866375595,-0.552829712570803
429,67,1.32719343536194,-0.717082247785355,-0.860020895083876,0.827210871999
430,67,-0.361496485932139,-2.6502374811342,1.43556138425794,0.0610268652886115
431,67,0.205504918518478,-1.33487170511282,-1.05972802832462,0.964088739318934
432,67,1.81315822183512,0.989771111361814,-0.212018172927954,2.26176517829225
433,67,1.00314732667508,0.294182576628399,1.27426114322129,-1.43471428639129
434,67,0.597466681892867,-1.0183542203912,-1.86475028786522,0.291299959337505
435,67,-0.411336915021788,0.407452630509758,0.352912844637601,1.38454133473849
436,67,-0.471518528302153,0.987942243249657,-1.36730388988363,-0.553017938236955
437,67,-0.722931027508344,0.43474796144064,-0.111174729544485,-1.96377833191086
438,67,-1.46045641828559,1.9608425675339,-0.693705224118419,-1.02685854950961
439,67,0.188258397952414,0.449251618129626,0.586611883421332,-1.91776778454
440,67,0.0265212271998977,0.271989269143829,1.32477767336698,1.41962246282744
441,67,-0.579678112091782,-1.51083983958819,0.901330914097009,1.24401659389803
442,67,-0.0131304918947182,0.271221030164891,-0.812617805643161,-0.575033864180529
443,67,-1.24756616363965,0.396017690301338,-0.251689958735647,-1.74449035483004
444,67,1.08064082860447,-0.144910839703565,0.191056566592532,-0.59507659924509
445,67,0.824048924606426,2.23522532114768,-0.0803183487142266,-0.768390735864935
446,67,0.926477193496501,-1.6255404773235,-1.02009184527584,0.993931377139161
447,67,1.17408942168413,-0.49121514581122,1.13544017249446,-2.34627538923251
448,67,-0.226449664296773,1.21153601276832,-0.180858911311894,0.930503882342303
449,67,1.17105591145064,2.55793467831072,-0.58956240007555,0.793480576759011
450,67,-1.9951188120689,-1.13184551374656,-1.2019192585023,-0.0568831571082764
451,67,0.503390156199761,0.934824405115933,-1.0324820111101,0.468835445501931
452,67,-0.856868146565085,-0.732055291370904,-1.43219518312838,0.472270253146651
453,67,0.645953750785007,0.286359455251195,0.712057893689763,-0.103190917987871
454,67,-0.723309458830631,-1.47241135204004,-1.08887950305711,0.763727798452822
455,67,0.317687470158126,1.25049976154466,-0.00704768398697361,-1.35691234371632
456,67,-1.44760684281249,-0.737316587077437,0.629144868424788,-0.273244180109289
457,67,1.68098398087121,-1.30393739741951,-1.32021971932046,1.33710923890492
458,67,-1.36745611057022,-0.363465129613797,-0.242531404077233,0.987706830509468
459,67,-0.264621968353198,-1.3562632149811,0.739748686079872,0.451296294155777
460,67,0.53159957011731,0.0621989242668156,1.69204820470501,-1.44631843609249
461,67,-0.70954527697402,-0.283392652039152,-0.304844740216504,0.104587102811687
462,67,-0.511510258282246,0.490506393635882,-0.293228852315852,-0.994708733944154
463,67,-0.514842695886635,0.133062563687623,0.0584984568044745,0.0120521118154252
464,67,-2.00599429946485,-1.03208167324576,1.0043149725989,-0.816855241297958
465,67,1.748291406758,0.140559410518526,-0.5679438254715,0.319979400626161
466,67,0.0397698824665263,0.894973939365489,-0.205345080127211,-0.574136458599218
467,67,-0.200979408481844,-0.627566755310773,0.531946893088367,0.739439824972819
468,67,-0.810557074739058,-0.720592881368147,0.537782696717723,0.947686574382423
469,67,0.967027748914113,-0.3364787367616,-0.401758939037504,0.944177463651646
470,67,-0.945322941252395,-2.91189843283397,0.943764357886935,0.346326119262945
471,67,0.715975324316751,1.36709182486455,1.23501332015569,0.553242371304524
472,67,-0.384595535726739,-1.46921368891741,-1.28241233588023,-0.232980516880179
473,67,0.417458793379304,1.55562095369266,-0.0617276206422579,0.200345352765706
474,67,-0.221225021174293,0.273343195206686,-0.43410089061046,1.11256794781657
475,67,-2.71604769753548,-0.569691237978014,-1.29542563539734,-1.44007349763405
476,67,-0.265840380275394,1.03072808680165,-0.658956508760661,1.5465665124499
477,67,-0.910374866853198,-0.653894245523368,0.577372589040425,1.48671548515671
478,67,-2.30346720606134,0.0964725448771119,1.88132527278616,2.09588537297976
479,67,-1.11277074645245,-1.47807624433047,1.72081982469593,-0.111575644798056
480,67,-0.361276454274026,0.729950559397686,-1.86077858295428,0.732292461858955
481,67,0.2148635559269,-1.48156825074404,0.318689687605564,0.744752393215733
482,67,-0.916346177986952,-0.195270710296641,-0.894864129333691,-1.54650987366368
483,67,0.5709635764281,-0.481664618245054,0.0413334107509382,0.367094447526352
484,67,-1.05511805011072,-0.966439252433546,0.897981174121138,0.167779237932764
485,67,-0.316284344936288,-0.407040325893175,1.58066344868869,1.51875113840541
486,67,1.4945132855805,1.65383451181547,-1.21781944224846,1.51621841551815
487,67,-0.989197298592231,0.336565062255516,-0.799893099285234,0.190625002038674
488,67,0.384395960733296,-1.31398648187525,-0.181974066548042,0.0948219143538453
489,67,-0.165099998075655,-0.119348382532077,0.256329091896644,-1.22411718432605
490,67,-1.0430970481579,-0.259281061321666,-0.234688866582408,-1.06564961712668
491,67,-0.140788179003028,1.10322265143787,-1.37760062090834,-0.00975760302580648
492,67,-0.417991809520196,0.350906926519722,1.56299533563152,0.789694076948511
493,67,0.713321775966059,-0.561962753900602,-1.51106505258035,0.579057323557568
494,67,1.40385928835926,0.0545383117155563,-1.88246688282242,0.535401422387254
495,67,0.690022066909918,-1.97432304969544,0.0737652552393531,0.549121563849563
496,67,1.07484335056314,1.6116625719437,-3.19459722751039,-1.23176302098219
497,67,-0.99886376755668,-0.71084727665331,-0.0243701250877609,-1.7989840631561
498,67,0.84209690086418,-1.2233122939623,0.684304021701022,1.55346794505931
499,67,0.280613209298535,0.906805635417668,-0.793601707151438,2.00939095285763
500,67,0.868807752734502,0.723590324998952,-1.04615836435442,-0.423740286844409
1,68,1.05149459555093,0.176267122751821,1.11912715539365,1.11848569800654
2,68,-1.2446843434322,-0.247385131050313,-0.781607230747919,0.114565220873094
3,68,0.0786594224386503,0.317434579151756,-0.673763879085711,1.35944508191993
4,68,1.46000009696331,-1.10256289415727,-0.699485510198025,-0.0285402893206162
5,68,1.10995454422196,0.103395024463779,-0.57303166640783,0.429827718432579
6,68,-1.37102839451207,0.750535706499783,-0.951985968370987,0.146085090127492
7,68,-0.309232291163803,-1.21263985246572,-0.187589326717491,-0.686924258117613
8,68,1.33661342747051,-1.20901139341051,-0.70827195101942,-0.781900590020256
9,68,0.394305307586143,-1.49949755523769,-0.441331778137962,-0.0193071634055336
10,68,0.113576425103913,-1.47008024142317,-0.983403408489403,-0.665055638801505
11,68,0.912208504527103,0.217197643791835,0.330976060288146,-0.460337321819589
12,68,-0.398438814353176,0.169647188991375,0.987987748283372,1.05249752428966
13,68,-0.21219869578242,-1.16057892538421,-0.752916118072016,-0.831330335356729
14,68,0.391048026003998,-0.173616944780353,-0.401559565804471,-0.258205465578659
15,68,-1.21757122499112,-0.121766625638888,-0.923998401697245,-0.595611472338224
16,68,0.228312098045241,0.807319146185152,-0.686343049651686,0.240079382306471
17,68,0.205555138461753,-0.00338270636495569,0.256668587552715,-1.8501413170815
18,68,-0.0817099746608783,0.0239298053925397,-0.117027402773514,-1.18112761801879
19,68,0.42043455933268,0.947228708329798,-0.311044289265505,0.527417223320951
20,68,-0.721473066352071,0.0863138846300421,0.290431209111014,-0.013730833509203
21,68,-0.372133889912066,-0.271180999496863,0.0898773421945492,2.67491255450119
22,68,-0.196625162603594,1.13471032740198,-0.371690036196392,0.295987964298158
23,68,1.01822305513971,-0.479502969171622,-0.0861564700679217,-1.77939471012246
24,68,0.735644176896508,-1.36816095669133,1.0256043681227,0.86987555518219
25,68,-0.929918899675682,0.578881256764887,-0.601587051457836,0.723922974553483
26,68,0.350897925384256,-0.185202218418913,0.0541047076780112,1.05547644728299
27,68,-0.476662829107073,-1.62727515838302,-1.5265427978226,0.26464656918886
28,68,-1.20387313354936,-0.827430083154214,-0.23315636516799,0.555454283567132
29,68,1.10579389729319,0.437233716073548,0.928638362252351,0.177423871924273
30,68,-1.65640355490916,2.11466267131365,0.635764028096656,0.420139649799659
31,68,-0.595322888701397,-0.663027721540784,-0.38116786260438,0.0112266471512297
32,68,-2.18204628220439,0.224950270857534,-0.575698243129751,0.510901339601401
33,68,-0.287160904299982,-0.332024806438218,-0.0277219685416306,-1.41333398282452
34,68,-0.43746097167718,-2.94376350503606,-0.219455551198975,-0.162753060033421
35,68,1.34811362637007,-1.16210777598011,-0.734739313623789,-0.209525822359643
36,68,1.56801051594124,1.26754447656276,0.429063428364373,1.3810666471395
37,68,-0.164696081131122,1.32555667048632,-0.891867789659351,-0.233906986250851
38,68,-0.100561158555726,0.35766262192513,-0.760349515079255,-0.57329780862191
39,68,-0.159938459368076,0.671108570448748,2.1273916145821,-0.538044210664361
40,68,0.406802167338997,0.236563392142177,1.22888585636972,-1.44579714039086
41,68,-1.36373909856252,1.24081840263181,-0.719778647258679,-0.380419562454245
42,68,-1.82103100170366,0.693621187836023,-0.853161941131618,0.624708633087542
43,68,0.569785428503408,1.46687389744443,-0.605847609006757,0.0782021363276249
44,68,0.106777638190253,-0.30462312348877,-0.194551644833738,0.789190124144246
45,68,-0.508979935817759,0.204027296664682,0.580281765509722,1.02713817831026
46,68,1.22023462202336,1.36395590484245,0.480310943234594,0.880054006672406
47,68,-0.543875849180262,1.30655533984285,-0.923614874706979,-0.736639518061379
48,68,-0.327689045167131,0.202594408109896,-1.82024643687452,-0.574986724045749
49,68,-0.636148922552826,-0.321755081337507,0.804790771206075,-1.90464048521086
50,68,-0.757815372316939,0.248524488781278,1.04021582539765,-0.399829732113689
51,68,1.32010859837063,0.599132142796984,-3.13463655361868,0.124607236868955
52,68,-0.0398554616484893,-1.340099212896,-0.757007480863356,0.592200027649207
53,68,1.52314912645166,-0.725540613231641,-0.713787658355651,1.554741770347
54,68,1.39081530704391,1.0470597554783,0.521166552395802,-1.13331954863727
55,68,-0.438311948485705,-1.42243793412657,-0.957264826834972,0.447757303382814
56,68,-0.0299826747195986,-0.0301325383979403,-0.692478860150235,1.14713897282102
57,68,1.34173942829838,1.13108886854724,-0.398657429729327,-1.01623094704295
58,68,-1.21481721709591,0.853304434224359,0.992697114763697,-1.24934058479944
59,68,-0.347031831572029,0.125037979122079,-1.44224891643431,0.535243236567028
60,68,-1.28871083900451,-0.492404218861242,0.591926638681325,-0.899638141857965
61,68,0.429016543887353,1.14415770216736,0.696801886085328,-0.631602878259554
62,68,-0.160694892020043,0.300877782131274,-1.13216329520988,1.68746909598273
63,68,-0.0554079603209944,0.240742221442599,-0.808857807111731,1.16953731696884
64,68,0.294009134329314,0.837018538777662,-0.953094464885541,0.371318754741123
65,68,0.123467618393193,-2.34951438475022,-1.62342492862324,0.927172821206611
66,68,-0.394451083269382,0.660145820479194,-0.847149544396412,-0.719785645919815
67,68,0.72342803940638,0.172963456031145,-0.162613705272833,0.192487248636959
68,68,-1.08500576335049,-0.50161107773452,-0.90829777117079,-0.520061110391349
69,68,0.531973454928206,-0.126715808045327,-1.49571933385368,0.759044255669571
70,68,0.670949531977512,1.05651958429535,0.657682820371476,0.0571461605206103
71,68,-0.619955000819522,-0.293294932876867,0.211434124841301,1.07436459205353
72,68,0.475010294080659,-0.206300723479103,-0.325805237512989,-1.54632723714147
73,68,0.153000371829974,0.359837055646718,1.26211870790009,0.476011330566608
74,68,-0.0408003937499549,-0.0970977026546807,0.33272066621778,-0.372837730470627
75,68,1.41550981261447,0.437979518178567,1.11872330368643,-0.0499263613990549
76,68,-0.428844814742339,-0.421825669803374,-0.963348146054565,1.2508820395803
77,68,0.0859906553874071,-0.978059500148643,-0.531037425700634,-1.29143338884971
78,68,0.125755523893715,0.481975641587081,1.10038196056621,0.095696172617477
79,68,-1.00669021558163,-1.07176961926536,-0.285694686623118,-1.44415192676285
80,68,-0.237672736121103,-0.488265084190588,0.107812092536056,-0.205583614863701
81,68,2.17199769074405,1.32115620490255,0.289961322067483,-2.45448894089788
82,68,-0.41608066428471,-1.25879224442973,-0.112208376028177,-1.14617996688694
83,68,2.17925571761292,-0.803028949413436,-0.682096159002459,-0.249079771668114
84,68,-1.29823601997982,0.347146539927996,1.12182740470937,-0.0411066912002751
85,68,-0.275013641672812,0.0751022125776119,-0.744215395806414,0.950710502727709
86,68,0.80903983463655,-0.674684443358555,0.335256718665397,-0.482661617755872
87,68,-0.411164342354547,-0.71113988416062,0.110931557026162,-0.295580936508951
88,68,-1.15075543784236,0.76129741671367,0.0432293479076322,-1.0846593867729
89,68,-0.212696076453548,1.14133638176966,-1.39220072082847,0.0553263303903311
90,68,0.303933316462635,-1.45989950269334,-0.769287674022516,0.143701726982695
91,68,-0.355127413212005,-0.0827900107744187,-2.98566011353488,1.20069148865758
92,68,0.792261751662223,-0.0262262194226489,-2.2694717804545,0.420412327834097
93,68,0.234980946109936,-0.69805597622573,-0.113541151847202,0.376741827357855
94,68,0.749812853976398,0.680220522781921,0.516994149358149,-1.9361958345994
95,68,0.0575408103829977,0.0756165108072217,-1.60975675790142,-0.901403844047171
96,68,0.713530130079894,-0.000161278040858831,-0.347279705018503,-0.0144795502337696
97,68,0.705691027450692,-0.517071021250233,0.128782551095236,0.0998131647789866
98,68,-0.386396153485473,0.201218297006393,-1.3152128084513,1.58758769291365
99,68,-0.214516120805855,0.10384163840008,-1.08356779126876,1.00766870883042
100,68,1.50463384242301,-0.936075272335209,0.670704099584065,2.1626994357628
101,68,-0.946079190746637,1.12288118407234,-0.932293150977979,-0.011579354542964
102,68,2.83110715799061,-1.43931150497446,1.05984133443811,0.0136929070045882
103,68,-1.4679997849502,-0.962884288556713,0.733159278334309,-1.30167823508579
104,68,-0.728979701894001,-0.356952953546358,-0.975760314454505,-0.599423551289234
105,68,0.435604402626527,0.824911365732586,2.07542756228337,0.423897335871188
106,68,0.25582039888495,1.32245655301142,0.082396507357812,-1.2012663096345
107,68,-0.879271847535713,1.07446814788909,-1.24831949391632,1.56658860582304
108,68,-0.18478589818953,1.60547838228785,0.256247475839078,0.651275211003779
109,68,-0.959068060007585,-1.25864739427451,0.336412747396459,-1.75878199604405
110,68,0.383892249133025,0.82959486879475,0.442644278941862,-0.0929083010834742
111,68,-0.62479258884608,0.419922887937987,-0.978036057973246,1.40927956256941
112,68,-1.30757565642774,-0.63271914101118,0.33625982891875,-0.565567202978114
113,68,-0.654461719450917,1.41007436497351,-0.453898352514956,-0.0451574895865703
114,68,-1.65039074862929,0.336667969162228,0.330845585110952,-0.247838263066782
115,68,-0.438098373559787,-0.53092287129185,0.785227159128336,-0.906552671580292
116,68,-0.864996521894806,-0.391160475568111,0.785982224350367,-0.341984762761035
117,68,0.496291073177998,-1.17548377400736,-0.0967171120954737,0.638437035332738
118,68,2.9461415816404,0.886154195777338,0.532715505277445,-0.698891566514335
119,68,1.05550705320557,-0.988521180731165,-0.690239165906394,-0.180732761936127
120,68,-1.18085757412804,-1.063894221788,-1.52895980873498,-1.33992630560883
121,68,0.128882222914476,0.73350519281427,1.9169925315215,0.196212391352397
122,68,-1.02481967863643,-2.7987367519034,0.486027573801549,0.284527589358899
123,68,0.245621954937321,0.926640850550354,-0.872610323407865,-0.194592515977931
124,68,-0.187102346437749,-0.441753340773145,-0.673233303254112,2.29090605140098
125,68,-0.692030616760822,-0.0149500374021109,0.506644312095803,-0.719545879454148
126,68,-1.11425601707875,-0.303368487343934,0.694849187223288,-0.248162607238058
127,68,-0.197541203075867,-0.409844503298652,-0.669408078084063,-0.345147168846859
128,68,-0.545009555141627,0.694834578056194,-0.183784652516749,-1.50309280780373
129,68,-0.631881095198838,0.103868979177969,-0.126367818096903,-0.565864635473977
130,68,0.321221234359137,0.870785737383021,0.980323901218601,-1.44386176911549
131,68,1.27661359809602,-0.735458024590954,-0.0766588620186661,0.78347958082556
132,68,-1.24840264561997,-0.0665214098083317,0.411138692101886,0.0144525361813002
133,68,0.304355019911522,-0.682939571654358,-0.276746675966691,0.465052640906703
134,68,-0.787254159431013,1.01716129136734,0.726975109872757,0.730459526649333
135,68,1.60439250534732,-0.00083115473854845,-0.98005115252946,-1.02518317800216
136,68,0.410184235248392,0.00796523224674909,0.616115498774538,0.56485704198188
137,68,0.794983198906257,-2.13155471247304,-0.357136775342232,-1.00727852717748
138,68,-1.59635965283704,0.616747709235978,0.944012246138881,-0.451061333808226
139,68,-0.4972778846605,-0.451934082543819,0.991913577063955,0.120061061090732
140,68,0.542300811848576,0.202578067252892,0.780216420298532,-0.849054576353183
141,68,0.502005217957157,-0.34462084922936,1.14962174964896,-0.418797490897195
142,68,-0.872989389018426,1.06437734102128,-0.957047431429027,0.68104451546863
143,68,-0.738445941054778,1.50742992186903,-0.139363194462107,1.41852635684065
144,68,1.14606337472503,0.733379784517624,-1.48911273303078,0.539695372513251
145,68,-0.0360308402957172,-1.29609450677528,-0.0501507811227471,-2.34296827332772
146,68,0.955045858548271,-1.07183401936947,-0.16339933374588,0.341619456101874
147,68,-0.47696110481163,-0.516444506618507,-0.133299284806472,0.233909550749914
148,68,-0.791828146252572,-1.11982770082687,-0.41557773827357,-0.776168109179714
149,68,-0.249327392294207,-0.660150308915875,-1.21362086540545,0.264988407953894
150,68,0.179702833945453,-0.187262352708066,-1.06800460747618,-1.26867009313718
151,68,-0.515590561046768,0.904096001287333,1.36121434646484,-0.329933123497179
152,68,-0.984136938686263,0.00508964869450913,-0.908902177918502,1.2374069668214
153,68,0.830633285876634,-0.0960685546108312,-1.29007194779483,0.0531995988897598
154,68,1.78106910814724,-0.398982657104601,-0.197810371509606,0.313778594532515
155,68,0.347180370792903,0.0197205604554948,0.878827689515913,-0.475892091141087
156,68,0.829780781508695,-0.974618526691599,1.6997006288608,-0.907227876079553
157,68,0.204238985376354,1.64270742682737,0.242033219573971,-0.645736777189173
158,68,-0.0623406969489748,0.00676082062497346,-2.31978050068511,0.36112131321351
159,68,0.646365576619146,0.192364215323128,0.216894434810831,0.483344830933517
160,68,-0.826467547846212,-1.19926923983549,0.365560635744955,-0.927394877337406
161,68,-0.173750334874023,-0.889484591270136,1.07098995180532,-0.302282449521765
162,68,-0.359248877203472,-0.492835670790254,-1.10551074627752,1.11735621450685
163,68,0.504857971383155,0.7956735407587,0.961893385341381,0.822565030560002
164,68,0.511499648916382,-1.08095210080047,0.74463961185894,-1.45471575746602
165,68,0.0103139752089421,0.916658591195351,-0.615422247267864,-1.52596800731553
166,68,0.274493926538965,0.426529722859692,0.667226789472277,1.10239040157883
167,68,-1.71977841125999,-1.08938331604479,0.397496956326143,0.335255479626127
168,68,1.32403727447751,1.16250786811303,0.55260930367803,0.70542213961103
169,68,0.662600612938074,-0.841987833645309,0.944733021985616,0.145056380098012
170,68,1.7343208344268,0.931683419247537,0.270177826407526,0.659611973364515
171,68,-0.232510190373646,1.08335405327704,0.3871667703496,1.94372620884083
172,68,-0.449774031232168,-2.00967552416716,-0.906764659890315,-1.02860660697241
173,68,-0.508901229390483,-0.171579828836562,-1.87598525077961,-0.657191211756974
174,68,0.415756149744776,-0.929986437311659,-0.389816874163563,0.52374133548548
175,68,0.287490501726409,-0.26093252529254,0.135553289746308,-1.42270588117533
176,68,0.227816542482282,-0.45199950949485,1.67154294839465,1.56501475449633
177,68,-0.442164100900559,-0.446772352340413,-0.575839749755215,0.00259941816476492
178,68,1.28348451268259,0.454783914745748,0.645017218541566,-0.520387817475016
179,68,-0.240646016165265,1.42046827618985,-0.313161513814522,-0.51272412060939
180,68,-1.73444505427871,-1.39274311126304,-0.404207098798805,-0.239461008333273
181,68,-0.6640072068686,-0.372807956410368,-0.983636692233149,0.646426913127366
182,68,0.453142819396057,-1.30026735118198,-0.220906156057243,-1.45252244419198
183,68,-0.601822555132927,0.85493380222283,-0.391510670786671,0.283653369153147
184,68,-0.802895407585741,1.6314533823805,-0.739202333224723,0.865713403157634
185,68,0.668827157906647,1.31679742142703,-0.247221114807667,-0.372521972047788
186,68,-1.12411738472711,-0.731709419534951,1.76804704571857,0.775848656700387
187,68,-0.762735227080259,2.03979930816478,0.112611481897961,-1.19933060121289
188,68,-1.10508860340352,-1.70461497427909,0.266099988111404,0.565375783245611
189,68,-1.19741628541963,-0.408641536710795,0.149777650796249,1.01468362871072
190,68,-1.16979325925902,0.634568663265265,0.258329875831683,1.86713628285139
191,68,-1.26837983381051,0.46027433580324,-0.500019792450995,0.171703101493761
192,68,-1.00931085397078,1.61076569261348,0.480914686279155,-1.28708030360284
193,68,1.70484143255424,1.06403787372383,1.75174585566319,0.329876663449587
194,68,1.32194044817396,-0.174004592296578,0.750346176323453,-0.0184764644131785
195,68,-0.151552703562454,1.23922136018192,-1.50509891997418,-0.937204418123368
196,68,0.474346420629188,-0.312896682845125,-0.543893824276412,0.135833066108572
197,68,0.815047323543649,0.663725799628288,1.4848983196731,0.717626791069911
198,68,1.03363312068964,-1.07521565560596,-0.64845217890014,-0.793668602456014
199,68,-0.304724381923933,0.840195559664604,0.30824162330379,0.430821545371264
200,68,-0.665251521406055,-0.248242351964344,-0.112388913200273,0.255890324771207
201,68,-0.244670466740104,0.134655652242532,0.563545248609737,-0.824193671216624
202,68,-0.788138834573431,0.380950335084777,-2.22258909498517,0.194440278747088
203,68,-1.18244013053717,-0.0411877348521338,-1.93022052197552,-0.121244301035913
204,68,-1.43982173960636,0.582921285745084,-0.951373838272036,0.419119368323596
205,68,-1.46077968640242,0.458662293807296,-1.08609824357654,-0.145190331229082
206,68,0.420979293629143,0.446251094640466,-3.00152808593623,0.269148523374771
207,68,-1.05788172469988,-1.17419239821616,-0.0821040619366128,-0.13130470324934
208,68,-0.266610260382634,0.18854314166985,0.103519008901285,-1.31286944781249
209,68,-1.88527083335515,-1.32032767797172,-1.04733959196023,-0.422487179986004
210,68,0.484157738722224,0.625187005332405,-0.714107556491076,-1.80237384021855
211,68,-1.56572643385227,-0.261777908820918,0.457527084593718,0.0228207286595963
212,68,0.324725078830081,1.1912674809571,-1.07021945916468,0.874911586884469
213,68,0.66437111679373,-0.999548395015515,-0.264865083394469,1.73791721187672
214,68,1.24074785399773,0.757329295375678,-1.34531615093394,-0.375224877412993
215,68,-0.908737516829798,0.841019811590625,0.827761496124596,0.925681415948916
216,68,-0.467659247222326,0.128365507099503,1.78554008140124,-1.12656908471171
217,68,0.0218319106225613,0.0680602895445857,0.136009633891803,0.537046032305842
218,68,0.0182959558207052,1.3773089796295,0.424964493103336,-0.391996024402955
219,68,-0.749439768079573,-0.30927600229106,0.481486815222628,-0.411827074962683
220,68,-0.467529784292451,-0.53126910806653,1.69542880253176,1.64589185592314
221,68,0.772105437227826,-0.459749706166225,-1.31673747798209,0.402846018292857
222,68,-0.0317878321494114,1.67505284266248,-1.81618477053206,-0.404735665861753
223,68,-0.780108784042474,0.384735187315645,0.478108657926436,0.689040521001348
224,68,-0.719799606989945,0.733818438923407,0.317752543608373,0.381811488836873
225,68,1.4596482247371,0.953442302128658,0.331934919781307,0.355240258308616
226,68,-1.52674777288949,0.322415693995395,-0.908338575065563,-1.8975592108836
227,68,-0.949810732006744,0.0691903168336565,-0.170789684160237,-0.864125912484987
228,68,-3.84210373692782,-2.41757194909161,-0.295235043621867,0.11488519491279
229,68,1.09030723536704,0.582381605117972,0.475797934825655,0.982617050637068
230,68,-1.55884933936252,1.25747905454181,-0.223607501980605,-1.69945212153571
231,68,-0.984917079002314,1.37646446328853,-0.172310115301166,-0.632715271604161
232,68,-1.01085126693217,-0.0601313126214318,-1.36039492658414,0.854638721581138
233,68,-0.607999834421573,1.8998434303553,-0.365717941150745,-1.16626549344243
234,68,0.993651588802059,-1.83205421647692,0.354208375918332,0.195362356699374
235,68,0.584644777004397,-0.525577602311708,-1.77492636898278,-0.379941266860636
236,68,-0.173925561941404,-0.354804988894586,0.678792155316806,-0.417060122776332
237,68,-1.91097872101514,-0.550751571316106,-0.757581105163758,-0.0948307952948614
238,68,-1.17801437610728,0.167486601245984,-1.22452907422143,-1.49886981989712
239,68,-0.296685545337129,1.106940840495,0.636186120605461,0.1722853008658
240,68,0.920616625666269,0.668010334223952,0.0818439376011474,0.0013517217597583
241,68,-0.219448270200012,0.0182912504030062,0.589647693956965,1.49170817287065
242,68,1.34831713720033,-1.06988806593015,0.0976466809484219,-1.11840739549426
243,68,-0.831711344060854,0.0877060695586787,0.487181671725835,0.490734498933992
244,68,-0.816550732427302,0.425196939994806,0.517412289225223,-0.00867224429770729
245,68,0.490701795265102,-0.0332836057041457,-1.91922601336245,-0.393838198110693
246,68,-0.480497973794579,-0.897861388269855,-0.441966182691048,-0.403727326063242
247,68,-1.25657546244822,-0.522519633707754,-0.165515162479008,1.08288316500393
248,68,1.09094369641258,1.03545646388472,0.0970096914140611,0.575620537407917
249,68,0.28901220337851,0.464293075079413,0.390559744948982,-0.764647591162678
250,68,-0.594186265604498,0.520811369064162,-0.891572711534082,0.149617220623251
251,68,-0.774411310603975,0.127106417350267,-0.935545419866603,-0.0104166249626906
252,68,-0.449813607094311,0.529521139058685,-0.0386175363186646,-0.304779014407048
253,68,2.07369797394549,-1.31546343011185,0.00397322579866302,-1.54530891097829
254,68,2.33134103486619,1.16889820395613,-0.343203995903174,-0.501834005763056
255,68,0.0984736279379072,0.786142592442641,-0.0779433880337762,2.53774467429121
256,68,-0.586370285238499,1.45203400677605,-0.838351081018245,2.15152565705811
257,68,0.950359375686372,-0.477826904496681,-0.283017768134537,-0.781634914422777
258,68,-0.455787274228964,-1.15734896371287,0.382026065205645,-0.453299809115063
259,68,0.584151048625447,-0.00897425498502907,1.23518180501437,-0.355416901229063
260,68,-0.501274138461039,1.04679915595828,0.628676010021818,-1.20897676704181
261,68,0.387934298889092,-0.408456749594139,-0.161190821871851,-0.886298413104932
262,68,-0.184704728619436,-0.961465926955623,-0.500867589676483,-1.01167056779602
263,68,-0.85607487643587,-1.01288182823436,0.94108169174449,1.3423318160487
264,68,-0.592313675823405,-0.281700361481056,-0.560796908848667,-1.90846052422857
265,68,-1.15039900951983,0.171869366460566,1.23320589739606,0.939174083358969
266,68,-1.00052005602956,-1.04498101644305,0.100831222219171,-2.43957223502675
267,68,-1.08255410653222,-1.8230313877725,-0.981762009210467,-0.961626642003765
268,68,0.271557347502043,0.811432459449092,0.436030550141958,-0.852702236069692
269,68,-0.854358153933814,-1.58457046317953,-0.430394220456175,-1.58471709813244
270,68,1.83187905565882,-0.582086824466767,-1.00981539060233,-0.00577287445335364
271,68,0.0289940580712786,-0.181572103312669,-1.8164266203839,-0.188312119424934
272,68,-0.238684276151362,-1.95962862345026,0.323248713539627,0.756942309582892
273,68,0.411876979600742,-0.816308848192321,0.690787358389986,0.105289093264997
274,68,-0.318593429008425,0.702046695956161,-1.08799713943492,0.323763096230902
275,68,1.84933213940764,1.21087607299116,-0.692994514341793,2.10839180759369
276,68,-2.33328544531996,0.400284966764533,0.576935757408862,-0.597130554368323
277,68,2.02276187448951,0.859926489193986,-0.828986873059444,-0.643547430922763
278,68,-1.03608113529783,0.145403997402232,-0.126607967392524,-0.517255466940129
279,68,-1.05271348283026,-0.710950010225424,0.102360802186136,0.452108101671903
280,68,0.959026861678199,-0.152112599239554,0.552260307664826,0.739324651417464
281,68,0.298362122893862,-0.444188872192764,1.001266582635,-1.15649324918638
282,68,0.268424704720407,-0.803070602911395,-0.101595123674223,0.272626952800622
283,68,2.10144890386992,-0.622640034926416,2.59775925677315,0.163711785916042
284,68,0.716238586546239,-1.01203141365058,-0.918898316493134,-0.753867599981017
285,68,0.57111321246202,-0.0831893525977982,-0.701117249495203,-2.59679269099967
286,68,1.74090842939938,-0.8748131565062,-0.0626781468903531,0.401841003914674
287,68,0.932829873624087,2.57118794814851,1.28804404022451,0.538083825593436
288,68,-0.555284655882171,1.94709129761598,0.527909664158849,0.358008549148417
289,68,-0.106622664337749,0.0530474799495361,-1.77969962367362,1.76838331826506
290,68,0.861344950927728,-0.848419183649724,-0.173960706551746,-0.0422389093216307
291,68,-0.552640430696371,-0.0947045269367906,1.35332973988964,0.117260040920491
292,68,-0.492253951424738,-1.13978570680215,0.281594048265193,-0.536474699726702
293,68,1.56404905236934,-2.80798750863129,-2.22682249177184,0.504265016682765
294,68,0.793008971673126,-1.0085173549031,0.290242426392979,1.93108334329479
295,68,0.388575950515118,-0.677193222321382,0.322686761544461,0.60013676010916
296,68,-1.57976469251609,0.451898870417859,1.51972797285277,-1.0964447012593
297,68,-0.342375547649674,0.460045953429515,0.966597639440605,0.430427845212366
298,68,-0.3250623782341,1.40134540950045,0.406299306572716,1.7512777236807
299,68,-0.0806178696372767,-1.03583152032407,1.19335024139877,0.559709601535127
300,68,0.061657473343659,-1.23211621489305,-1.90600208548552,-1.24398592723047
301,68,0.555539182193052,-0.547601819723953,-0.837199121692024,-0.518361562928589
302,68,2.67240849532406,-0.314328892730571,0.506300874871634,-0.392622219708059
303,68,0.139407968506341,-0.541714809711765,1.51198938130615,-1.3106525176648
304,68,0.943132508528192,0.268021680036413,0.019450544303697,0.228360955964506
305,68,-0.378973984147901,-1.87013138407885,0.657805039965542,-0.95842753907236
306,68,-0.488218980909821,-0.707905157437661,-1.19918893575669,-0.765373057536228
307,68,0.170140666374087,-1.99190439206975,1.47403779325785,-0.00975854893344884
308,68,-0.75942250632324,-0.981974814680403,0.471632935102435,-0.101548522441027
309,68,0.992857644493989,-1.06763416046023,1.83940787900522,0.93280319957594
310,68,3.62204220307945,1.86190933810325,0.247654153068431,-1.12791215606803
311,68,-2.05373109105494,1.20015114279876,0.185121498236515,0.635869304716323
312,68,0.292977122672441,-0.610660286617822,0.175767669780686,0.203270047425432
313,68,-1.06899514281003,-2.22303195048614,1.82976280283115,-1.96891323796391
314,68,-0.340450007678033,2.86167336055571,-0.922443971232661,-0.412114058061025
315,68,0.694751921837908,2.04343930924407,-2.25926163810433,0.218092342604235
316,68,-0.438757192463622,0.376303861751474,-0.249912846702006,-0.11752732639644
317,68,-0.94612150573771,-1.16146828241199,-2.79694727939359,-0.0547321104696306
318,68,0.761364454144743,-0.103190586090264,2.09259832176103,1.67142891423985
319,68,-0.567396374896639,0.913194498494344,0.263286380750597,1.16685154315422
320,68,-0.598357182758277,0.568634302305607,0.71078078238416,1.64586317035972
321,68,-0.249893709022727,0.252824123908147,0.0811761929239634,0.490571055616919
322,68,-0.318672559293706,0.97557424047064,0.0220792015595697,0.0891676398995634
323,68,0.163004009919121,-0.338301370826953,-0.979602712914842,0.22831193789918
324,68,0.440658287830656,0.412636389773501,0.300360564605254,-0.766122269492685
325,68,-1.69755789534069,-1.48883275999096,-0.0527576077693308,-0.133694086330861
326,68,-0.236426067697582,1.36354637191591,0.164273723904708,0.869344484135059
327,68,-2.25847596371293,2.06737033861999,1.55489350493954,-0.38775424177791
328,68,0.628979740709644,0.784955680479451,-2.00755811972077,0.167394918726285
329,68,1.25151988521353,0.557963814706027,-1.00266422237399,0.73508034263227
330,68,-0.903419480499537,-0.109443944380256,0.633105587840347,-1.62009951231767
331,68,-0.303536021917153,-1.39043437496843,-0.450400823329195,0.0350385800545909
332,68,-0.812852484140393,-0.0400293227208765,2.75282559199745,-0.470142919332309
333,68,-0.334709036823982,-1.63994206826217,0.351885523419818,0.322133484940794
334,68,-0.666515772372919,1.88138257680258,0.880669131127627,0.152113498633908
335,68,0.0388057018909877,-0.911829822080283,-0.34906187838104,0.587270853128902
336,68,-2.41119424660961,1.65127110036764,2.59305565175571,1.08130246043949
337,68,-0.0600878400755835,0.868910974637106,-0.664860311495469,-0.249799611548211
338,68,-0.485086554189928,-0.359041476970213,-1.35894812146402,0.0277071972920369
339,68,0.401606563271405,0.772212784337536,0.540178650663023,-1.49048304332588
340,68,-1.32688504413099,0.448065129075505,-1.32529481837925,1.28191531732466
341,68,-1.09828121088054,-2.64747286417995,-0.619977995463743,-0.183993623207004
342,68,1.2939770646102,-0.501138326063375,0.0858746306443547,0.455829397910581
343,68,1.17132562963837,-0.317614111390885,2.30750083468904,-1.39610085985696
344,68,0.836994432210222,0.377626938005931,-0.633150385185598,-0.590758675570083
345,68,-0.656853368894039,-1.13823646443023,-0.295910040516741,-0.854176625700774
346,68,-0.206571322961414,-0.0440214800183876,-0.719430592810799,0.52276774371052
347,68,1.22342440136468,-0.479403783822043,0.71752955803473,-0.08209380332883
348,68,-0.249624154821683,-0.726890927842914,0.572856324045479,-0.409768887733849
349,68,-0.0347997150661331,-0.662377887610602,1.04046412541688,2.24648386975939
350,68,-0.603150408169157,-0.284749138087378,-1.5442514128327,1.34967920108303
351,68,-0.573457862062959,1.46466276649828,-0.107681873365855,0.56707809688607
352,68,-1.4411492484467,-0.547468223511644,0.144558198043938,-0.996028014058099
353,68,0.511727244397289,0.376396392848946,-0.659485348318097,-0.761815536182863
354,68,-0.817676705211458,-0.354391800007788,0.806133548218332,-1.04929074975181
355,68,2.27666723963849,0.822847972970654,-1.13711455399498,2.1391452673179
356,68,2.03763426932249,1.30482806427502,0.582509577273836,0.999131662987364
357,68,0.492021609662102,0.142405669165735,-0.227175520297797,-0.0980247719791363
358,68,0.773419795315393,0.954755029614409,-0.75815337623419,-0.270597185478316
359,68,0.985927707151317,-0.306500440110781,0.0787462801411455,-0.373749294639659
360,68,-0.29923970532592,0.518371378488235,0.361925088005894,-0.9780303624162
361,68,1.56588646067192,-0.335646300200144,1.07395761694251,-0.440689208936112
362,68,-1.70623741181053,0.274758038925502,-0.683474633602674,-0.400414372727662
363,68,-0.0439275565323638,0.318080046542558,0.399369928432164,1.05107906557441
364,68,0.559736690403683,1.65932393129922,1.38529043969396,0.659220039049668
365,68,-1.37660873956577,-2.50488803206966,-1.45985945597912,0.0630261526476377
366,68,-0.359389128080688,-0.10541416594691,-0.425400419195279,1.21902290035829
367,68,1.10912564513992,0.985170368294367,1.84410487169359,-1.77182064765793
368,68,0.684113118085622,-0.110154723485119,0.926895766755773,0.204425690778386
369,68,1.60601160523516,0.604814885695662,0.0887010850367487,-1.23680033841696
370,68,1.24602393080512,-1.7527008066916,0.652195160069615,-1.67685830931925
371,68,0.174532852938821,0.294623086885975,1.46622996425604,0.75933889412803
372,68,0.610211163479357,0.341475941854648,0.846394418840365,-0.284059020020389
373,68,0.172455399352428,0.215861615833554,0.153833169260403,-1.27459056690306
374,68,0.376309837636458,0.680379276467358,0.792082514444852,-0.934367866422781
375,68,-0.256592057187635,1.75560973239233,-1.08264821484457,0.0144434678355678
376,68,-1.10142678340926,1.35993283878964,-0.273318276708167,-0.717118666455294
377,68,-2.13015106117674,1.80420441147921,-0.478696477045363,1.13513154737715
378,68,0.499800723295519,-0.478401742490278,-1.76456812050767,1.78256279699387
379,68,0.325000707147789,-0.951377467713204,0.564084156105706,1.19186632144234
380,68,0.0635624829336849,-0.595654873657125,-2.60797195615772,0.993690559962549
381,68,-1.62723230764654,0.6075504308131,0.862254290451709,-2.11740143426419
382,68,-1.7655212279452,-0.340718214295104,0.231016478911147,0.186378006874293
383,68,-1.91267922331799,-2.33996806602309,2.11999500419517,-1.30038085155319
384,68,-0.810341766490554,0.363532733919216,1.49304533731439,-0.104623595802175
385,68,1.89688214515543,0.833741894508118,0.926302641215411,-1.59582170530332
386,68,-0.215663884093732,-0.663709984444655,-1.64566757697107,2.20328683995866
387,68,-0.901162356903568,2.25854994364201,-0.502858754540755,0.0739722959512332
388,68,0.00189860690088898,2.42177169162609,2.21420858141023,0.131158437325237
389,68,-0.176157955034489,0.219653389801558,0.508238861873374,-1.00596577301861
390,68,0.324610013593249,0.0672517186307624,1.03613231998342,-0.56328842081976
391,68,-1.38114796009626,-1.69588817322259,0.325647042999621,0.739184328739911
392,68,1.8521804451571,-0.715460486146963,-1.4569704724688,1.42720170032948
393,68,0.702586661691462,-0.328826936242165,1.2427316608347,0.560093734308855
394,68,-0.464528614376407,0.179289959408976,0.069098469819121,1.10171334243931
395,68,0.206075053950218,1.19670377789106,1.13305746374934,0.585893663115815
396,68,-0.535739744092476,0.580944987902564,-0.83147818954756,0.323969704068586
397,68,1.64239692918059,0.651877699175544,1.32012349607442,-0.134821990758915
398,68,-0.341016262813558,-0.709834712002916,-0.823960671781353,-0.182866744325422
399,68,-0.0271364824203444,1.21542396405518,-0.0593681902927381,-0.152667819620056
400,68,0.490710808316132,0.622886956815359,0.0827477227713698,0.0832877743339432
401,68,-1.2188749099673,-0.556123623909717,0.0917475888394312,-2.60943670948571
402,68,0.69716105837721,-0.724947476934425,-1.30699195598775,1.06477417026876
403,68,1.14505649795689,2.16647594528422,-0.740975063947008,0.971349317381799
404,68,0.879875195785835,-0.71867216708015,0.195378081595984,-0.55402723051406
405,68,0.635584776164856,0.359072717138249,-1.40598467943279,-0.256133616307107
406,68,-0.337957217356041,0.198246969360758,-0.156901443512411,1.05697602852596
407,68,0.521592031884671,-0.460764025745242,1.5586724633473,-1.74833462475656
408,68,-1.24102581721371,0.693535863079636,3.01622843896125,-0.869981250249016
409,68,0.384966194380356,0.573357710862409,-0.795440025574574,0.382580924961563
410,68,1.27573432605757,-0.459619413144206,-1.24532016093199,-1.35171365658144
411,68,-1.15815075337325,-0.227014196108469,0.266395371379572,-0.528248923771089
412,68,0.0150084898977198,1.745428429973,-0.0834961917668187,0.0524636442434544
413,68,1.38117002836067,0.611652092895579,-1.45228426644197,0.727419277185748
414,68,0.837178854816193,0.196188624796168,0.128383745602679,0.133190413525759
415,68,1.10648391649205,-0.873052301293151,0.700912883719696,3.08021395224421
416,68,0.328052688370799,-1.01918378155868,-0.364297670360127,-0.102265937506152
417,68,-0.151303505097909,0.573385788903441,-0.215378301488631,1.40643370902577
418,68,1.89390022968443,-1.75314995733609,-0.648777822458807,-0.0949362297797188
419,68,0.301329396651061,-1.1817314787937,-0.64892386935397,0.0179709374780674
420,68,-1.25660931018825,-0.27568064225407,-0.0957761024737935,2.01152183678046
421,68,0.682233455559227,-0.669354994021218,-0.671877810975942,0.823812224224868
422,68,0.989735974081801,-0.734265224051191,-0.784744864031318,-0.325343363413158
423,68,0.28772894616886,1.09254770603854,-0.149218711054514,-1.45655476966289
424,68,-1.07338516606177,-1.02067039528023,-0.110274129147215,-1.06966008959703
425,68,0.400710275583242,0.156844991206108,0.565148942322655,-0.621514617828665
426,68,1.40680541932178,-0.584050423769081,-0.203811402619197,0.372313473323069
427,68,-0.0620041391966867,0.651012806463235,-0.251329310702999,2.04733283658781
428,68,-0.648830548798397,-0.608240153183818,-1.18317344548106,-0.215170203217162
429,68,1.51848059783324,0.60993048670567,0.591328444221887,1.20666607637936
430,68,1.62734424537572,0.0928499981916444,-1.05678068987789,-0.537080173790583
431,68,-0.0485259116501286,-0.378656243929378,-1.01069734702803,0.903276247983487
432,68,-0.122270387669239,-1.15219364971496,-0.010721959797766,-0.0428309035095803
433,68,-1.52998381922527,-0.37861291205598,-0.479418754286886,0.304102940907812
434,68,0.83525285188131,0.247687108784412,0.226577452188645,-0.0539206131702429
435,68,-0.732712962091317,1.44132667638635,0.249835371946999,1.63001434126231
436,68,-0.452191333420859,-0.176825457494889,1.56612993722373,0.167178544909483
437,68,1.16164391627634,-1.95419224941635,1.30981373562331,0.301857229154871
438,68,-1.73461332439394,-1.30490328165706,-0.238693123164198,-0.476232686420402
439,68,1.15544952860454,0.843834203235968,0.464776681714534,2.32479672990178
440,68,-1.97638159981386,-0.313041416906408,-0.0224813943220477,-0.0796466412799584
441,68,-0.513526921625239,-1.69988687799834,-1.63310807229024,2.36032210944046
442,68,0.00783756609897589,0.489045093852402,-0.683049614732257,1.6979072681273
443,68,-0.6431929095203,0.199753139875708,0.654797497669801,-1.55047748575523
444,68,0.684378370913282,-0.137257780134413,-0.420292854122602,0.231449857516443
445,68,-0.501702854259918,1.25118284649663,-0.95326855407571,0.955511756722558
446,68,0.263086572537599,-0.856448141547119,0.0580175158180958,0.747416915484925
447,68,1.22189583122772,-0.537686565579335,0.650472760641733,1.87479140629455
448,68,-0.601789915972107,0.585489412788554,-1.25749746880547,-2.79238838935485
449,68,-0.548123119908372,1.55741187654218,0.0183891134764804,0.242379504815637
450,68,-0.193575153366854,-0.00430825151745172,-0.0734757325543773,2.5678252047122
451,68,0.683213641453913,-1.36623989899114,0.181661111023661,1.1690904167327
452,68,0.671494986847849,-0.704465388237653,-0.484331879664115,1.96845652068359
453,68,0.710346817270507,-0.290124309799281,-0.800861004489151,0.808605324461452
454,68,-1.69836945883768,0.050591621761343,-0.606930476568979,1.14373671677334
455,68,-0.460746658836097,0.177877594555898,0.94854129775088,0.962215328626736
456,68,-0.255280296514309,1.23996964791531,0.207068126718145,0.996045396084436
457,68,-0.429795441507614,1.02078131778296,-0.553468256468643,0.120385942656384
458,68,-0.294622039026975,0.705041003838346,-0.444163318962056,0.69314987162836
459,68,0.0259811050533965,2.04641379117404,0.86594934653386,-0.453546960492889
460,68,-0.04479219142732,1.02064274747848,0.432759646291708,0.0761313085796591
461,68,1.99317074209955,-0.214982857397661,-0.579257112560442,0.503690801769835
462,68,0.297000698213582,-0.665258040586354,0.637754384691517,-0.925296553202658
463,68,-0.304132749128382,0.0614164968423731,2.79649256522139,-0.764337775173752
464,68,2.46330344603468,0.855174758657865,-0.562185024870064,0.30442292161311
465,68,0.422200481492207,0.0636022857209915,0.0506657218489513,0.827773499471086
466,68,-0.937389797838922,0.250003511603731,0.29389786306117,-0.0880318556773113
467,68,-1.04376682883365,0.691580528893128,-0.0250888314825241,-0.259177704691842
468,68,-3.06864406603188,-0.669391187569109,-1.52614142960789,-0.70818164071689
469,68,0.749081188993295,0.660826844742576,-0.160827074883658,-1.11177049226231
470,68,-0.540427204875127,0.745304498070593,-0.891563653242733,1.23091652132711
471,68,0.995285033724241,0.212623125251729,1.28225546150935,-0.391487302362895
472,68,1.04018345866823,1.4836758457178,-0.113995792062847,-0.628697786631134
473,68,0.454582672088657,-0.59777651535941,0.0533452547889606,-1.51366097147003
474,68,-0.641846295156095,1.78719006761927,0.45887325462164,-0.149666502641111
475,68,0.190331061923245,0.00956130660945347,1.03706174703,0.528487639302219
476,68,0.0625894040602002,0.76623521245104,-0.908116588743229,-1.0125944286893
477,68,-0.408997950444831,-1.04294059933195,0.0987476624228,-0.91103023728616
478,68,1.00660424849278,-0.898284291163656,-1.71331956419187,-1.41143393204637
479,68,-0.143212875433596,0.250795346140777,-0.798613208300248,-1.08438825058719
480,68,1.94384300860247,0.2516580567316,0.89908173463159,1.37826164560423
481,68,-0.420926731840173,-1.0397166609205,1.10610602027839,-0.739271761377383
482,68,-0.254364518902427,-0.406174748000393,-1.73759698107294,-1.88691665381162
483,68,-0.656373939746992,0.724966850809821,-0.0244358221735958,-0.0919373335702094
484,68,1.08551325808305,-0.884693863468961,-0.260245019890243,-2.30221492920918
485,68,-0.689978215398774,1.28530309621663,0.524646423818755,0.481010198009927
486,68,-2.10257179292187,-1.50583244765886,0.114562398458518,-0.564819774898298
487,68,-0.772496032844333,-0.277008436702367,-0.171785172351007,2.22996910800458
488,68,-1.00607948454689,0.27067018915345,1.58245921162494,-2.37748507858489
489,68,-0.168332117382322,0.0895569074887547,0.4594790118327,-0.211221696278217
490,68,-0.683010939871438,-1.98712674788851,0.406153450927944,-1.04279042116197
491,68,-0.856460368496006,0.488438188324216,0.0800806777389391,-0.0717315180328359
492,68,-0.618998442986657,-0.0114053125686035,-0.233919238905957,0.994472755543429
493,68,0.60047987924956,0.111486986728191,0.154532157462866,-0.0565084894402359
494,68,-0.346677932283824,-0.780828245974744,-0.042102859802617,0.164480503137016
495,68,-0.809144251351023,-0.653493107024382,-0.751334696585726,0.322586384669856
496,68,-0.453319848902334,0.702038075615723,-0.711267906722256,-0.331154245583274
497,68,0.194336688717119,0.773924024605352,0.673114547258313,0.79745004290433
498,68,0.480061349878356,0.837094664677042,-0.661966252038027,-1.45445061983366
499,68,-0.655646671405838,1.59605342270674,1.31595320438493,2.25400608228607
500,68,1.93733605695314,0.909508243385231,-0.953283286166765,0.218095170419778
1,69,-1.07749678680055,0.978333181799425,-0.0146850273914269,-1.39391520748123
2,69,-0.505936690513689,-0.812473115951316,0.854602932553405,-1.33503098830573
3,69,-0.704385029913425,-0.208954204642586,-1.31113762927282,0.0114672518775243
4,69,-1.66221436964057,1.21001552483162,-0.0987882940250346,-0.0689979649548702
5,69,-0.619636025812856,-1.18129466537072,0.379875910315178,1.35421879891771
6,69,0.273531811125625,2.12806040969424,0.365835377866522,0.489804175701268
7,69,1.25828636015248,-1.34693360291535,0.36290700077084,-0.274845555596111
8,69,-0.642138531410741,-0.292374119264652,-0.446980397608788,-0.976599150666881
9,69,-0.919631673091579,-1.65076274349843,-0.212364858587329,0.531528656436558
10,69,1.59202773377336,-1.27211675906837,-0.570953484368606,0.271870089589566
11,69,1.03430826374413,-0.99347550934104,-1.27481102293073,-1.58744422527635
12,69,0.895578867521028,-0.854895625182817,0.268252432763791,0.442874374816339
13,69,-0.545746041910038,-2.40818807962222,0.680876224978412,-0.550949791065229
14,69,0.260868913917822,0.152095389870911,-1.20164715028697,-0.317174143650222
15,69,-0.568061327919102,-1.45709324054565,0.814197285473223,1.57811212664414
16,69,0.801902060892343,0.639458367568245,0.983325558858252,-1.07396282774894
17,69,-1.80288210324515,0.409417073377425,-0.715082801116241,2.77392340608668
18,69,0.429153626417216,-1.64729944597343,-0.283482726374907,0.126720494898243
19,69,0.430501760420856,0.0324003334064729,-0.472801470837628,0.115412962598444
20,69,0.851693123620131,-0.602616215116072,1.11561851268034,0.620019242159331
21,69,1.83397357983038,0.828169887897494,-0.945727527320023,-3.20048744947908
22,69,0.302475924673251,1.42812905053563,-1.33890944893274,0.396879067264972
23,69,-0.331020333542831,0.428614849406944,-0.245580919602337,-0.285699102572426
24,69,-2.39187157170528,-0.323358125230244,0.114239513938892,1.08511681002549
25,69,0.180438003381937,-0.0502491894685132,-0.129401101126799,-1.60576432130666
26,69,-0.707896709475119,1.07770650868922,0.891030564913611,1.70291680443761
27,69,-0.722421719020964,0.528368258904076,0.571444270547216,0.190818499560574
28,69,0.0837159625915741,-0.12319554853404,-0.0262871201122874,0.517099639144084
29,69,-0.384405993131778,2.29818353894307,0.303557308830688,0.939369471264987
30,69,-0.406697359536501,1.06557105320164,0.273904486385534,1.43776355174023
31,69,0.418176730706867,1.04697631175253,0.0386933169867142,0.663568166330957
32,69,-0.0866300421045793,-1.04647020716605,0.261355323181127,-0.748757544397192
33,69,-0.164451708083804,1.27721861248403,0.50872153974763,2.02756800531576
34,69,-0.298014837898737,-0.612957040121514,-0.877650821130284,1.31749676946056
35,69,-0.135849948235081,-0.118159463066669,1.34413313023725,-1.57691093057893
36,69,-0.597583058573813,0.568242486626571,-0.513639501214682,-0.0135209147704417
37,69,0.15880279910165,-0.185893544525074,-1.03036760761317,0.8969993644073
38,69,-0.351304000256866,-1.12265459878172,-2.03973926969071,0.201591123569378
39,69,0.225027169559339,0.729330451924005,-0.00153373065929659,0.331723757153327
40,69,-0.299796587530275,0.324132817398958,0.24732857646641,0.0204618475234167
41,69,1.72380251859492,0.327243809759116,0.597794542766213,1.49415886381679
42,69,-0.841390663734578,2.92933169796374,0.661365558007007,0.948400250817445
43,69,1.83154269335374,0.950824623273748,0.626814151224119,0.609711767060714
44,69,-0.424635623866293,1.03190945551514,0.592371355000101,0.98499359347502
45,69,0.994044693359518,0.0476321838195551,-1.03743125325923,0.87141743856876
46,69,0.0993044626888718,-0.585864315749679,1.09607410618618,0.561112308109905
47,69,-0.738831712470252,0.909144228413172,1.34434623383753,-1.48759187096387
48,69,-0.0980837943695828,0.0481812253218366,0.221530031978388,1.89675426262971
49,69,0.10752250236091,0.782251235749425,-0.476241446204643,0.780458384816675
50,69,-0.113417983824843,-0.831806628581539,-0.399725845297733,0.514195394845683
51,69,-0.828591298906148,0.145225369188749,-1.74427627861465,-0.675582702704309
52,69,-1.16210549192435,1.83686401713294,-1.29384474763881,-1.27875377998225
53,69,0.260853220937303,0.309891239763609,0.551847827835166,-1.2508597190951
54,69,0.378638989036962,-1.43560223006485,0.102011542588058,-0.909465005638024
55,69,-0.393758990019725,1.28302450322085,0.960285324340525,-1.23757186307509
56,69,0.483186283851804,-0.0103215236035023,-0.109533365568168,1.51588585648964
57,69,-1.11919678527991,0.283445498108569,-0.692238525160995,-0.112313588417981
58,69,-0.798246884278819,-0.515853084555629,-1.00732195706949,-0.39347935363702
59,69,0.782592140925067,0.679058826826211,0.180970175989882,0.341746930432231
60,69,-0.493641746924113,0.811137870124616,1.03660171170814,-0.285835319411526
61,69,-0.68441601806761,-0.657965022236959,-0.165098672895574,-0.236951718262292
62,69,1.44991060459446,0.818657970315069,1.04931018582253,0.233571121132721
63,69,2.61797952455166,-0.498307300133876,-0.980783707072093,1.32818061000384
64,69,1.34936835795864,-0.576894046337678,-0.470865145472884,-0.874877472499864
65,69,0.51701107950124,-0.0431195494073639,1.24526040813292,0.400351226818711
66,69,-0.00805076414727272,0.465579634207277,0.0407051195160973,-0.17345074035232
67,69,-0.271404791645469,1.09917978754536,0.568394833060068,-0.492986707362143
68,69,-0.048708033063289,1.47757286816749,0.779924172163802,0.832767078260482
69,69,-0.46726574547093,1.28366216684096,-1.58073104783181,-0.188516411452929
70,69,-1.01161156519639,-1.40286526803474,-0.0769255618620781,-1.42836941756115
71,69,0.137718506548873,-0.813511696891882,-0.965462467513485,-0.184280565101633
72,69,-0.552113370358728,0.841023381727182,-1.77827579906667,0.0102511636471739
73,69,-0.895607856089854,0.023383261634955,1.07624912606163,1.60954713119133
74,69,-0.03208687851484,1.3479104402783,1.04444724671221,-0.851908013618873
75,69,-0.498166735870254,-0.16947858158334,-0.0549559735346201,-0.850423873142194
76,69,-0.575873576095341,0.489833827660117,0.0555391346636084,-0.150226862114771
77,69,0.37065261283023,0.740580490225869,-0.974227481088001,-0.377773759190151
78,69,1.15111138572066,0.599679115449374,-0.324985281381114,1.37290213172942
79,69,0.83186036303227,0.661697560294373,0.375799640865616,1.46303807808178
80,69,0.321678330991367,0.90794793509227,0.905076407810564,1.14905390439617
81,69,-1.41987306872654,-0.251225508453444,-0.461550668067244,0.787862353027745
82,69,-1.65541535615146,0.40298772544666,-0.0634356066877211,-0.502191166255356
83,69,1.57099491556459,0.128781843432604,0.736291641901972,-2.47193843327043
84,69,-1.33035277727436,0.82071013078542,0.527597538316029,0.236222650109768
85,69,0.19985451700079,-0.170790548809771,0.225240661065948,0.132267485896209
86,69,-0.768583185284483,0.580013522078414,1.28582087797351,0.439514128895378
87,69,1.17970056627431,1.37256085761796,-1.4163933642759,-0.32878359207441
88,69,1.45391577201136,0.1271181859685,-0.491280414203139,0.801657426873911
89,69,-0.607026752664509,0.46494972952254,-0.89470738098994,-0.0317043418612313
90,69,-0.519930580992336,0.301373015704702,0.800846118765119,-0.208726363669337
91,69,-1.16012926869243,0.720454884886582,-0.361687589931196,-0.849837820007063
92,69,-0.227085695065996,0.602745811119467,-0.100775338654127,0.345931708834228
93,69,0.96190540924646,0.726518630528406,0.0800398961993028,-1.12823045685124
94,69,-0.577309622097395,-1.12584140821643,0.516399984496666,1.18540755022198
95,69,0.569336965615464,0.533821265725522,-0.720601396704768,-0.0430217027592754
96,69,0.118226218864327,-0.0366157079447718,0.934124925782266,0.461929988467432
97,69,0.457774470219174,-0.431382432394944,1.3299692727693,0.0272608600492123
98,69,-1.1989985022331,-0.0534471059949889,3.06670104662379,-0.543235164384629
99,69,1.10092608147274,-1.1807697258579,-1.56989243101276,0.956818742680896
100,69,1.34587512162196,0.476361203634554,1.25433515918138,0.344594168021896
101,69,0.431047468581465,-1.22700474794606,0.284973417302656,-0.596894999281851
102,69,1.70762268590237,-0.479171574681206,-0.806222763437336,0.295364276811994
103,69,-1.15773298732583,0.46622396926445,-0.495845712721079,0.497246003125643
104,69,-0.867587977230755,0.356625430116401,0.774244264530321,1.18285426225617
105,69,-0.477713652134513,-0.199986873548268,0.752045140391274,-1.32220385506219
106,69,-0.0553588899528584,-0.231148782525595,-0.279321713260006,-0.704854151639145
107,69,-0.366783886256106,0.243294015261877,0.143319942356915,0.173255430454987
108,69,0.67261613078075,-0.981171468725822,-1.54727396406404,0.293429482861859
109,69,-1.52148656170619,-0.921675824135508,0.0318583361658445,-1.34314405501304
110,69,2.15419135089869,0.794560536546956,-1.02577818170248,-0.38620841224792
111,69,0.704739444426462,1.71149504676784,0.287259190711812,0.500897238941226
112,69,-0.530518987513324,-0.888621939730215,0.739118690006999,1.77825441085926
113,69,1.63412233008139,0.0660718991193619,1.10121126824759,-0.195306345572099
114,69,-1.39713721567724,0.179657429888321,-1.05116434508506,1.37654258244838
115,69,0.964139852943616,-0.465248695529881,-0.905376413797993,0.946934735540777
116,69,0.770398548072606,-0.663527737811281,-0.642055217437799,-0.0304954759533334
117,69,-0.0272044521175564,0.0643838859267814,0.174873003892738,0.0746734053162644
118,69,0.0530154141764955,-0.621752510130431,1.23078571081977,-0.77139526586545
119,69,0.145941540318629,0.50200541344073,-1.20643625698091,0.821774121309223
120,69,-0.374059290500684,-0.435029960274319,-2.06201526175244,2.04503934381223
121,69,0.0946534937596204,-0.42099151329252,0.736004619696021,-0.160952027794796
122,69,0.762265792786801,-0.198666955002214,0.131870450718124,0.769295153798118
123,69,0.711270670819155,0.132904385123282,2.72543429517203,-0.811495958150331
124,69,-0.968694999396904,-0.812325106977968,-1.51682558384069,0.748822616972212
125,69,-0.437746070554366,-0.574905566925933,1.03033917500082,0.421494159354962
126,69,-0.261018032466947,2.19189768935277,1.11460035736438,1.60588566898423
127,69,-0.434604946724189,1.26947491200974,-1.08888377716822,1.66962181865439
128,69,0.766458584441881,0.904715028245066,-0.140976894551208,0.524503121363159
129,69,-1.02899213101408,-1.36836561874726,1.01476761564084,-2.56552725585316
130,69,0.892099289669304,-0.553785378042226,0.610474043314972,-0.260769959100447
131,69,-0.0548901080789324,2.00412972695217,-0.737825997750189,0.102797289254397
132,69,-1.37236627604904,1.16065055889251,0.230472940501011,-0.277220195115455
133,69,2.67970020346834,0.0814154987404531,1.20390041053796,-0.652723605402077
134,69,0.644784436350882,-0.0307815364163078,-0.875070964415183,-0.594366184071035
135,69,-2.05182902741594,1.76399467684706,2.77274703261484,-0.589429231334467
136,69,0.910032581907635,-0.410056534782457,2.6435693691761,-0.131847799030645
137,69,-0.114550384281497,0.523076154754537,-0.0986136705756426,0.567805646884418
138,69,-0.559393526358851,0.13958505039143,0.724912666149317,-1.33140382645405
139,69,-1.47645248834265,-0.432490952879842,-1.46835042174787,-0.730498950527116
140,69,0.192611854873144,-1.61662351628676,-0.670231348973162,-1.71177157982622
141,69,-1.16902485228889,-0.276411582184162,1.76683185759584,-0.855990075415331
142,69,0.346048388782081,1.2993122041165,0.434927985517545,-1.83449566612782
143,69,-0.280355604302353,0.464368127127109,0.485556893095778,-0.320465150034232
144,69,-1.8291044376934,0.0426406281275323,-1.75908716924046,-0.0960255314785445
145,69,0.351039930155909,-0.723866133662025,0.837722804343275,-0.582060938181595
146,69,1.23842515035812,0.0170199417928192,-1.70701498167073,-0.149020399898642
147,69,0.678074533294401,-1.35159437599452,-0.159383414472079,-0.938136175745551
148,69,-0.774495427953362,0.230519278750081,1.4052858252514,-0.0472192434320446
149,69,-1.05740587589837,1.29982980767624,-1.17822549357294,0.157140352269644
150,69,0.924048933076314,0.368268785961336,-1.622200178382,0.938957840043169
151,69,-0.751621866941238,-1.30412221166407,1.46434240232866,0.873980630140583
152,69,-0.797157259515883,1.75936444930382,0.628928573156022,0.727794209414074
153,69,-0.362036083026421,-1.27359873482369,-1.3456435229836,-1.65095879511119
154,69,0.454904710025988,-0.347156434801597,-0.126474209910446,0.193121856946776
155,69,-1.38651378297869,-0.245623997094874,-0.340378727435033,0.247905581747808
156,69,0.556715770493711,-0.307266700867022,-0.0394222335410412,-0.400880695685567
157,69,1.1231811042127,2.16321836784374,-0.112426988324926,1.25114474315541
158,69,-1.11045046979643,0.325292839595067,0.426980004101456,0.529271098146032
159,69,-0.34781650707865,-0.161054332832329,-1.93629794184011,1.15547447238805
160,69,0.217058287042562,0.91456928836441,-0.811028085516467,0.90487606707875
161,69,0.686735420931107,-1.38090289286882,-0.321787410874611,0.953076036047671
162,69,1.80076596934624,-0.134407501357943,0.00868396727867084,-1.59870023918958
163,69,-0.00282114994445077,-0.949797268658358,1.40067535841621,0.336134428220742
164,69,0.848102656894134,-0.225111468535312,-0.433293372272251,-0.198939410325782
165,69,0.608209728467212,0.089461312857107,0.818097153010214,-0.371348963731962
166,69,-0.502525971877269,1.47407578602362,0.465621669274921,1.3144725978587
167,69,1.58922801994002,-0.545567871395759,0.93120805943552,-0.312770271152907
168,69,2.02573174910025,-0.722195933689216,-1.06330848800882,-0.71914708417865
169,69,-0.442950111411281,-1.07188058495028,1.26809399607928,-2.05300546029396
170,69,2.14231173043451,-1.11335761022363,-0.918488390099937,0.869413355010315
171,69,-0.763516008306204,0.304216361324841,-2.46041106733293,-0.336995000685835
172,69,-0.789339870548489,1.76969398702751,1.05369126136185,-2.15746685656345
173,69,-0.947253801297838,1.5751537532087,-0.379917596882243,-0.780730517528946
174,69,0.884566596640334,0.788879136235844,-1.22453997921053,1.58931174652805
175,69,-1.8025340813542,-0.813383939102644,0.72391535899603,-0.357270772868674
176,69,1.29418061810784,-0.0665139334362965,-0.148767249206088,1.56385150768125
177,69,-0.0448098941845328,1.58242882689462,-1.82446944045988,1.52033044840645
178,69,0.212842309588789,-0.837970978428434,1.97866768035866,0.481374506522173
179,69,-1.33183884598342,1.23222314167074,-0.990977414323148,0.654419556180234
180,69,1.73770786138982,1.18718262480163,0.872578868855987,-1.09681798966041
181,69,-0.872229210959128,-0.80233639426287,0.778144841065752,0.806571105080873
182,69,-0.856521550920093,-0.124013000396184,-0.682035873088706,0.625511698841723
183,69,0.100789302091154,-0.840011434722496,0.227210421131304,1.39802899754435
184,69,-2.70713800726757,1.13857927250974,-0.480469431487866,1.03315082585655
185,69,-0.754254104868396,0.276505417498618,0.792435169001339,1.31656715082759
186,69,0.0143585876942099,-0.524903241722142,1.61117710849003,-0.97057694624665
187,69,-1.66886443732741,-0.539022615139496,0.607131770871671,0.441487365423856
188,69,-2.43353010652222,0.000442412504227583,0.332222773615463,0.579216425880685
189,69,-0.0633580284726975,-0.037447430312823,0.116693180977959,0.664929140801407
190,69,-0.489335167827716,-1.13815406592016,-1.21150064715361,0.824425972845162
191,69,-0.581025293137895,0.154982368552777,-1.52329111623748,0.259393555394715
192,69,-0.732346810789298,-1.19024568420158,-0.407415359782809,0.216788131460631
193,69,0.762492131413209,-0.258015936714048,1.90052993848014,-1.44073236274778
194,69,-0.437420937784152,0.418502772572352,0.193745139038101,0.52993915392413
195,69,-0.485070269340628,-0.104776513425199,0.782879830078572,-0.844849373912218
196,69,-0.0455494221837607,1.21462995970549,0.852423500341309,0.732683546861587
197,69,-1.07016075427386,-0.986643971219998,-2.25564477121913,-0.572617071852284
198,69,-1.34354547571933,0.125561152757492,0.533922040432085,0.664893185463019
199,69,1.52877658202766,-0.0815982013734769,0.680214793893979,-0.37278962740826
200,69,-0.0611753070487786,-1.7661868587585,-0.0557246432576366,0.694824520426263
201,69,0.21892869893231,1.1620518069408,0.555599659546805,1.45403635305264
202,69,-0.358129460555135,0.0817207211972867,-0.843834708448529,-1.34787372888168
203,69,-0.621748225615595,0.568637184262024,1.25446446395912,0.886658856971905
204,69,0.0674837270028239,-0.384794622005138,2.23158568145374,-2.5739302310707
205,69,-1.70344062349019,-0.866513207201368,-1.22394037668508,-2.04330162887546
206,69,-0.519201318669308,1.29470126046726,0.123798163932608,0.0195870552074459
207,69,-1.57670288950285,0.457987349702578,0.180891373965377,-0.279172675186602
208,69,-0.0076008195147767,0.351810164519698,0.517392833052601,-0.202539209504928
209,69,-1.00863442178252,-0.915941697229066,-1.34412062357178,-1.77646107817714
210,69,1.73819137018258,0.649187750989259,-1.84840829200862,0.906201064256233
211,69,0.115945998885583,3.2928642411074,-0.18044054451397,-1.29305368250994
212,69,0.655057489475312,2.49984632511217,-0.505211178653043,0.317977989295912
213,69,-0.0336456936024442,2.45482463499608,1.04734494391202,1.2701112072796
214,69,-1.15963439058506,1.53956105949766,0.714267390869342,-0.319488854595422
215,69,0.245624783924461,1.25442296582116,0.565681019968635,-0.337286822552496
216,69,0.319451613678566,-1.06367768113475,-1.74321032305947,0.719078395283783
217,69,-2.77826294018061,-1.14714569759536,3.40863411430158,0.0747971864742134
218,69,-0.407209965429186,0.000167777004667023,-0.187068622661118,0.0483169754575953
219,69,1.12798119003787,2.02784551469049,-0.247016720634031,-1.90063002334518
220,69,-0.0257338208630558,-1.17771156183835,-0.657023482023245,1.46150877175052
221,69,2.01528246012348,0.959108755940057,-0.986028438284392,0.532371962417924
222,69,-0.219360134506879,0.698646396394189,0.41656379249604,1.84408675284437
223,69,-0.479967793465891,-1.6241249857829,0.0942703092150141,-0.779693541574968
224,69,-0.489405319873728,-0.420632764788025,-0.571184764939881,-0.6893967780978
225,69,0.797204307994639,0.655595566490643,-0.843756093407619,0.520844742095392
226,69,-1.23114824342748,0.955270278774911,2.57722980182516,-0.0129916053303454
227,69,-0.0458360652241434,-0.523925544962565,-0.837769705082909,0.589770629616083
228,69,0.640190371530875,1.24077092174696,-0.649671906531404,1.04958794812955
229,69,1.39395747219145,0.185933150007859,1.85117436475143,0.450067475216667
230,69,0.271564663857942,2.51561472098736,-0.465762049488157,-2.56639210968146
231,69,0.412044470087953,-0.671539434272392,-0.804053963028641,0.418391187591412
232,69,0.670275605758697,-0.790494933978429,0.24008603286906,-1.4455398065807
233,69,-0.656398313469098,-1.1449550963544,1.19833441878652,-0.817650863192011
234,69,-0.85901407220456,1.67074541669215,0.115823384404577,-2.24010683063161
235,69,0.330440815912919,-0.645121228889213,-0.115282235397104,-0.542327127144952
236,69,0.966019458189588,-0.437972075378107,-0.231005859439791,0.0876887986971951
237,69,-1.61429798244718,-0.970552759095905,1.26644089341606,-0.825002686510503
238,69,-0.359005713174771,0.75600688581052,-0.40950677109891,0.902328993616497
239,69,0.139880762406006,-0.0553256803074047,-0.699655071700029,0.564314718059857
240,69,-1.22314567579933,-0.684261815660268,1.44680476313119,1.19579543920192
241,69,0.673692894672626,-0.955173302844581,-0.419039498093557,1.39949499225208
242,69,-1.31070728625959,0.281500851676453,-0.496082368271329,-0.137024567759907
243,69,1.09081967999037,-0.163471988291209,-0.431718237587844,-0.121983858721124
244,69,1.82205387850951,0.320974956281538,-0.399081872999346,-0.0227130454286651
245,69,-0.552471096259467,0.589278197477328,-1.83986575237268,-1.59208020444484
246,69,-0.14746921654182,0.287729683526976,0.481597498653118,0.120201313478878
247,69,-0.132057494177195,-0.291778755586483,-2.223700454109,-0.547275198426295
248,69,1.30754633332269,-0.421340940051217,-0.846712069830729,0.784723728162083
249,69,-1.56265883003981,1.29289243079454,0.289271096052684,-0.250775746339351
250,69,1.14977310425447,0.466656964325464,-0.941086317886349,2.11871744610002
251,69,1.52440107633094,-0.553228714146873,1.38371208108522,0.0400493626151189
252,69,0.12948630183263,0.198367351520899,-0.996700090136239,1.13389692727823
253,69,-1.51496840923258,-0.341562851111388,0.0428579401056052,-0.833498667518952
254,69,-1.00219619688588,-0.96956474350714,0.363132962571439,1.39525650908889
255,69,-0.417306327910446,-1.20235753818781,-0.891697431986901,-0.278833457361237
256,69,0.655025507056484,1.07358799861248,-0.44775835397877,-0.66386049185546
257,69,-0.166484898962906,-0.874017661920252,1.7419155837752,0.628694605323064
258,69,1.0252880209993,-0.188101871978861,-1.10791421150659,-0.70174658136793
259,69,-0.396598569484078,0.581756669544606,0.354972984437101,-0.888828682474871
260,69,-0.0744430025134821,-0.798942402588037,-1.0347042987215,0.20103959508798
261,69,-0.538023208727509,0.0482838886788929,0.731205389298757,-0.646323416315013
262,69,0.785872984905399,-0.575679808060561,-0.449993592138872,0.469478873304987
263,69,-0.531412007101082,-1.17289536400232,-1.09403474846039,-0.175671712517786
264,69,1.15722588244517,0.854804610334575,-1.57206640989875,-0.705771701311693
265,69,0.267820866675699,0.0547857889208753,1.21617550631456,-0.349383671766371
266,69,-1.76670385726275,0.239067046334625,-1.77274846431807,-2.17197050377312
267,69,0.584093834658994,-0.804746639492958,-0.511940386083558,-0.241814611608551
268,69,0.585567296036784,-0.200548327025663,-0.222047133987043,1.57269607821053
269,69,-1.27517628776548,-0.820316006151111,-1.23082302720988,-1.57235620372083
270,69,0.062569700814315,-1.67228782890886,0.665097152045022,0.0654833103706526
271,69,-0.499272628064923,0.455979031042667,1.32744012741532,1.00885700170035
272,69,-1.59937792089478,-0.412899866290598,-0.239061919330422,-0.214420483617028
273,69,0.510325137096331,0.481121945626909,1.18476934051852,1.04313878319729
274,69,-1.50011043802789,0.728099531032084,-0.0305974169541219,-1.67758076159132
275,69,-0.861409293829729,1.34413370701273,-0.192236516441742,-1.68362738070661
276,69,-0.573681653187557,-1.17196346555702,1.12657169039035,0.648756532211258
277,69,0.542163969136781,0.426182820219789,0.577625066070843,0.949141915890611
278,69,0.749519408815743,1.40487254373883,-0.0501648181588824,0.272859576334917
279,69,1.28348333808555,-1.90868364764949,1.10842800080069,0.26539046829228
280,69,-0.115970164125518,1.55447260962929,0.0894044101181564,-0.0659328488394319
281,69,-2.90539521639527,-0.626170116380132,0.496876481536927,0.219539104758031
282,69,0.444844886797404,-0.485072938405133,-0.0701140159139614,0.420618091930408
283,69,-1.4179863430912,0.0172673677445401,-1.07531034133837,1.01404875799546
284,69,1.22603112663695,-0.472476825740088,0.21238666768626,1.2690517694349
285,69,0.456463951735769,0.692774222731448,1.69783328308578,0.894623185820559
286,69,-0.190793687998629,-0.406296501915443,-1.98371555209111,-0.871288741501451
287,69,0.322753125432779,-1.11157246455839,-2.3856569113781,1.2887676769854
288,69,-0.129503315921569,-0.128149460127599,0.818442524573956,0.449236856430639
289,69,0.087110531049467,-0.835654920231825,0.344349989866351,-0.886746016394728
290,69,0.197580491096007,0.898256727777666,0.595764111956615,-0.53393422401947
291,69,0.850500413931055,-1.36324988073411,1.57484792750919,-0.109682907379684
292,69,1.65597714281244,-0.583640232115795,-0.936805478384202,-0.18290932024314
293,69,-0.157867111435456,1.21096007346524,-1.17274866499358,0.895411610650524
294,69,-0.0507383747542341,0.664944904706158,-0.852869712088096,1.05036894645813
295,69,0.383715449218432,-0.997814683323307,-1.9190673034678,-0.833194116422074
296,69,0.589806118099128,-0.0446423288226609,-2.00211544781896,-0.736172774146321
297,69,-0.896196901477775,1.1603942855406,0.730312881693664,1.27305985462802
298,69,0.680085288136076,0.183634003320005,0.311479923790239,-0.321980820810598
299,69,-0.0642557411882316,-0.726088893591023,-0.437985077316242,0.289737720640914
300,69,-1.06106265112007,0.484464393884305,-0.16070971922579,0.509178726888667
301,69,0.474141112365719,0.403244929070135,0.668598683438391,1.21605999581769
302,69,-0.377338711479711,0.0209042575094544,-0.0726250921067205,1.04799929534462
303,69,0.730718130093832,-2.04448448535392,1.92553551614362,1.97628312622032
304,69,-0.943199578978933,-0.514450752115875,0.00728276529990026,-1.13235217866508
305,69,-0.567392960501346,0.461541783410222,0.905667914345504,0.332388802719869
306,69,1.37157966264899,-0.448891351717051,-0.256502209635991,-1.36097900608924
307,69,0.219355891873497,0.923666444526235,-0.264946938238969,-0.942554178500821
308,69,-0.234260826326975,0.960366507945041,-1.0112405103899,1.27854852621013
309,69,-1.36190299427915,-1.32800672696285,0.585868399289795,1.47835603154498
310,69,0.457744264699593,-1.23680536106271,-0.268224026325293,0.134148649081942
311,69,-0.12886686911885,-0.0256200191608716,-0.714938302220746,-1.0479745112649
312,69,0.681161970301297,2.22639235359287,-2.85181418496601,-1.02163100874874
313,69,-0.0212677382104497,-0.224288743208848,1.1371016664298,0.703330545636774
314,69,0.133279105044265,1.47205867353959,-1.69830975291364,1.31203383874408
315,69,0.592878977045725,-1.19352211769927,0.978830818352102,-0.194059431287784
316,69,-0.952650793451555,-0.492933962220737,0.890415796459655,0.894982171783704
317,69,0.0312357532894583,-1.9710915757126,0.595118440095486,-0.910518299017006
318,69,-1.17577768307811,0.999042401675466,0.794356160866313,1.06135152481953
319,69,1.43441109039879,1.43359803787168,0.548417717711574,1.4437689684364
320,69,-0.663878405098269,1.23714545808203,0.434172339302016,0.11114854132852
321,69,0.361359206868685,-0.761058974880857,-0.975186415586942,-0.442800466672796
322,69,1.19558206058173,0.950721293018999,-0.205234676351209,0.00445107267998994
323,69,-1.80778031082045,-1.14022746898741,1.27512892431315,0.229397423652225
324,69,0.481366778160614,-1.60654274291094,0.00281140616914977,-1.9908607638478
325,69,0.356673445359429,0.631944623804355,-0.687180600977395,2.42752658848825
326,69,-0.357699135370818,1.8734342250175,-0.335205246347975,0.402805782632442
327,69,-1.67870152838133,0.00817371293420911,0.22711070679636,0.00851189319482562
328,69,-1.83882632144187,1.40677431574031,-0.890098458218398,-2.36738729089765
329,69,-0.152818092714118,1.19996742201193,-0.653093981763264,0.318723831146629
330,69,0.334803843907898,-0.966397650494714,-1.15675118979119,0.705290085252917
331,69,-0.564969666543855,-0.707479676559203,-0.164319235657203,1.27389880478725
332,69,1.8506159633817,-0.734381836458005,-2.24217168281624,0.774193946790508
333,69,-0.201780914173594,0.00440916586180695,1.48314779819983,0.442660441134311
334,69,-1.79952507662209,0.495380080898343,-1.54837913393754,0.558764741801766
335,69,-0.18810502098851,-0.326583731551941,-0.162151950186054,-1.07599723867594
336,69,0.543219108177023,0.574855299686518,1.21416403873438,-0.154439957505073
337,69,-0.00883116404202783,-0.539481922654004,0.291346271886735,-0.0765757839508165
338,69,-1.40936952405574,-1.59214709029133,0.833210222427515,1.32682816107734
339,69,-0.695937795438321,-0.291925583266879,-0.302343156767082,-0.668014085783198
340,69,0.513970430352015,-0.241469566871066,-0.243207163816455,0.0444979646678976
341,69,-1.01374994278494,0.780193930864072,-0.963756915151252,0.116998688110534
342,69,0.294039596888503,-0.0885659944945358,0.582010446311723,1.34100774609029
343,69,0.658619904646315,0.648085052328495,-0.946256430954824,-0.163924454895504
344,69,0.361443820797263,-0.832697748819894,0.117409843509609,-0.851036859531734
345,69,0.638780561079413,0.0940451970257694,-0.956911406479636,-0.448323348868336
346,69,1.22671542701673,-0.295259932003163,-2.43022983784086,-0.79307199198785
347,69,1.75286523515496,1.10148003127611,0.601722002854738,0.48127938427559
348,69,-1.26250636186025,0.342717699719531,-0.349535005493444,-0.0865321093830691
349,69,-0.388194185725463,-1.1246637691754,-0.868925029984746,1.10293227766553
350,69,-0.634820247254813,0.551373298681464,-0.953139427102092,0.349390797480091
351,69,-0.815938832910427,-0.431795523384272,0.796503111497559,0.437743810303901
352,69,0.236465833599682,0.290796483796855,-0.189589611205809,-0.753054558114711
353,69,-0.1299283579316,2.36396149620392,-1.98154989791365,-1.14697043298068
354,69,2.17368388318434,1.25377995984662,-1.34410193676938,0.246481988545491
355,69,-0.276052097447728,0.904316553850941,-0.891611871565199,0.345315921754255
356,69,1.5192738301084,-1.22133912258284,-0.419951170540163,-0.256697220107593
357,69,-0.860321590607777,1.99393949558849,-1.12384626344981,0.82854743793679
358,69,-1.54305528323525,-1.64297269679667,-0.0902607668189856,-0.14956708520236
359,69,-0.522107577697751,-0.38268948335292,-1.18056638688587,2.14896878112553
360,69,0.408213240859498,-0.506753650996726,0.889678647086383,0.111686109350145
361,69,-1.70409815677207,-0.513825597510244,-0.763250057569346,-0.27429981846885
362,69,-0.37167141720645,-0.719857010314594,1.90572356520032,-0.376584196647808
363,69,-0.709292611389281,-0.681484327015293,-0.794707940971856,0.722252444361432
364,69,-1.67314201399899,-0.764815044061282,-0.477319256227125,1.96176025084414
365,69,-1.27768793444268,-0.0204162381101019,0.544940404578845,0.88592433899986
366,69,-1.23166891573876,1.29643439122535,-0.491401698662957,0.689127123897197
367,69,1.23131962252281,-0.31736256596731,0.0222572069311011,-1.55149026650148
368,69,1.59327882251678,-0.241035214733058,0.0508939007970099,-0.729910603676902
369,69,-1.26797332142472,-2.48892422251655,-1.80928028165393,0.382106974848512
370,69,-0.380902353359343,0.0241639048533628,-0.245104926892999,-0.912840127000078
371,69,-0.88370081670587,0.937090676123179,0.630683743736281,0.278673321966092
372,69,0.093009438596623,0.736178197031174,-0.0640127899786484,-0.264557660907723
373,69,-1.31284913723433,-0.9606864526836,0.525917779502626,2.23891874052321
374,69,-0.670216817923889,0.759462940841466,0.867190981822089,1.64556033997766
375,69,-0.296033578435665,0.758389996517388,-1.6435407918207,0.818302109108703
376,69,0.169385515194625,0.822739393547527,0.0970217956924081,0.432587691629071
377,69,-0.535863782253571,-1.1597662749666,-0.0684807271817995,1.82088392908176
378,69,-0.179596326744149,1.04443531210409,-0.90192633209035,-0.923880703269996
379,69,1.68917568842924,-0.606203293139265,-0.907066698653687,-0.586673303983682
380,69,0.427464028889761,0.646872213786459,0.208773754623363,-0.938034790717462
381,69,-1.90772266149892,0.218563448787766,-0.105163514688662,0.211783531717198
382,69,-1.01521233664793,-1.53742729971005,-0.791114194322136,0.485073173091108
383,69,0.637732709968599,1.04200833830349,0.429068847359897,0.119512968173929
384,69,0.7341367361721,-0.0815653177821452,-2.22294864820618,-0.834619646801638
385,69,-0.246252459090756,0.938993590858416,-0.450237189985678,-0.904786347222917
386,69,1.46460530844633,2.12993253520425,2.66005387823041,-0.0862811042733808
387,69,1.71095246944976,-0.367179454772083,0.123766650093892,0.91775960815532
388,69,0.464244709009935,-0.847445287812648,0.808571147800969,0.47889052154869
389,69,0.649725451061634,-0.0942398523583492,-0.480365414505942,0.0516699538159018
390,69,0.391521737353039,2.50413116768585,1.78865080848525,-1.38786841482522
391,69,0.345245680055187,-1.32963482866258,-1.27340098945984,-0.667078582241392
392,69,1.3612191750768,0.342097715911151,-0.964288169849724,-0.34809214086997
393,69,0.487166059078237,-0.644607843760838,-0.0421861025339432,-0.424498504255828
394,69,-0.187603562347916,-0.960414980258703,-1.18588097131587,-0.286063735721561
395,69,-0.232527530966241,-0.99955979908233,-1.90386497204313,-0.44527624856119
396,69,-0.0173675849472261,-0.444651152295756,0.405577377639544,-1.24362481695153
397,69,-0.35503074328365,-0.919571444133105,-1.27446628853105,-0.206056174665362
398,69,-0.997516934073889,-0.424206409290514,1.22984018120358,0.882240125089329
399,69,-1.02641928353613,0.379389360784821,0.37677770073753,0.486327599650165
400,69,0.706670141607543,-0.173680929017852,-0.297414113247607,-0.854601674225829
401,69,1.68894956975785,-0.594391787256228,0.583092779306975,-1.45074187993596
402,69,0.20141877434199,-0.325179572417238,-0.340208057300714,-1.00053406383096
403,69,-0.247748320521036,-0.516453177778707,0.365846114732758,-0.187210125085714
404,69,1.45334154599142,-0.397625423228805,2.04859471612445,1.18161090707196
405,69,-1.17101145202978,0.196020084184046,-0.810743376761213,-0.380316943496196
406,69,1.70451243938626,2.37703972091551,-0.386766889465173,0.0177362414259489
407,69,0.756193618413146,-0.451875571861886,-0.0379197004514364,-0.653873126957946
408,69,1.93263093282064,0.826095682259583,0.891083768549658,-0.544477560551348
409,69,0.382302217388759,-0.35295351036478,-0.736341297836461,0.0635911631365359
410,69,0.855361885879832,-0.583062979804925,-1.18067514250088,-0.474818859563475
411,69,-0.0205384100225038,0.456751410065628,1.07192720862443,0.411138384922043
412,69,-1.49702151576606,0.681935753078252,-0.0613473503356522,-0.976233569934542
413,69,0.358355911835021,2.29565621242257,-2.31694793000683,0.194089370125053
414,69,2.27378847969538,0.556136014156475,0.838811160125754,0.316279562585308
415,69,0.77725244754681,0.463096897449387,0.585465166303075,-0.745002761042327
416,69,1.98580547397347,-0.774137644609489,-0.937062417330677,-0.487694929728345
417,69,-2.64375337676663,0.494225398037858,-0.176622858985475,1.24390872613856
418,69,-1.15619005416751,-0.459956749371307,0.610600843474677,0.148861045008406
419,69,0.0496947271799191,0.803635399930122,1.70957072332432,0.868699204156755
420,69,1.3725251817948,-1.1942279058098,0.000944726877959298,1.3584032729206
421,69,-0.623438383630692,-0.157637123143243,0.111783300206993,1.36519209356564
422,69,0.529295763824522,-0.18362714277559,0.700511099308447,0.0470009332789831
423,69,2.20142311185754,-2.0011294049352,0.644857206049007,-1.19204116476628
424,69,2.76392176685777,1.06652404958193,-1.45159800512684,-0.93189151079062
425,69,0.155363080176612,-0.404828812082799,-0.160639484109228,-0.526833870770449
426,69,0.823269832665401,-0.441975643140605,0.239182578696487,1.0998038567826
427,69,-0.304616792598747,-1.50416139981749,-0.270556598999342,0.83834399614388
428,69,0.684411707999902,-1.40842936246553,-0.484128783529229,-0.650790167050114
429,69,-0.919199186832327,0.645679289171357,-0.606417987841965,0.732958662578543
430,69,0.2331687910622,-1.08261517520112,-0.281822674288443,0.662320260317101
431,69,0.525901259025232,-0.381388564037011,-1.87720850047599,0.871557996868829
432,69,-1.38429599267645,0.338692075203402,1.57210954107477,-0.692017708624746
433,69,0.112495854532729,0.583063412219798,0.75259830281718,-1.20634265478645
434,69,0.684456198875861,0.00952269330092107,-0.243990077548136,-2.51898655905515
435,69,-0.112679215443722,1.84051233871644,-2.19784407196936,-1.47932186219344
436,69,-0.273067704202867,-2.13504063411301,-0.199035057800243,2.7573110672385
437,69,0.365281691962361,0.199962378027695,-0.732894301616201,-1.14725363777201
438,69,-0.0840502679681083,-0.925621228102105,1.92188681611868,0.514137775465275
439,69,0.376755237126025,-0.835328622457221,-1.03371689483867,-0.517985495383831
440,69,1.24512036804684,-0.807482098619937,-0.00131789753598374,-0.68608984968722
441,69,2.66482923325955,-0.145473159473356,-0.876052911596444,0.218943102631673
442,69,-0.0334304830789005,0.807586096167315,-0.554613380433582,-3.01927790927707
443,69,0.880781315188668,-0.0972302546456234,0.411682622985248,2.16092443985386
444,69,-0.0759578581182836,0.153241479334485,-0.229235107168711,-1.65525423033021
445,69,1.73525152333669,-0.943592456086169,-0.595234703057204,0.640862991950714
446,69,0.476781544101373,1.89149529061255,0.06346677269417,0.27909655251819
447,69,-0.455015404338438,-0.764134155731084,-0.630386558301063,-1.12268915020151
448,69,-0.421023793630307,1.89752320453545,0.217023691027688,1.52795819820576
449,69,-0.560472501958717,0.180172876707429,-1.80048141636595,-0.385335799709065
450,69,-0.439112278976742,-1.22131092278813,0.71022561386363,0.927913368776197
451,69,0.406717630735604,-0.9979239207275,0.321655758129143,-0.431808093182931
452,69,-0.721432118031579,-0.0473425821494089,-0.565996130540448,0.367320705067245
453,69,-0.0680591125545239,-1.08668467875306,-0.918093519475636,0.344313345908214
454,69,-0.275450744370398,0.802922237247407,0.849888799499628,-0.457306450595699
455,69,-1.75616599471312,1.29494978027153,-0.981358927725372,-0.940359446044805
456,69,-0.182428076138817,-3.67846936461824,-0.588128941200773,-0.995252470393499
457,69,0.644632427352667,-1.59888346540367,-0.19935618747565,0.685160379441574
458,69,-0.237190370455667,0.674920257149195,-0.746118123250805,0.679649377464506
459,69,-0.454994114263623,1.02200267154893,0.842644194118807,-0.0525979293692998
460,69,-0.41513344100414,-0.488517335890065,-0.0783475675459369,0.316210100279698
461,69,0.584101971561238,-0.147971323445711,1.18308738328375,0.148999988138204
462,69,1.18074529859788,-1.02566193510064,0.235785598504101,-0.695370936507264
463,69,-0.375806431762301,0.317807007121934,-0.278729853487207,-0.734952871259943
464,69,-0.970321514768652,-0.726314784542194,-1.51507964343286,-0.111871034212075
465,69,-0.405298358758399,-0.321147351532241,1.03769813957551,0.206648284533992
466,69,-0.379661386172907,-1.93922713485857,0.363814539246945,-1.0293347230063
467,69,-0.798002300120264,-0.518662548569041,-0.85387730887795,0.846362199662082
468,69,1.70030110292235,0.337403998811892,0.0325265784889637,-1.69800634553461
469,69,-0.668569553422234,0.877121241848147,-0.604166608725203,0.888790162406137
470,69,-1.38480864285529,-0.496635090061413,-0.441081374192115,-0.136119620185693
471,69,-1.43312019068539,2.88023946577146,-0.878024253264483,-0.586847750709304
472,69,-1.76542950364571,-0.560468304378989,-0.359899366359551,0.136223921982189
473,69,-0.638305520346567,0.358673911737711,0.0674873314690207,0.146392178706799
474,69,1.09962079666377,-1.71799262569204,-0.905769762242725,0.226484180413344
475,69,-0.220071544153375,0.110688371936828,-0.213194186624367,1.81874436164096
476,69,-0.115819013697648,-0.310055020206314,-0.132881704263822,-1.3800195913477
477,69,-1.74294651278002,-1.12161528266977,2.11698753853228,1.13837854886444
478,69,1.16953607563361,0.17556436811435,-0.228272668082038,1.37473414955468
479,69,0.766900205503805,0.151157785636901,-0.125643412227161,1.6881490581501
480,69,-0.225038029213449,-0.799902534525821,0.270221637780935,-0.169482804947454
481,69,-1.07670100022193,0.810773829155619,-1.03513412454266,0.432617559046988
482,69,-1.65512698257517,-0.632698747161856,0.735460292553391,0.352474837556283
483,69,0.575461709103637,-0.638940372002245,-0.197987313614914,-0.854504724596643
484,69,-1.78517172369167,0.273626326853788,-0.247654913143552,-0.586312181908253
485,69,0.188994745798618,-0.419732939090781,-0.919922003172451,-1.46403688078936
486,69,0.319976927405718,-0.135678179491283,-1.3032851876756,-0.738296090559838
487,69,0.429689271020514,1.40978593638081,1.99670435710971,-1.38226516054469
488,69,1.8686211427823,-0.990546202128654,0.166240067164247,-0.298472546060464
489,69,-0.355092649131082,-0.00413159027334167,-0.760087545207302,-0.166685598350054
490,69,-0.734038207808893,-1.14467825684614,-1.08098288079931,-1.63265160756548
491,69,1.32128632410419,-0.709903772814489,-0.0541816548556819,0.532139983518971
492,69,1.40662305510179,-0.60326792209471,1.47438869026304,0.265098816057223
493,69,-0.906173493533801,1.03907568185362,-0.73484952229846,0.216962136445406
494,69,1.24218316177912,0.494340806512043,-0.570941537521203,0.424307111240098
495,69,0.816216705119219,0.676506183556521,1.13208587919727,0.942374434033416
496,69,-0.714228580182211,0.313799820814105,0.173870436934859,-0.246838102634845
497,69,-0.361375483663467,-0.374953273304474,0.497266276448969,0.367328514208769
498,69,-1.3568965147763,-0.881215932952669,-0.135788843546971,1.12862724505855
499,69,-0.138412316567899,0.0938637110463845,0.276011967329265,-0.73101471212935
500,69,-1.19544562331942,-0.51705229112914,0.668292460290126,0.311947762053876
1,70,-0.663374090254456,-0.545213172867674,-1.22629783454213,-0.015538424087915
2,70,-0.225690973167507,1.92487479901243,0.222847302854554,-2.07128270222484
3,70,0.199643116983137,0.870986197749725,0.354914083971484,-0.711390572308127
4,70,-0.267336085964284,0.247289392745529,-0.113396759545466,-0.143555194540853
5,70,-0.795221715381207,0.855833359962976,-0.761189812708433,-0.594069194395727
6,70,-0.176862376510083,-0.457821619245457,-0.26658236595025,-0.409077224803704
7,70,-2.14249766301018,-1.53117052537832,0.659867437505785,-0.0234636181477002
8,70,-0.745770685964787,1.22407115203381,0.62343689464046,-0.781454663168856
9,70,-0.237575037720929,-0.0130797436998132,-0.0642432762352915,-0.226784657568702
10,70,1.23296283826276,-1.19343297399809,-1.00035077103686,0.187235552705295
11,70,0.571776713493289,0.316033128117344,-0.794864589913863,0.940804833777829
12,70,-0.898794924766135,0.109277080279548,-0.520430127344422,-0.125562236160212
13,70,0.0992992482284472,-0.658243332579352,-0.425901014872022,-0.129137698074288
14,70,-0.849458477150366,-0.795564766544361,1.6175131247732,-1.41785591211251
15,70,1.22432059422095,0.630501982671268,1.2931868179499,0.565129493111397
16,70,-0.527675526155794,1.31528976067544,-0.674021134570699,-0.41046711957714
17,70,0.164010198504409,0.585846357164708,0.0107754295654963,0.126253411156324
18,70,1.88446375541987,-1.70826045834313,-0.164497495451779,-1.49911292012342
19,70,0.365050167141685,0.378578233552114,-0.459994054707037,-0.416375253586638
20,70,-0.841481495900568,0.659198900519258,0.647523053047484,1.05582245387466
21,70,1.51791505387628,1.93049702338928,-0.460450247378612,0.828141089031441
22,70,1.29043783757704,-2.35187492810725,0.958122240765135,-0.827402230678867
23,70,0.0370669505333325,-2.76796146632049,-0.958883929597277,-1.15512254349787
24,70,0.950107472252044,-0.115003685998454,-0.587896372021103,-0.191084688706778
25,70,-0.694321297962652,-2.30548260228084,-0.421562360077437,2.76239290764649
26,70,-1.60133281800518,-0.646544149908164,0.806710034986179,-0.0562696469864892
27,70,-1.60984552692504,-0.135061548351516,-0.686671818759916,1.17376456541522
28,70,-0.476342783193574,0.0166534111015966,-0.312849796965692,0.301376026766979
29,70,0.0839514431429791,1.756872395835,0.0949878420754419,-1.13180079622537
30,70,2.58049490027878,0.0314271551512069,-0.270450806422951,0.728246440202076
31,70,1.81258909853839,1.01557488252073,-1.63738302635811,0.360292362820543
32,70,-0.879696540078968,-1.0215811074892,-1.69051485397663,-0.533752112032074
33,70,-0.158251820441365,-1.24302512253214,0.281895271763793,0.624823511348489
34,70,2.35630050708436,-0.731313728163052,1.03422325662899,-0.944543108733537
35,70,1.2833166945046,0.57018231030062,-0.152682120664136,0.271120542169442
36,70,-1.13945804604479,-1.72457422971729,-1.55195644619091,-1.06697016458478
37,70,-0.316112406396363,0.419567727155711,-0.134446681086352,0.250267516121798
38,70,0.91317887452329,-2.10606336239456,-0.257810770162673,1.50283483525329
39,70,0.497050920647568,0.288886720894188,0.299157639523045,1.16349638197196
40,70,1.28252296573426,0.899942012207289,2.14129868656026,0.950793807530054
41,70,-0.778412756805189,-1.43733972908002,-0.345989011595031,-1.2336858268265
42,70,1.28000406816304,-1.00701832742916,0.569475799654691,-0.0121883114404666
43,70,1.02784020539847,0.0732587107776327,-0.62280763080383,-0.71171359687419
44,70,0.328755277537125,-0.187897590445049,0.420294201875831,-0.381765093451477
45,70,-1.91413080402574,-1.07685097102627,-0.293441049091013,-0.815992035269912
46,70,-0.787904340457836,0.569120186303182,0.525257921839728,-0.536454248850491
47,70,-0.707883513099183,-0.814582798162194,-2.28473090884417,-0.612987002878463
48,70,-0.70435759130388,0.388586674159981,1.0422373883913,-1.1683585023125
49,70,0.573850546979307,0.304221781559804,-0.576390633325439,0.684252816835147
50,70,0.75400057052954,0.912038253025057,0.529780610877047,-0.243453123586039
51,70,-1.47689481503521,-1.0643052186567,-1.48344640860464,-1.63005358016157
52,70,1.10238774263449,-0.959554084232412,-1.49991534287957,-0.782408258716903
53,70,0.144031454288868,-0.547581601490387,0.0900973828782561,-1.41556169181393
54,70,0.272379444144775,-1.69482878831687,0.323875003300428,1.71548682038947
55,70,-0.494108197403183,-0.602046945391763,0.254593102064994,0.101803728574071
56,70,0.766452976150183,-0.449063846664157,-0.988803979824301,1.30494452945722
57,70,-0.101840747206344,-1.04651353728363,0.521485305235191,-0.290275987428439
58,70,-0.346724459737362,1.05685136909327,-0.746816368304325,0.547266784521698
59,70,0.245656322575303,0.0636513601961286,0.23355885316527,-0.0721882182206066
60,70,-2.43288592319762,0.621760506740584,-0.374132421245313,-1.32702019507499
61,70,1.27900849533191,-0.263754059434866,-0.718361577841702,-0.298588686589747
62,70,-0.0832489571119872,-0.137412848810894,0.463569233277408,0.262436956461144
63,70,0.083869150702616,-0.463289089917637,1.30387864841922,-0.783172805372257
64,70,-0.0765492233337417,-1.24368007771457,2.45723709989575,0.483958600399591
65,70,-0.783286526331638,-1.25193180628197,-1.54993889388751,-0.409610619757987
66,70,1.16919753718881,-0.647282816957407,-0.153204353458966,-0.283836089698269
67,70,-1.01554588116097,0.9661528085071,0.501723736334117,-0.674305745795264
68,70,-0.775219489779371,0.224862291809699,0.747776850112067,1.19634794251212
69,70,-0.433728727625978,0.140840566180133,0.464847040917976,0.463554459208474
70,70,-1.2889710110387,-0.64374627658119,-0.733187441054807,-0.665483862192899
71,70,-0.276010361421096,-0.943354638034209,1.07646108503894,-0.689972720244093
72,70,-0.160875401514738,1.75882203813728,0.328108759064306,-1.21583388704069
73,70,1.09217351887196,-0.904856063935927,0.191881842929586,-0.0800442654832509
74,70,1.11057432713955,-1.34411156958226,-0.70426234635852,0.0411373211090633
75,70,-0.0289490760131126,-1.79357919334527,1.4772094028109,-0.120252185352992
76,70,1.09011919104055,0.76055593638654,0.77090765397319,-0.345232575231258
77,70,1.12674833762367,-0.607108479637113,0.937471644627101,-1.63628325022141
78,70,0.550885448817679,0.137545296565076,-1.29666097341939,-0.231058349443591
79,70,-0.0349118752844241,-1.27583106099351,0.234460711997463,0.13178436122356
80,70,-0.353966370210428,0.0229269613417602,1.87301434427923,0.435525985651558
81,70,-1.1715748080889,-1.32308514161025,-0.440541065289101,-0.327252226422068
82,70,-2.07163876698095,0.101002075206875,1.76759651771502,0.506161282291532
83,70,0.840280639838433,-1.46683481315917,-0.766844355822949,1.41483352215516
84,70,1.79165789793692,0.0232068444805144,2.08192622001549,0.219345745435124
85,70,0.20255355022324,2.23263677617156,0.925490819120071,-0.0374203344227764
86,70,0.924573859732873,-0.484251115211507,-0.682742503598352,0.426659399492381
87,70,1.12204923478227,0.8554713045407,0.538040099821504,1.03282074658135
88,70,0.606345501294756,0.107565396578271,1.49256094046453,0.698754083720071
89,70,-1.44470507375763,-0.397362564365361,-0.0123714042694773,-0.457214506325659
90,70,-1.103007403254,-0.410232294896707,0.266840442876195,-0.34766391559615
91,70,0.0099920041123158,0.890641647130134,2.48594983976447,-1.47314983222858
92,70,-0.508000415225248,-0.645512236633637,-0.648970119335628,-0.621021469920067
93,70,-0.109608162016775,0.966703848923269,1.28980099936079,1.60333942309741
94,70,-0.0244122044724669,0.632678628655962,0.84137552690843,0.430079898677537
95,70,0.557608714901184,-0.619966572206756,-0.203674817837115,1.28415599326993
96,70,1.94892351104987,0.988340299274323,-0.999280755885109,-0.527562387764536
97,70,-1.00133650560745,2.17891107378684,0.0491280655636652,0.365098528029986
98,70,0.378266565113462,0.280804704612472,-1.62631501343618,-1.14154574580856
99,70,1.30770711008476,-0.74228670792161,-2.31933277837901,2.81468088533047
100,70,1.57698438368569,0.635770154763281,1.05883529790323,0.329204277007886
101,70,-0.995203256208235,-1.07508509218509,0.399928647309872,1.50106110677651
102,70,1.05782994545834,-0.36071717392069,-0.142993382057617,-0.64482116880578
103,70,0.718690513863606,2.02735277275823,0.815681066045878,0.706939009726208
104,70,0.650687900210963,0.303950464966446,-1.62180851746611,-0.548181401469141
105,70,-1.0198875460522,-0.584762315054423,0.11611203948967,0.612977921417924
106,70,-1.21154369971109,0.23263336984897,-1.63849589768158,0.32665369601932
107,70,-0.016156712428627,0.189384514454675,0.116632601840963,-0.16642581220536
108,70,0.29875063977034,-0.295880242438436,-0.313627289715655,-0.0101341158197443
109,70,0.902243807948161,0.216676100349001,0.245707337993154,-0.385869937227765
110,70,-1.47519984977773,2.02888426968809,-0.494457461798378,0.136114032348
111,70,-0.340169438624286,-1.35583547813314,-0.365587798619163,-1.32491454934229
112,70,-0.201086641638671,-1.3025469157476,-0.399186622218166,-0.801179388178754
113,70,-1.06074382489753,1.25525263159328,0.126796198346074,1.8889330700107
114,70,-2.05312858845431,1.23732899030276,-2.27615543534824,-1.27337761167105
115,70,0.638354065545504,-2.46762233170641,-0.172812089496335,0.240528771256747
116,70,-0.273151167996934,-0.234840626071371,-1.13557283106988,1.66426374996934
117,70,0.371616260999927,-3.24642801928773,1.50536457286762,0.463508772570026
118,70,1.85827026352382,0.225996125318921,-0.748043068049258,1.14276635882273
119,70,0.701713713858849,-0.870595437417113,-0.687987556672005,0.228390929440367
120,70,0.840693361057651,0.154204889414512,0.58119900970345,0.430250974015173
121,70,0.951965674454628,0.294186458357465,-0.177965579280311,0.455762784131331
122,70,0.840485045165282,1.79195925700004,1.02039700161174,0.111224944068733
123,70,-1.28027058612015,-1.05708316314271,-3.18048300000034,0.76987331084773
124,70,-2.71789320939755,-0.474248201269545,0.287542787467758,1.10985312991389
125,70,0.798735093980774,-0.313167744842778,0.387558411411116,2.07477763535436
126,70,2.28841253097794,-1.11062268957273,-1.16689218724184,0.732433015784508
127,70,-1.37706511991418,0.866455052753832,-0.0990741046651968,0.645974387870637
128,70,-0.0194420205269366,0.307291033973747,-1.65477258090424,0.442863194147031
129,70,2.31271828875339,1.38914141744703,-0.794458687172005,-0.327089630807492
130,70,0.462525522967101,-0.267696958182456,1.00574551064141,-0.0670912989015534
131,70,1.14895174125325,-1.0047418198688,1.4105470617896,-0.18262941014758
132,70,0.485653598790351,0.99073670664434,-1.34953448740279,1.01614470717098
133,70,-1.9108680187128,-0.190624038233847,0.811298104800395,1.73606558951027
134,70,-0.503620749815014,0.488422765824902,0.38214956194454,0.468191998225052
135,70,-0.70868384260199,-0.0383366564539364,-0.384183365033648,0.707306598154266
136,70,0.86035694438275,-0.62427357453441,-1.13976777639876,-0.13791743735115
137,70,0.856845230452815,-0.338188874919327,0.238610611755943,1.53648284908924
138,70,-1.79702282339319,0.335981476150079,0.386039117569191,0.429097269010931
139,70,0.415768002751978,-0.226261391378077,1.01774678788788,-0.876763443226065
140,70,-0.33239126278314,-1.51875124406515,0.96086266019123,0.208944520782002
141,70,-0.569067500472597,1.09430299024106,1.35130362245427,0.557478501346429
142,70,-0.124523080605449,-0.601634954417261,0.786495160846897,0.61751871226318
143,70,-1.01962115477323,-0.409050405973119,1.2136788500349,-0.540793852750692
144,70,1.66424674805621,-0.113087593203158,0.263381516645013,-1.94485361974159
145,70,0.218431913848899,1.53774715304215,-0.782887629579487,0.735743880280714
146,70,0.232989585042474,-0.0750409011024632,0.421917718863225,-1.63536352483049
147,70,-0.270233398660908,-0.674165404221716,-0.905103861433333,0.527407947860133
148,70,-1.06124519807875,-0.337440931280897,0.91106157181219,0.835604574176426
149,70,1.28376958353427,-0.866584501794127,-0.411803657313424,-0.55168384175635
150,70,-1.66412524781962,-1.05610961373931,-1.50368095367584,-0.291650342392117
151,70,-0.329881445974889,0.71499878267962,1.51500882277679,0.164349574393195
152,70,0.0786665058183002,1.52339173095069,-0.878674053747461,-1.49427945513652
153,70,-0.279765629697263,0.486828381135797,-0.428924834842375,1.35884375407004
154,70,-0.480011797776068,2.11867345513855,0.0375220145241777,0.015314540949983
155,70,0.0179403943901442,0.186482404176673,-0.200913747430124,-0.0991088495317104
156,70,-0.613385814055483,1.75595053522572,0.220838452069639,2.12272942383155
157,70,-0.97442855214864,-0.0535455097169719,0.447333450585815,-0.703025368492898
158,70,-1.96707804377265,0.161999035535122,0.274744905078204,-0.491319109968735
159,70,0.450143530288046,-0.27501683648742,0.872285771922882,-1.57343495792082
160,70,0.779121892881304,-0.424108680774428,0.721024008762057,-0.587083112186028
161,70,-1.02392140112887,0.282165672404425,1.35114713390418,-0.335576621786203
162,70,-0.361783532337098,0.908850354337537,0.590748970399158,-2.59208001755287
163,70,0.0869046688944458,0.00422958408578568,-1.87817896988464,-1.25327078102002
164,70,0.107457024619871,-0.837742264552937,-1.21429096714152,0.0895751023499477
165,70,-0.910224852103073,-1.2596499587394,0.716912967609729,1.5179968086012
166,70,-0.529568763255916,-0.345814291287382,0.735399574810841,-1.17887644224903
167,70,-1.84592115612509,1.6783429199477,0.0471392862771524,-0.441555219345309
168,70,0.579538045953689,-1.50336388460064,-3.40188909705838,-0.165278425509359
169,70,-0.472096392450356,1.81906221717023,-1.33404182598368,0.0641480181871529
170,70,0.129873625090053,-0.677102501549749,-0.870876538491881,0.955276631291889
171,70,-0.0414510164702116,0.879769958479509,-1.94793547363528,-0.239165343611329
172,70,0.029689275167838,2.41737100713792,-0.0981837613237866,0.469498716361396
173,70,-0.883268401604027,-0.0478180733184999,1.18595427346731,0.361436556320916
174,70,-1.90412506751154,1.81469615893902,-0.572142625856463,-0.00763939488449819
175,70,1.00788307445424,-0.499362751586845,0.0835682457897418,1.57031926963972
176,70,-0.544794554979071,-1.04633219199092,0.869865681671734,0.060542374550592
177,70,-0.0280591472816837,-1.13706253439394,0.964163032076302,-1.06742377957344
178,70,1.03354570558827,0.526023434023688,0.288845160025216,-0.632720840242578
179,70,-0.586983201570998,3.70629293958727,0.310914100570723,-0.983596082969398
180,70,-1.25907597524102,0.311468018259798,-0.930118928425884,-1.01594509441638
181,70,1.11541540933139,-0.790901193186805,0.221054816547684,-0.146253427269743
182,70,0.309029441837868,0.38629251709922,1.04354956696547,1.8588367140558
183,70,-0.305188300461794,0.245985899961247,0.375660023498171,0.831626503687508
184,70,0.147260014986239,-0.256593864745692,-0.390871622481899,-0.824822840538613
185,70,0.492224137920437,-0.872009861780763,-0.94961991852293,-1.62548708641865
186,70,0.351502415750445,-0.39093943427403,0.403765401505147,0.10525705452079
187,70,0.949698494528186,-0.609574289665277,0.59516410585399,-0.527915119051185
188,70,-0.755847694787238,0.74261447525878,1.14691506379988,-0.676753274978743
189,70,0.443229514633295,-0.963675123724537,0.430700608352038,0.206893280073682
190,70,0.856607164133864,-0.602669540786554,-0.836509023304094,-1.52627364245355
191,70,-0.928955173339417,-1.673591352627,-0.68978752665295,1.10745218088848
192,70,-0.495459953212891,-1.1560889371338,-0.381044857481037,-0.185051417998752
193,70,0.505702186890887,0.776992061869282,-0.226105141785741,1.37354629109496
194,70,1.57139513182133,-0.500003271755726,0.427329514869582,-1.35343664651252
195,70,0.818519752241336,-0.180555491644539,0.373908081385155,-2.05045435412683
196,70,0.0455884055159931,-1.99867849442308,-0.4023216134394,0.13969923624271
197,70,0.653223008514607,-0.0992253312977927,0.260315469021348,-0.623436020501998
198,70,0.189876196871858,0.993272687583922,-0.234412928094108,-0.251003283671258
199,70,0.0957209458174384,0.0403373993744964,-0.381898083164807,0.735110341565115
200,70,-0.0649938731196849,-1.38199133895422,0.10918445291074,-0.98126790584771
201,70,-0.978919568482094,-1.333106839286,-0.594619595481533,0.951842659778756
202,70,0.278739032525441,0.384030430294414,-0.950903207588141,0.505294838941064
203,70,-0.485397697689701,-0.598158968745867,0.127940275199711,0.266449146741731
204,70,-2.40348550081312,0.167121556949593,1.63356216982672,-3.28547784210322
205,70,1.05674498009045,2.01968705994468,-1.31614049548252,0.828722140392388
206,70,1.99075761762102,1.56904118807439,0.846572148983379,-1.29022409502941
207,70,0.488215058307927,-0.923982255790425,-0.183448894132151,-0.322076649904311
208,70,-0.693294847114888,0.670766790052159,0.614348589471384,0.418087329867712
209,70,-0.1333483342472,2.48049618057455,-1.77606661332676,-0.00339470396201899
210,70,-0.374157489306327,1.58627129169421,-0.0449514113875769,0.526989528734332
211,70,-2.0718484472237,-1.07892289376478,-0.0581972130294688,-1.46571696410107
212,70,0.153676339032076,-0.0163259630172325,0.939676692429961,1.21291489473279
213,70,0.228756115203975,-1.30724837803463,-0.174416164266884,0.62995846217513
214,70,0.52926948159855,0.435497191063048,0.372992387137261,1.40369459052975
215,70,1.10878772464846,-0.17329469597481,-0.662891567594414,-0.277641543645999
216,70,0.634707036335788,1.80426835542093,0.994496756748575,1.39989195029259
217,70,-0.336325859113221,-0.393801692340443,1.02054528381155,-0.171071922968505
218,70,-1.23575990175685,-0.500129674512128,1.75450208349742,-1.19847056414486
219,70,1.10534423342109,1.07109031055166,0.196919694091315,0.260583952956563
220,70,-0.543129491786411,-1.68346755507364,0.16938587816333,-1.71587269510854
221,70,-0.0251109970829194,0.251098263635083,-1.87074646729096,1.92838867653289
222,70,-0.0320917132080212,1.17729169460828,-2.63798299315265,0.186953260451774
223,70,-1.11045961347195,0.0664540618087418,-2.15472048368034,0.371814023586468
224,70,-0.127414911642729,-0.742179299803466,-1.01550508053066,-0.164417823237903
225,70,0.369162586889439,-0.712261410785804,1.20340358929568,1.35604958622945
226,70,0.507129019997674,-0.838058451580111,-2.60805503984804,-1.02294029066276
227,70,0.429933840828915,-0.578731674975979,0.512492917015246,0.837729082395535
228,70,1.54623535675637,1.84093599254325,-1.01072134522797,0.238498086070006
229,70,0.111425063152765,1.10592725158802,-0.7308951060948,0.426545079985612
230,70,1.34732804081097,-1.37055559686556,-1.04293224200536,0.181883921973841
231,70,-0.44255439450796,-0.335699972866284,-0.111924423169864,-0.105431848200287
232,70,0.561205507077275,1.78620128215895,1.41934528690869,0.675854256146162
233,70,-1.57143442658973,0.130437953549861,0.729541598998646,1.19098863592359
234,70,0.650491458095875,-1.1468445924216,-0.139992626798692,1.48895676839055
235,70,-0.488508027591907,-0.685481077916129,0.149975247599574,0.75512842862274
236,70,0.902426083341526,1.91675331635736,0.606714737405402,1.64864385302387
237,70,0.367175044090728,1.3604126288753,-0.375681794511019,-0.771193642999683
238,70,0.43353223321804,0.700021218095782,-0.801308145827101,1.89908300240252
239,70,-0.386741156395406,0.0387045520639112,-1.69478374565702,-1.16089192658247
240,70,-0.0757191609877695,-0.70687950607121,0.780872583667172,0.495134329620229
241,70,-0.679614318812533,1.60394491862422,-0.419551374325758,2.26375907977997
242,70,-0.103156402197684,-0.719427518306298,-0.177218656189514,-2.08049372163689
243,70,1.34530067371928,-0.710937435459225,0.625878855205264,-1.65298625178342
244,70,-0.626909536232416,-0.187701425623598,-2.05792219602159,-1.22171977866757
245,70,0.758316056632435,0.289238624797981,1.06260661559439,-0.0125289489304595
246,70,-1.20052658439816,1.57720684101882,-0.134250470969774,0.463344803667191
247,70,-0.863292361975565,0.689699941573878,2.63293305802892,2.48426135490191
248,70,-0.693195984224687,-0.58532150428511,0.834188989090987,0.919930477795277
249,70,0.0104268717933866,1.09334108446494,0.61043976695791,0.283529999164105
250,70,-0.820156191752729,-1.23256330744369,0.709715933689237,0.359781044314202
251,70,0.231699783069212,-0.698180781498205,-0.144372522906316,0.589595331375391
252,70,-0.432960248386712,0.317915003376252,0.758143167467431,-0.180629467237754
253,70,0.217117666025436,1.21273422191961,-1.7304194317664,0.656074440281179
254,70,-0.854428490788386,-0.592960818385635,0.780621296411255,0.392783103441553
255,70,1.22810994455546,-1.34735249027348,-0.776462650806555,1.68515465897372
256,70,-0.586416920008362,0.765379383025136,0.0224689087643478,-0.869549116226078
257,70,0.302403620158836,-1.0875141103753,-0.558254072184576,0.691929877954985
258,70,1.15322913576722,0.637122245066262,-0.159393065988335,1.17496455122741
259,70,-0.264481335443048,-1.51389872665362,-0.528134616304273,1.2909600926496
260,70,1.26563076585693,-0.941039085275544,0.5524721360196,-0.492926663164456
261,70,-1.36114721593335,-0.772115262397714,-0.254489087172371,0.579474733854101
262,70,-0.521651401028177,0.618755091970979,-0.400837086381851,0.042409444251019
263,70,0.722391128198698,1.1877803803793,0.597808600511496,0.544639716273513
264,70,-1.25350513632854,-0.881268102301142,-0.908929194862093,-0.264598358330715
265,70,0.850325676977939,0.568571918066202,-0.189713159248087,-0.0687121451987803
266,70,-1.3964822999321,0.29957012671978,0.135416462883831,-0.681865020227011
267,70,0.791719063235006,-0.204595491795691,0.559564080248283,-0.15394013275671
268,70,1.66265581491446,0.936545491677989,1.60113874334956,0.350018698073464
269,70,-0.260694428222971,-0.274220883379058,0.0140030010525283,0.544808582072817
270,70,-0.387890718968821,1.21646553391329,-0.772509812422584,-0.0917233813240608
271,70,0.623085786082765,0.514834056427986,-1.11373251158147,0.370602456004685
272,70,1.07043004164711,-0.308830958426313,0.519339224663164,-0.399988282092915
273,70,1.17234663984532,0.387245494770249,0.16268990521704,0.163609617753327
274,70,-1.30625983357687,0.347463815046688,0.738053884578421,0.24482392826223
275,70,-0.319776329187833,-0.311642432120384,-1.8017793404958,-0.0998034908208057
276,70,2.86202330650603,-2.29897405822787,-0.0344810061891547,-1.50986403630984
277,70,-0.0932567051949681,-0.438784271827312,-0.245130625955577,1.71338750353377
278,70,1.9369404696351,0.316658888309212,-0.744162510551476,0.128410950716504
279,70,-0.148584711028057,1.20761714011864,0.436367458313152,-1.6861939010067
280,70,1.25298208454948,1.18077496403517,0.84977061429601,0.557753311290701
281,70,-0.485122663008625,-0.348797569206201,0.241396071221652,-0.332098713922376
282,70,0.985008633269548,0.624792364873018,-2.21704841721827,-1.69767273992997
283,70,-0.66091858098943,0.459851767730006,-0.49916547790373,0.739118924307583
284,70,-1.57074537308787,-1.21763578829623,0.219520283928423,0.839123796542327
285,70,0.137280757910841,-0.184949645545456,-1.92980348294329,1.48526245639038
286,70,-0.888472513799962,0.145982442485172,-1.34613030739132,-0.828382623229846
287,70,-0.583181703270401,-1.43656901709098,0.587039594254355,0.978407241086015
288,70,0.793524351638728,1.16455029346986,-0.236321615067924,-1.30609807852279
289,70,0.609081356670764,1.41525786259423,-1.81542485016083,1.44287113358989
290,70,-0.0444310670422466,2.19858197291882,1.16806960865085,-0.368480176847479
291,70,0.509476639243594,-0.189543022640641,0.42819113745952,0.444095639498659
292,70,-1.88584879766105,-0.0606241257093365,0.58323992680537,-0.966377374074295
293,70,-0.278434188138668,0.381507736426793,-0.567077203215455,-0.223819973164828
294,70,-0.11566496344689,-1.22536871397522,0.845828056907681,1.40962944941139
295,70,-0.272672091569085,1.60978721949435,0.0987248921316252,-0.435796879922126
296,70,1.35838681990754,0.938534328551669,1.70196421978792,-0.799897378702191
297,70,0.4196799738812,-0.393424941420313,0.863224301307576,0.882745428310384
298,70,-0.111590749469316,-0.209237636915572,0.870933181648023,0.162698775550383
299,70,1.2728947657727,1.99233292018551,0.0170031166730826,1.95107134052419
300,70,0.762712906885178,0.466694065393889,0.971762493280918,0.158942783676305
301,70,0.00175424800671056,0.507988405943534,-0.519206060059086,-0.670886778482321
302,70,0.49275186753199,0.152780085764316,-0.935699289396384,0.0516919758971913
303,70,-0.251486137978605,0.732443793195352,-0.471405884473148,-2.7398197421252
304,70,0.250436546191869,-1.49411440320671,-1.21458325625149,1.68450582146776
305,70,-1.9886089600887,-0.728257798459852,0.221486903363389,-0.210832286969014
306,70,0.394288660532863,0.623455128277754,0.805333038270568,-1.42439394063528
307,70,0.242045658348004,0.0808972738156565,0.311081487094877,2.08209823235396
308,70,-0.622932103947381,-0.812871461342583,-0.809320024964974,-1.9413218162917
309,70,1.03008857897239,1.08418537511756,-2.71395498467504,-0.755362328498094
310,70,-1.81262498392995,-1.18148766800987,-0.561657226784676,1.95968242348796
311,70,-1.18955218248566,0.391399894016036,0.123196981714357,0.61834845283468
312,70,0.681512789500066,-0.953916556770207,0.993755442370855,0.00281977745591731
313,70,-0.618342250118908,-2.34412305850936,-0.466570153012326,0.28322005206257
314,70,0.0232828321781272,1.40899690838952,0.462730758925534,-0.12324647395079
315,70,0.928963820357196,-2.73111661090226,0.340073157193602,1.11186473455243
316,70,-0.457159247635804,0.960268306298848,0.374173859634768,-0.381327138462343
317,70,-1.46275023560899,0.621072691621758,-1.8216802070613,2.17267209759651
318,70,-0.130832445843147,-0.529659994170846,0.518016889540797,-1.30052258918731
319,70,0.909801286990783,-0.461423130395929,0.111781931820769,0.178890671890628
320,70,-0.92786053868479,0.390157831619693,-0.482935539668336,1.2920372527772
321,70,0.644185829032166,0.059781091829197,0.634904504436365,-1.19088703792091
322,70,-1.06751349387079,-0.109439800102016,1.01800952452159,0.123758657904821
323,70,0.145954793638909,0.309497622224079,2.24497523087241,-1.44323840359958
324,70,0.512358802472792,-1.30922662114531,0.271720777431132,0.111478486440479
325,70,0.460360937273165,0.502218739075136,-0.238334047676147,0.894189512458785
326,70,-0.67786806878576,-1.23235134988021,-1.17446587468669,-0.741959911740282
327,70,0.271009521315393,-0.0328381763641043,0.419295615447128,-1.38139306653965
328,70,-1.03362061987384,0.735195090129033,-0.0879024096136865,-0.780378196585012
329,70,0.721825795284422,0.232865944334739,2.35979455295349,-2.35741525372613
330,70,-1.1867069012274,1.33138987997106,-0.904544400032646,-1.0877675524516
331,70,0.550476431843079,-0.502235862028482,1.04476616735131,-1.03579373659902
332,70,2.28771629474839,0.200470035169286,0.937474445964602,1.26162480706384
333,70,0.978034822324264,1.31171637125659,-0.993996205451541,-0.804370544123169
334,70,-0.245672760183316,-0.833197496681523,0.750865842504182,-0.552521087421731
335,70,0.667558462314079,-1.06000273924719,1.23650728494629,0.549611756514629
336,70,2.29939379099971,-0.22264989064451,-0.638837348357001,-0.238042713664261
337,70,1.27758056794037,-0.304772557534469,0.173879394798848,-0.883423792669036
338,70,0.286669310167973,-1.28592829950694,-0.882314757468628,1.71535791441479
339,70,-1.81462766030116,-2.54802045890126,0.778322017602387,0.0258952155340019
340,70,-0.128115682720048,0.685445149182112,0.792382733470123,-0.290039642004101
341,70,0.0699737995152446,-0.221967472055946,0.444227967704678,0.46094931084762
342,70,-0.963623106641073,-0.196074624043617,-0.959668832982794,-0.774966781050303
343,70,1.42736371901381,-0.188687096715995,-0.158610090954427,-0.521272712037951
344,70,-0.0988067804954725,-0.873861219544155,-0.927050663546075,-0.46608794531886
345,70,-0.188189300949028,3.63466464608877,0.208724648414111,0.423902500235611
346,70,-0.100753834909656,-1.32613869085405,1.06757471042831,-0.642029805909064
347,70,-0.405905781963306,-0.580878274453458,0.732290569102729,2.23950175272047
348,70,0.126870025558041,0.783733674455549,-0.000130913648021564,0.802044442403609
349,70,-2.5769961050906,-0.630564835923112,1.76187856948805,-0.303658272771577
350,70,0.621602448351389,0.478488130017679,-0.893371366435694,-0.745137839768726
351,70,-0.0605679796938014,-1.2411373603618,0.0639379131815413,-0.437810050830738
352,70,-0.676253907734468,1.14917851628134,-1.57172672020871,-1.24677834943631
353,70,0.601109776228592,0.327401002788645,0.101867642221804,-0.62630740995643
354,70,0.0404744328454825,-1.05248160780318,0.0388523785150605,0.814329383958559
355,70,-1.57646519167125,-0.178955052006651,-1.74449612823862,0.431998933157756
356,70,1.21545562762796,-2.2338111782228,-0.730884800237716,0.292876865055352
357,70,-0.32351562217834,-0.15314909288426,0.376899205074465,0.73503010719347
358,70,0.341220406409954,-1.50224720462253,0.555607314840821,0.292724430241195
359,70,-0.432604978799483,1.00027059758878,-0.0488569478861598,-1.75590718354577
360,70,0.0208717680245046,-0.141988450449908,-0.472748951154648,-0.544654607940189
361,70,-1.59620999310079,0.902401027384308,0.656704385781917,0.710038379293449
362,70,-0.500578303866573,0.306331409157878,1.15742025472388,1.83521247923039
363,70,0.501929054524862,-1.13475089971044,-0.0769673669474684,0.59348266320531
364,70,0.600309214752037,0.390109075898271,-0.758042505668397,0.116505918886093
365,70,0.544077000156306,-0.976769106370602,-1.59654187943692,0.37457263498055
366,70,-0.530238657600277,-1.17833242585959,-1.76856760697059,-0.452632182935329
367,70,-1.38359434219823,0.947513947395518,-0.182635996580787,-1.18164944559403
368,70,0.658453012935106,-0.4466301754712,0.626288049988277,-0.815410769027005
369,70,-0.225162812885886,-1.61251510842951,1.53848114810061,0.620273003266166
370,70,-0.808633474091326,1.43091552229938,-1.1591198347935,1.11266605022558
371,70,0.935549671598844,0.463272169792695,-0.342594824120318,-0.755383511905609
372,70,-0.611172065513596,0.0394940552511614,1.66829300684562,0.798487152343941
373,70,-0.788724890040135,0.436259133081084,-0.382405813306538,0.904476383005108
374,70,0.576566290818124,0.53825690439916,-0.321479386857866,0.469898885370828
375,70,-0.0316632004738745,-0.652135064887258,-0.0635564475074352,0.870671963080151
376,70,-0.179041426935123,-1.49926496567146,1.51917379484242,1.80545737749929
377,70,-1.17935597889387,-1.94973583996783,0.853175245715758,0.985017867943
378,70,0.0108450201886845,1.61433010995843,-1.57995369127227,0.284992133438047
379,70,-1.52492944202174,-1.47112947578902,-1.35456659714481,-1.39721821813067
380,70,0.227957441906547,1.84114356245636,0.341361808013362,-1.85419855291075
381,70,-0.0698486833133519,-0.117220596961527,-0.4084150249867,-0.842086765072119
382,70,-0.0317258857849037,2.36136303680818,0.339016023280209,2.35850238265649
383,70,0.978462947822553,-0.0994707076729796,-0.590158956072088,0.888847452022183
384,70,-0.67804998739997,-0.403699728330704,-1.21792630450562,-0.854248956442717
385,70,-1.75649746477791,-2.12122997321065,-0.00127523804519472,0.2991781628008
386,70,0.937627965097924,-0.463463273936537,-0.0353664420732636,-1.30381458316126
387,70,-0.167860227230963,-0.981311714066578,-0.309653207322542,0.339539705678117
388,70,0.101460740349152,-1.35349177619549,-0.23499483275672,-0.636187750802099
389,70,0.874000554339239,0.0704591113471685,0.022240553592936,-0.784952431537787
390,70,1.29170910028586,0.643188441777495,-2.14456979309487,-0.118833313048899
391,70,0.737005097143257,1.01534883976822,-0.0649301491813164,-1.22593237937577
392,70,-0.839818727001514,-0.307104084380511,-0.4500493707214,0.232792780707909
393,70,-2.11646675726707,-0.782752991465477,0.616617585395452,0.264177209071679
394,70,2.36312599997786,-1.58791121567089,0.663327444434684,-0.114554627450704
395,70,0.141308108438945,0.047638790659319,0.157580547485609,0.151512789674988
396,70,0.0766857121876341,-0.773967323025007,-1.10535375304941,-0.667817554717348
397,70,0.0287386480431148,-2.53122081300535,-1.35514611714109,0.173703409583468
398,70,-0.710999225109772,-1.69084947252741,-0.687275330855377,-0.301497103048013
399,70,0.680837865105817,0.783025358396184,0.204068873135307,0.497974703654523
400,70,-1.5454417072813,0.486146897381746,1.07712178545365,-1.73932632622012
401,70,-0.798098576197821,-1.56364484733278,1.23696114839955,0.231418692368094
402,70,-0.250997389896186,0.43607873756908,0.223355927598681,1.37961747908806
403,70,0.200299582959329,0.706815196063486,1.52348598291738,-0.421449924092921
404,70,0.303427723723283,0.099473581808323,0.426153408188859,0.478258846622778
405,70,-1.79815378479179,1.23195729971879,-0.857460591966743,0.200946126053012
406,70,2.28700154883309,-1.85720255144483,-0.661134822165665,0.40810159931636
407,70,-0.752705507117525,0.474307873793458,-0.325337430283251,-0.769043377209195
408,70,1.51467088867397,0.886841929689523,0.618979470135447,0.476611946763403
409,70,-1.20555350325022,0.423881473372083,0.323627894752903,-3.38119953070245
410,70,0.29732352529035,0.00335393047947225,1.10042815804936,-0.538640637802797
411,70,0.367792122316432,-0.196043184179113,0.750461386737095,1.94574276944069
412,70,-0.409562610086232,0.378445001804885,-1.43891317269698,1.55638845238518
413,70,-1.55560669999043,0.652562145703371,0.964397531706464,-2.0223682151745
414,70,-2.07488711841301,-0.204703113733491,0.381632903492307,0.678596185967856
415,70,-0.024395245202705,0.569111455306858,1.54549241619587,-0.597275786207496
416,70,-1.25355761613865,2.60676394249809,0.475155929469817,-0.13782014488592
417,70,0.571811826919814,-1.7518979241839,-0.943520852821142,0.475469274741164
418,70,1.52841916367068,1.77494336875881,-0.805708927433624,-0.909402409841287
419,70,0.444910466887053,-0.376922081418113,0.102311494292624,-0.749750983289259
420,70,-1.55258486632549,-0.653918313878067,-0.0640526184479998,-2.4861273208427
421,70,0.126043897494919,1.0362177673561,0.285115930559916,1.48764462364886
422,70,0.830489130336893,-1.04491209084099,-1.54131796549784,0.553666962965053
423,70,-0.822347302866493,0.83373947012402,0.583058460700582,-1.59444925819665
424,70,1.08179282822404,-0.995021603291774,0.401574445093803,-2.93061940882275
425,70,0.933768921220043,1.20612150682581,0.329125064330168,-0.422932959216786
426,70,-1.45915224700126,-1.54425389622376,-0.123587602990582,0.554779136643423
427,70,0.623224627979905,1.95721380565335,2.28400400308704,-0.364541440202314
428,70,-2.13306570991838,0.804789621741428,1.75144313122203,1.0665065923836
429,70,1.36027825721992,-0.45442846878514,0.325047221843394,-0.385719962032742
430,70,0.17122287184647,-0.256698702554265,-0.286017464815515,0.829819670189943
431,70,-0.515272976240155,0.0636069818775016,-2.49412435544489,0.191653275332644
432,70,0.266653454674663,-0.372339698381705,1.16226037301298,-0.489622219638857
433,70,1.39123340895802,-0.149924620474469,0.960564617154517,-0.164961760618266
434,70,-1.64931262523233,0.972037781995224,0.362254385865161,-0.875415986368986
435,70,-0.203940766297937,-0.628094561545983,1.35386820068195,0.125454393939292
436,70,0.658001433750173,0.735581747661226,1.20538113426263,-1.35711174593971
437,70,0.28920754329936,-0.108702831615824,0.207974464534702,-0.255304273713652
438,70,-0.180562759955177,1.76346221461189,1.04582733478122,-0.82433640756268
439,70,1.74134510907577,-0.385268380933226,-0.403371916272978,-2.86369744206685
440,70,0.635054914993189,-0.694615707146566,0.598791684875277,0.523123697381518
441,70,-0.305315887183269,-0.755722925631916,0.596852345217346,0.64400377961765
442,70,0.287596202703822,-0.191305618003865,0.226072714394724,-0.77635101681983
443,70,-0.465169268925667,-0.367333913747276,1.06740178966168,-1.61970057677707
444,70,1.01795568326044,1.14752329743455,-1.12659345356344,1.37455985556877
445,70,-0.633666394032619,1.54662672774794,0.780742167657637,0.873594662438153
446,70,-0.273524933449392,0.784365767368071,0.452781320326836,0.514320145803708
447,70,0.484287432245467,-0.790499794136875,-0.355925054789465,1.39275236761995
448,70,0.338193735966822,-0.0503840342853288,-0.36447247016501,1.01865868951419
449,70,0.0396494970998482,-0.98938974974128,0.89183115924239,-0.399745531708071
450,70,1.37116973910671,0.769991124118578,-0.526264198971359,0.711756346857366
451,70,0.721606420109954,-0.247821525688912,0.228162322125285,0.755070915484406
452,70,0.407489263251298,-0.925665586966875,-1.02042086635129,-1.39575826513414
453,70,-0.424143879963251,1.49152701866539,-1.03209537885299,1.20370589007386
454,70,1.2959146751443,-1.0217653774162,-1.1888168311212,-1.45859030626259
455,70,0.400911135510418,-1.7529314006395,0.392495922667157,0.0267037592243509
456,70,-1.05245461939062,-0.723476584185545,-0.983182231810151,1.03012703346244
457,70,0.526672448148046,0.551953426444164,-0.799078419835994,-0.610568229207124
458,70,-0.218936389233332,0.377486119118017,0.66311244368439,0.981555647965376
459,70,0.38423969854936,-1.47388475617718,-1.9344116233661,-0.146891360268322
460,70,0.770693674139662,-1.41906301404818,-1.77970968777993,-0.475003071588773
461,70,-2.35674612123077,0.0891103665088214,-0.126586442200507,-1.03036997545177
462,70,-0.763057484016739,-0.140299745267596,-1.35253606863754,0.0416757960148374
463,70,-0.115346867354813,-0.63155323171222,-0.125405981554653,-0.320016985369051
464,70,-0.570319126600921,-0.281511205673202,0.270713931567119,-0.388883500413573
465,70,0.697008788293321,-0.184054355820497,-1.02233572179962,-1.47532191759536
466,70,-0.0584611228993206,-0.852347994313347,-0.189937350995611,2.58954058519849
467,70,-1.23900327128079,0.893212833342085,-1.12599450052645,0.764970442623879
468,70,-1.8791944354491,-0.796827212864983,-0.381055640665424,-1.34449568129534
469,70,-0.489317748127536,1.21729402520822,-1.64734884468381,-0.73226152207914
470,70,-0.433925878644427,1.54755233866833,1.75525352913498,-1.20166206184304
471,70,-1.10781914542531,1.05630278491383,-0.752749731897959,1.96779657992747
472,70,2.12000326092331,1.11018972494498,-0.249752766831953,-0.494577951443929
473,70,0.228015076965426,0.0671180344614448,-1.0857014712561,1.74592182023835
474,70,-1.24502270750914,1.64958171366793,0.426375590179905,0.677347622023599
475,70,-0.666817992986751,0.0898239625743411,1.16565546433121,-1.54403008636821
476,70,0.333177220149119,-0.0878600793060072,1.31417442335308,1.25541506605291
477,70,0.136619681986701,-1.24197952040005,-0.627937224055461,0.0353890064404774
478,70,0.428856861238474,1.91348420075782,-0.85011426657049,1.29566539733685
479,70,-0.423707666112889,-0.243843247697533,-1.99648551230437,-0.467855133703098
480,70,-1.97355672605418,-1.93102462681547,-1.18641764956103,-0.552075237348415
481,70,-1.36278886822299,-1.13298716670006,-2.08897059519245,-0.342153540974986
482,70,-0.30660497572483,-0.155887576477298,0.506462408059136,1.50280516937074
483,70,0.130811097265321,0.340705218926725,0.233920222848182,-0.257733935340335
484,70,0.759763485154042,1.39419258038644,1.74400902983608,2.08837546991184
485,70,1.98652331774986,-0.549604661974239,-0.685873148394317,-0.536651258706663
486,70,-1.3120109358651,-0.815329047489294,1.47818530512376,0.59868945328106
487,70,0.206464927347194,1.02641861553889,-1.32837787850346,1.08923513495942
488,70,0.113084005277795,2.1804435196004,1.46750992532433,1.62780398261927
489,70,0.69275197224369,-0.884751425552159,-0.263809357627364,-0.619129125653056
490,70,1.06832596100221,-1.58228269898547,-1.35336257352191,0.514522558377247
491,70,-0.00872879233966353,1.47504206698769,1.33095391280122,1.14122274198474
492,70,-0.724165403919975,1.10651397894677,-0.248208033453364,1.01283433779179
493,70,1.14323316003125,-1.06706772062143,-0.334522246614351,0.144322358431868
494,70,-1.40751716266115,-1.27390546532433,1.25869732058602,0.283094222056756
495,70,-1.3343331732084,0.28800567640831,-0.874661644620152,-0.736686708667952
496,70,0.160074283325993,-0.181470492188617,-1.15460199675551,0.323302057360994
497,70,-0.260746044659782,-1.29952421457545,-1.13441535489847,0.267547345029957
498,70,0.799882306330516,1.67032150803526,-1.54150022420876,-0.435020140736556
499,70,-0.594629097760988,-1.0369273485515,-0.78181244717341,1.20112641224208
500,70,0.377790577196542,-1.42916944196881,-0.788875951817229,-0.949725665486523
1,71,0.478905729342559,1.55079793056452,-0.778252328887738,-2.24920839667006
2,71,-1.02378949340649,-0.970912006656607,-0.071463277550927,1.95575891911834
3,71,2.3587966064829,-0.446485421361803,-0.584512971378526,1.57829546244805
4,71,0.302353362795972,0.888839166583816,-0.584464730930619,0.341959127445125
5,71,-1.33878102847246,0.253742503179427,-0.781853561368882,0.393908654155914
6,71,-0.249998218944601,0.640703023338478,1.22690892408414,-0.158551804870453
7,71,-1.39836737007077,-0.132250882493944,-0.679883058812506,-1.07406699248164
8,71,1.01552525336753,-2.124135063333,-0.0549524166173704,-1.14832003716508
9,71,-1.08370486320672,-1.29028414665889,-0.743056812213387,2.269362587986
10,71,-0.354254159961292,0.0877660294677576,0.281729360037935,-0.308004516366311
11,71,-0.745911501448682,0.705323101649165,0.464619958597801,0.513132749117985
12,71,-0.633670561337474,-0.856920971504189,-2.33815432599037,0.406660226935945
13,71,-0.96434260642468,1.84107968568844,-0.440535572623423,-1.74621398917764
14,71,-0.465661874704612,-0.338555666655452,-0.0452771683561507,-0.845821714476976
15,71,-1.80479848055113,-0.642240338763066,-0.0423184894044148,1.61732975965509
16,71,-0.132647765033525,-0.00326090832730975,0.410970092680303,-1.43917660168992
17,71,2.31869277651194,-0.129698255119127,0.103847572976833,-0.170864926470633
18,71,1.54399567568111,-0.859687230307042,-0.126863052112092,-0.426585223897616
19,71,0.525146389287439,0.18572952763879,0.304983384310952,-0.394638237031351
20,71,0.446201793198212,0.407786158928594,-0.993228055719718,0.362528094887817
21,71,-2.20280167109523,0.476360494045328,-0.819259092848575,1.62548391332278
22,71,-0.430004389064442,1.16280082773273,-0.641158598098501,0.325618877414844
23,71,-0.0694964607311692,2.05044338495744,0.934662933965343,1.94958557141849
24,71,0.420750260016852,-2.09538539293894,-0.288252488009818,-1.97543781578459
25,71,1.2678909774881,-1.90975392537613,-0.0124229629702811,-0.965357531298307
26,71,-1.1208869285306,-0.462350411153517,-0.257023632694086,0.454580855865024
27,71,-1.45550893730494,-0.721948494246162,0.0161577509970587,-1.34004879670309
28,71,0.69475939818477,0.337518157658405,1.51271828522601,0.537971332975928
29,71,0.510224243816735,-0.243067022450206,0.404819589276382,-2.53975345717467
30,71,-1.21328528937896,0.761388847403864,0.631536961171237,2.14830794575077
31,71,1.49518182258255,-0.0065503121848709,-0.685975381227658,1.49279397753075
32,71,0.775019617892897,-0.49571325924486,0.890441122193861,-2.0895363806281
33,71,-1.54118957934088,1.26878923792692,0.299516674193829,-1.07313064581008
34,71,-0.0168808519880395,-0.356574038710362,-0.593706515826121,0.558292185465847
35,71,2.26344171466844,-0.729912291632289,-0.948034615100928,-0.110582255451542
36,71,-0.995020074629571,-0.627168740580591,-1.8608574856897,-0.721752951222197
37,71,-0.883937139784738,0.447128014807558,1.92243526652658,0.5976238285847
38,71,-0.157441663975305,-0.411501219435125,1.24862444233678,0.0634528866464815
39,71,-1.34348360667943,0.2864276785115,1.12230961457905,-0.251822424019785
40,71,0.431501923759569,1.38089311849807,-1.52035018566273,0.544855691067951
41,71,0.435518809817039,1.74944230648786,2.07440142356256,-1.01450900406246
42,71,-0.395429989966462,1.24048911423007,-0.990386173946996,-1.78955572272553
43,71,1.45016651319569,-1.33043837857346,-0.358275841038174,-0.209006113702839
44,71,-0.255171258105514,0.187004685972761,-0.00577202941126161,-0.628483520577935
45,71,1.84123241046533,0.276935262620902,0.738064306416919,0.904670918943522
46,71,-0.0340599067802284,1.36433975689336,0.660383940500773,1.6028960409271
47,71,-0.883580831435514,-2.17993163471594,-0.662074051188177,-0.472984953794875
48,71,2.17045987009273,-2.09567545371077,-1.80312321939872,-0.237506308056038
49,71,0.65233802943032,0.107173422153589,-0.432394576361546,-0.75881729545558
50,71,0.0770785093837947,-0.841802877253452,1.94685340570596,-1.42124853837106
51,71,0.356113704959606,2.02520897895191,-0.455107554934267,0.43800397496251
52,71,-0.463832671865048,1.57633307676507,1.73965496233856,-0.130658149654403
53,71,-0.643697346869784,0.264476665191829,-0.328827712994679,-1.09630537091771
54,71,-0.80698059730286,1.79685614320923,-0.471918955691987,-1.10135861587943
55,71,1.2946061669044,0.4907217076519,-0.691226131220541,-0.782702765867544
56,71,-0.91668046718764,-1.47620027315849,0.738253926233795,0.0648667404882747
57,71,1.09959148796043,0.322680484186485,2.64616290069849,-0.758656810759415
58,71,-2.16993756754758,-0.202268374570561,-1.6819197496228,0.140482934360029
59,71,-0.811159799930047,0.417169548173607,-0.686471838801416,-0.818238905506533
60,71,-1.3275026660953,0.333634394122876,-0.349692148393689,0.317704482866491
61,71,-1.06110502322224,-1.33600502337455,-2.25456582354335,0.342943404253319
62,71,-0.344505592995199,0.238596086634581,1.44844913900343,-0.35802313218804
63,71,-0.786072457549075,-1.55790937826022,-0.0550672550831839,0.564372789557253
64,71,-1.28766413755568,-0.59158578383389,-0.472610359272208,0.0990653758920025
65,71,-0.23503262887062,-0.194002138411067,0.0788139809313298,0.457794539674013
66,71,1.2745483250417,-0.131838704218582,-1.28166331706109,-1.01710680330794
67,71,1.94239033329894,0.166297565849534,0.752949277274376,1.97854993435772
68,71,-1.00362329277848,-0.49998611561871,0.126712755853662,-0.0622176549394208
69,71,0.884442011842492,-1.25286651222249,-0.196539443292137,0.126019218539784
70,71,0.373323760095993,1.7009123528688,-0.936023504897544,0.975159231501305
71,71,-0.0749427491888341,-0.781410130802412,-0.828866961417316,0.26206117536424
72,71,-1.31393349092172,1.19034013987631,2.12735216750082,-1.54497886776723
73,71,-0.816775779364036,0.280084561595984,-0.176756651310902,-0.943325760798935
74,71,0.899355433242058,0.111548246151325,0.630397455894259,-0.194310222150867
75,71,0.327956265943377,-0.8370733462075,0.50603734974084,-0.21224617786332
76,71,-0.43754267896108,-0.719397405692821,1.2698770076214,0.0979895192310899
77,71,0.507619696366425,0.775177806776446,-1.36786965958856,0.0451756745880814
78,71,-0.763505234613746,0.255494936313667,-0.357169258703211,0.103435428193136
79,71,-0.952100039831318,1.39045998255812,0.612363847677793,-0.558402168077013
80,71,-0.147352896389492,1.38564235982154,0.191008581891764,0.788574880645516
81,71,1.15417170528603,0.923194556424143,-0.183885657006304,0.0916882121255946
82,71,0.948721439157521,-0.117471040420241,0.00208656139968673,-1.13356800763947
83,71,1.03163850971371,-0.0126246050628906,0.298100284474961,-1.18673364090369
84,71,1.58558279341183,-1.08867012207383,-3.04559385900617,1.23711736847267
85,71,0.214082036410873,-1.22417304680719,0.873469856579983,-1.12100891914565
86,71,0.415360295724899,-0.08699772315104,-0.857732258890499,-0.301596085907644
87,71,-0.402525212299329,1.66029072216666,-0.693897244308351,-0.110018074302673
88,71,0.180414329574096,-0.676541748600367,-0.866116233008154,1.75989867591554
89,71,-1.01872772198237,-2.05509903240544,-1.39386135684874,0.444856024186654
90,71,-2.0605605154859,1.27201261549013,0.950790194356497,-0.707404259553903
91,71,0.96570841977202,-0.0577004918760105,1.31834161730271,-1.41291415413972
92,71,0.281578564984446,0.339600685424608,-0.107205458321142,0.485891990958733
93,71,0.0821075969654545,-1.00166484332435,-0.135743684903547,-0.307568029855133
94,71,-0.756732074417471,-0.169107735864097,0.192789974515725,-0.243651881648798
95,71,-0.45592270263332,-0.705004906158974,-0.496738808372264,-0.489529858768387
96,71,0.505911745066733,-1.44702996873787,0.512865096473668,-0.302519899312722
97,71,-0.569843927824537,0.921040780464827,-0.619932152817031,-1.04639704476194
98,71,1.093680995153,-1.04203374505513,1.10317967632061,0.145468110169905
99,71,0.934444582446504,0.917691241258518,-0.552590840355524,-0.0797747890378405
100,71,-1.59059754322301,-0.507157572588268,-0.477669182022184,-0.449991850754834
101,71,-0.275310262087012,0.0532631880844357,1.39301093724753,-0.70138752866612
102,71,-0.920067992609385,0.0119623081706901,-0.729669219381263,-0.808723283631238
103,71,0.720213406885008,0.328836783937826,0.319354722126325,-0.463138799271185
104,71,0.991210927229113,-0.233659627721666,-0.421455690500186,-0.235221181452514
105,71,0.796912798320644,-0.321966838918925,0.439490967429206,0.291799901634476
106,71,-0.60018614928991,0.79213753563516,-0.740817936986218,-0.591386063981682
107,71,0.153784672040776,-0.271357778477031,1.34376198803974,1.62226287504526
108,71,-0.0937838825603473,1.68166506353889,0.235430230760226,0.539588540553335
109,71,-0.226223986791589,0.990014751921894,-0.203006879251135,-0.753561317445566
110,71,-0.595155740105306,0.33060848602489,-2.46843021312459,-0.961300911742691
111,71,0.38339999009598,0.209912402845263,0.698166869124626,-0.311062793060225
112,71,-1.06607504605366,0.836744149426597,0.649239986206043,-0.199046092495885
113,71,-0.581154979217829,-1.239584839077,-0.877629186266398,0.361733605827819
114,71,1.2980806371092,0.39702724053415,0.26562879307568,1.24488627074129
115,71,-0.975044608461064,1.53445823437915,1.19352950808174,-0.688399019742836
116,71,-1.61224269889214,-1.79061747556063,1.39939254812863,1.86244740131632
117,71,-0.59617850500765,0.768994443062572,0.63989554145207,-0.515101513980111
118,71,-0.215693993912175,-0.85826476405319,0.0456997920103713,1.20014690417902
119,71,1.0026506087964,0.0612231132752871,-1.30072242819093,-0.695447831532101
120,71,-0.24299438015884,0.561045921556966,-0.990990200508186,0.698008076158186
121,71,0.0415166090666761,0.631404299215175,0.871556775047163,-0.659348826187614
122,71,-0.379131165197273,1.77649877945039,-0.821285396157228,-3.52928996423825
123,71,-0.784796937870889,-0.395521328004925,-1.22659180900929,-2.19106144553726
124,71,-0.838897976950665,1.00302395449624,0.498218423585411,-1.14373632377495
125,71,0.851439700850645,1.35033609514358,-0.394954403537335,1.19029599674583
126,71,0.672749611176401,-0.837229264551053,-0.55327242733778,1.19441193814453
127,71,-0.681327692872657,0.701638940909077,2.11975226976935,0.293573958313746
128,71,0.78997118248928,0.430960279551498,0.478481595870274,1.1898614448527
129,71,1.78281939490502,1.12951007666997,-1.26762820502283,-0.062213787142679
130,71,0.335068914324363,0.0718784611118921,-0.943743618091458,-0.148045075478712
131,71,0.236415349948486,0.681305671151084,0.155072876025686,1.70765343818027
132,71,0.515912665323153,-0.873755303485394,0.122358246746059,-0.933176619306813
133,71,0.98227021282375,-0.612720206654316,-2.54832656133104,-0.554668426975277
134,71,0.0901332002090213,-1.40256310776005,-0.985201462900694,0.373938393254825
135,71,-2.04247605736003,-0.0589702589895469,0.220590315570197,1.08097518175628
136,71,1.76064318452161,-0.0328260863948287,0.853327439365047,-0.127215177511779
137,71,0.182249014657462,0.793969632053177,-0.55764635372743,-1.95589912601043
138,71,-0.605250931909124,0.195282725783983,0.0120626267004907,1.3710176496736
139,71,-0.884641461495991,-0.459397737528295,-1.16469725066825,0.565759414747982
140,71,-0.193382649816908,0.470122065258633,0.70144746334068,-0.132301826734079
141,71,0.0491452739191765,-2.0039943528309,-1.2005778662104,-0.134100007358598
142,71,-1.96619478140298,0.599950573871721,0.24251748308789,-0.39945294249569
143,71,0.139506544730031,0.931333865499449,0.144820982098274,1.02705098139553
144,71,1.18782179511502,0.565533508268793,0.176189676137339,-0.142943400869261
145,71,0.413288015993332,-0.586168663548934,0.56290914704932,0.46550462136
146,71,-1.32367330712566,0.948181677795242,-0.766639927592596,0.709933311161084
147,71,-0.511782222382048,0.179378386440489,0.109963331340688,-1.16421509691214
148,71,-0.859305470605622,-0.594471984138134,-0.610680690715828,-0.285884858225394
149,71,0.211224656154114,-0.0209946772946659,0.653533506055897,0.0390063107143519
150,71,0.109610380532085,0.774720521546043,0.427993997951572,-0.546846324602982
151,71,0.237977297279374,0.26894464399958,-1.44227599335946,1.23570778417874
152,71,-0.133281398250483,-0.67760159194581,-0.38941777698949,0.719639693541653
153,71,0.275047399484139,-0.84474198856101,-0.53559581625679,-0.372439650166362
154,71,0.870074326218292,1.87781705257302,0.554664270591169,-0.400410814164819
155,71,-1.8764409882804,1.63714938481939,0.346122114692337,-0.0443305849401959
156,71,-0.213965402149683,0.0065192984776386,-0.0472826826626525,1.54758783954878
157,71,-2.13400217079401,-0.458189122912784,-0.480040062309595,0.613156763962841
158,71,0.487419201536042,0.799579615956905,0.620076843532245,-0.613318390182834
159,71,-0.0199810231008761,-0.934007689104464,-0.459300868585526,-0.446337214576675
160,71,-1.33096390393584,1.11292744763822,-1.19875103736839,-0.339607721060339
161,71,1.16221944455043,-0.308116714844061,-0.122319453865556,2.38196051034107
162,71,0.458691452619941,-0.180438703956061,1.30057820151345,-0.0616935418127064
163,71,0.13712985982189,-0.0398547491377351,0.832392931598334,2.3063157094655
164,71,-1.62990828329602,-0.98619003728947,-0.944184969055484,-1.00558597482775
165,71,1.01127914311788,0.171582276385718,-0.529360846703517,-0.0841349256632125
166,71,-2.11754913567222,0.523738596950695,-2.05981193884671,0.548493633673141
167,71,-0.806705815103571,-0.830538824244668,1.97898508044275,-0.72597936666969
168,71,-0.823186962102187,-0.893887315718811,1.7506853023393,-0.211773739330272
169,71,0.570344980720002,-0.174562273316163,0.571790206551466,0.0559370545286152
170,71,-0.483555922633554,-0.683939182775836,-1.11429956444256,-0.550744667290075
171,71,-0.714543015855235,0.0132965841779765,0.394666076715468,0.723275074673574
172,71,0.736282486310209,-1.4011666056632,0.367260755058017,-2.24206381619079
173,71,1.12669509846531,1.02142586010509,-0.362284843405117,-0.31140104524078
174,71,0.818264888227399,-0.585827922480181,0.339058928323161,-0.553029983321595
175,71,2.29931316850213,-1.29138297867585,0.0531895313705721,-0.416595513378639
176,71,0.365845409281055,1.09111650008493,-0.572716437680288,-0.744011092391179
177,71,-0.909894732511276,0.900040934698461,0.139547524163119,0.316745145150622
178,71,0.193509922652389,1.55699248990786,-1.37376992124472,-2.18047169279559
179,71,-0.736394701191746,1.29378728245627,0.177534931619491,0.652450476227385
180,71,1.91801105470782,0.610292596192785,-1.04571871852285,-1.80473351762616
181,71,1.3873006244121,-1.48734891517737,1.65747243614971,0.39810136482916
182,71,-1.3644334068654,-1.30777694948921,0.0058645576753058,1.30144912567088
183,71,0.582361900358062,0.399162137229722,0.107198014988753,-0.536879467363379
184,71,1.0505606451123,0.341661668979103,1.98773170756353,-2.02630457438885
185,71,-0.15849189191083,1.67575590748158,0.540180435826957,0.359799487043395
186,71,-0.707165253130653,0.293391782150321,0.230835251792205,0.789938111122017
187,71,-0.616635658779449,0.775865631061275,-0.310977046116743,-0.762704806578615
188,71,-0.3240200238217,1.07093431206235,-1.12969442240613,-0.397021909899294
189,71,2.31169040580177,0.01436700601318,1.72554563379575,-0.183008086733012
190,71,-1.74137161608928,-0.646584056116499,-0.330662054152743,-0.140614608088499
191,71,-0.763611276482305,-1.07762791827707,-0.660543577518033,0.12730944045089
192,71,0.464431256522798,0.170522332343148,0.894553503444138,0.612973509455908
193,71,0.635392131727939,0.246844236144838,0.910599164265537,1.13862965147847
194,71,0.779736879851274,-1.34319858560909,-1.48799789964547,0.434547077662925
195,71,-0.795678182483707,0.273621416780022,0.865068131140294,-0.576277126584023
196,71,0.864870000737817,0.815543732368397,0.0331996823247366,2.14153327099838
197,71,1.895484698663,1.68698599153474,0.282535666166041,-0.208185587940415
198,71,0.0156434776519191,-1.26080292223218,-0.253079105541756,0.584069045266988
199,71,-0.714971059316026,0.976155306489749,-0.529194776055401,1.80517922674552
200,71,-0.369276103065501,-0.052321795097837,-1.26527899432481,0.177222372914761
201,71,1.44115772767806,0.417411829369248,3.47508416696952,0.293843587929516
202,71,0.417142677660016,-1.46404246434932,0.252253035676652,1.62445342889307
203,71,-0.137460500486093,-0.98804340879844,-0.871868392431477,0.00290054995867672
204,71,1.42237032329037,-0.703641681784755,-0.219020798767123,0.231994079137434
205,71,-0.232619464289114,-0.197171260777503,1.93638564468719,0.42774952128698
206,71,1.85567578230463,1.1666884786453,0.287540421625919,1.48925388357737
207,71,1.87607604782711,0.243607920873013,-0.861878293866974,-0.4556962467813
208,71,0.00253885456935342,0.43218721975761,0.812270162306022,-0.487694296975382
209,71,0.978268330642072,-0.208478714457406,-0.618298770710104,0.826164830846525
210,71,1.86943476088092,0.534113128110896,0.379445939633899,0.206479582645332
211,71,1.08121717638481,-0.1585558550684,-1.29014255041452,1.42957982630408
212,71,-0.481221015773902,1.12151893510633,0.517639608327403,-0.213966749358134
213,71,-0.267208569293084,0.65059454911648,0.983091778968545,1.78270453367494
214,71,0.64536884642027,0.369429151244943,-0.172898640366477,-0.0153217655743119
215,71,-0.86963884427785,-1.24168750487879,1.60400147586231,-0.0105991397630229
216,71,-0.0249738527409041,-0.105282698297122,-0.102868379895259,-0.249469459507615
217,71,-1.32169752455657,-1.38675427406542,2.10562561556435,-0.809738889495411
218,71,-0.0681593102185415,2.449876479621,-1.30769725877656,1.39389900618072
219,71,1.25384210806045,-0.577070945965836,0.756471352046988,0.283395494772252
220,71,-1.74958764865972,1.49034043272467,1.63032088214504,-0.949938106032164
221,71,-0.814059308722254,0.569672767482365,0.979810412683992,0.217571057526839
222,71,-0.852010299782005,0.27980403939178,0.787166764912535,-1.67600293114006
223,71,-1.69478472201435,-0.236709132226315,0.897855828925072,1.63737958137782
224,71,0.55869052716972,0.663212992063484,-0.563406228757634,-1.1625764442847
225,71,0.58850579167347,-1.87167227169804,-0.470844435350773,1.70802937658428
226,71,-0.15731990311578,0.321688350505041,0.0549516480764395,-0.612836821081138
227,71,-1.26681821825582,-0.245023677202624,0.0717218414426657,-2.098907515179
228,71,0.611379084237529,-0.426142748209035,-0.64755840725593,1.12342202887013
229,71,1.2545863337135,-0.601903560804007,1.41708011769118,1.897736539944
230,71,-1.21723559284211,-0.201485974264152,-0.547963681932232,1.3843085985763
231,71,0.30994871713367,-0.86149638634771,-0.828925578098145,-0.327265836077076
232,71,-0.776810631435427,-1.00715717973211,1.7484624658498,-0.145417730991114
233,71,-0.357467780095844,0.185615550267785,-1.20066030666635,0.245457233687837
234,71,-1.06752574467571,0.136131147399133,-0.251618760006409,0.721139131351821
235,71,-0.800567013102214,0.99047188769651,0.906743234258443,0.328307223398828
236,71,2.04480147489574,-1.15162697320855,-0.142875742959754,-2.35291410749756
237,71,-0.806222739693687,-0.769484731869912,0.0786179953492831,1.55560864799125
238,71,0.771054525411811,0.573172397326906,-1.29588720455924,-0.452440291601564
239,71,-0.819457145956342,1.65207593232989,0.0371916239653385,-1.11054215185318
240,71,0.0548429284272832,-0.64558721591637,0.039946597662341,-0.925054739558617
241,71,0.408663892486331,-0.784146578837007,-0.790713420629878,-1.0382531963226
242,71,-0.749244087141391,-0.495312407553801,1.38116671219788,0.251360499505738
243,71,0.730635355719951,-1.50109049259418,0.667376656816755,1.55052898677925
244,71,1.27987858574966,-0.135715585492109,0.241453343634883,1.02612988175185
245,71,-0.786001303632521,0.904551343291003,0.700398174151045,0.475657516175365
246,71,2.00357062901839,-0.0430297093992659,0.0572564154361184,-0.723365542240404
247,71,-0.131132145560682,-1.13009287729383,0.0116458485031437,2.07608287514047
248,71,-0.365968557798729,-1.18302075640714,-0.370918378454182,-1.02115278229968
249,71,-0.31657749769481,2.08776451944082,0.808950351003519,1.73353652367858
250,71,-0.655183831896314,-0.469403571320292,-1.82541312578545,-1.25886246205685
251,71,-3.16401989813839,0.880886672755763,0.865784805686533,-0.158171337070446
252,71,1.19142657301552,-0.344675389462735,0.00357202257313006,0.0696906104782938
253,71,-0.628894667265181,-0.865851626551632,-4.07551415789839,0.64495571091972
254,71,-0.212199659899839,1.31791695743777,0.163148292987007,-0.509595869663002
255,71,1.87907037705168,-0.42521355249739,0.553634243695687,0.105012403352284
256,71,-1.59713437125705,-0.736536709074859,1.60674749181899,-0.0894916920611883
257,71,-0.975384560368366,-0.957112493955865,-0.422906766664104,0.142709086706491
258,71,1.51161367631639,0.399035308586688,-0.806173448273993,-0.307074835065663
259,71,1.52545917085221,-1.13566060603718,0.270756515067979,0.245662497513374
260,71,0.355713347354832,0.00460294865134121,1.78234200950854,-1.58777414270833
261,71,0.387045650182821,-1.6321937701835,-0.17254385645673,0.787242227036417
262,71,0.457799578266081,0.414504619473934,0.117893633259646,-0.887642099442558
263,71,-1.16209479417234,0.699453969559313,-0.0460067219392389,-1.37823604467578
264,71,0.998893667699089,-0.797669447187358,-0.768881031708266,0.766409866773868
265,71,0.61626900468388,-1.75831728005953,-1.44156447235457,0.13475476334336
266,71,0.415692797388775,0.202253310460435,1.43191657114205,0.0979900591210999
267,71,0.560318438481751,0.184612633719813,-0.830515794678997,1.18499362777522
268,71,-2.3323575387007,0.149523304593017,0.46894662822528,-1.31165084463881
269,71,0.697495714961818,-0.342885685272492,-0.783245533447684,-0.690950983481866
270,71,-0.46931215737693,1.07982587612273,-0.245467887871019,-0.0750093204293342
271,71,-0.355159474008734,0.589327782936377,-0.00355518755112866,-0.31476703187251
272,71,-1.3899471619865,1.27072668003399,0.559084473938843,-0.290434695204585
273,71,-0.816934577337648,0.58910044932748,0.304167841121383,-0.126866477185672
274,71,-1.3216309453468,-1.44907743595979,0.846693468307131,-2.97133754210087
275,71,-0.274045492642211,0.0653563830130536,0.387847501740716,1.02662688146925
276,71,0.308158364074028,0.1898536702658,0.840239555580823,-0.55309478144329
277,71,0.778456050241709,-1.30027355228111,0.151247896593226,1.0584025916209
278,71,1.81460095606345,-0.101003485974602,-0.00537456332171043,0.942409051063893
279,71,-0.308146749912984,-0.148810313683332,-1.11671329583412,-0.986700350302715
280,71,1.11174689025297,-0.207835367033741,-0.0224617431227773,-0.510416847110969
281,71,0.116568168117627,1.09780957836441,-0.217663931114003,0.768551900878698
282,71,-1.36613121829932,-0.161932110990169,-1.90621411692166,0.909627338745452
283,71,-1.46933547006467,0.260568484828591,0.521708207523138,0.364036562355088
284,71,-0.317406164949317,-0.449111172433144,1.75996493488336,0.129574579182207
285,71,0.0437324455111858,-0.0866609097374557,0.764176707133699,1.31887827523369
286,71,0.902492922954121,0.0155311521729122,1.67530578469162,0.0458074726139941
287,71,0.419903723692331,-1.38065777568544,0.893865584535438,-0.499531904968439
288,71,-1.48310759384186,-0.433284698019178,-1.14155007605895,-1.38156233494033
289,71,-0.417571020530367,1.62690167740852,0.217329568004371,-0.198418225662621
290,71,0.35630826264054,0.406029286946531,0.611419459563576,-1.34013599046719
291,71,-0.951796278679655,1.57999799912927,-0.25899727582331,0.201980161841589
292,71,-1.28427666340287,-0.312039402124816,2.33890053781818,-0.43881730556019
293,71,0.316113092174976,-0.0454971594658806,-0.382050351542564,0.700739193731567
294,71,0.680081862657981,-1.55086198776612,-1.06941723142579,1.51583848579735
295,71,1.54112485790105,0.878589216368921,1.46130257068662,-1.76748126096184
296,71,-0.415769916259377,1.9275005083264,-0.154681772956111,2.23872006740913
297,71,0.0270763717266843,-0.385155852844241,-0.564987569786027,0.638927850744925
298,71,0.330613389339483,-1.99839141770218,-1.14894391230289,-0.906460377579408
299,71,0.852008893479425,-0.705279089820285,-0.950800382295902,-0.577522359967009
300,71,-1.84423303961032,-0.35065931861905,0.211547250126699,-0.818767593769652
301,71,-0.383150583569577,2.0272652311826,1.59836717719107,0.275556447704103
302,71,1.67137315650789,-1.36154240388722,-0.988642149691921,1.43132273425098
303,71,-1.50838050489501,0.534636282057955,-0.0359327780646124,-0.552576326802932
304,71,-0.164272751596809,0.571316507360401,1.07467519981881,-0.188589719019772
305,71,0.822833403407925,0.865504856661836,0.11322940902889,0.666241016627188
306,71,1.03421811686828,1.35009722301953,0.609818217467393,-1.53020755548333
307,71,-0.004264186811379,0.858013304501831,-1.31991568881531,0.889588823608839
308,71,-0.761796884338835,-0.0966627726981233,0.288283460644717,0.182270292556433
309,71,-2.10967092625248,0.297850180132679,-0.206443340783295,0.176375011623635
310,71,0.00278263054002073,-1.03890037304189,0.196906820142504,0.688756220519494
311,71,-2.67788543303173,0.499184843893079,1.30738379286476,-0.569596586372473
312,71,0.626018706442413,-1.6390020086979,0.00881780623910311,-0.75774195607293
313,71,-2.38576929638352,0.0765601501916472,-0.131702219694672,1.00879287271015
314,71,-0.248299335173028,-0.402401401262934,-1.44848752499062,1.18271398420769
315,71,0.56417619502859,0.495708858144412,-0.684670970900193,-1.11951922622933
316,71,-0.394808017477167,0.579336663754349,-0.0462593921271272,0.822589442004402
317,71,0.338830078862305,0.402441367981198,0.234683360761486,0.528126299312021
318,71,0.753089344710352,0.358196841046493,1.7359540817687,-0.636042643812046
319,71,0.0474757661877313,-0.896545784932225,-2.39761376110709,-0.352891251851555
320,71,-2.81248321116748,-0.383986449797277,-1.33211821666088,2.76453002925343
321,71,-0.660402196569111,-0.893748772431628,0.469291181099693,0.545370426587892
322,71,1.69177894855554,0.759175669735896,0.0167103260488661,0.0781530016591324
323,71,0.601388723508379,0.572513666293673,-0.20980893814648,0.0915851901813394
324,71,0.553885045185593,-0.386977038754408,-0.672529069498971,-0.421885327885303
325,71,1.71115769315372,0.0343985569911188,-1.02953313496189,-1.21962445776225
326,71,-0.28186965121545,-0.754622351494431,-0.554579112507827,-0.770987432713296
327,71,-0.0303202455002984,-0.24570038624909,-0.798827202541777,-0.459868197604596
328,71,-0.548604774887128,-1.6408701582317,-0.984870992407782,-0.976288315197585
329,71,-0.31590178947038,1.22527522294988,1.55063372492906,-1.6886496411395
330,71,-0.472387652254952,1.65689428335208,-0.557823468449268,-0.500668392074474
331,71,0.890809714282151,-0.22195404717477,-0.737902871912332,-1.08503841592816
332,71,0.844283178393928,1.4134117476574,0.238454251643551,-0.593222533303875
333,71,-0.392742567070243,1.61117610336829,0.208183712202893,-0.329459989720047
334,71,1.95543802218114,1.391213303421,-0.0647012783112768,1.04793262296973
335,71,-0.845478366787342,-0.962092891170466,-1.03487884403672,0.0521792228471683
336,71,0.854375391535621,1.11209608552486,1.38119540923645,0.0684531222366478
337,71,2.19232593714363,-0.757741877249989,-0.679241243558516,-0.211323696668698
338,71,0.667517276156025,0.236782622250678,0.844247323340605,1.11685824259631
339,71,-0.649131406511934,0.67689185857636,-0.655312663550578,2.48115943903596
340,71,-1.81399913934454,1.4714297478143,0.448679384202937,1.80891914557752
341,71,-1.9356330181784,0.63292704863004,0.158057308460278,-0.989600017251777
342,71,-0.923252944436021,-0.704667128798892,-0.425416420429014,-0.130990807979279
343,71,-0.480725758661825,1.07206291321622,0.84848879076891,-0.570273261687218
344,71,0.48742222548924,0.556271457593846,-0.195419687407996,-1.88939209118114
345,71,-0.0492916542387262,-1.20133164657473,-0.310458860747052,-0.948821075442151
346,71,-0.446511506630022,-0.853683355915722,0.583118210731471,1.44433423112147
347,71,-0.00448818748428563,0.662286276677849,0.420719185082161,-0.413077310145151
348,71,-0.79416209767579,1.20664592111494,1.08145867012005,-0.297640812040116
349,71,-1.14350904866488,0.330541321233015,-0.00168718871800469,-0.631262640674511
350,71,-0.110053630548035,-1.77057289047344,-0.964930905203587,-0.080353838194328
351,71,0.390097202108028,-0.639040534318098,-0.161190032208746,1.33591778655834
352,71,1.93227793390459,0.353661100308605,-0.626808516615596,-0.565489514625955
353,71,1.12026964186153,-0.13717754832116,0.746438018207585,1.31031477712192
354,71,0.880846003346081,-0.103405861418004,-0.749060147966913,3.70250117155513
355,71,1.25987547294465,-1.42192009359007,-0.714404309643672,-1.15553319163148
356,71,-0.947807329692377,-1.69545769843308,0.560951733927764,0.144708459594856
357,71,1.06195761404472,-0.0257414993626145,0.0243123715924213,0.0931636038445846
358,71,-2.24859842666944,-0.575584869269529,-0.781518153267255,0.335902804028822
359,71,0.446943350492358,0.00698304365513527,-0.997394516573355,-0.909722634984861
360,71,0.101983081784747,-0.614534528605528,0.275109428307792,0.738048060812452
361,71,-0.0509813386995119,0.0524110410775058,-0.219925035867912,0.92232365462146
362,71,-0.186310198300829,2.51922994966393,-1.27216963591209,0.766596685997133
363,71,0.493415253532466,-1.3752201970421,0.021696530310241,0.180310970577732
364,71,-1.33905954946575,-1.46749190169736,0.550436102180591,-0.533791488168139
365,71,1.63530722580464,-2.16545187526299,2.96681657415459,0.12255827025155
366,71,-0.820717462626411,-0.459218676090121,0.473380025802935,-0.262863046611033
367,71,-0.613989389019964,0.613836187923323,-1.84906842542345,1.2226154134426
368,71,-0.761731080976846,0.768599989340064,0.527516189629612,-0.241770114830912
369,71,-0.510125001281174,-0.114807589780209,0.652619380342076,0.108725964364947
370,71,1.18855271999909,-0.368714969142878,-0.0670074294306118,0.850832508245666
371,71,-1.3915456165505,-0.644620891949511,0.459674473068229,0.71155878500011
372,71,0.205510219882777,0.203815570908967,-0.692159009242883,0.635356605416725
373,71,-0.0716835137811327,0.751033571697038,0.607602529336604,-0.308230278155463
374,71,-1.85422035142321,0.0177055328292252,0.0910751969673963,1.00200578961729
375,71,1.49368530349736,-0.747272786823821,0.270768076191249,-0.163830973278898
376,71,-0.416742166044844,0.695502934337199,-1.19613467390177,-0.702821679487445
377,71,-0.392061766893567,0.489692647567897,0.894197506473538,1.94030475537575
378,71,-0.279263077618644,-1.14432453533052,1.12847216981464,-0.265127974441765
379,71,0.0394264580007404,0.202172716697322,0.863101025003334,-1.49395592968402
380,71,0.81948831081332,-0.0196504899142595,0.279539903212522,-0.484166537286547
381,71,-0.406761140811633,-1.24845158718937,-1.64225206959754,-0.627316035726167
382,71,-1.86010818180768,-0.598566138219699,-1.03682514610694,0.979460089249997
383,71,0.564106989952009,-0.242653777523141,1.92126228752458,-2.37282433674465
384,71,0.650625420447306,1.17587721927365,0.848521204394955,-0.522639669053224
385,71,-0.26639060726187,-0.574387351139584,-2.85308620364538,1.58213563346799
386,71,0.0868389996737148,1.06977896869443,0.421838125240663,-0.560179354547495
387,71,0.989072241038964,1.24701164183232,-0.80633890217484,-0.481953557015709
388,71,0.350503245288349,1.44862922490802,-0.571398910550481,0.484590767376331
389,71,2.82581773031316,-0.502222702177407,-1.67964755498991,0.392713036447068
390,71,0.758454695839678,-0.811039531032645,0.00872730320807354,-1.53404064859547
391,71,0.174092930300495,0.0739352036706305,-1.71364548119115,-0.518479312052883
392,71,0.577359671674006,1.18261830459154,-0.516585234920517,0.118134179460808
393,71,0.982359682860926,-0.541600261610094,-2.02616927160355,1.06014462909955
394,71,-0.604770644587811,0.215157135059138,-1.33454091635918,-0.294185616962416
395,71,0.503235394301263,1.46235571168073,0.448199177420684,0.554397235267733
396,71,0.563953007074723,0.0532411639043676,0.963569876555483,-0.620226346050663
397,71,0.566873673627915,-0.201940366937134,-0.7367122617853,-0.903747144430424
398,71,-0.362710665838418,-0.666525099153017,-0.0903559351391404,0.617709978581843
399,71,-1.62330967312025,-2.26177199721748,0.27525370228653,0.220680724153189
400,71,-0.610056925526058,0.031889851372162,0.928054213535667,0.683911154724292
401,71,1.13640428333681,1.09925590875654,-0.476184942927162,1.24271610377711
402,71,1.56648515955555,0.133306718171727,1.02093369943127,0.0627315943742115
403,71,-0.655217254062076,-0.481488500979128,0.735676977827387,0.300895358430342
404,71,-1.63289727121756,0.48415493792024,0.112757514012021,1.24322179461824
405,71,-0.81840907742591,0.735725389360428,1.02240200909074,-0.692314726281193
406,71,-0.574908355665974,-0.0394062806355258,-1.22533733292693,1.06776626071972
407,71,-0.856233136783126,0.0353393399307501,-1.57425808297698,-0.446386113843353
408,71,0.811275544396704,-0.277755768079037,0.269672157214859,-1.74134642851736
409,71,-0.504688296509778,-0.672638356883907,-1.32203325285668,0.124449705820438
410,71,-0.656375540916945,0.104781135488741,1.32950457743526,-0.291533948037566
411,71,-0.416051019081192,-1.07520846717745,-0.348493107388803,-0.0550234482751693
412,71,-1.92016798358067,0.123662274875985,-3.02586438109552,-0.156801090094117
413,71,0.111883104141141,0.51999191533675,1.37505064018341,-0.776586904633289
414,71,-1.00117100626003,-0.958391034368076,1.14791106148974,0.782594934248024
415,71,-0.162566550813407,-1.0633158670174,0.326673257790293,0.733994825634446
416,71,-1.90170357605561,0.0727033869095583,-1.16384528600909,1.53609282544329
417,71,-0.237417876572528,-0.436484787941427,-1.05968436793276,0.716495383241565
418,71,0.185470512907012,-0.192340282669573,-1.12424402768059,1.04915423004074
419,71,1.15014843955758,-0.703683730896304,0.963814423268851,0.655655682361864
420,71,-0.735879176915321,-0.301683933218814,1.70569221906772,0.555528347172258
421,71,0.71662379725162,-1.80387311135077,-1.29338891251466,0.453496189316894
422,71,-1.39533948473988,1.20054044750921,-2.94015386645577,-0.745023758256657
423,71,1.1403026873703,-1.41427105170616,0.330445756757274,-1.16543597162672
424,71,0.253083532478869,1.40600866320664,0.659147318086322,0.783276128570267
425,71,-0.560493789823857,-1.1158927373514,1.01237148904358,-0.422426950601736
426,71,1.30654377295569,-0.947026148384254,1.81880996302272,1.155943711654
427,71,-0.95022202197999,-1.45256434745744,-0.831499614080193,1.55019290595481
428,71,0.797821903371962,0.333233881589162,-0.50252547325209,0.985743769531123
429,71,-0.504471645020672,-0.830356056169926,1.05504590337651,0.830024454348693
430,71,0.42871660091998,1.24079028634546,-0.674705893309158,-1.27732833735805
431,71,0.823784499871307,0.406961995471616,1.76802169448081,-0.190250227691093
432,71,0.540561897778743,1.23544916591024,-0.881356248048116,0.861723855516311
433,71,0.00609094430267336,0.29058684981875,0.909229924098118,-2.2318966880269
434,71,0.872336070967059,-1.83670450958545,0.258637972898672,-0.260289063166202
435,71,-0.158841746005582,0.171098838280403,-0.802270019803648,0.0597257675121192
436,71,0.684381855450255,0.877777168474275,0.408522344879851,0.0896737055153378
437,71,0.0333805636901534,-1.41877787335577,-0.660073317327288,-0.0592016868842302
438,71,0.198453855481794,-1.44824076282189,3.35296359174313,0.290947051518432
439,71,-1.69689603647434,1.20229124728919,-0.840573235099289,1.44765632002818
440,71,0.935518884152589,-1.60701198065817,0.0798358074638194,1.34360170746328
441,71,0.0487253424397184,1.08974391503529,-0.143292285395069,1.84134214640818
442,71,-0.103209768917996,-1.29119967483381,-0.314838722103727,2.1105324573097
443,71,0.809063004226285,-0.242788965735777,0.49466703198027,0.0873108286548564
444,71,-0.236115853400985,-0.607756371177632,-1.49293723077501,0.20758725346685
445,71,0.28752870638228,-0.879472183816306,0.282486596840304,0.433761780589227
446,71,0.566662689317825,0.531712247044628,0.681092175602638,-0.935066037475944
447,71,-0.36575550554142,-0.166303797368567,0.292396750183321,0.133955579096541
448,71,1.6812251744386,-1.29118200741865,-0.0589243806489214,0.160350445052804
449,71,-0.931601581654008,-0.251877727116497,-0.942025020362574,1.69091042427071
450,71,1.57346407808783,0.505659261952452,-0.16766518061405,0.972867314278765
451,71,1.17790636602922,1.44016229599974,0.652035263595425,-1.62580796745689
452,71,0.23761668673148,-0.767998481633447,-0.706471062308319,0.742148920098377
453,71,0.0739742282609583,-0.0353151463901204,1.06000781813572,0.161501055706669
454,71,0.964355393632842,1.19634014858547,0.558641775867991,-0.872433304351104
455,71,-1.51697105864677,0.702780170512072,1.07375847200115,-1.36803135358344
456,71,-0.536615210845702,1.35841062771267,-0.646078755987994,-0.995117529242695
457,71,-0.0781911576927238,-0.710715669851114,-0.0188171368924029,0.445832007056344
458,71,0.318285106417168,-0.630659529402221,-1.19202194135254,0.567825193822967
459,71,0.246842313434605,-0.566763496532274,0.144997568323233,-1.21463611619257
460,71,2.17714385121329,-0.999893442427982,0.0599763661973006,2.91856833737798
461,71,-0.495203758973981,0.884860856700696,-0.0587854948340469,1.26823195955884
462,71,0.261675794124911,-0.355527784160789,-0.817130905609392,0.361774955099227
463,71,-0.586282842171889,0.392748876361089,-0.0873634361126247,-1.57415237011355
464,71,0.508302941114204,0.0298522416394193,-0.881551290577043,0.743140396397858
465,71,1.85816808985942,-1.30104648778535,-2.77898306626191,-0.688762404678737
466,71,1.88508948020531,3.36167211509071,0.422706991908211,0.838823256666142
467,71,-0.446115183869598,-1.19038390709018,1.29837962940439,0.59386909226598
468,71,-0.995497737555994,-0.171609911574621,-1.41688624808376,-0.26935355585811
469,71,-0.0205709762252484,-0.0365414710435406,-0.663480531568165,-0.722876991763365
470,71,-0.864218768498456,-0.601460043222908,0.135414762615713,-0.379672629861969
471,71,0.410524908324836,-0.261958589540813,0.843687845136855,-0.823210530712673
472,71,-0.374653836822689,-0.766246247252733,0.794154169332958,1.12631247716518
473,71,-0.183105896168559,1.68474597720437,-0.964398918418107,-0.808793721939218
474,71,-1.7547095583417,-1.80875715163549,-0.579337176741147,1.7425763675053
475,71,0.831197049436596,-0.836496660048402,3.04063173566896,-0.214284951668933
476,71,-0.600676976285081,0.155927030948866,0.795031678128783,2.10217859738664
477,71,-0.108403036413484,0.691183175790367,-1.24675701127739,-0.680489380456656
478,71,-1.82241827997436,0.484722646402344,-0.756691780262914,-1.01805289365532
479,71,-0.82480627731306,0.0041722296070762,-0.083313043806164,0.526010132699059
480,71,-1.6145768129788,-0.590385706501051,-1.11553210916611,1.93372396497249
481,71,0.376834263343087,-0.708503439875726,-0.153011089990111,1.2850737412228
482,71,-0.862239839722392,0.940641698853925,0.378009684702334,0.419304957750947
483,71,-1.50661900549971,0.652652889844284,0.197397006129989,1.05050380905368
484,71,-0.0778099408706575,-0.421817021720538,-2.04954423521979,-0.315376025739911
485,71,-0.826083179217804,-0.287208341770932,0.564607361213943,-1.03629416250604
486,71,0.0254744116867289,1.39178308250167,-0.347084943637372,0.148648777883187
487,71,0.0553321883003584,-0.457036431049876,0.508688894749416,3.11493609721226
488,71,1.81937423731512,-0.258361030951252,-0.220205520731935,0.600240576544241
489,71,-0.251596979533073,-0.141684601621502,0.873350761018705,-1.53239676789582
490,71,0.630896520232635,-0.412667026013905,0.808065188042858,-0.504686793462548
491,71,1.29528908998936,-1.15624231430354,2.04576493792186,0.169746302429382
492,71,-0.186135699089302,0.966456482725467,0.740416710315873,0.136479312570832
493,71,-0.460977238493225,-0.180613077461368,1.56152471834563,-0.179674007759673
494,71,0.164217714612374,1.04502624020765,-1.02480534846705,0.293240497450793
495,71,0.568044448270491,0.460771024346506,-1.69454447836806,0.415983980980752
496,71,-0.876196306404553,0.292876720559397,1.30321679252622,-0.756700454070315
497,71,-1.56956680785108,-0.775344287231339,-0.654443542630806,-0.686232250129816
498,71,-0.0496710358161888,-2.1216145046912,1.33271360415853,-1.37532224383443
499,71,-0.776682276279535,0.0335170739968522,-0.0945717130192752,1.14739316085466
500,71,1.05617492135463,0.516925957488573,-0.631877953977479,-1.77049859331038
1,72,-0.388411901701055,0.696279381278281,-0.183389544369915,0.852792433221199
2,72,-1.96364897811925,-0.344782669290607,-1.03587698341508,0.914581423110915
3,72,-1.16996935549885,1.42816843416826,-0.269068597268603,0.534787532656063
4,72,1.13571008252061,0.0515013575062122,0.550352270908161,-0.622699529593189
5,72,-1.44083834179889,-0.380346187885846,-2.37773321911525,1.5669660423484
6,72,-0.29026853538577,-1.26818799135262,0.901899841366257,1.07929194676643
7,72,-0.212582431179379,0.686219734590515,-0.248518530552183,1.13367030709045
8,72,-0.0680358047309598,0.0974111301204599,-0.45472812089021,-0.958915785939052
9,72,0.600310159632705,-1.76138456118929,0.585860332179702,-1.32845525846241
10,72,1.12343860145608,-0.233286874471264,-0.022519081817106,0.274890707498008
11,72,-1.19627395773335,-0.11742572688446,0.863211255493958,0.868507039947254
12,72,1.19644499042279,-0.477312208122794,-0.498400744598521,0.916918334942
13,72,1.6280080665158,-0.435153624546301,-0.453325319737583,1.47450905455393
14,72,-0.296898894264615,-0.389162739205548,-0.0334681524944997,-0.630884828552087
15,72,-1.29376421407153,-1.04639865033663,1.00746508318126,-0.488235377819851
16,72,0.430104871279965,-0.96306871059515,-0.401930643977143,-0.495775746345925
17,72,-0.694510313168875,0.835250964484988,0.63922336304839,-0.26483178913647
18,72,-0.423913739365131,-0.229977191151436,-1.80215090400987,-1.17659650076961
19,72,0.560620080826748,0.686550991743554,0.517187960221912,-0.214526324393856
20,72,1.12949195120951,-0.197685431847932,1.3298738357193,0.464160912830237
21,72,0.431201116712884,1.34951343423322,2.05267031994813,0.194769934127406
22,72,-1.87837544429605,0.246217810481451,-0.228525963335335,-0.551595194461605
23,72,-0.369089640023765,-0.372719086031217,1.88918133565884,1.10448488379939
24,72,-1.17083354606652,0.148128959067752,0.882600075849414,1.41030484107601
25,72,-0.973591732864963,-3.20361070409657,1.99991733961497,1.43094577102105
26,72,-1.27227596650617,-1.64156209695576,-0.967630744354743,0.899674521645264
27,72,-1.57598879106966,0.224262174863328,-0.648451765994158,-0.819569008479096
28,72,-0.242659715166677,0.786327487499003,0.147769311477398,0.886193035109946
29,72,-1.17425826383613,0.965312547016935,-1.14550243207009,0.866658546450675
30,72,-0.38787313425411,0.439363577610712,0.488764230332315,-0.137105059373607
31,72,-0.354129049551276,0.456067273566692,-2.02559480260016,1.90008316988819
32,72,1.81003294436874,1.25538430480567,0.171487656602209,0.532572663624779
33,72,0.467618805650652,-1.34768709802083,1.83372235181904,-0.802270699165209
34,72,1.32710612919395,-0.0166921219301752,-0.243299738503913,-1.31869654939098
35,72,0.687606497749619,-0.702282763726651,-1.09103607814813,-0.252956269227931
36,72,-0.162044276356272,-0.262462151975656,0.134677784150387,-0.932204972630764
37,72,0.526798866785431,-1.862288645326,-0.736324148238927,1.47233557605652
38,72,-0.976817387991776,-1.9957416717049,0.356061014913628,-0.318303052511079
39,72,0.159073093311336,-0.145499922975736,-0.87316720344783,-0.666817193229421
40,72,-0.698635451229237,0.380296747181469,0.535452839000775,-2.32536868072925
41,72,-1.27466688282183,-0.856115233844033,-0.751258129283424,-0.635237291135831
42,72,0.305319608282021,0.596359048456692,-2.25288043258525,0.764744832322169
43,72,0.587465331925706,0.0962083640193061,0.128602014844776,1.03918183556883
44,72,0.857295336267068,-0.853275982701549,0.24119906960004,0.520649035034965
45,72,-1.18301005413266,0.532146870986155,0.0775150883708888,-0.786433729655083
46,72,-0.812974508616272,-0.767272629468379,0.618044203756478,-0.359253600845731
47,72,-1.28772572771291,-0.0167528145615693,2.37485582361967,3.13717598836526
48,72,1.13613635806876,-1.68174578796695,1.24188843397602,0.273348759714765
49,72,-0.200111543249827,1.1253770977998,0.11230868104528,-0.404793199209471
50,72,0.856153465303364,1.16163334747412,-0.519016540858528,0.286469806948122
51,72,-0.710767442186488,1.49858298883637,0.215289168971424,-0.0394802107601434
52,72,0.939861329769271,1.00023783925315,0.276293373469323,-0.320227591431312
53,72,0.253796231586026,-3.79475018878949,0.587337240424966,0.705475214256527
54,72,-0.0242358454496933,-0.027527932852489,-0.513730613901949,0.248303592513761
55,72,1.79096054035949,1.02493800920355,0.618154431311119,-0.22226569753612
56,72,1.68454773972721,0.378358316636933,0.234895309214846,0.857854903041562
57,72,-1.07191278329666,0.943672573753658,0.138956287699502,0.514047439401822
58,72,-1.35732742620416,0.857419484661995,1.34270310078557,-0.0545136059930239
59,72,-0.912269645886048,-1.46862424974345,0.118213363349419,-1.25704818778441
60,72,0.416926720885012,0.623686748873716,-0.463205537115947,0.952220515050284
61,72,-0.334516303490555,0.442464515659635,0.696050660718691,0.234947824214165
62,72,0.449689187824845,0.104709467632823,-0.630790068442837,-0.052233373951365
63,72,0.271484287388752,1.02743727312485,-1.15708863680573,0.19508468801097
64,72,1.67000358500718,1.30388842393289,0.535788360028089,-1.77165749479207
65,72,-1.21351082310622,-1.24150409077715,0.605046982408887,0.49797705665879
66,72,-1.95534248815705,1.55008185087981,-1.41867099898649,1.3077486083904
67,72,-0.832355870574667,-0.953796688034405,-1.0209561923099,1.60107855398594
68,72,-1.04926330848206,1.12047316639264,-0.0973557534013536,-0.542809316538625
69,72,0.568246227911944,-0.579915739508765,-0.313424438277312,0.0361256148105343
70,72,0.610688547724195,0.551028358951178,-0.239976010565834,-1.58905102010279
71,72,0.546289112785219,-0.895698899753501,-0.386224274530107,-0.196202174216635
72,72,-0.970346177697283,1.23840031565654,-3.0368889126558,-0.655515934416554
73,72,1.21739471979855,-1.37563769437202,1.19966321369413,0.928098883369587
74,72,0.645898224619517,-0.0864556577007959,-1.26831115005417,1.83379828047231
75,72,-0.641188524620223,-0.19887650298112,-0.0885109329015433,0.267209728213919
76,72,-0.0462421464809601,2.25375643423447,-0.125550181171064,-0.417943964153491
77,72,0.967192508716305,-0.470750999808769,0.304119938043743,-0.606395528427488
78,72,0.894618845519055,-0.412345042609914,-1.51504473379102,0.0193494389467845
79,72,0.163957979863869,0.600199051651567,0.0455139130426171,0.856860463828222
80,72,0.0698324228786457,0.743707545535151,-0.0172590998747274,2.15247743656455
81,72,-0.402004773548945,-0.322880812990579,1.1962433013729,-0.262076152660953
82,72,0.503550520603604,-1.93728616692029,-0.0509022494798358,-0.727102548341257
83,72,-0.142530167999902,-1.52245684639873,-0.342172845004605,-0.959217957358443
84,72,-0.921103890491047,-1.38107008505153,-0.212648076604905,0.63789191323134
85,72,1.91707177298821,0.949255403659433,-2.06460346865911,-1.46494783455885
86,72,1.38468139244767,-1.34206185069484,1.3130680592113,0.461022092086749
87,72,-0.41867309239832,1.01322610442383,1.23900331902927,-0.875741044032736
88,72,-1.20903105561891,1.337730810744,0.651753035407738,1.17207933785129
89,72,1.24559512479108,-0.16555812194511,0.715624321220614,-1.0984082516125
90,72,-0.300204965808694,1.17516381186224,-0.712058550868372,-0.710260877255614
91,72,0.160621665418123,0.216059795833297,0.504266778706247,-1.29850572719243
92,72,0.419967954297652,-0.815513708050062,0.872436442991534,0.354735521986595
93,72,1.04178710248799,-0.322747625305997,0.771024171447762,-0.174552756165926
94,72,-0.119336800294549,1.24658841526537,0.0533517755992232,0.622247983619375
95,72,1.31120843496032,-0.177321573070996,0.0777768748492716,0.613907445300146
96,72,2.05230876222074,-1.04220781718369,-0.942020533676084,-0.496893899281762
97,72,0.730854424418646,-0.453212156803426,-0.0555319770567964,-0.29658850654526
98,72,0.278297912608902,-0.521481810082999,-1.6221315438305,0.620807369525316
99,72,-0.828009513324222,-0.717927273158901,0.222836669391042,1.10317946863303
100,72,-0.0350605912017639,-0.349629365729214,-0.779417232306736,-1.13609888177372
101,72,-0.610721037599356,0.426400732277835,-0.488615983563042,-0.176672631042531
102,72,-0.516154097568004,-0.257769669548439,1.19189343947929,-0.763725619364955
103,72,-0.924441575495709,0.915987380542547,0.33906842180158,1.15389379526194
104,72,0.0666682785831978,-1.01138726536687,0.152628084156675,-0.781846618482969
105,72,-1.62398034734757,1.17497625999603,-1.22460894252138,-2.47889269891865
106,72,0.428771480732235,1.78321218022838,-0.331573163299217,-1.23408099440769
107,72,0.792696813823081,0.450686008721326,-1.29898519666183,1.26138497385135
108,72,-1.62449871622968,-1.7077153817211,-1.00129686387231,1.58846125761057
109,72,0.520131812417939,-0.646757241374773,0.283088503264242,-0.872571026317165
110,72,0.268053776226443,-1.61834609933214,0.000215922981544886,1.16735077770735
111,72,1.5279239976993,-0.359420521066477,2.46342601280331,0.191588441030985
112,72,1.92175502261456,0.805999207242831,0.110750270145483,0.200313376974185
113,72,-0.873953407244169,-1.14871571900179,-2.95838253948483,0.71220550505863
114,72,-0.676246611939276,-1.06574767779417,-1.46051726668203,-0.441452467759943
115,72,0.198489156462387,-0.162254563819459,0.361804207030665,-0.413574325282654
116,72,0.459092404404722,0.679689654372187,0.267872004558404,1.94023554014087
117,72,1.86786456701795,0.573789791353768,0.907225908883383,0.253371304854743
118,72,0.640266616079438,-1.00860828093247,0.162917866851737,2.06410481907167
119,72,0.642720706904242,0.0349313929475622,-0.801216546405054,-0.484074449176408
120,72,1.00179006642678,0.644069019416674,0.658592993437573,0.224922149492538
121,72,-0.615337466355903,-0.159210360794338,1.39407307340516,0.61095013678042
122,72,-0.884838461459364,-0.115889784069499,0.451433988281783,-0.726483210697847
123,72,-0.274261172518712,-0.00901054098364072,-0.924648429681123,-0.610574169959087
124,72,-0.698200296139097,2.54092368338794,0.419157313490203,-0.336042770358945
125,72,-0.325723739326572,0.0376191189995544,-0.554336162898281,0.367247079587669
126,72,1.16735633612018,-0.492022373833594,-0.853460788942088,1.58049334430545
127,72,-0.410517246657248,0.0285144902838783,1.16053698622121,-0.0633372211337667
128,72,-0.136395339670668,-0.312125488053649,-0.472469484762709,0.861941689718108
129,72,-1.88991151236437,0.983393628149502,1.61591647959254,-0.128106434902
130,72,-1.73301808478668,0.183372372355771,-0.0974625236520995,0.395847579931769
131,72,-0.285037775753326,-0.107871853752296,1.33009075979427,0.638310740777476
132,72,-0.650312618521396,0.00516100865818404,0.249792436566747,0.431503427533624
133,72,-1.3692748000998,-1.08402549759937,-0.549581570174838,-0.730415878159277
134,72,-0.242306403092731,0.184337725485571,0.597525682213743,-1.88729307241508
135,72,0.825206053822423,0.315678266391908,1.39055758110215,1.40862749074375
136,72,-0.121997616044259,-0.447103254012203,-2.09621711840735,-0.274121057840556
137,72,-2.34064087703301,-0.761547848866345,-0.9790050075877,0.226970475108222
138,72,-1.32765062943759,1.27827236273038,-0.356976320811617,0.128827534130896
139,72,-0.117039329604856,-0.116664995577851,-1.88236249773261,0.264579352095953
140,72,0.784270499025431,0.249163156425756,-1.96129398543124,1.6973811191706
141,72,1.50171724109494,-0.240126633780381,0.883976665460183,-0.432926506751854
142,72,-0.120464286973743,0.167143677974219,-0.277594598521195,-0.692940694588352
143,72,-0.60779024270165,0.37280650829595,0.789616102681013,-0.948454854933488
144,72,0.027850923302293,-0.817347310832762,2.42782890374842,-0.604746069209565
145,72,0.450742262896549,0.690924062119551,-0.81833875535194,1.49976651499739
146,72,0.871696830719788,-1.70361056755835,0.802112068067988,-0.618675699349486
147,72,1.37005594947272,-0.427170882873601,1.18049376922457,-0.503974498964167
148,72,0.65823886726385,-1.29336159847434,-1.01040793804691,-2.29898930177481
149,72,1.36534341583016,-0.175321267453636,0.825610547581382,0.122580496534213
150,72,-0.725265293125351,-1.14411102748173,-2.53862135769202,-0.859922086623437
151,72,0.406191880697984,0.455268387548704,0.140602479138977,-0.548161409326725
152,72,0.0373994366815131,1.19736507445149,-0.487041520031673,-0.977713960922937
153,72,-0.671004110263358,-0.66341377108482,-1.49187813777364,1.55672565161563
154,72,-0.454190197817021,-0.54919358344424,1.03940562384649,-0.382696467040581
155,72,-0.210163253954838,0.00659975206433914,-0.608371508688708,0.925188556462154
156,72,0.594861660447137,0.454978504915393,-0.0792127708466176,-0.0969476310761376
157,72,0.315173035133478,-0.117531202057995,-1.11752484594933,0.305488896256258
158,72,0.708721863658659,0.950300929027052,-0.68514623172148,-0.521046667260921
159,72,0.83416683881785,0.335518382098732,-0.519554570733835,0.645924988953793
160,72,0.0344413411934594,-0.430239792494616,-0.598518957938728,0.766471463268174
161,72,-0.761373447326481,2.38613416939221,-2.62736252750329,0.0609210461812106
162,72,0.303195010686043,-1.05741924400002,1.40485608875892,0.315767907624503
163,72,0.694384133176812,1.43559048432511,-1.96911173594064,-1.41989610707559
164,72,0.159343707858619,0.516785219613183,0.575789661731482,-1.18083846579088
165,72,-0.316859921421279,0.780013745207863,1.67149754779819,0.767577595137568
166,72,-0.0459277364159037,0.0699205607326746,0.87053721762655,-0.919777273692062
167,72,-0.312769588445942,-0.922229556629541,-0.0829924512629592,0.828732908535486
168,72,2.41129256455398,-0.142000903311493,-1.20790127955139,1.06522533202427
169,72,-0.056793681622257,-0.0140017991428876,-1.13744180060175,-1.75302598065791
170,72,0.660236238348788,0.156073208660399,0.373766763282914,0.479238860298783
171,72,-0.462802544006688,0.814571278975606,-0.785177015398347,0.711642676697536
172,72,-0.653635288451009,1.47922520784049,0.853187979076366,0.675512866885032
173,72,1.21290889756224,1.02163701671415,-2.08507644771423,0.476887384491472
174,72,-1.53097587593749,-1.00088093252135,-1.17773792796437,0.40717558192329
175,72,0.721463566057267,2.32706627522892,-0.209262650451353,-1.93767349501181
176,72,-0.325381637503482,-1.78545165887218,0.265165809811362,-0.25858146093559
177,72,0.273850506960986,0.387590725709598,-2.12605048069721,-0.237542753325418
178,72,-0.435861587022114,0.452424071717558,0.56386965127024,1.22480899838036
179,72,0.117710445673133,-1.76468002637989,2.0262182732124,0.238151874140465
180,72,-1.07516344324779,1.08757937805621,-0.307540081200715,-0.721155522999641
181,72,0.137196687047843,-0.168482894904789,1.36133036073308,-0.22847518171038
182,72,0.536142050430858,0.869705351264073,0.107481742465983,0.267581285261897
183,72,-0.0309416106621507,-0.9399228704371,1.34176175045752,0.641115964830461
184,72,1.1780402190125,-0.509898601272803,0.249198747961638,0.793864244025598
185,72,1.23560503632276,1.0336362781539,-0.587053148171851,-1.91099368026163
186,72,-0.529118795573053,2.61017362859965,0.482627228382519,-0.615821978493044
187,72,-0.265990287285349,0.361736937213754,-0.75340100228063,-0.615825074401836
188,72,0.0627824865844507,-0.967182768050302,0.955290179898406,-0.330960248649395
189,72,-0.307996422464482,-0.191959482775538,-0.421196701929009,-1.17907808017247
190,72,-0.261322996159874,-0.438952607670439,-0.890572237870343,0.161280911557723
191,72,1.02679705877891,-0.113687923734629,2.01014429813771,2.41354891305427
192,72,-0.768477434160396,-0.404884152184854,-1.64379707501964,1.03615172563105
193,72,-0.161324121136987,-1.55146837732099,1.58382676174619,0.958735021707093
194,72,1.60077060956999,-0.291891366074184,0.108110257263282,-2.2385640111001
195,72,-0.421212283630731,0.384392532818168,0.955569916070458,-1.81529307219633
196,72,1.37504718629275,0.319655140607996,1.35751130847204,-1.51044233453956
197,72,-0.544695763520355,0.885488776040397,-0.799480842074722,-0.944988281260858
198,72,-0.615604535162313,1.37295761134402,0.291910622897454,0.603986221593491
199,72,-0.0727245939737923,2.9601210429904,0.00551953842119745,-0.107445462560211
200,72,-0.523731576644798,1.82863476333541,1.67158172171234,-0.64714621182428
201,72,-0.840849207548439,-0.0559974315344364,0.257489431756147,-0.554500550462115
202,72,0.441739799734156,-0.891166478304375,-0.503875457622706,-0.292045333877202
203,72,-0.256161766417091,-0.718984348396995,-2.47712016352291,-0.262365965989625
204,72,0.532096348543659,-1.04760808353902,-0.236739074535178,-0.524612258563094
205,72,0.388867882528755,-0.218367081433386,-1.42256942523222,-0.923968246682
206,72,0.0101584565470222,1.0828032996531,-0.960465554765345,-1.32401230907463
207,72,-1.8469861191252,-0.237045850620689,-0.52464522412858,0.119111764745456
208,72,-0.732479084329964,0.600214310559459,-0.139633133917973,-1.00371981849389
209,72,-0.338046187323041,0.886374765866352,0.571982436677698,-1.39296688085007
210,72,0.309616987968443,-0.231892806335492,-0.725892565745487,-1.4944310292992
211,72,0.0351523255028285,0.596734116086268,-0.0510409984557822,0.867105197313155
212,72,0.109082370038825,-2.01712393215429,-1.03968324201659,1.15956272968111
213,72,1.53672701725679,-1.10570939755108,-0.537412608731233,0.264703594800822
214,72,1.02393702595273,0.826182731549506,-0.610105772214691,0.059906173623094
215,72,1.25132405644013,1.42514158856959,-0.176849795006015,-2.73178641246937
216,72,-1.23184102960249,0.348644525726248,1.86852956498114,0.895506957641751
217,72,-0.435135227166483,-0.262590820039924,-2.8800785732189,0.131779951696864
218,72,-2.39227811723097,0.0754075204616467,-2.22079517897888,-0.550771110006424
219,72,-0.303534113315441,0.986496287177128,0.691992704655703,-0.373492039194071
220,72,0.461269590058035,0.00590886614194204,-0.466899149512632,-1.21117611103039
221,72,-1.1246798446332,0.275199960044902,0.469557107911321,-0.844712088865355
222,72,0.523700021692591,0.651300390168818,-1.53658509741428,0.962752925560871
223,72,-0.575354403394983,0.0918159864668095,0.150227574358059,0.298159767285418
224,72,-0.373441541259006,-1.45124646153913,0.776490622116781,0.685852217686248
225,72,0.540783373961155,-1.70099920843528,-0.136288036889821,0.219386060984006
226,72,-2.38101984546822,1.96178381422156,0.833365517350131,0.147286878864443
227,72,0.499683378596722,0.586713904575668,-0.0676653023185107,0.515615706730661
228,72,0.510299186034735,-1.18201382631909,-0.548259706490383,0.930135520302919
229,72,0.387042043842834,0.755889402382504,-0.48745410946768,-0.55170257836143
230,72,-2.37284262926314,-0.884612898668854,-0.777907694136726,-0.360379286678471
231,72,0.284193874673892,-0.405529726322257,-0.92699854592459,-1.03483300507372
232,72,-1.99814967378346,-0.80425651931389,0.887336547496968,-2.16868328237291
233,72,-0.831989728073721,1.524161275898,1.02844024902244,0.820828345019617
234,72,-0.815260512697171,0.121651185090558,-1.53298232136847,-0.0957556039167126
235,72,2.092227619949,-2.08517329084815,1.35653960794941,0.293555262581541
236,72,-0.417746889203299,1.10640946280588,1.1203495074335,-0.664083719189853
237,72,0.505978079804744,0.693413040620111,0.622426178226631,0.0730318756218529
238,72,-0.738000402109499,-0.430688040379364,-0.12029557988994,-2.18230427278835
239,72,0.135196458782962,-1.84412532027539,0.239283764838829,-0.636865560499354
240,72,0.360049615194708,0.930070809140996,-1.08141545830644,1.97874924974899
241,72,0.877502045760495,1.09978272646534,-1.51837910591519,-0.954539270935112
242,72,0.0959979835000998,-0.729541517485993,-1.0612000677349,0.750055331525602
243,72,-0.243625600456928,0.708539690153246,0.2238490820314,2.28156043924858
244,72,0.732245265670803,-1.81546727160109,-0.81128645215395,-0.431279664777052
245,72,-0.762667394301226,-1.25323167581204,-1.19009399851063,-0.742125659970958
246,72,-1.28031407062017,-1.10289136370381,-1.85095329602453,0.216698346556188
247,72,-1.07097562910492,-0.108784339856376,1.12223982931913,0.677700502630156
248,72,-0.935388219306424,-0.342948368605993,1.94495620558533,-0.849794117533144
249,72,0.480107097370883,-0.0752589205869017,0.0740610792220933,-0.0507954696658574
250,72,0.576537512814357,-0.196749401679382,-1.47856703275699,1.57922592149227
251,72,-0.174467555343615,0.294473849278236,-0.208465066839179,-0.936880096483856
252,72,-0.895223081954502,0.129815273009316,-0.950536837078069,0.858649259021759
253,72,0.00885728502973874,0.249901549889282,-0.755554548879205,-0.326983082817387
254,72,-1.29805921326912,-0.439022748664247,-0.64499941548324,-0.480685490683713
255,72,-0.763710075190309,0.524357306406397,-0.574383871000749,2.28019769039588
256,72,0.762973510507576,-1.52679876931923,0.190195366248929,-0.543764781084757
257,72,-1.08579524662294,0.691745606431316,1.52646730580373,1.18084920662537
258,72,0.11020179575822,-0.126127047128896,0.166823303379908,-1.68532248871011
259,72,0.77565619783649,-0.777322654679428,0.628754380337527,1.41276414952632
260,72,-0.134953576063769,0.399947026268129,-1.16864485006835,-0.65363806652304
261,72,-0.298384519680087,-0.273197626677079,-1.61616252602994,-0.450385357620631
262,72,0.271916660739528,-0.322477965329933,0.455243915314626,0.821897176063646
263,72,-1.18933463531861,-1.2152649161066,0.399952113240257,1.73892515481708
264,72,-0.305508789846874,-0.213049996853615,1.01750743022081,-1.231745305776
265,72,-0.441762994391803,0.491488214232284,-1.31809891206375,0.0173069204910355
266,72,-0.0951612802765276,0.687655290589143,0.00322887499194371,0.0855209216982334
267,72,0.943499578417169,-0.0010144807932171,0.0795492965555419,-1.65308322296671
268,72,-1.72415494007445,-0.636540323640673,0.76565667899064,0.583345021505548
269,72,0.918748213953087,-1.57623822693979,0.362843241637474,-0.367513698203987
270,72,-1.35362768818376,1.31734125761368,0.500430206944794,-0.537428712785481
271,72,0.00129898134497977,0.417456343270957,-0.407697436465554,0.0792535692166617
272,72,1.74292816938707,1.15937104822104,0.671428568187904,0.0390155793435897
273,72,-0.197342601092177,-0.640600861755447,-0.36511116147925,-0.0113513079676133
274,72,-0.191360214894737,0.138935410984308,-0.0767436484251586,1.20485889447085
275,72,-0.0449493228371396,-0.580967142418411,-0.465688947100353,1.24077567292087
276,72,-1.24394765786086,-2.0110067168751,-0.471815885416422,1.07873794216065
277,72,0.592994146378601,-0.643950850210192,-0.375882034090075,0.784545153273074
278,72,-1.53306687044719,-0.409043303689299,1.46583687980512,0.0719158167663893
279,72,0.869182503402753,0.718260430847809,-0.412891659744519,-0.219054488624892
280,72,0.416221660970886,-1.28180216764769,-0.432470889385169,-0.987979971662699
281,72,-0.357711824747078,-1.04486025220023,0.518616660932704,1.12815000726473
282,72,0.39855089481434,-0.329513820827709,-1.42395292008377,1.42784897356904
283,72,-2.35945772826735,0.102259913715688,-1.02020903304189,0.435371937405576
284,72,0.272183093467259,-1.33040093721926,-1.20185963853518,-1.3269773459755
285,72,-0.898628610671016,-0.259692102510791,0.493254301915053,-0.0867722686640975
286,72,1.55003885750904,-0.78474782671332,-0.536231989303413,-0.390326173146042
287,72,-1.59022081582945,-0.146063175190855,-1.43341731831107,-0.576522759618728
288,72,2.43711632513626,-0.00335306146738273,-0.569019790867581,-1.9074954643239
289,72,-0.185829231538685,0.300470546785956,-0.367600947798371,0.590327613315653
290,72,-0.999865732076087,-3.62802208714196,1.01523033294246,1.87195604512793
291,72,-0.0802603664525941,0.644760996546684,-1.37218941277086,2.19062342351063
292,72,-0.144548463094881,1.01666268484119,-0.379556908580504,0.078642731109783
293,72,0.473804124473798,-0.106492117806108,-0.543529247056892,-0.52985655105649
294,72,-1.54666786569717,0.0097693688192446,-0.606748519886671,0.027075253661893
295,72,-0.453977663521928,-0.251400282665346,0.0185858556702156,1.94700892015934
296,72,-0.220073476418504,-0.856598762351543,-0.457177205063155,-1.55103015819252
297,72,-1.42964313505646,-1.0471472504981,0.536921316621372,-0.385621166662917
298,72,1.17142676264709,-1.43572182480109,2.05433266010533,-0.996289752368765
299,72,-0.882556392801405,-0.455642714739639,0.976538119361615,1.47136753875016
300,72,-1.60418246853675,-0.353219247015535,0.646853424289858,0.0567551595110278
301,72,1.05167304464023,1.05439846553346,-0.718443848103305,-1.93213383768556
302,72,0.462067640741031,-0.267592122648578,-1.19075791903601,-0.0621957410506616
303,72,0.166402411344789,0.879730725201344,0.00425141420958007,1.68809154782724
304,72,1.26263114896811,-0.602394666577025,1.54916887149866,0.728787366361313
305,72,0.562433535669862,1.16084123606294,1.29457868430601,0.139533591748957
306,72,2.04625887672045,-2.03185191907248,-0.546368869431455,0.925283292479934
307,72,1.29916474272191,-0.339493400046761,1.82045596545608,1.55520624600794
308,72,-1.26528633776932,-1.02290883245876,1.07672189145232,0.668666984494735
309,72,0.393354205711309,0.0438888471420072,0.322237411957535,-0.335380481523693
310,72,1.25067917420462,1.07561714977716,-0.69085292144167,-1.22643137821503
311,72,0.615450443630033,1.20010229523654,0.163225142888781,1.49111426352728
312,72,-0.0518198187986188,1.13375295935855,0.344605847360094,-0.366058898701772
313,72,-0.315795919172721,-1.7550916763105,-1.18022979853176,-2.28414017343434
314,72,-0.0319300742918719,-1.34250645480042,-0.203781628611674,-0.176038598006742
315,72,-1.66780477961958,-0.00989616549129744,-1.11164201099237,-0.205285840085101
316,72,-0.396038393042573,-0.410876454888585,-0.26064632529677,0.319921358424073
317,72,-0.155715503472188,0.467828028602344,0.187367973395476,-0.0710708892939294
318,72,1.15818178543596,-0.494589880234667,0.824824880273701,0.404867440368013
319,72,0.32580859496901,-1.28336909599805,-0.442247518148303,0.726867296028399
320,72,0.00542471388247261,-0.420956592142835,0.882296200603791,0.858052981737724
321,72,-0.18803093713117,-0.655626714992853,1.58922893948049,-0.162378365022779
322,72,-2.54946173367344,-1.64742088660856,0.712425483597391,-0.823713914081488
323,72,-0.304181400152485,-0.647670399688185,0.221775144185392,0.349424701161498
324,72,-1.15280555774405,0.700140252972693,-0.705311724321399,1.55032600507077
325,72,1.19937166742401,-1.44889735919357,0.603038434967294,0.222129499022639
326,72,-1.35699079648148,0.829721562249776,-0.542260217759009,-0.0320724019399828
327,72,-1.43061406901261,-0.868619194853773,0.6671657835683,1.9193033297127
328,72,-0.596788532866306,-1.01554158342663,0.541767592255235,-1.48688966386366
329,72,-1.87655541394251,-0.766815493764887,-0.208897249837734,-1.0126281294451
330,72,-0.304727139270893,-1.5034631402937,-0.434060797112209,1.7350197222048
331,72,0.238166497125649,2.08890459488513,-1.09557915150972,1.45022308978561
332,72,-1.25913915035044,0.409160756757358,-0.834032019795442,-0.0503227396397529
333,72,-0.33224786900606,-0.159910674073141,0.383164504361895,-3.0292672406928
334,72,0.3266618613943,-0.444854319096035,1.23851152327386,-0.730062934668265
335,72,0.71394719242924,-0.36050717570944,-0.300565279279665,-0.762677803425003
336,72,-0.36718087511664,0.014556647150821,-0.19206333867533,0.152887795033365
337,72,0.297540909994466,-0.0066196065194821,-0.807171540445222,0.259164154621985
338,72,-1.5289639247673,1.35655426501015,1.42469772407246,-2.06159358214775
339,72,1.24937707846957,-1.46784571631802,0.548284290394937,-0.496261290071782
340,72,0.553673608136394,-0.0798453584485441,0.691375447709271,-0.885727922731033
341,72,0.973303126551864,-0.526162970774447,-0.705152540748557,-0.180161846615509
342,72,-1.0896180083116,1.93800349946171,-0.135962849695614,-2.11521771485584
343,72,1.13867310856576,-1.2220380423269,0.150656825718642,-1.66709610143647
344,72,-0.16085996163968,1.15677927001322,-1.36323906228352,1.67128711788436
345,72,-0.893156689028367,-1.18543529034729,1.58261376881113,-0.261205956931035
346,72,-1.00695046762571,-1.66153079394468,-0.429907462085575,0.421309212525745
347,72,0.553758421385797,1.0967686679143,-0.0691881437423904,0.213975107964782
348,72,-0.754708127233041,-2.06435458188237,-1.12458999020535,-0.842724721005473
349,72,1.6649536147693,0.249516369303641,-0.623890320518918,2.19136720542985
350,72,-2.91196309027281,1.34528852798933,-1.24907847503437,-0.118446303310098
351,72,0.0317716817723021,0.953103897706606,0.383006783197999,-1.76281677889179
352,72,-0.43740181629306,0.346893597962984,0.89865490086943,1.11812904346764
353,72,-3.28428664433113,0.925128429207443,-1.28055264293256,0.985577427833711
354,72,2.05602700312641,-0.722776872923458,-0.997654765894935,-0.260506837801992
355,72,-0.968155110613331,0.670132410963243,-2.00256572463864,-1.74327721998666
356,72,-0.382869819494205,1.03965837686181,0.346014307493694,1.35441000130764
357,72,-0.351350476419701,1.64103577851049,-0.772480376430019,0.373421291427313
358,72,-0.762545489684185,1.46159136634818,-0.23711473905421,-0.0053775149655215
359,72,-1.18425383861278,-0.749229883977021,-1.47398612714936,1.70172733811927
360,72,0.324570426703712,1.77835673993375,0.167685837496124,0.364080257935249
361,72,0.395255229346372,-2.10097701215697,0.235174162601276,-1.35409480247764
362,72,-0.0214356416040234,-1.61759780651382,-0.536845218087529,-2.36660702066787
363,72,1.67015873383099,-0.740248552751683,-0.752920166370227,0.988239603032189
364,72,-0.89111796538837,-0.0393361148997213,-0.0136915817346468,-0.32281507843101
365,72,0.984230660346448,-0.361445808197429,1.10567162756952,1.15544164110826
366,72,1.05482437641586,-1.30591464426811,0.980867978466007,-2.02831530016733
367,72,0.843051630697206,-0.577919846731211,-0.0453458194565862,0.733268555138904
368,72,0.732236509166139,-0.359965465062699,0.873465320261144,0.853752667172388
369,72,0.258473851539556,0.720302094517477,-0.852404820783414,-1.49757483319319
370,72,0.551524675712165,-0.324041346691008,1.32363271538352,-0.305149554084676
371,72,-1.22622289933431,1.28575942249745,0.772362879530842,-0.130389755697826
372,72,1.69201108409422,-0.319934438740333,0.214814882774181,-0.593435842790862
373,72,-1.87739471951031,0.240517760665732,-0.189467266260203,-0.0729218142807998
374,72,-0.9854650242416,-1.37192020608222,0.414068358234697,-0.410180954814871
375,72,-0.0955420130892504,-0.188877590981641,0.815514008215285,0.539369785037706
376,72,0.702723672259099,-0.643933912870778,-0.808795263553927,0.546106403217235
377,72,0.232044824060392,1.49058209080205,-2.6052262311558,0.303224097584348
378,72,0.820440666542377,-0.401260397058953,-0.497606271481397,1.0045603463477
379,72,0.980866677873104,2.10006496026712,1.31183015197162,-1.50578418637666
380,72,-0.952348458917621,0.551829722397067,-0.299494070716725,0.794759633761203
381,72,1.26636192090126,2.5211695843382,-0.268270179640323,0.914368095842946
382,72,-0.574635349730954,-1.36715043665801,0.843101564707412,1.02949857194362
383,72,1.30852141802752,0.0757530883042061,0.609034583177402,0.846298071681613
384,72,-1.04493070029457,-0.0530470466249586,-1.44638140929835,1.24587253393258
385,72,1.50120469997312,0.308178682878748,-2.9870427782916,-0.464766389482397
386,72,1.04406328226275,-0.295019080422165,-0.46170322719261,0.293545588551828
387,72,1.03632819474136,0.762798125980002,-0.749399292491192,1.70115099539081
388,72,1.0001000303122,-0.544920840431019,1.45938393608955,-0.800427685986073
389,72,1.46349256676101,0.509856144206377,1.46149784576049,-1.01738817074443
390,72,-0.500402743398339,0.601402896789516,-0.691194112247466,0.768076968853931
391,72,-1.11327194293212,1.22785538089244,-0.0297568331085764,-0.703963103964632
392,72,-0.295046310931721,0.215268598112767,0.419875299525947,-0.39833509212532
393,72,-1.00582203955358,0.240368320424395,-0.457325003242723,-0.836574929290607
394,72,-0.0984994640900302,1.72615817218041,-0.186794710763855,1.06691505151663
395,72,-1.37448427632693,-1.05883435502797,-0.228095986193443,-0.780670875637902
396,72,-0.328902611577716,0.847968171561086,-0.792639990236506,-0.03633432831635
397,72,-0.155469536003195,1.12536738790585,-0.852499080116227,0.506206712322636
398,72,-0.555053316087667,0.842149020338765,-0.38271783499659,-0.382319588078117
399,72,-0.104655757500022,0.241614701189097,-0.515643860605362,-3.39100925825156
400,72,-0.387839386735596,-1.78201290769056,0.706670053896679,-0.103102919937577
401,72,-0.110008327795013,0.123461938275289,0.722289539107428,-0.223819244137932
402,72,-0.564584868267807,0.730496933593751,1.07085477689735,-1.55889735069703
403,72,1.5473281099421,2.01888895851306,-0.0760733131602029,-0.167752579097117
404,72,0.732890712857535,0.422294050157292,-0.324569434561671,1.21136629420302
405,72,0.925751366036008,-0.978530704736728,-1.88952606359166,0.0752663744964
406,72,0.258611382469738,-0.164215531741897,-0.0432343251063721,-0.532709657218447
407,72,0.402072736933353,-0.371180717600524,-2.65815153255501,-0.452248248570085
408,72,0.191311296808263,-0.236875518302934,0.759661969172322,-1.21940011806814
409,72,-1.45595058058227,0.246473331157329,0.128194605654748,0.561215997162969
410,72,0.0569444111776371,-1.35590732235938,-0.303459912288524,-0.0788109594538931
411,72,-0.487286770599351,0.354089839286658,0.751311578644735,-0.0733091299565406
412,72,1.06355489046937,0.927821214708898,-0.662259773391363,1.34502270496627
413,72,-1.71937349101938,0.108016948783329,0.14666247044641,-1.09754250664453
414,72,-0.541385861231428,-0.659353817382371,-0.127163524307614,-1.98186910100634
415,72,-0.129918329742655,-1.12414957168165,-1.07115004855004,-0.565948374638756
416,72,-1.24137304808545,0.688872887646002,-1.14912729800117,0.243572298398436
417,72,1.9804751731022,-1.38848896275473,0.542495945607848,-1.38923733377575
418,72,-0.117533083789926,-0.36558284621713,0.718073151115189,1.85204994410961
419,72,-1.11303426345783,0.0182318333633658,1.26365345783763,1.51574547698097
420,72,-0.0857605659208951,0.178413473360415,-1.05955264756131,1.25263524948662
421,72,1.53849829613511,-1.00389371987698,-0.980321483787384,1.2381947384755
422,72,-0.568537241937736,-0.108178388797504,0.116535692781314,-0.697611092330671
423,72,1.17719725691342,0.30767043354011,-0.13170395191122,-0.0449022303281731
424,72,-1.54873451074138,-0.56823553038966,1.17165120211491,0.536369870609967
425,72,-0.834369293647894,-0.766150244574191,1.6921972419517,0.661743746944173
426,72,0.273562160993634,-2.3026321359411,-1.11001226850724,-0.563547136430373
427,72,-0.588004183546769,1.83609588013387,-0.293781713399372,0.320545314390756
428,72,-0.549430154581507,1.14854808871775,0.319684384329024,0.10288658534799
429,72,-1.02778304268862,-0.528717250080671,-1.0702155912509,-1.54560823460194
430,72,0.928525667040165,1.11111950085376,-0.705273646681584,-1.1103186647753
431,72,1.03328985936202,0.0592981250271957,0.899011482288646,0.311124376393358
432,72,-0.467389500593744,0.603462821620059,-0.992029442823918,1.36022442803721
433,72,0.884465802600225,-0.0630498290120688,1.16963783246034,-0.394265829918518
434,72,1.25019408982068,-1.1174327555529,-0.672616606706915,-1.30609952190116
435,72,-0.0221645731497589,-0.793521920676871,2.30931391094463,-1.38035584384058
436,72,0.651432420319888,-0.343257102959752,0.332229575443085,0.145471110163502
437,72,-2.13042583462739,-0.355898399570844,-0.379187298832903,-0.815506164378834
438,72,-1.36309575415994,0.136995122225895,-0.500482625276676,0.171830250815008
439,72,0.0726865240719251,0.153263714203741,0.105128880195388,-0.885835560332117
440,72,-1.46561234186912,0.814051205482137,0.433463005691452,0.456515126066427
441,72,0.604734702238621,-1.28745542211957,-2.07134497070717,0.0695399886319344
442,72,-0.448986905812319,-0.92070475124416,-2.15934123753727,-0.293991848084446
443,72,0.38849268041528,-0.111282795132844,-1.48430695374051,0.567870504706861
444,72,0.225071432291756,-0.340624382783405,-1.37289801777819,-0.825252481786139
445,72,0.440102530997435,1.24802386633195,-0.159300791131735,-1.01780474099638
446,72,1.55195556610542,1.26649162802929,-0.111770843922947,-1.17018736614239
447,72,0.64024687972201,0.862458246673323,-0.443791183858527,-1.24707835043373
448,72,-2.86540536092895,0.948014933283298,-0.49067489213017,-0.665322316028575
449,72,0.237588307838508,0.107964765774074,0.628006064321176,0.133976931674919
450,72,0.858657622272734,0.531388122115932,-1.08349160753529,-0.414410351064019
451,72,1.95873055453026,-0.782621794019188,0.8987593849717,-0.625109488094948
452,72,1.01880287583492,-0.0465630409741746,0.52388765040318,-0.0279011057205658
453,72,0.220485619531534,-0.777697772961076,1.09033060596414,-0.103765142883662
454,72,0.910898731407535,-0.080392411440651,-1.05471480727141,-0.873332222496203
455,72,0.603037903257334,-0.572969584173647,0.550648185804496,-0.37627711026791
456,72,0.195822964221525,-0.209104128818267,-1.05024955747503,-0.0206626065352646
457,72,-0.865751292107474,-0.874625266755972,-2.11011038524618,0.476232635615128
458,72,-0.228488753021675,-0.628684571044952,1.35637807794012,0.511983809434955
459,72,-0.127803313511242,2.00187517031054,-1.18103329960804,-0.227894980378062
460,72,0.885843272783831,-0.307728527034872,0.151629331634507,1.12377770655304
461,72,1.00846270622814,1.55390859693473,-0.652807407456862,-0.194562230360987
462,72,-0.129663371072054,0.599763476420958,0.445805289389463,0.364277404152385
463,72,0.41775066942617,-0.0952874671702479,0.723283324895938,-0.519816014244604
464,72,-0.584309073732959,1.84087373040576,-0.669534925532512,-0.0966380867168632
465,72,0.746788035622406,1.05083737716136,1.52694629436262,0.473278980349312
466,72,0.579705671343604,0.309398765790372,0.458172119085119,-1.37400327022658
467,72,-0.587324292372083,-0.35471694180687,0.229554748210684,0.5277359694551
468,72,1.57825395390909,0.650135547708598,-1.05179031825197,-0.800190401158168
469,72,-0.441414427549008,-0.83265850142538,2.06005106138196,-1.81742067140037
470,72,-0.688918827804663,-0.820094893733734,0.331035593390792,0.150534385997092
471,72,-0.212442009195241,1.52466311167941,0.642413082236505,0.656467000290302
472,72,-0.0148585217641941,1.02379524748721,-1.18560916260879,-0.638542397846677
473,72,-0.889778806904759,-0.00606968105606669,-0.189532612343065,-2.01259620058407
474,72,0.585131647303275,0.861386839096022,1.18907340192648,0.477783193419012
475,72,2.47251151160312,-0.032296331549178,-0.325139985879697,-0.121634933753916
476,72,-2.00378854534186,-1.75980699209927,-1.79328845643055,-1.08664502264622
477,72,1.00268481103808,1.12660676391043,0.0416433042726467,-2.27817539809572
478,72,-1.1268191647078,0.0998727528565751,0.504725369510672,0.741430888924863
479,72,-0.912170443963218,0.777557506756618,-0.818269445443957,-1.9399576708532
480,72,0.713568902149054,-0.667676374438372,-0.163578331726528,-0.9184410337004
481,72,-0.504375387692812,0.0682044221437771,-1.35519304438635,2.24640654961331
482,72,-0.615865022899199,-0.475566071670756,1.11475086818424,-0.611978920661901
483,72,-0.83130668783487,-1.15725031597967,0.424313139535051,-0.0296405012529334
484,72,1.03912730401335,-0.224925559269418,-1.46911280151805,0.60000744697405
485,72,-0.234056200813874,-0.957380045685514,1.09128520983436,-0.619105267369056
486,72,1.21211277869733,0.54339368272418,-0.308048669159674,-1.53705731081734
487,72,1.40344134548051,-1.56673207273927,-0.474472725855369,0.244051543748187
488,72,2.33311696650164,0.0586612751145284,-0.916481229757346,0.253453943634982
489,72,0.615338753737854,-0.293122906902081,-1.31364542703507,-0.739870068415016
490,72,0.481586984749132,0.0350066934288044,1.34088342707939,-0.207594763415386
491,72,-0.421222157837325,0.997368731344786,0.396661560164117,-0.0111499921762086
492,72,-0.732668953421635,-0.438143424020181,1.42661932488717,1.23812249210852
493,72,-0.717742518623684,0.400583759037941,-0.870498106408799,0.272513753912445
494,72,-1.02200405538101,-0.151439766342843,0.853926465515112,-0.000113364506266978
495,72,-0.0589802294519478,0.250683432226944,2.14403910633131,0.035138626647064
496,72,-0.971827320847597,-0.25324117027155,0.438387760084784,-1.25379775546144
497,72,1.2711282678597,-2.62957748332335,-0.737563774579751,0.628089449168713
498,72,0.552838839687996,1.05539774931102,0.366600222918708,0.989658442042414
499,72,-0.765815980458033,0.0923874646748411,-1.06072142775095,0.576845849635432
500,72,0.649512091244152,0.6099733477809,-0.245120954298915,-0.36657058659156
1,73,0.0732866645843576,0.300427794137089,-0.0278011731706147,-0.458696203738873
2,73,0.051099561588492,0.0279262159093596,0.379330607847854,-1.06143559172145
3,73,-1.03649813200669,-0.386253432578745,0.768678685094041,-1.69753068488192
4,73,-0.484433814662619,1.9867451482025,-1.50967507437996,-0.909703059350943
5,73,-1.67797638505761,0.116986099255238,0.442790957540604,1.13235676341168
6,73,0.0151504397213853,-0.959818074225844,-0.0272823611436986,-0.598481821016174
7,73,0.326513454896595,-2.2519028713003,0.636283654293494,-1.51654797803796
8,73,-2.77628418195709,-1.58381771409496,1.83189480991369,-2.28716560443626
9,73,0.937248775834271,-1.34358862139053,3.02002011300259,1.23339057978646
10,73,0.0117545899720731,0.394482944512086,-0.303494905336048,2.12759892492665
11,73,0.629542611557305,0.160290324988773,-0.693686211695914,0.669154722057204
12,73,-0.865836856744424,-0.238146936498266,1.17688855935672,-1.42479811754432
13,73,-0.506391656072997,-0.14111602289832,0.997075873828303,-0.0171224432099517
14,73,-2.36062092449004,0.352317001844758,0.122478963207339,0.285069924908207
15,73,0.450950504991035,-1.73489975783594,1.83993000937493,-0.610117019589026
16,73,-1.44546918013355,-0.986171975638926,0.222053460707532,0.780861682793907
17,73,-1.13156763481055,-2.03956960681009,-0.757400050582176,-0.125982616882154
18,73,0.449353461756494,1.00682061615753,0.22046079753279,-0.53184835060988
19,73,-0.0364657270650383,-0.309696123326359,1.05173202462093,-0.015300034100495
20,73,1.16266908052202,-0.234255382583828,-0.548328544193065,0.521731912160228
21,73,-0.538012738675284,0.798465808154675,-0.659852936554034,-0.14616885815973
22,73,-0.791094607328324,1.15947016118143,0.753581721263218,1.00117901579098
23,73,-1.12457700223265,0.127479686986336,-0.57822984210062,-0.339603866938147
24,73,0.786042847058201,0.682517420035821,-0.624055018550989,1.16646137374428
25,73,-0.550494712376629,-1.91582683753338,-1.2828240846543,-0.584314998455385
26,73,1.04391442258986,0.116361798185727,0.560757122696647,0.082662834081642
27,73,0.620513292345813,-0.206010543162469,-1.48059062954581,0.995726757470969
28,73,-1.2541531301914,-0.406697546337206,1.33135732148531,-0.758770309478191
29,73,-1.18242666621328,-0.0237532534850358,-1.34503887995151,0.672001110133535
30,73,-0.327271160443551,-0.237964671245937,0.884780521666063,-0.280141150887292
31,73,-1.1102884361492,1.09128936171406,1.80883968819483,0.805598167523752
32,73,-2.45609362912141,-0.125843173103305,-1.90193518269459,-1.35592793868024
33,73,0.670123024127963,0.218400539697624,-0.955610796455556,1.57698988491183
34,73,-0.276308314105672,-0.216922862639325,-1.23423008490622,0.509099278465149
35,73,-0.0776415645026929,0.420967225581526,-2.68579195821568,0.434309482121236
36,73,0.068674366105953,-0.666071522645494,1.03657955406434,0.260759186407279
37,73,1.24861697103836,-0.736249730002604,-2.00067532030209,1.141319198082
38,73,-0.379593096540406,0.40688318104378,0.656163253451983,-1.33473721135606
39,73,0.372117904023202,-0.0807712000251076,0.302914794452915,-1.31637440612962
40,73,0.993156223318578,0.02418606523148,0.0886653886483807,-0.225827007084292
41,73,1.00801458272176,-0.39847873542848,-1.64603641703402,-1.67656454439447
42,73,0.259835391251998,-1.11626828484084,0.179069340397739,-0.355465122023794
43,73,0.169377130217812,0.269983107215496,0.649201723964073,0.689142282719725
44,73,1.21224473520558,1.24150915122651,-0.868492111984325,1.72546698397521
45,73,-0.661564036110327,1.62790643507925,-0.826933084918294,-0.217768918626695
46,73,0.194480140318918,0.729253311624336,1.70931293271911,1.13127547643171
47,73,0.506892650681022,-0.243406528780185,1.10851275735951,0.819647350595578
48,73,-0.0959819944406086,-0.623436798925995,0.128540622138841,-0.169059974014761
49,73,2.03556285615607,0.110751718091583,0.161746159336865,-0.422062602757512
50,73,0.302485414980943,0.433080907156702,0.85765772216678,-0.0688468021102103
51,73,0.0868778315383982,2.3895118653451,-0.25891406446465,0.454061048526143
52,73,-1.28692954437481,-0.00373578624384649,0.0684417892040553,0.57837732767358
53,73,1.63398197276141,1.05468738618277,-0.696033860504539,1.94242291855251
54,73,0.637354952744961,1.34875853048522,2.26421636335975,-0.659319125579501
55,73,-0.171227724560208,0.312514332343122,-0.296786929925464,-1.55889989830902
56,73,-2.79600224152783,0.213677880215353,1.17451629073611,-0.766388346497131
57,73,0.359786340582073,1.14441643423083,0.166119451599717,-0.0192945526948135
58,73,0.296173755465467,-1.04350606730754,-0.275841301425602,-0.51894915194212
59,73,-0.461197526633652,-2.03632368634132,0.218941903697032,-0.226258343955535
60,73,-0.0463384071501711,1.0316647509288,-1.94805770778573,3.55045523072012
61,73,0.316827861395928,-0.760498742856342,0.319565363300866,2.86047914809037
62,73,-1.03829572588113,0.839868573596834,1.5407706466044,0.627059961582993
63,73,-0.755619823020454,-2.00688524963917,0.681601671085124,0.833258215814777
64,73,1.2538378346434,1.0597038070725,1.44774848971753,0.69354542830021
65,73,-1.98904774943784,0.327864303635423,-0.23009180720572,0.231786237669422
66,73,-0.981881361671254,2.081198055727,0.76286884053596,0.72611590553748
67,73,1.24298034875409,-0.39690062890599,0.973117115720035,-0.862754766296035
68,73,0.805172286350817,-1.49471770385329,2.40001875812187,-1.49707266437572
69,73,0.180216912767543,0.808158776737553,0.546811830016292,0.241298182313435
70,73,0.275779967361953,-0.695086942100325,-1.56790151206132,0.439082181377665
71,73,-0.0699192215358473,0.615714485301681,1.17044120668728,0.0915216396170416
72,73,-0.130484987045037,0.748299991213435,2.53757453125495,-0.0954511827184431
73,73,0.220897668169602,-1.11390442678314,0.462906291852229,0.815845534085129
74,73,-1.46071864212822,-1.2012715377704,0.80732684776952,0.356430404757999
75,73,-1.6417123536239,-0.817676628608001,-2.25119506299596,2.1703377243286
76,73,0.0861400052937426,0.850205850084725,-0.505880048417955,-0.0652714922327784
77,73,0.490094252227791,0.821532475448464,1.65400320663471,-0.655232151679487
78,73,-0.0573678879700746,0.922378240120362,0.326994229569034,-0.0740218929941465
79,73,0.63400187220815,-0.0775966871362259,0.42472294335271,1.05108281365885
80,73,-0.901423918594263,0.0915509892257473,-0.685630862110105,-0.132342455411878
81,73,-0.624633733944618,-0.00184896968971814,-1.85485484808241,0.157607772980666
82,73,-0.176136403019405,0.128917811055475,0.356263323008609,-2.2418744895185
83,73,-0.72918109544327,-1.05576998765278,-0.618155880881276,1.52185897813067
84,73,0.122173513894836,0.537368873309414,1.23353748123112,1.39550726612068
85,73,1.77295500448468,-0.861478814337382,-0.99441620640079,0.752842463661307
86,73,-0.833958778552165,0.0859373360563941,0.941073640362158,-1.08180791066285
87,73,-0.591853673205987,-1.21869205066624,0.809037384563391,-1.96026009447176
88,73,0.952797979519329,1.60575087533962,-0.0296317695512655,0.679655456853264
89,73,-0.343733741016793,-0.462391608103958,-0.0909193919588798,-0.721418216993994
90,73,0.256627220161949,-1.7495892336878,-0.538166028556492,-1.85579033511398
91,73,-3.18133410353335,-0.206678997125793,-0.919150966580717,0.0924181750822425
92,73,1.5946463096529,-0.648846066322984,0.847528300440159,0.900870348280837
93,73,1.22335138218519,-0.468282342250704,-0.950275225616897,-0.764871452197983
94,73,1.80383829566572,-0.663835398935264,-0.285174563012159,0.0597734138250011
95,73,1.58704859944196,-1.94281164132806,-0.337702855129069,0.599878290383562
96,73,1.21374924365065,-0.052136319999,0.782165647374717,0.636576560113954
97,73,-0.112975655066957,-0.990380027728182,-0.0258394220369277,0.099479292115425
98,73,1.36988425055722,-0.0469566504803251,2.45839148964541,-0.431491960593153
99,73,0.435183108190343,0.584337239291214,-0.326737004994907,-1.89884443149991
100,73,-1.00685405947567,0.920570981489321,0.398200188606648,0.734325015098914
101,73,0.174536603470663,0.145034786519874,-1.19111976289063,0.00475497907920189
102,73,-0.512047583884586,0.891271144263344,0.364166161218763,-1.11096192911783
103,73,0.960533912550022,-0.118856434657553,-0.715405983067646,-1.32665174130519
104,73,1.36251743522942,1.58164579741571,2.77420103398945,0.761083465121241
105,73,-1.55912293429205,-0.565174393914572,-1.67374022575286,0.691025763517331
106,73,-0.733608048538802,-0.0942205313129492,0.00812796389386168,-1.22845555859756
107,73,0.31675199644281,-0.19158003427535,0.762501213312243,1.03791533351373
108,73,-0.284810679426754,1.47571721891725,-0.740057061399945,1.32581853607989
109,73,-0.227869670772468,2.33259548856034,2.00896449518538,-0.999320030385738
110,73,1.29212595652877,0.145255634807191,-1.21024766397514,0.0198329533622175
111,73,-1.79675101172254,0.334975319680541,-0.253232445525768,-0.190353614656387
112,73,0.678133183489321,1.57831204110679,1.08071275693686,0.0824827621763543
113,73,-0.837109740125255,-0.428615162964356,0.242480402892551,-0.671968072461234
114,73,0.36079156670682,-1.65499605850053,-0.41962743931392,0.245049390054707
115,73,-0.671558923130928,0.521193789040798,0.912790927325421,-0.531313438299677
116,73,1.21411236672611,1.64022905667564,0.0217802080233275,-0.223104542577012
117,73,0.359228783461902,-0.149962894229742,2.0409815103087,-1.26103613955662
118,73,2.09264510170548,1.79691322851294,-0.430143195277435,-0.573719821823486
119,73,-0.120776253425586,1.56575444567106,0.865555276889052,0.475524227306472
120,73,-1.14815595502257,-1.38317930245995,-1.97052184629024,1.43856172664592
121,73,0.61944527643282,1.68093342484322,0.517247490729839,1.00358972715138
122,73,-0.876905941513833,-1.45257639220767,1.30388523890438,0.905899794444715
123,73,0.0656031091107382,3.25125143721865,-0.132563076881018,-0.560249786593669
124,73,-0.621489182088707,1.27197118773201,0.454922688447779,0.0215958107827603
125,73,0.762250390371936,-0.0568828778197403,-1.34836427354745,1.7149031633368
126,73,0.579782828909363,1.06712634417201,-0.698867822842052,0.30923513316769
127,73,-0.236372491260246,0.359349268768822,-0.120854518114746,-0.933431125224853
128,73,0.343810959171184,0.713788821850069,0.480883436133729,-0.810510890485974
129,73,-0.8023458512713,0.480763418617426,-0.115983665254923,-0.887105290902125
130,73,-0.0289625851055961,-0.375783813453966,0.364918476822288,1.18456997637459
131,73,0.126683893772388,0.43855934132346,-0.589872641481969,1.49120312857398
132,73,-1.96977672963091,-0.597343750478621,0.396640181103948,-0.768236477798126
133,73,-0.284020395195835,-0.518444692936063,0.450827573383887,0.848007550315693
134,73,0.0338381463785042,0.380584583507227,-0.828386288939684,-0.790424087629441
135,73,0.260163196746109,0.150327210622613,2.08740905362837,0.334818254157066
136,73,1.42038033711541,-0.577565668097721,0.942086947633466,-0.552405710498578
137,73,0.320220029570136,-0.254665795718133,0.554931731321895,0.497067552230676
138,73,0.948980997078633,0.810040956494492,-2.27200056061959,-1.25856595588583
139,73,-0.895857797854126,-0.658289928883755,-1.04553356081621,0.167016025043288
140,73,-0.235370934922055,0.818934943549902,1.01541836771395,-0.990629001369371
141,73,-0.369964017473098,-0.603527726937967,0.210068633301302,-2.00566018776503
142,73,0.766074903181609,2.39034888203497,1.46256437969411,1.59290748320735
143,73,-1.58992643600808,-0.944817018282081,-1.38702395770338,0.534844636213267
144,73,-0.95303713372436,0.0852430122548304,2.13451940328327,0.808464616109447
145,73,-0.606201703429495,0.91881597963152,-0.357746585972858,1.29077260264423
146,73,-0.479126474911069,0.582309688074825,-0.735711028152555,-3.3791175956256
147,73,0.186397181356616,0.740855112986127,0.0791519213812775,-1.46478490318579
148,73,0.126954672571876,-0.658234749197231,0.00961010316369539,-0.481071219643722
149,73,-0.754905568245148,-0.0635195682323897,-0.0143127614587532,-0.374371448677886
150,73,1.44761025241758,-1.60952244064938,0.880394516629347,-0.717308562010246
151,73,0.643443415378199,-0.339572611497719,0.963898785677393,2.1997825889502
152,73,1.0350696254506,0.225323430626779,3.15836191612415,-0.709128439278833
153,73,-0.523579356893369,-1.18290679746118,1.9330763618584,-0.0732844146003813
154,73,0.636625027502276,0.783759170503941,0.349855743864102,-0.578873281968116
155,73,-0.806956926501995,-0.648339439099074,0.34132812432207,0.722223943977762
156,73,-0.963433120959868,1.74307429740358,1.01247723610342,-1.13855668169554
157,73,-0.431800128865036,-1.11049077743621,0.709440424165133,-0.146000010142603
158,73,2.1931899391216,-2.03590766795246,-1.00261912142047,0.183744171796912
159,73,-1.05967877849406,-0.896091278007598,-1.26027329555826,0.5434600772966
160,73,-2.62803459917959,-0.395896922780345,0.618760791336057,-1.34092930032402
161,73,0.818009818254196,-0.813174327320009,-1.36729280950047,1.08181853259619
162,73,-0.288840030952532,-0.156781706027187,-1.55782175526025,1.16261698690591
163,73,0.528603920920621,-2.02412016334502,-1.46253953447118,0.753037440385191
164,73,-1.06286029375957,0.359152171124321,-0.727815768324838,0.58945232004725
165,73,0.265661241135608,-0.426681552114621,0.255804274597677,1.5081528651125
166,73,-1.644941137954,-0.319257398275689,-1.4686828185907,-1.43255187218946
167,73,0.28111707056782,-0.294156658772258,-0.0935342768700953,-0.257210062660872
168,73,-2.04051310931519,0.042326664803209,1.52176670359807,0.797661481378484
169,73,-1.72009172806951,-0.594154818988863,0.497174713168378,-0.331570346214816
170,73,-1.24258741448647,0.664014410865029,0.649232394972479,-0.0970306232595793
171,73,1.24306388821176,-0.236073788526516,-2.51902961737258,-1.51436679828622
172,73,1.33271239682982,-0.578936524334668,0.724125265995113,-0.799377638926092
173,73,0.590199541561606,0.893049199808552,-0.0412180968139624,0.132328930045248
174,73,-0.131261319804727,0.153026337149686,0.167120602607715,0.183792728615143
175,73,-0.587341300501897,-0.855783588555503,-0.323048134285423,-1.84841467125778
176,73,0.853884727614379,0.290452555270864,0.828381731063489,-0.703694731568008
177,73,0.563695806025119,-1.34065920658364,0.682627446631251,-1.30558795174433
178,73,0.87150982562456,1.24101793404033,-0.914150886440599,0.670772883763812
179,73,-1.25464186507356,-0.823725910893416,0.982644789988007,-0.499376058856737
180,73,0.0815658746477292,0.46499524473634,0.275861802507782,1.02319228669389
181,73,0.00724385790257573,0.866960238930886,-0.141023051328028,-0.666517495119541
182,73,0.0528515371084648,0.583837467097299,0.907756674772068,-1.36228583923378
183,73,1.18014888779136,-0.505673670800807,-1.04769153250707,1.62316985573442
184,73,-0.723812140593541,0.061457769160872,0.627736704363692,0.363075382690128
185,73,-0.783324208376216,-0.0455465265352068,0.481302922082716,-1.03632600548642
186,73,0.671978372975764,0.267059523306038,0.617487033209029,0.387547144318243
187,73,-0.644059210102399,-0.431909262046639,0.233558764621751,-0.202211648133398
188,73,-0.523675205970979,-0.183381355436113,0.396701071265664,0.898858827126581
189,73,-0.224910290139556,0.166135139012843,2.36910223579598,1.70967450850742
190,73,-0.602640767256416,-0.722754718664717,0.283141218534532,-0.107174668292554
191,73,-0.750007889863974,-1.48084964376394,0.0787612179778254,1.10410190555886
192,73,1.3224874712605,1.18532463073767,-0.212573452255075,0.727804851760341
193,73,-0.0359605516429538,-0.402110841769879,-0.640229127446515,-0.965791907806256
194,73,0.374294810179228,0.23478823771057,0.678627912813349,-2.69794923900792
195,73,-1.18220859277102,-0.812726942535995,1.5444654184093,0.783150786590318
196,73,0.515287771390258,-1.03119381683281,0.796433626807078,-0.619578119996843
197,73,-0.518909489546415,-0.0982564236071318,0.103098289418544,0.0214605763737901
198,73,-1.27380509377915,-0.775942219037034,-0.127731100096234,-0.468696369315615
199,73,1.47791537540907,0.499821915844436,0.712559267362546,-0.368786863539412
200,73,-0.731649089239863,-1.21592049863993,-0.832905218561089,-1.77570975923365
201,73,-0.81192588105963,0.408619522637048,-2.66650759405818,-0.363793095354562
202,73,-0.51193245005246,0.120316169475824,-0.799221970343496,-0.946583809788454
203,73,0.204885207207913,-0.278067332429627,-0.282978441729147,0.277528488485576
204,73,0.477368092620103,2.6183182703074,0.281849288878003,-0.548763871245933
205,73,0.51891139969029,0.576108526430755,-0.697910935876718,2.12387677530836
206,73,1.17690571494563,0.455704356326919,-0.505925203434893,-0.39829489609372
207,73,-1.1369296990229,1.14241693914891,-1.51092383055105,0.592766322042191
208,73,-1.03551497222768,1.25523684145296,-0.678377451530549,0.612138757350725
209,73,-0.462304070130163,-0.52611528262136,0.0436179924103493,2.09212051722356
210,73,-0.942399928458483,-0.360835314517598,-0.429582505790763,0.309841648251298
211,73,-0.757636160382456,-1.20086603920876,0.558465190259005,1.09697544150273
212,73,-0.214709855079788,0.154806320839067,1.01461019683714,0.577874452626696
213,73,1.82739228026129,-0.36740556731365,-0.474031365780546,-0.407273373747263
214,73,0.406118095874064,1.16993605977683,0.58364691645487,-1.22431785897571
215,73,1.51873095425959,-0.454407392670799,-1.59188193197247,-0.412972696120181
216,73,0.79427903917875,-1.24229960927718,-0.0662933773432869,0.849046032631006
217,73,-0.283346734563289,0.833407862233201,-1.69725127770319,0.867732559240394
218,73,-0.68753255156812,1.22305062363513,1.7834898830301,-0.656504744209775
219,73,-1.89922775904473,-0.384779203765162,-0.895474874112624,0.683781726691771
220,73,0.803946057446236,-0.0522829861910097,-0.273185083357771,1.00173307650026
221,73,-0.567656882363892,-0.204401764065715,-0.159659126407973,0.931452803025949
222,73,-1.61874831490073,0.0525998877386901,2.63551719003842,0.920175890733662
223,73,-1.48787708744305,-0.957101990863784,-0.322642759537008,-1.07567654615952
224,73,1.3621751692492,-0.0440782307674733,0.087752232512552,0.432355298690541
225,73,0.290855457623381,2.77002550612155,-1.38797557837644,-0.0532044003139789
226,73,2.21888536602661,-0.336410347997415,-1.43447051804682,-1.17148004589111
227,73,0.46904938531141,0.658499690364587,1.12512817537291,1.28797167280551
228,73,-0.126885272290005,-0.0851104924754608,1.01480882222367,-1.34541498021352
229,73,0.37867772126006,-0.986544651493861,-0.173076173820922,-1.18032542434086
230,73,-0.275840794751384,-0.691554316251938,0.0469193503125856,-0.31379718192874
231,73,-0.233726037582921,-0.202651295330569,-0.200249617590757,-0.140002008125411
232,73,0.119587237405013,-1.45710337265801,0.407762457014778,0.704448729821067
233,73,0.934136502592437,1.38906411540363,1.04264779992671,0.679402235632653
234,73,0.527588772409427,0.253867257999183,-0.515039782248163,-0.481376512996344
235,73,0.306679050726793,1.54699866142466,-0.0916819123950262,-0.920251100130018
236,73,-0.946354156610849,1.32739135560467,-0.445242627388017,-0.411218881648647
237,73,-0.292619428835577,0.350459667070657,0.174424565919833,0.794070414918759
238,73,-0.3301536437471,-0.673048151314303,0.694161333114755,1.06876024243895
239,73,0.663454515881585,-0.7421701602257,-0.740834013191647,-0.603632573657844
240,73,1.14983969501344,0.446593707474809,0.785370855699256,1.40489292770739
241,73,-1.49494719931482,-0.706392282687648,-0.0796254943584822,0.506538101962821
242,73,0.0676128347040424,-0.331558917623011,-0.041780442459613,1.05209899285274
243,73,-0.135470065734018,1.38597537359353,-0.477117728989423,-0.0889266697963549
244,73,-1.35912895350458,-1.18392682985535,-0.912790003129328,-0.86992104861966
245,73,1.14069864846719,0.513597267581088,-0.0200793642899841,-0.511599497025612
246,73,-0.516683000174188,1.0918768768537,-0.664949751128154,1.63572682833934
247,73,1.30517535379806,-0.827975266199589,-3.05459090679949,1.90189898445339
248,73,-1.44473094054031,0.180731278526215,0.0462858909058075,1.27072968860011
249,73,0.120358455221769,-0.437413847775612,-0.520141248380117,0.198843194862438
250,73,-1.16060539352257,1.07678087349538,-0.155351022946329,-0.223038811743315
251,73,-0.306350344817375,-0.364046744056809,0.542091397432147,-0.427978223227844
252,73,0.338150335506679,-0.0847205639786871,0.343241253105137,1.43966890804717
253,73,-0.201559837357598,-0.475727976976083,0.910576948962561,0.591684641684662
254,73,-0.364496335264607,-2.37664575456026,-1.01428696871658,1.94417872289874
255,73,0.364686848742882,-0.064773210712589,-0.91118276414344,0.229492982014786
256,73,1.03682537689398,0.796847838268044,1.20550065596661,1.11757861175239
257,73,1.53566723443745,1.10104709070212,1.10218497563076,1.45831201175184
258,73,-1.55022473058121,-1.14431443082479,-1.11049362945097,-0.262044355642062
259,73,2.63316423614557,-0.230253960131725,-1.82106699993922,0.0537048889741595
260,73,-0.989538998327263,1.51223193795926,-1.6373788928089,0.643639898946375
261,73,-0.368255070217749,-0.0406201752056787,-0.605491312952895,0.0946621020834136
262,73,0.701935907803162,0.19475572783728,-0.850836398564091,-0.978300756573642
263,73,2.74392625707693,0.948868053562976,1.57124725380523,1.93878460118824
264,73,1.1325624004469,0.979070584718794,-0.393658282429077,1.57412859919892
265,73,-0.0892239218244749,0.475314168381806,-0.2541607821921,-0.457330041418051
266,73,1.18981847280713,-1.06244954395383,1.59729702188717,-0.581035082664825
267,73,0.660754644490813,-0.0926774677589092,-0.651557208284922,-1.16885600107082
268,73,-2.02529255581566,0.581935780584169,-0.0805557843337678,-0.396861969488425
269,73,-1.18482135025152,-1.32448311380195,-0.311227162548323,1.3294913716194
270,73,-0.364414537703408,-0.0358437317931458,-0.655943559880865,0.892650980093703
271,73,-0.362406435277256,1.26195010716559,-0.435716076027632,-0.454598088222002
272,73,0.649024103266952,0.342530816283517,0.206210820651189,-1.18837474088368
273,73,0.106250396371971,0.769858894473486,-0.738604289607025,0.196749921885391
274,73,0.882159887404587,-1.75415864379815,1.00443304296687,1.99459750759904
275,73,0.0118450020463448,-0.557796242865953,1.57664410681238,2.0169974870886
276,73,-0.0239592067562933,1.60770345861265,-0.599540997931077,0.248717932466599
277,73,-0.442765948257314,0.876806160175559,0.134459818781464,-0.148420959263496
278,73,-0.182059785505903,0.970127533757747,-0.825523078833747,2.61186961800775
279,73,-0.26390485324608,-0.984951409682342,0.774799789214114,-0.252347093221814
280,73,-0.809147905459807,0.777364805299468,-2.33473258475749,1.02429960941518
281,73,1.30362081477611,-0.187946164920534,-0.567165751077274,0.678944653857687
282,73,0.128524617998436,-0.640634446355478,1.74679655374371,0.266684224496322
283,73,-0.406034323844396,-0.88732229715749,0.0726084013912553,0.0599557363794353
284,73,0.646983127198777,0.693675424326619,-2.75044413164949,1.04329379556228
285,73,-0.700556338201287,-0.190954930911959,0.567126245247063,-1.80148635944785
286,73,-0.350344293128106,0.854370926905401,-0.748669838190918,-1.38176862635108
287,73,-0.0472570848561766,-1.85551977428091,-0.75574613987589,0.249752532175783
288,73,0.00437469065888205,-1.08590582091636,2.35228601241062,0.427270973462399
289,73,-1.19806508340548,-0.545474770759474,-0.293502885482981,1.47360989027682
290,73,-0.383127808919669,0.247918280140558,0.996241382371342,1.24135153796989
291,73,-0.414759445303882,0.384987329522207,1.80505495878099,-0.275073172468287
292,73,0.621146834883297,1.38288476109152,0.454972183121451,-1.80811939347863
293,73,-1.97324881729844,-0.591934247296414,0.569366788636356,-0.548839466881708
294,73,-0.681804149032674,-1.60508014233768,-0.248450036437862,0.178207134877433
295,73,-1.0287406230296,0.217003140461381,-1.40545932305184,-0.827385464693554
296,73,1.49577802815857,0.637342288845727,0.103627876345297,-1.1385561363681
297,73,2.23771844412188,0.583631964921441,0.0174925993520421,-1.63104098166542
298,73,1.25177768242993,-0.753559220147973,-2.49640858195025,-0.106507680693864
299,73,-0.190731566295105,-1.55010948758214,1.20017104338626,-0.0634350005017069
300,73,1.64377025890632,-1.98423428107986,0.671728131774715,1.07310083891046
301,73,-0.432202099180467,-1.82964952334342,-0.941814019708481,-0.818808509366068
302,73,-0.538586136707558,-2.10156872603275,0.856457724676329,-1.18811803958063
303,73,-0.69460226270307,-0.0692554327907327,-0.675408435691212,0.528574521067965
304,73,1.6357455953589,0.212044963677394,0.175934652299154,-0.686049185123637
305,73,7.20378548475587e-05,1.33755155948036,-0.29237528920194,0.338514232486643
306,73,0.514420914106153,0.0153770118709584,-0.673297299016478,-0.61188346704397
307,73,-1.05340579444159,0.466284872342639,-0.250855767467472,-0.146962105528426
308,73,-1.25495129063973,0.146627596048948,0.817107484133847,0.0248129335409642
309,73,0.594553896863517,-0.976252757375971,0.771205330521227,1.67992039777644
310,73,0.36192990712832,0.658242965323615,-1.88469524878568,-1.77608886066318
311,73,0.630447067138543,1.7466238306438,0.0803464039711936,-0.0684340820409894
312,73,-0.361644027853144,0.504807128544391,0.135021827133133,1.02870133425678
313,73,0.917642694775921,-0.77256936868426,1.45603413187055,0.906165599577559
314,73,-0.693193674056871,0.501566548649099,0.254375853407106,-0.73216533188779
315,73,-0.0525633193442918,-1.36583350160634,1.46109228651339,-0.591737480695468
316,73,-0.421401792168481,0.333256850495722,0.856164274433524,-0.104850012884418
317,73,0.772231854832657,0.59350029863295,0.663700666094583,0.46578200475492
318,73,0.416112298009908,-1.50166833642238,0.84379033193434,0.403698935265435
319,73,-2.31154229271898,-0.704568916997207,-1.34494189890386,0.354382273121326
320,73,-0.118990104198148,-0.230304629305024,-0.48571689961796,-0.107663003734258
321,73,-0.963048482819696,0.242136730726265,0.240836967421941,0.231172524030956
322,73,0.861420052731801,0.19947943993312,-0.603956612745689,-0.575197331999078
323,73,0.359878813968081,2.205646575465,-1.36911745026112,-1.5081076605245
324,73,1.533499650862,0.192954470282792,-3.71702462712539,-1.08632313012914
325,73,-1.66192609611976,-0.973910363815396,0.176443777493966,0.607364351748611
326,73,-0.0437955424110375,1.00111181158346,-0.330712169154577,1.96824101102354
327,73,-0.343901962413421,-0.298700644894003,2.26310763042966,-0.563323408456148
328,73,0.490626331161351,-0.948927950123537,1.55713319473321,1.69781574472852
329,73,1.48516471379475,0.562398167017741,0.389783912266371,0.790070231305
330,73,-0.3777667317907,-1.5033463251318,0.403500349554498,-1.95877639896667
331,73,2.55404898827541,0.756875270910371,-1.92115621188639,-1.2045821348919
332,73,2.02882701319925,0.264506495807359,-1.83017345795522,1.0521534081216
333,73,-1.81963187346484,-0.273106134706337,0.835139896928444,-1.85743446876214
334,73,0.0146943974102945,-0.849158885676954,-0.974379036307189,-1.55070756516142
335,73,0.543320467726478,-0.223819631948677,1.62009275503759,-1.06901639671743
336,73,-1.84340513888691,-0.419731643664776,1.6047257465083,-2.13355989098147
337,73,-0.175620896714507,-1.50325524299317,-0.0544415817105135,0.510237556593364
338,73,-0.602294489968617,1.16830987843138,0.194270765068404,1.04531650564084
339,73,-1.13531632425649,-2.65669792040988,-1.24861242919731,-1.73852311095187
340,73,0.221135726853514,0.0105046684912072,0.580640924531043,2.17171354644513
341,73,0.291851916063502,0.238681435354128,-1.13211522854319,0.0610858194062228
342,73,-0.382591878661503,-1.32639640664568,0.912543819564901,-0.13416246129055
343,73,-0.684505725363315,-0.120333730515044,-0.175524141646451,1.72678454788862
344,73,0.0390588233497145,-0.0181644173511795,-0.212996333948115,-0.868291977112585
345,73,2.71810728872007,-0.924538926774489,-0.0842932733489436,0.840412014449903
346,73,0.856769373707694,-0.202077983974207,1.09736617923546,0.677470086991223
347,73,0.607026173866758,-0.535892776034756,-0.583763610717087,0.737047636969642
348,73,0.667345866999146,-0.0597023334655432,-1.13669180910511,-0.391652928445993
349,73,-0.329745048424891,-2.46459057157185,-0.0270128878852916,0.823561361945038
350,73,-2.39522885023924,0.0863227949114429,-0.91838997390735,2.03952031708052
351,73,0.303354498379736,-0.0241343191162892,-1.1097615307128,-0.214001809771828
352,73,1.71114581830925,0.596161441287271,-0.508022116695294,0.604403463825705
353,73,0.663816652685591,-0.0234414746099375,-1.11680100065062,-0.521323652462285
354,73,-0.858203164090864,-0.456918673623946,-1.37319570222561,0.301668452950932
355,73,0.225244140674013,0.235330787304468,0.703368890856679,-1.57905889702544
356,73,-1.73125105946678,0.928202397335846,-1.09258388752017,0.681117750203909
357,73,1.01193753773511,-1.2210106461042,-0.855813185475486,-2.27189079141549
358,73,0.301602659071727,1.59468832390544,-0.549235517590528,-0.835492158449072
359,73,-2.25944109906329,-0.710635350348916,0.684975003935765,0.682734297813711
360,73,1.67505623815957,0.546595215351637,1.20187544643959,-0.545954624921603
361,73,0.443653297734717,0.642811402940643,-0.520613521324143,-0.219010927324039
362,73,-1.03770175648416,1.47505849705001,0.353580446099547,-1.18381616322826
363,73,-0.843307177513343,1.70138926751181,-0.091556057780103,0.635752101455862
364,73,0.255587425744007,0.20761256609672,-0.633196736346154,0.716584308664894
365,73,1.03426683155298,-1.70256815266638,0.99871212859611,0.403875692548654
366,73,2.51480428603434,-0.527244226715227,-0.515075713408625,-2.05862648099292
367,73,-1.09402949974435,-0.573045106096479,1.42281769824737,-0.685771174062842
368,73,1.81187980845409,0.455372108098836,-0.0453361518957845,-1.64373841894214
369,73,1.1763246907226,0.599963927494439,-2.01968074770763,0.075022338406919
370,73,1.10677578041198,0.46905023798392,-0.707499898385615,-0.194610131851885
371,73,1.41263534294555,-0.784277725737314,-0.0795792192781336,-0.296609870712624
372,73,0.0812324552426578,0.492814842949835,2.46437093070435,1.84638846807216
373,73,-0.476903285659346,-0.0491879585513755,0.12845074875105,-0.119894786810381
374,73,-0.346964501869408,0.601746521094809,0.437265410700597,0.295706439586351
375,73,0.326921186117528,0.592496791932204,-0.630516541559817,-0.346836958480475
376,73,-1.48913804999694,-2.76171920070892,1.38758188510441,-2.83997697945308
377,73,0.384119300839035,-0.653274134037195,-1.9151725109153,1.7630048880922
378,73,0.127796285456576,0.871786536614277,-0.688314758186129,0.434552156705827
379,73,-1.01848719474533,-1.49232487163167,0.597320016364758,0.226312131397631
380,73,-1.87806780913552,-0.0592170556381668,0.099116390310888,-1.22735806669135
381,73,-0.0788322802586443,0.116127818328701,-1.20712290905847,-0.272669051699829
382,73,1.20889280015408,1.77821239313564,-0.469476063245385,-2.16261515167881
383,73,-0.627341647738831,0.879736989388772,0.960059458956038,1.22326771126819
384,73,2.01071233051592,-0.0643939204832976,-1.47661695012597,-0.240695629017167
385,73,-1.16949696206093,1.73871426582557,-1.46320386695724,0.133507767534052
386,73,0.28496866989241,-1.86302611622618,0.401916411086666,-0.527161811417189
387,73,-0.20346856674884,1.04829323473864,-1.9478267511636,0.120193157902869
388,73,2.02882668000262,-1.5493216146922,2.55264588255333,2.24996834889482
389,73,0.0462938732351275,-0.233936514437669,-0.161826554641297,1.1033600048903
390,73,-0.647676623761941,-0.238445306897417,0.65127814429257,0.667161952004209
391,73,-0.33799936164953,1.20684685213898,3.77248065698521,0.212565652010149
392,73,-0.201110073819394,1.04830720143276,-0.846370740435819,1.02286865760278
393,73,0.375563459588563,-2.23773564164445,0.5205871812452,0.836170907285946
394,73,1.36533019652935,1.78946476884507,-0.794822397962396,0.726625641122379
395,73,0.409185337202707,0.446332341526343,0.230665040278154,0.713741997399984
396,73,-0.64675243919934,1.07414574626855,-1.5807596180011,-0.693981304646325
397,73,0.787478911022178,-2.58508857002213,-0.747256902627663,-0.186278508406511
398,73,1.5164689071063,-1.27309426498203,-0.680974295389172,0.39290699651429
399,73,-0.660523549033672,0.687943907249914,0.317910203423958,-0.422139420585408
400,73,0.308360800304515,-0.704458838684849,-0.484753219475484,0.941199779551936
401,73,0.887791348223436,-0.391805256288816,0.00635520226443881,0.817685407718717
402,73,1.19431885445581,1.25002486262593,1.46232829392479,-0.360733540244285
403,73,1.01367561362123,0.339008331819925,-0.197125116636655,-0.0954555386174706
404,73,0.603296786116727,-0.130689879867238,-0.304509123466044,2.3845974463684
405,73,-0.695210439095541,1.44714898467101,-1.5788621738455,1.61293952819668
406,73,-0.541027333801283,-0.468792890535076,-0.577212641686529,-0.00498564941861815
407,73,1.41323942307025,0.0830694963012222,-1.15831880035381,0.535941472600337
408,73,0.440419270086804,0.686267746933218,-0.210550638982932,0.929132274715689
409,73,0.662558176182257,-0.305243168180859,0.295383300038992,0.572397667931984
410,73,1.49140135587167,-0.742953270132983,-2.30672617817628,-0.110386780090923
411,73,1.19273064119041,-0.983296805052265,-0.377956041172977,0.737481973560204
412,73,0.602412105352629,0.77332049460625,-1.30960651844363,-0.269285153133235
413,73,-0.608249352884286,-0.346267389252001,0.139287765921005,-1.71292728311959
414,73,1.55652250566497,-0.520868598210433,0.253184054412854,0.727433244164463
415,73,0.0679840109507567,-1.07119818747642,-1.3053004719344,-0.0432184504410111
416,73,-0.397941722919242,-2.20985753051067,0.440819741797717,0.500859461722981
417,73,-1.85542206604675,0.212747337453086,-0.528644031749077,-0.973374670348733
418,73,0.252815588560065,1.77518809562524,-0.560168303384119,1.5188227997325
419,73,-0.116995310226622,-1.27155983227828,0.307777982017858,-0.866658948610859
420,73,0.766859848928276,0.291682976647193,-3.49362084306534,-0.691291397629153
421,73,1.15019023043719,0.775218608311014,0.519660318960235,2.40188458605229
422,73,0.396366952232724,0.54335943264579,1.26445071759961,0.0725653825724597
423,73,-0.290257220802274,-0.438705375514976,-0.455503948802043,-0.797592292730267
424,73,0.604537870110395,-1.97315695717808,-1.24390559916911,1.18140185372432
425,73,-0.680039576090075,-0.308043235360933,0.009414815473682,1.16988731066179
426,73,0.357152864095228,0.645665787193987,2.03986686623709,2.96022446297023
427,73,0.709775013464868,1.42184832126173,1.0793036988886,-0.174031880631809
428,73,-0.607914630656087,0.0671004347214632,1.60622449242838,-0.63877985168923
429,73,0.0591039595772047,-0.329964568715524,1.00836767139809,-0.579683164868825
430,73,1.6609833974246,0.331432843140146,-1.30087744675204,1.938185313724
431,73,-0.406140875141138,1.21823019326516,0.379514616589234,-0.215221498514485
432,73,-0.0321877497944471,-0.91091273302344,-1.44283641524187,0.339869333647284
433,73,-0.0768401554060544,0.86908413932772,0.659588925407455,-0.0322049883135277
434,73,-0.21842227193289,-1.46050784538335,-0.76420285537085,-0.0516332936343341
435,73,0.474558641260678,0.667027795253773,-1.66130619477198,-0.698284612329441
436,73,1.75334342812157,0.910484646234933,1.01881542271408,-0.551943669777909
437,73,0.0866320522024401,1.09098602668795,-1.03622156351161,-2.01152806822357
438,73,-0.45352390387847,-0.572317919469671,-0.275033268891641,1.09545080238559
439,73,0.0408576740432736,-0.302904853351595,-0.287371709162735,-0.227039239551624
440,73,-0.637858409614776,-0.325372224482702,-0.508935441823982,0.800301400835941
441,73,0.1059906817082,-0.39329210252644,-0.160951080855125,0.550676904833014
442,73,-0.497719347729919,-0.902557267734233,-0.580768557041471,0.00601075483708039
443,73,-0.945734950680997,1.53114771451778,-2.96387701500576,1.63437559100423
444,73,-0.172608113628755,0.316015854573038,0.0451889992048978,0.611016281771817
445,73,-0.723661980698364,1.0492781540343,-0.346783971589527,0.576731487410822
446,73,0.186461707827062,0.0501824345332971,-0.302485762192265,-0.485317785898361
447,73,-0.110661075926191,0.424094403335364,1.39388209083109,0.236207367732957
448,73,0.445607040071144,-0.19782722827498,-0.121450964743292,-1.21659489833451
449,73,0.296881344675224,-0.578510895041943,-1.87232186404831,-0.289804483860168
450,73,-1.20436067394795,-0.605847938107865,0.531479266333005,-0.94578783088207
451,73,0.826511610797177,-1.41225742463267,1.13864306303581,-0.473095944822168
452,73,-0.268988417850069,-1.61055825510018,-1.43610754433684,0.299842655352499
453,73,1.10722990779925,-0.331328916460137,1.37417873740904,-0.605295093410053
454,73,0.88476392216219,-0.609826223117081,-0.300444793904676,0.427646189692717
455,73,2.66676597247765,0.138326266245223,0.88968683230436,-1.97666339468606
456,73,-1.01795446544658,-0.0656584675559337,-1.77561150761605,0.543654607243368
457,73,0.890534249526494,0.819739778790271,-2.49253677486421,-1.67827463481281
458,73,-0.0628019434641656,-1.03822587358528,-1.43423769219003,0.401170710418813
459,73,0.39516501879742,0.179588496290088,-0.0576860163132672,0.974030382667009
460,73,0.256845671385647,-0.187574434283868,-0.0488562103171418,0.38019373200639
461,73,1.26886081592822,-0.759079725914953,0.930566019838499,-0.546753696902162
462,73,-0.535991304677596,0.872496556025253,0.331220988830531,1.68563663549042
463,73,0.459643200920055,-0.854807942393153,0.62497131295238,2.39919081672318
464,73,-1.65750806298956,-0.130356103427148,-1.24951431511093,2.59842386368419
465,73,-0.0505675026860097,0.265867434541736,3.26199502537577,0.948962032211233
466,73,0.45727594929679,0.25435395224496,1.83838975287295,0.344514316799224
467,73,-0.662347273203256,-0.0892432461281859,-0.322122818014903,-1.5686381396458
468,73,0.169180573763031,0.0523055028800209,0.259172182985933,1.11892744585375
469,73,-0.999614588089824,0.631635982891616,0.856614404780582,1.72912407256167
470,73,0.941654642460564,0.34434914726466,-1.48153669430129,1.64250187711072
471,73,0.0277497666746904,-0.200584458131763,0.542408241613851,-0.431391797044675
472,73,0.544320707252319,-0.0119219500188964,0.527062349155262,0.266288973742609
473,73,-2.51018213933327,-1.7970108566762,0.197649642058079,1.16037726833197
474,73,0.809999283279286,-1.52042003826279,-0.104430658435096,0.79222711934975
475,73,-0.113659254892742,-0.199879512052611,-0.218001740020745,-1.209680914124
476,73,0.150029178736497,0.347867643213718,1.33705986676659,-2.97321046103436
477,73,0.13259594800377,0.16955133026723,-0.399743731600118,1.1103316798692
478,73,-0.0913727967874132,-0.12012440502281,-0.902645385345776,0.368699703371764
479,73,-1.5090810331465,-0.975280362180523,0.126417287351629,0.588677973052049
480,73,0.270664359377268,-1.29151706205322,0.076538369080411,0.0401133988081522
481,73,-0.336368468429985,-0.0258985821425614,-0.864866211980448,1.77674191820828
482,73,-0.371191510829492,-0.652804342744224,0.551974966415735,-0.164998608050978
483,73,-0.171630587400569,1.16089273300967,-0.251592776176922,-1.32220530390664
484,73,0.59406568281711,-0.760686839508046,-2.16838337769533,0.420589667708036
485,73,-1.1910927791313,-0.120506896324801,2.06007168738913,1.23353505730429
486,73,0.0125915179498263,2.63400455391049,-1.28106949984972,-0.0376480719865456
487,73,1.67688141669252,-0.548029289783096,0.218354069369382,0.930603836347499
488,73,-0.0840158380151384,1.05954962439781,0.33641502038701,1.62921013216613
489,73,-1.42498846646079,0.627414576171646,-0.458162836571868,-0.227298674200997
490,73,0.148199903911844,-0.567859610304226,1.89447448070827,-0.499463935140562
491,73,0.535656720876712,-0.364788342433351,1.13887968489222,-0.81909997761239
492,73,1.06223936215663,-0.698607170532587,1.07032964131798,-0.710084481850434
493,73,-2.03832027842605,-0.652052247566321,-0.526088039463503,0.583433136474859
494,73,1.59943002750924,2.36189884465573,0.164041572778105,-0.911749409023131
495,73,-1.752207862943,0.100517347383362,-0.221259933036354,0.756169468243902
496,73,-0.386572169690554,-0.774726798244231,-1.00465272498241,0.0266788210113502
497,73,-0.81169112527573,0.833239737658913,-1.2270599102173,-0.300323833760704
498,73,0.563774313073894,0.662623757758339,-0.142644971598604,-1.20266798739941
499,73,1.26896462838974,0.336834925212431,-1.16223539197317,2.32619962957261
500,73,0.00522339154683703,1.6806547659326,-0.645578748290894,-1.01849549290616
1,74,-0.91586654405042,0.17588309524372,0.176126353624265,0.581699578594884
2,74,1.65079295849845,0.0056680517394197,0.0757943985616835,-0.147578427065373
3,74,0.60058525638373,0.628690163878637,0.654339106275781,2.02692906118806
4,74,-0.677877933103015,0.454193817978432,1.53088984830955,-0.667855271916082
5,74,-0.256205586806763,1.22813261562505,1.03091686508548,1.17764358518386
6,74,0.473205465218769,-1.58162371565731,0.66270201557959,0.403982349398857
7,74,-1.12562401124117,0.531691385737041,-0.959038907318008,-0.34661107935644
8,74,2.59057487884598,-0.96598213919096,0.333777349438779,0.568497640949139
9,74,-0.652513691814255,-0.0986573792904551,1.46583997900819,0.848579036438405
10,74,0.715178212662237,-0.0776365967995519,0.735318933874908,-0.749181559627994
11,74,-1.18483768431948,2.12864173777901,-0.379458190587754,0.581590045756481
12,74,-1.48380572006109,-0.114514649522329,-0.346019894169051,-0.455721033857326
13,74,0.45833626069487,-1.01079611444203,-0.0366081444486894,-1.80378900794374
14,74,1.20954969578457,0.0333118096282993,1.13909083447195,0.146428719054014
15,74,0.113629179757373,-0.159091818797039,2.12194328401733,-1.64778956444674
16,74,-1.1580375590633,0.720935774994943,0.207061645554971,-1.44768391644271
17,74,1.20204476914994,0.634139238796324,-1.33401865102332,0.272487526185774
18,74,0.381864571183901,0.360459615344454,1.38858983714484,1.76457826189629
19,74,0.715147183923874,-1.01234809363342,1.12230650853915,1.09727010179177
20,74,2.43308256921521,0.718665819055857,-0.974972270609328,-0.20518945380172
21,74,2.33549890250467,-2.12306602664692,-1.54244291330863,-0.542890758426064
22,74,1.29607406479695,-0.327054592071135,-0.561290404288732,-0.188065065889468
23,74,0.434755993553313,-0.838860772636322,-0.750566714184116,-1.1983372177624
24,74,0.193697924800125,0.203251926778572,-0.562366052995821,0.849135502103757
25,74,-0.00780333214318751,-0.431034607991257,0.136643912896869,-0.964214131570663
26,74,-0.150560290135001,-0.633347085104463,1.16206951039781,-0.542372631051184
27,74,-1.07729117960977,-0.0471567247266366,-1.75525693510403,-0.397675368095756
28,74,-0.594240840824407,-0.952158581989408,-1.49916257286269,1.89364052376619
29,74,-0.447816604753001,-0.313498304388693,0.155043745324562,0.725320961871915
30,74,1.36935951080699,0.367619029467683,1.97994636753989,1.39257398183429
31,74,0.123032126871251,0.0515883676394608,-0.152195761290802,0.889488663057828
32,74,0.110023809565154,-1.28420542596025,-0.312179307909797,0.94223598926292
33,74,0.98417583989578,-0.715983338188376,-1.02135658316011,0.631881476505466
34,74,0.497515276901684,-0.214442863589552,-0.0856554589764027,0.938344590153913
35,74,-0.756896303574401,0.263737707712516,-3.4216556499276,1.91580201210564
36,74,-0.279803519133518,0.0553504241280111,-1.09560500727514,-1.92126508373306
37,74,0.543622796642331,0.34655979304013,-0.26091837697936,0.549276262154492
38,74,-2.41895972332128,0.282877096430461,-0.739838267184334,-0.219511236179676
39,74,-0.404407374962935,1.82675024531349,-1.1209145495568,1.12013381583845
40,74,1.41345657990456,-0.661057267428503,-0.949608311201395,1.3226761265556
41,74,-0.962214804475709,-0.228732637228432,2.26544110732336,-1.59818811123722
42,74,1.17026863784017,-1.33458045686111,1.53102454805715,0.107042941022304
43,74,0.000531262353879944,-1.95324279247551,0.893981817240318,-1.01042923345022
44,74,-0.32591259081512,-0.952279761147876,-2.02767153511136,-1.04252530550955
45,74,0.565624991692293,0.899520549203878,-0.872080887831031,1.27930016474955
46,74,0.801721048879608,-1.19926722970421,0.799605904622076,-0.76007096549823
47,74,0.718947266695588,0.955462478191998,-0.105618858354694,0.281634207449484
48,74,1.97273859741171,-0.290633646841731,-0.54045324175794,-0.7801764245288
49,74,0.314451626134251,-1.02644601774358,0.567968235555658,1.60747453779395
50,74,0.210654296248216,-0.333909544008063,-0.903429934104264,0.00998696043605075
51,74,1.27925234541304,0.384533002370179,0.822063458609189,-1.65542173796219
52,74,1.17110566983131,0.175871082217628,1.21827492046417,-0.380996536808835
53,74,0.163070715459439,-1.01896940056212,-2.13234840514892,0.190638048786625
54,74,-1.55264491140151,-2.3184443979393,-1.18263477947142,-0.313309712448527
55,74,0.06620294675304,1.12934870859222,-0.17031827077093,0.610359421979711
56,74,1.37369194115129,0.813415058292082,-0.294013054638642,-0.393977267021863
57,74,-0.803676904130617,-1.06212008796655,1.54219530620319,-1.40991461722961
58,74,0.42625473204713,-0.736703004183842,0.865985420865143,0.572307396390954
59,74,0.89617875124946,1.18281646161593,-0.109284592575282,1.10045130481266
60,74,0.256729386569859,-0.342754463169605,1.25916742071744,1.41495991377288
61,74,0.251888387436277,0.420369816475754,0.574978966448457,-0.0790941591243517
62,74,-0.325599778651651,0.760077249721344,1.14260236777944,0.570958786176172
63,74,-0.887987174659841,-1.66015520824555,1.6288847702788,0.131089687183848
64,74,0.301867367515293,-1.33286888056504,0.198439573100908,2.73306924809879
65,74,-0.431588142056001,-0.933209484225871,0.700220510410917,2.03347294733271
66,74,-0.985585578544012,-0.190558787266036,-1.39325678581209,-0.267030553712952
67,74,1.32345506806614,2.72694806294651,-0.0215081860757077,-0.988742172811131
68,74,-1.53234699783985,0.945241133890339,-1.44355360708842,0.69211947805484
69,74,-0.186845545120481,0.5701922204242,-0.575023680998922,-0.378001103652469
70,74,1.13011481416807,0.392799637027579,-0.129132991514912,-0.914451137651265
71,74,0.653556679020029,-0.0743093760033993,-1.26931876911782,-2.35044440708215
72,74,-0.250398183195032,-1.24963926929324,0.239064509567626,-1.10634780638365
73,74,1.16136626973416,-0.696478185729126,0.147954755013397,-1.31712065420196
74,74,0.88157979573274,-0.050260950575184,-1.16386430681282,-0.381091676592768
75,74,0.032636932316804,-1.48349402933076,0.332997260270373,-0.593021119614872
76,74,-1.01016232527249,-0.0363552017402266,0.444882553931847,1.02083721572284
77,74,0.386594946244782,-0.67090887156259,-0.365762176732011,-0.900972587453931
78,74,-0.928426232048811,0.784861218282787,-1.43758961954769,-1.97338075949514
79,74,-0.349425302181445,0.797254636425787,0.192161350404457,2.16299357870706
80,74,0.67937407583397,-0.717522132878193,2.45694491407962,-0.928734498011003
81,74,-0.602611532862953,1.61093818017964,-0.475901446258326,-1.02730649639935
82,74,-1.01208845673827,0.153266778974202,-1.16660885259103,-1.25147376878887
83,74,1.08480887132962,-0.329796888624566,-0.0761676062554,-0.823254541967945
84,74,-0.186135757701912,-0.0748194717742961,-0.179629247851294,-0.113651801090752
85,74,0.838155993516314,0.316847343240401,-1.16123296429212,-0.0364348933447208
86,74,0.0366678684541661,1.26953989241726,0.755992970770149,0.645138434483602
87,74,0.58120206138603,-1.62712691011805,1.06190867786886,0.366721068806877
88,74,1.39335634078274,-0.5314388427632,-0.657231259536993,-1.12453163970742
89,74,-0.570843128080266,-0.300803767097692,-0.285176660825068,-0.511763842084096
90,74,1.12084769435835,-1.41122346899946,-0.217476950037608,0.685943710125789
91,74,-0.890163837771113,-0.332781015787625,1.012579214766,0.743500074363476
92,74,-0.263413659822177,-0.923476437676774,-0.651836790534623,0.202927658579133
93,74,-0.957997977243728,-1.05524664964766,0.924056135983905,-0.467926829818053
94,74,-1.39089657631517,0.355232873272604,-0.744092074333017,-1.09112015929243
95,74,-0.264156023238949,-1.0656721609879,-0.427177439816141,0.374732738291544
96,74,-0.847508973946845,0.594755990259603,-0.976913873050951,1.13090866290659
97,74,-0.821648309039275,-0.36461894736434,-0.918234378760175,0.12183329334692
98,74,-2.60529196044079,-0.647499106170766,0.799589441607043,-1.05428347590786
99,74,0.374115647384989,1.77757379852963,0.632009081770998,0.797582180323511
100,74,0.228254224495382,-1.42718771227012,-1.33741661187401,1.39021994989005
101,74,-0.704154738847832,-0.432851886952473,0.84742572760254,1.40203797736461
102,74,0.475663922149368,0.225343876506171,-1.12034474454552,0.315378866050493
103,74,0.261600772021482,2.06733513646486,-1.09157145167143,-0.342294573111311
104,74,-0.0989225747738927,0.578505309217137,2.13323944268327,0.647608801846242
105,74,0.273876357486752,0.151473746984688,-0.0165894536677214,-0.350853168609931
106,74,-1.86875227736774,0.541772262530445,-0.385595374100801,-0.426563634317409
107,74,-0.495166355376987,0.532790066721099,2.3902998568464,-0.629168714953542
108,74,0.513018147451948,-0.370289052636991,-0.191055290899725,-0.884017060972454
109,74,0.234827931057184,0.361933238472545,0.0983201866416369,2.11438766722907
110,74,-1.02312928615114,-0.128618394808097,-0.0894866311607729,0.395990910486229
111,74,-0.795329519873162,-0.79206776003446,-1.17580933983802,-0.838615127583125
112,74,-0.807937897070501,0.775028217118771,-0.803340528449263,1.68902465286421
113,74,1.17912468047829,0.141553742416101,1.09858168035727,-0.12731814646391
114,74,-1.43772217938466,-1.63518253807808,1.26782383021783,1.27263011218215
115,74,0.141806089408877,0.144075844602212,-0.530788662617461,0.818902181874941
116,74,-0.212197610210577,0.413131678082348,0.80285050704008,-0.840620012403541
117,74,0.641887120387533,-0.931527578704205,-0.267243803723598,0.788892562509416
118,74,1.66837727991323,0.239370156883048,-2.22401541537573,0.203952841009899
119,74,-0.919905389235986,0.0246398990311533,0.238125964818968,-0.46548052155508
120,74,1.79902959013295,-0.426390136929078,0.167283114970752,0.77481752485292
121,74,-0.733598566698944,-1.0369833841861,-0.24688281521317,-0.600788956480965
122,74,0.303158156907336,2.48797844262604,-1.81922828458268,1.15174580994732
123,74,0.307701726211522,-1.23375876013502,0.848304712495098,-1.28344545037083
124,74,-0.969000584469293,-1.50767217068161,2.25589738452769,0.721339123561803
125,74,0.312681006756361,-1.66259085556589,2.33887253717758,-0.243199180769668
126,74,0.136809985201288,0.268877026649124,0.979784133433606,0.494519151599569
127,74,-1.66480328240104,-1.96490126813865,-1.12048237250599,-0.780527116117659
128,74,0.241933187302384,0.613572023827237,0.855208126346923,0.792852361233394
129,74,-1.65751334024841,-1.61049221479854,0.837940146684987,-0.0606119414503839
130,74,0.181662656986482,-0.455184317065114,-0.673335804450463,-1.95794101240969
131,74,1.31985872507398,0.32497989640392,-0.137076785234124,0.845276516072783
132,74,0.0318332045876557,-1.85773779103915,1.35685262996457,1.1501682020762
133,74,1.09724718121282,1.11059119442775,-0.580240853714727,1.15644018044178
134,74,0.803346278968776,1.06662188535182,-0.116806564828462,-0.38919401697474
135,74,0.347787965464635,-0.941432728711147,-0.22993357785818,0.899346830561894
136,74,-0.709478994602892,0.702170109027063,1.96889251939235,1.53168769121021
137,74,-0.437756132435299,-0.785868361331307,0.352143036263802,-0.636917146261052
138,74,-0.559707001068478,0.429030102820585,-0.380314640661999,0.807709012536505
139,74,-1.35949621316205,0.308380777793147,-1.14056966731009,0.442541669601995
140,74,0.626395479015162,-1.39730108682678,-0.95701098713671,-1.35837089028886
141,74,-0.00669395686062194,-0.0977503208482031,0.920625632170342,-1.27451704916148
142,74,0.180236995395812,0.162759242963358,-1.2719562092486,1.46995245577524
143,74,-1.89061796628121,-2.80427756010646,0.311875882622604,-0.933753042549157
144,74,-0.999155216977672,-0.19080238621203,-0.689759731136547,0.597693615417429
145,74,-2.35163384815193,0.527266978991379,-0.646052959262386,1.4390347343334
146,74,0.106525417984531,0.296993058488919,-1.12404278872352,-0.177545240540556
147,74,0.277098827130812,0.698427785756755,0.62710136610748,0.763610787684402
148,74,-0.346038520660019,-1.19508230995108,0.516941301097647,-0.147980469903134
149,74,0.632740383090366,-1.98388994203081,-1.53256917802528,0.148444995512613
150,74,-1.64666468035987,0.512822192304879,-0.447277119498476,0.685878984931999
151,74,-0.329799006117434,-0.793864287316925,-0.60007598116228,0.891309646472124
152,74,0.570190862559064,-0.571399477259377,1.3865493801746,2.32564675980518
153,74,-0.708297107048659,-0.102564215767089,-1.39789209500335,-0.0475332953892713
154,74,-0.104165320784733,0.480537201908099,1.08231543399193,0.761774955092852
155,74,-1.04506831328422,-1.37403314264274,0.669737522732797,-1.99651636053751
156,74,0.762514244028544,-1.3269254535681,-1.05050642995576,0.914747507640963
157,74,-1.9178269118149,0.841979952653029,-0.757136615274497,-0.0283615154243086
158,74,-0.997061754591765,0.0355680160687853,1.07796550071587,-2.44830027806522
159,74,0.677793297418694,-0.00445395641463849,1.33065845524162,-0.797945270388276
160,74,0.403566868662486,-0.275438380569907,0.181883015690655,0.693115349584949
161,74,1.20290070377691,1.50913837840988,-0.606696503053969,-0.187512547498827
162,74,0.199544540534812,1.67186584563551,-0.376232747278466,1.50129978328936
163,74,-0.116625515470931,0.0522127599286622,0.964092024964215,-0.156616472922706
164,74,0.981860961997722,-0.59405429295855,0.643830114712617,-0.239638906697046
165,74,1.68020654485791,1.7255992984092,1.22845850234072,-0.198014577896188
166,74,-1.25973513588333,-1.08105395759747,1.17166164150326,0.23756596189174
167,74,-0.683719133239902,0.499801157784577,0.511360978640545,1.37808740568579
168,74,0.296170544658239,-0.353516559242002,0.227581590257215,0.043655964190253
169,74,0.068784412658531,-1.24915344889846,-0.536332135237715,-1.4817710594716
170,74,0.303828335742866,-0.883255685473555,-0.494960566928083,1.11957760960347
171,74,-0.453371742081181,0.525305029280683,-0.68186747258703,0.372728130058492
172,74,0.307266458906628,0.525308364503984,-1.36667893341592,-2.20082264143968
173,74,0.713845359271955,1.09260760060404,-0.820513545327097,0.477756232900386
174,74,0.474310541856257,2.3670768852597,0.981312862861075,0.776916701390489
175,74,-0.25993424451529,0.0295796001289021,-0.300472551622392,-0.773537833461659
176,74,-1.29292393143994,-1.592081639387,1.99471479156125,-0.473676748077861
177,74,0.405462117351263,0.298984088788565,-1.51322330662027,-1.01126551706066
178,74,0.0134188616431548,-1.52331537424089,-1.90577148920647,0.372485781616433
179,74,0.251445677717008,2.26376681915409,-0.374556568864804,0.244680292368122
180,74,-3.20823753115185,1.47040159508139,-1.46859062544158,-1.05251565023707
181,74,0.394786060660268,0.584623946836406,0.839393964240684,0.720674509093252
182,74,0.864394588310225,-0.63946557647489,0.0915868669976558,-1.05185710683384
183,74,-0.279376619511651,0.0923480287757509,-0.180119229793489,-0.562655141030227
184,74,-0.0582475645008811,0.700372337828314,-1.54288514441836,0.594192320548285
185,74,0.554276851020146,-0.0855549665356719,-0.585083689170225,-0.00206648216274599
186,74,-1.04489165348078,1.30271449664185,2.17894957249748,-0.768281584469062
187,74,-1.55268551878404,0.947197177199896,-0.356264623716431,-1.4070742567866
188,74,0.463147585615958,0.498189460099273,-0.0783221019896206,0.316912298714097
189,74,0.255753023697014,0.218109629108948,-1.40905525407571,0.225639062891147
190,74,0.679920255080444,0.338084330620236,0.17919155146463,0.235046409439469
191,74,0.824675742297379,-1.67497805502173,-0.0883485964232447,-0.683100328257198
192,74,-1.042769423845,0.504553170782842,1.19884768740012,0.726442163788049
193,74,-2.46474352414737,-0.519061463739055,-0.490343864649271,-0.396857381829716
194,74,0.401473443494976,0.751292415455071,0.427016143013923,-0.278927155799676
195,74,-0.471873399908933,-2.27007846494567,0.0188550769088792,-0.015786134323604
196,74,-1.24001618847492,0.664477848626979,0.415899694058402,-0.309490759629489
197,74,-0.852737056719167,0.417251957785772,-0.874960725145787,-1.19913976403411
198,74,-1.35108087442332,-1.66618851784367,-0.0128215361827297,-0.400399142223078
199,74,-1.03907783890167,-0.404992147056409,1.50262400490321,0.833435268688783
200,74,-0.195283132023168,0.214016780971614,1.1341014024355,-0.253459665899491
201,74,1.11220610550498,1.72278384554531,0.204861727208258,0.514401442182472
202,74,-1.06960116187325,-0.0755874038145605,0.891250317791116,0.682261305080966
203,74,0.972767784374078,-0.772973120442738,0.420542548331469,1.55647168096861
204,74,-0.21039514661101,0.567925265045071,1.32083439044699,1.56351353012557
205,74,0.312790520694299,0.404310383663162,1.44226625880095,-0.0145043931689976
206,74,-1.04177642914445,-0.926405150695016,-2.2253681249545,-0.969380539927635
207,74,-0.16596428347385,0.463976659755734,-1.67511957367024,-0.660235383809353
208,74,-0.658828701407245,1.11578865452236,0.410693577795712,1.09537643386536
209,74,2.11879081266522,0.161196521562707,-0.465212169666591,-0.231794246398353
210,74,-0.323568871346436,0.639350693308374,-0.135568132065409,0.290662548005232
211,74,-1.96239556768934,-2.4051615149296,-1.98417433319698,0.211278453971841
212,74,1.53195212909409,-0.595818286044687,-0.626804340243497,0.940845339185225
213,74,-0.422931023227088,0.155172717806899,-0.177511396103833,-1.08001746755436
214,74,-0.493070072851601,-0.514570028950891,0.246734266160302,-1.62482443881835
215,74,-0.417252704162275,0.646490564197555,-2.53151655593902,0.389331743729657
216,74,0.833960433346781,-0.162797546165264,0.485159508192799,0.341282363662628
217,74,-0.538943560855626,0.412582049844506,-0.345865382317898,-0.391054741436683
218,74,-0.784370627277949,0.800144295172715,1.14831437532732,-0.502855045071093
219,74,-0.779953119470041,0.0890277838819094,0.704716415164836,0.69025573828999
220,74,-0.155984188561726,0.0309882059005744,1.09961732395043,0.390532372681684
221,74,-0.590508318510046,1.14260632371615,0.632325295419237,0.615143084221505
222,74,0.344128621804531,0.895749484542732,0.197659336224322,-0.210269917748402
223,74,-0.172151924769966,0.103582274905352,0.533188111649889,-0.409156441206248
224,74,1.23139650683434,2.21919504308489,0.689312942123451,-0.0856189725998359
225,74,1.03622862333051,-0.705100521731612,-1.04013098491445,-1.63208632460177
226,74,0.189285083628531,0.0379416071902784,-1.33852120089184,-0.757029600012241
227,74,-0.670415584140238,1.07278875222337,-0.366969506325134,-0.491074415044331
228,74,0.860611087772777,-0.0814381869062103,-1.3441635111864,-0.394940151228736
229,74,1.48400919918059,-0.0135961754210851,2.35740652525194,-1.18088582329106
230,74,-0.575172699386968,-1.05813888511934,0.799073698146668,-0.336649268460459
231,74,-0.991276723952485,0.81051121828147,-0.691791754185428,-0.220459769408623
232,74,-1.83782275349603,0.402472482006113,0.376352159887283,0.514825652035255
233,74,-0.752821263914231,0.522015357645469,-0.337618652256759,-1.40199978011163
234,74,0.403930371491724,1.21487473731037,-0.2650830422548,-0.436434183582185
235,74,0.301001563091743,-0.463658301311202,-0.0450604775825028,-0.0859148605462988
236,74,0.450528658427491,-1.34482983582763,0.838738379875038,-0.846323709292189
237,74,1.01617997981094,0.0318545306824809,-1.78874777315783,0.029859831106616
238,74,1.05338096577476,0.0498398641974045,-0.135463957694303,-0.705789368904091
239,74,-0.708652085717842,0.38043987877102,-0.78294996948094,0.199432858421737
240,74,0.0934690416885295,1.69226384545181,-2.85779731252747,0.928434934425165
241,74,-0.617791866003162,-0.319425206482739,-0.380640698548466,-0.504775666015001
242,74,1.37895935658519,-1.30909268496873,-0.154844761379276,-1.27156602447168
243,74,0.418587494484017,1.00319728874325,0.0288890782692613,0.200741264387802
244,74,-1.0762982710587,0.273762169514227,0.0701984588192105,0.509650031732279
245,74,0.376397827498846,-0.222377497895249,-0.144584291917881,1.11782956905627
246,74,0.593318189361523,-1.91862064532568,0.2591757461014,1.41319551727501
247,74,-1.08756103163232,-0.780090550184857,-0.451209635752861,0.70295104729644
248,74,-0.741395379091086,0.360142036630816,-0.1938652200064,0.904032534035851
249,74,1.55799855048318,2.88641221203266,-1.58794311741898,-1.00361001384997
250,74,0.630234969365791,0.56901671828138,-0.218126377302617,1.2304148911612
251,74,1.5199991415344,-0.198266766125403,-0.525937797659078,0.06363858839741
252,74,-0.137875616642749,0.247703605780464,-1.10181644674802,0.796695701277538
253,74,0.538925858388577,0.473436403442981,-1.3647011557094,-0.242778151064011
254,74,-1.22222854366741,-1.62345764582441,-0.140596387506401,-0.605018986936447
255,74,-2.05756761438268,0.0365821227993163,0.42373219715096,-1.12868830954165
256,74,-0.173874981169052,0.407600299508926,-0.597870396661981,-1.44941579526652
257,74,0.702380087840336,1.99571354458213,1.37416649363732,1.02160112326774
258,74,2.1189376692185,0.297544267406142,-0.465551145072778,-0.210625500982487
259,74,0.620230142752122,2.45919724297222,-0.611025208588261,-1.53160363688887
260,74,-1.48186523918491,-0.913736837031915,-0.741889033754978,0.277736030348322
261,74,0.794553310767197,1.1137132030002,-0.159971072908259,0.642687064454196
262,74,1.47160307043109,0.252761762652144,-0.162418697427781,1.10036549855309
263,74,-0.689863344206042,0.650943160279262,1.41154933069764,-0.267698246948658
264,74,0.416303941837603,-1.85310929634729,0.771558801354078,-0.97291457997886
265,74,0.378429487064595,0.117563535982681,-0.924212251159989,1.53857142638443
266,74,-0.195995960148972,-1.16551937164174,0.229648499325404,0.768904661880326
267,74,-0.242286048765825,-0.486442103536639,-0.440191570242362,-0.792294200625957
268,74,-0.201586396499983,0.861626449016488,-1.57942835865097,-0.399104765260154
269,74,1.07268477770968,0.568809940166558,-1.74737773700617,-0.0267283819109617
270,74,-0.44739872420863,-1.31308230935868,0.147411475810177,0.614262647187541
271,74,0.495103711223036,1.2112725067818,0.783411583228291,-0.474757269927837
272,74,0.610656535465992,0.37225795636096,-1.48824275094162,1.01404946516438
273,74,-1.93477970931969,-0.568221856021068,-0.340979277287384,2.38467774009711
274,74,0.9348977522501,-0.152658618594411,1.32211972377184,-0.834878620359168
275,74,-1.07159418317702,0.629471831639878,1.03586284103524,-0.978456742219727
276,74,0.540854609849785,-0.110843531343558,1.81485767862107,1.71561822416745
277,74,-0.0358880870594482,-0.317951601254496,-0.169794745868582,1.47328633087051
278,74,-1.36727119465676,-0.451084504476313,0.181279958532883,-0.857101584047002
279,74,0.71228030544426,1.26543511665987,1.75478982476344,-1.03828299303971
280,74,-0.633938949423088,-0.819952005327977,1.10972422980112,-0.404842876169701
281,74,0.794679046787777,0.840051440592493,0.558279818335887,-0.350094620696222
282,74,-0.558408558385165,0.0991373277793785,0.0148678829042707,-0.161333457545883
283,74,-1.21113852334182,-0.925640882725961,-2.03362718253113,-0.402887858248095
284,74,0.14637367459588,1.82000897883673,-1.60658995087942,0.758903230243318
285,74,-1.30870947004943,-0.0641942808704268,-0.223168522958283,1.49692088708989
286,74,-0.508867200359826,-0.946975610391932,-1.28048357855705,-0.384886172638367
287,74,0.96872551838651,-0.24707432816452,-0.520129469639268,1.69330444635857
288,74,-1.11080096146302,0.631688052596289,1.71909990892318,-0.571808344145118
289,74,1.2625984967959,-1.53296567914391,0.103841537130159,-0.240932670759595
290,74,-0.0568429195216156,0.982688425517406,-1.25556522073795,-0.732280809662957
291,74,-0.945604708987136,-0.1513451780093,-2.322482263826,-0.349831286013773
292,74,0.717116866048265,-0.266773696468444,-1.02186060627937,-1.75116674410854
293,74,-0.266780438665936,1.35663314268429,-2.13247617537242,1.21164308402778
294,74,0.65995847038363,-0.765685886110266,-0.240100407236368,-0.964988081385489
295,74,0.188011555460785,1.37824728316077,-2.34518703539525,1.08013984412391
296,74,-1.98336961537939,0.192089735701045,-1.74876445896739,1.47025095673629
297,74,-0.127046312776711,-1.24179364559781,0.37263694689826,-1.41270160577389
298,74,0.243593874418464,-0.421897999059395,0.950169872460079,0.85998772859183
299,74,-0.530187627775006,-0.271309772100657,-1.90055675919442,-0.0423428113796645
300,74,-1.7284700391442,-1.72302528859509,0.429241176752222,0.660936437597289
301,74,-0.408815786906949,0.382196034256876,0.643428508858219,-0.814894956605881
302,74,1.77917770292271,0.824070282185313,1.58362419059081,1.39646224909041
303,74,-0.681453354908106,0.398867197853938,0.381496353119622,-0.241202690972108
304,74,0.563488381164841,-1.29234845585856,-1.66901951349791,1.18613498836603
305,74,-0.950973265153331,-1.35870929523595,0.56395906074502,-1.6507362406569
306,74,0.911572671369225,0.278032884621897,0.724243053417275,-0.115504427825313
307,74,0.380450568825572,-0.534573565802711,1.08437695408183,-1.67656356198361
308,74,0.775490015228125,-0.00462216232808753,1.64624503974317,-0.309022385188492
309,74,0.852696062038058,-0.952733096041386,-0.355198215153372,-1.18798363950177
310,74,1.03132035135632,1.50498068261008,1.91891094045435,0.0597612878089431
311,74,-0.397414418300558,0.752794341433864,-0.466370369040225,-2.58016188935856
312,74,0.477378694135309,-1.52147761127411,0.511156362915355,-0.56350460473983
313,74,0.18080748014918,-0.576869077823951,2.07575422941695,0.896238390739825
314,74,-2.09336866169287,0.270172805841328,0.802667125901935,0.546457324484932
315,74,-0.0122102355046668,-0.0113420937344401,0.396590426941863,0.631567377772089
316,74,0.697396376267723,-1.22188112613169,-0.93792858557985,1.08522386872829
317,74,-0.950886584555163,-0.116623114167676,-0.0356810029032141,-1.50262000514288
318,74,-1.37295932694106,0.292411969975447,0.603216280247928,0.00678219431969196
319,74,-0.286651357371872,1.08764234217421,0.28678375044995,-0.730395013945301
320,74,-0.382127381335066,-1.25559244472958,0.969037351226712,1.10130000944681
321,74,0.758729527478148,-0.320781899598781,0.447885684807195,0.399527551920943
322,74,1.52985286726058,-0.226837531126424,-0.381411125945032,0.508767516471963
323,74,0.6593779870578,-1.32262573803369,-0.674056513555213,0.315644571549994
324,74,1.31935032085705,0.0459767406065381,1.3926249469277,-0.05965956650142
325,74,0.322917811645479,0.295607743976163,-2.41926103678794,0.672623919642428
326,74,-1.08855454203055,-0.276036526295059,1.02030660111857,-0.238169457030217
327,74,-1.58443713657726,-0.400750065036365,0.0830203003158724,1.01128913648759
328,74,-0.0694715290958949,-0.14126165237058,0.825916872436465,-0.802910842974171
329,74,-0.77326661146114,-0.996331586536621,-0.278963612192759,-1.519325890183
330,74,-0.89448393745813,1.64468999973696,-1.41853710379958,-0.999525914253488
331,74,0.587054231120647,0.505832740894681,0.251993791013499,1.30477347406373
332,74,2.19507168384075,0.303235987083355,1.79503447624502,-0.688735891899729
333,74,-2.02693368629672,-0.315144185902572,-0.216241268242263,-1.30033168907667
334,74,-0.443456352098495,1.16674962569727,-0.0301839505628887,-1.84636103249166
335,74,-2.16780896333567,1.24719257833431,-0.365691377301406,-0.196014076209879
336,74,-0.973791710499563,0.87445149128828,0.447850527248967,0.258301117440367
337,74,-0.155847210774273,1.0412307196359,0.140629662929771,-0.663494276766325
338,74,1.09659673074506,1.20349459751415,-0.998863298500262,0.954583468322018
339,74,-0.267358202236051,-1.38403432371784,-0.467930353611465,0.166727029533259
340,74,1.71268479391852,0.0612036154187231,-0.108763627443682,0.60501809218468
341,74,-1.69590330235444,-0.236563655811906,0.959714974711805,-0.11169998047935
342,74,0.825873192193314,-0.985111917164606,-0.142504004640275,1.58765519519557
343,74,0.460754866953558,-1.21974896491076,1.22184543366753,1.16576459250707
344,74,0.610946636588374,1.34413108417904,1.89978196466645,0.343500073804258
345,74,-0.549629958434732,1.83581046149153,0.188401155198873,-0.655916865959845
346,74,0.0538178933619063,0.43065388561944,-0.365941336064381,0.424706194916688
347,74,2.91703160435005,1.1729022402119,-0.750930476830453,1.0462856850493
348,74,-2.11102744492473,0.792635856629186,1.80466974486055,-0.0619689807995952
349,74,-0.510540367148537,1.11051413565263,-0.92228101690377,0.564072576661258
350,74,1.25637558202609,0.921526537910076,-0.772665363510492,1.12415541760004
351,74,-0.254101002785946,-0.31579996630174,-0.124073591712324,2.51502507365568
352,74,-0.211359843240762,-0.98520718542814,0.191327609209533,-0.503132074422178
353,74,2.34840910915332,0.518268227909438,0.516468769708219,-0.440270617915078
354,74,-0.655549905540732,-2.80632440195091,-1.85188419895021,2.12666573838323
355,74,-1.20545359296766,0.428692303062867,0.313397305674708,-0.0224336980803449
356,74,-0.461204547761485,1.95489641676869,0.836056163414677,0.536241077381108
357,74,-1.36860969586912,-2.18460648589718,0.391327227138094,1.03199978525467
358,74,0.286127188199322,-2.12420367939501,-1.54166932051114,-1.68673134539161
359,74,0.538542118804729,-0.459067757341082,1.04525623107211,1.61202950898084
360,74,0.399410051250546,-0.348122045379493,-1.24876755140268,-1.38021392831186
361,74,0.677377855387976,1.27387468433996,2.12003615109311,1.54697296046343
362,74,0.089204351398689,1.08074384919403,-0.960219790092712,-0.207972707214379
363,74,-1.10252603929969,-0.807543073067093,-0.330362467957999,1.03174306934726
364,74,1.12445074860179,0.235382024718759,-1.0235450879575,-0.712566137672103
365,74,-0.486414879372171,-1.81395242998928,0.637245047418166,0.269940533407815
366,74,1.32711718599527,0.482656289483272,0.0478105382080427,-0.271323992854101
367,74,-1.24974674965123,-0.627065585329682,1.44254844258636,-0.511090370395402
368,74,-1.44453786575839,0.759707307368812,-0.85738045186241,0.33281284394844
369,74,-3.62784700856031,1.14692501738614,0.659504967029693,-0.0518752800299634
370,74,2.78219689072695,0.625232476365133,1.79270827333429,0.478375121625581
371,74,-0.215657514428119,-1.43566176522159,0.0670417163660744,-1.03707385444426
372,74,0.186496088133293,0.165814922757321,0.201939293419449,-0.0647548302622237
373,74,0.0577031444583035,1.64913757246418,0.580855994993278,1.25279225300893
374,74,-0.899758860556221,-0.618136618907403,-0.456031089373848,-0.215080967383022
375,74,-1.14430002765196,-1.50784392659908,0.125382946846498,0.941758411069524
376,74,0.584367002370045,-0.558077626639268,-1.17234896689746,0.00109372416531586
377,74,1.39940051633933,2.410766914287,1.05612863280132,1.50331051188928
378,74,-2.41556056206263,-1.19174465417146,-0.1601489666231,-1.10598810629239
379,74,0.894093101753437,-0.092473477428701,-0.72303374854082,0.2789933379716
380,74,0.600942966819086,0.922611339276224,-1.19969068977263,0.253076281399139
381,74,0.898270980066552,-0.435219004561862,-1.01564460392743,0.754924961758762
382,74,-1.7833516485218,-0.906703897272445,-1.28496976076289,-2.16815252564758
383,74,-1.48036780851936,1.11011259190097,0.0204403234710918,0.957906216006426
384,74,-0.418044499358579,0.270638434613225,-1.00402405662015,-1.35579038569273
385,74,0.845151280987832,0.307746520265609,-0.660493301400722,0.736500998678832
386,74,0.162052011041128,-0.298542972877352,-0.843730355742469,-1.97873731591412
387,74,0.688759894162564,0.351800091500981,-1.53157954009104,-0.891707203227505
388,74,-0.890651591990229,-1.24772997218734,0.0895846699568676,-0.773217120750024
389,74,-0.0728650029757092,-2.17202838964264,-0.60583713676609,-1.52559896624409
390,74,0.602216468914708,-2.11758061474785,-0.0206607734098453,-1.03504587665206
391,74,-2.15295334387294,-0.085580280817402,1.53088989310776,-1.2595475597005
392,74,1.61753063557449,-1.78516381045854,-0.0526163822176449,0.0258320864694066
393,74,0.2011561077181,-0.721247629948086,2.40095776913538,1.3243051686343
394,74,0.776943739711162,0.250544124715819,-1.18739497951333,0.766953886443654
395,74,0.66187411069185,0.47199689735091,-0.663051898902991,-0.535874007520655
396,74,-0.41541482658127,0.569696492487331,-0.33890501506021,-0.331523635078712
397,74,1.31809846281445,0.30168598825504,1.42001332726925,0.0374179192263739
398,74,0.659376219092231,0.586083675803243,-1.27116725966925,-1.53384107669126
399,74,-1.09046991620364,0.656682460310395,0.694321576758653,-1.36260617140222
400,74,-0.483054287276405,0.272355303809476,-2.46650842173697,0.13536348236781
401,74,0.294933667028227,1.44055568971151,0.663043569745978,-0.283704040960667
402,74,-1.31602665588913,-0.0622018569228017,0.704759732146188,1.86107234271576
403,74,0.0839050186049967,0.247380252724539,1.02138092722116,-0.426630818031837
404,74,1.18474096594808,0.555574117269623,-0.968871509830507,-1.01367226378018
405,74,0.064571265804164,0.217964366518522,-0.636956341519804,1.35037069955601
406,74,0.841173718057047,-1.26642625823699,1.02423145157205,0.826351498089489
407,74,1.57851635869559,0.56614108449297,0.105379621361309,0.726034327752712
408,74,-0.0218767949590689,0.598352925327001,0.504246091376761,0.938337186084978
409,74,-2.3588742110603,0.575134890521467,-0.332373514516358,-0.125661502839868
410,74,0.96809024107329,-1.06018699155501,0.136875739026888,-1.23399167326008
411,74,-0.507843967666986,0.400058832921791,0.32104901172488,-0.399727946737986
412,74,-0.298237956986208,-1.32968918928312,-0.94550144776851,-1.99520961324846
413,74,1.49507129153077,-0.446681561451046,-0.539399641385238,-0.0312741878652695
414,74,-0.610242638611197,-1.7493291300463,-0.6986580705179,-1.39271597408531
415,74,0.0441587743735845,0.845759848947786,-1.51278195753079,1.0923881583667
416,74,-0.879402366339556,0.142567741196556,0.380110435547064,-0.410279113668134
417,74,1.24317951004687,-0.326952952432439,-0.528372347316016,0.184742198113427
418,74,-1.34493862567943,-0.562703497202262,0.794986345340352,-0.14338396800653
419,74,-0.951802840813585,-0.608382920747258,2.19536145686965,-0.28595551369309
420,74,1.88453319016428,-1.10858709102797,-1.76349741238862,-0.173112662927022
421,74,0.967172328402474,0.35555805448612,2.92937253023779,-0.557119170130846
422,74,-1.20310479135706,1.02877282161629,0.467501913883656,-0.142411274202844
423,74,1.65840313006548,-0.146311118064105,-1.52109383782195,0.393568789873749
424,74,-0.843721998284677,1.46689006149282,0.21145142955106,0.55947440594497
425,74,-0.708143926590378,-0.478689719510739,-1.27112360264887,-1.61745107691463
426,74,0.366897301191147,0.387909499166908,0.0920123693201012,0.236931069882425
427,74,-0.424839608886135,0.558566639300979,0.827584969300112,-0.696107667247494
428,74,1.60618161161029,-0.262472986938821,0.179185710416671,-0.163503578000809
429,74,-1.29873776565135,0.866061471850833,-0.952571018158192,0.802370886643154
430,74,-2.1457297595399,0.164833356928228,-2.015456177999,-1.31313058464154
431,74,-0.219262118429581,-0.716816192383535,-0.101164406855546,1.36190284268835
432,74,1.22833601364593,-0.598111599219065,-0.421553366430264,0.405755349600778
433,74,-0.242096993120631,-1.40614571957416,0.47268752681602,1.34844636609521
434,74,-0.279860087439222,-0.161747126546152,-0.205301165752975,1.24536209040165
435,74,-0.389596039542353,1.84442970133931,0.217048747706997,-0.735041624747318
436,74,0.0424253599767247,0.578472176026653,1.2614061671428,1.73863882133201
437,74,-0.480133808592531,0.524422593149897,0.00470147000974302,0.312864867655315
438,74,-2.438679613341,0.582391843471973,-0.328579120189799,-0.73648129290912
439,74,0.869846812189891,0.974387384371199,0.905263543896067,0.739510154878902
440,74,2.05916915700815,-1.02410916135007,-0.758097124376775,0.13451821076809
441,74,-0.564292695880279,0.575788876903345,-0.129765467049042,0.237525391812264
442,74,1.0373458027311,-0.467105995997999,1.84000052964936,-0.611899733980121
443,74,1.09846942457191,-1.87130210184005,-0.492908002148627,-0.665040027104063
444,74,0.31188707095602,-1.793289947865,0.376249534927948,-1.49657280338832
445,74,1.3198869644469,-0.245384471454801,2.46964759517729,0.110005228394183
446,74,0.540847210880197,0.425058607083812,0.17895947971966,1.59336869913772
447,74,-0.60119162461835,0.093796066744054,0.275003925977239,-0.192000408310698
448,74,-0.372202213835276,1.11653600257249,-1.9244053875849,-1.48157292769783
449,74,-0.351567578961447,0.612801460637614,-0.11761469521466,0.401359550716313
450,74,1.09831676566618,1.44497073079464,-0.713594437169121,-0.328314135399007
451,74,-1.37554565230121,0.957696633571782,-0.213943611928986,1.66081953927041
452,74,2.82411910045629,1.32267951113532,-0.725339116611906,-0.946334848865208
453,74,-0.27940795098808,0.805698256286703,1.24777696847793,0.642033581835244
454,74,0.821841279427181,-2.48437463073767,-0.424417889946336,1.08456659549567
455,74,0.951009768733583,-0.685281889338002,1.37541355883946,-1.23319173743013
456,74,0.803128534993906,-2.72130363282665,-0.141811167550024,-0.213094966063437
457,74,-1.08777832638296,-1.25672331735864,0.937087062953198,1.31209142373886
458,74,-0.585713558140064,1.78149437313702,-0.180459110796786,0.845875417517967
459,74,-1.24089853053324,-0.190644861219769,-2.83852874303122,-0.0350286434015717
460,74,-0.603809974116044,0.428034592472753,-0.173467466321968,0.481823084846942
461,74,-0.16343669044524,0.100650604338592,-1.45733646581734,-0.0184591150576892
462,74,0.0478877328166629,-0.168874695758889,0.682130385216777,-0.421300518013926
463,74,-1.48954672818467,0.360003282674912,1.11645775798487,0.351300461844353
464,74,-0.471425088288595,-2.35166561416817,0.843598095682478,3.89635436518282
465,74,-1.68231330682203,-0.469587068751485,-0.130251429726972,0.935219261772782
466,74,-0.502785011501612,-0.150482862648827,-0.286744617936883,-0.922944469868966
467,74,0.446533915016173,0.109680200825182,1.09548941806192,1.01464628432097
468,74,-1.30963633748505,-0.477260545610535,0.864922024841597,1.53758089857073
469,74,-0.509166794833583,-1.43697371424526,-0.582032134590015,-0.24230298339192
470,74,-0.201080459146266,0.400551497366163,0.834339422879924,-1.12757427342395
471,74,-0.67603157333516,0.853239349949982,1.88542581463967,1.30375019727651
472,74,-2.85801743902269,0.470330094726685,-0.337599940600772,0.135331049667027
473,74,-0.71199529364377,-2.64807708279835,-1.07426717888495,-0.0477463514837256
474,74,-1.06135122223863,-1.10839694099228,-0.906682290194504,1.18877618943694
475,74,1.35874276113925,-0.919567750742732,-2.96863669499326,0.74984930837109
476,74,0.699873304709429,0.783889801184332,-0.449754483942387,-0.653456648340853
477,74,-0.471163309241919,0.155222988525134,0.180681376145789,-0.285998491462691
478,74,-0.810433364561776,0.470132057205336,0.670011908467553,-2.32155581871549
479,74,-1.29152844567231,-1.20818667488505,0.466907751608882,-0.131385731696827
480,74,0.389965555790878,0.284886749764853,2.34415472199342,1.56630543221731
481,74,0.80439946281523,-1.28070315007671,1.84896161037543,0.285433158821424
482,74,-0.709564049404738,1.54394213042507,1.89410231776971,-1.35550865475791
483,74,0.502209977614806,-0.777908344584395,-1.46426454049003,0.5498454358704
484,74,-0.21008276120845,0.57923433767783,-0.283655044914843,-1.10681417101383
485,74,-1.07678579035401,-0.238731527911265,-1.22992884042398,-0.851775039186502
486,74,-0.618610914592336,-0.0484338845324111,-1.51458707135176,1.67633096882897
487,74,0.687748094870188,0.593152139097646,1.04608561401541,-1.83979786954729
488,74,-1.1282192402835,1.86428460288285,0.413768447067807,-1.39473279599285
489,74,-0.773770251429763,0.596881008961901,0.956798007286293,0.145180791788429
490,74,-1.42427808377448,0.417901796548607,-0.453900134314825,0.286455224353238
491,74,0.340586689594419,-0.206266044227562,-0.520592357950653,-1.94281659617956
492,74,-0.61271628301146,0.697493322599548,1.20481364051921,0.454108069283764
493,74,-0.374798551859679,-0.765943040207641,0.693232271046011,0.663998976501272
494,74,1.76828011417208,1.73010690081505,-1.7473376487272,-1.06250530877647
495,74,0.993538481953655,1.40287327925377,-0.271739156273689,-0.799524629302169
496,74,-1.78771290264157,-1.34113425896793,-1.3584727967201,0.0639415772896569
497,74,-0.546307780776653,0.226590483504769,-0.276387380800189,-0.0214365410212876
498,74,0.931706009327501,-0.337308083349128,-0.815151466648476,-0.616852125682511
499,74,-1.41389185080228,-0.331625036688881,0.441003595251512,-0.852688679935235
500,74,-0.730853947573916,1.21439800567188,-0.409748956747116,-0.0700255676459547
1,75,1.90872067828276,0.722477208025163,-0.072568798842295,-1.90742850192093
2,75,0.56471905448336,-0.147927211253283,-0.10313049631719,0.337364529058316
3,75,0.0149722232068717,0.54682843424066,-1.37086828797962,-0.64900334469124
4,75,0.601201392160724,0.172060331308833,0.213505465128357,0.971447994359822
5,75,0.191454894859402,-1.00079722256261,-1.5561734421988,-0.406610594522047
6,75,-1.17235735043378,-1.7348628842724,-2.17222159553895,0.936470013290037
7,75,1.54796274588957,0.130688150642655,-1.21883439218849,0.224225453433711
8,75,2.14862181894449,-0.0324076004368833,0.800004833173884,1.58050447522974
9,75,0.322382624979184,-0.171075432807495,0.00814914171513994,0.687386189864878
10,75,0.766540927451184,0.271597162676261,0.796674396968149,0.371479252933067
11,75,-0.83916840736421,-0.024044461416046,-1.08632259269399,0.965536922702993
12,75,-0.0622890335461929,1.26441805718762,-0.17006227118936,-1.02701083183661
13,75,1.02223571813784,0.241295044891716,1.41403950353647,-1.10302405755797
14,75,-0.356241332962624,2.12158135239482,2.43090124343877,1.19926219126194
15,75,-0.139360666430295,0.437707741058265,-1.06111363412461,-0.269375756300511
16,75,-0.670249088769161,-0.375123618260123,1.31457792822459,-0.0298569067967524
17,75,0.467266403154021,0.341386493041729,-0.0890242531673271,-0.780225078707178
18,75,-0.578495649617229,-0.295012458756664,1.27532218445197,-0.610668301922087
19,75,-0.203620744653955,-0.758095131820207,0.617058794993772,1.73133799507711
20,75,0.112922496773091,0.200862971476463,-0.201406124493648,-0.184646125071922
21,75,-0.88516584805156,2.95785637806926,0.0380837212770066,0.0496659592701736
22,75,0.554031932530798,-1.18482718049332,0.397398527763389,3.41496719828589
23,75,1.65645677990986,0.0580602426591283,-0.0104132314735853,1.4468076901395
24,75,0.863285833707419,0.967430486791263,0.452362189061788,-0.148886039384069
25,75,-1.28225858244534,-0.895619577093148,-0.372320826148468,-0.845447527509458
26,75,1.31944215067935,-0.0132707200120932,-0.661658886176682,-0.894436288387758
27,75,-0.649111479613386,0.301052534679246,0.177208856017545,-0.990550239286744
28,75,-0.34832792977022,-1.88295164053708,2.46169196027371,-0.346597131666566
29,75,-1.03712020046764,1.28903599551335,0.629979817779076,-0.415964318036207
30,75,0.129638539260135,-1.18198483437872,2.46274400405798,0.359455186618036
31,75,-0.570177428797406,-1.94380690347701,0.300129254567024,1.18839202659801
32,75,-0.0575449454498752,1.00755670329055,0.539082735051503,0.655436108595414
33,75,0.24872108668017,-0.339733976947761,0.162177169515364,-0.494368972462026
34,75,-1.58997988673108,0.630342772177021,0.220610193883644,-1.28661878115028
35,75,-0.820814036114844,-0.0204029802141674,1.17085622069324,0.19901089293259
36,75,-0.872286087558944,0.0465697889392809,1.23841796556677,1.0559796226348
37,75,-1.41308764051564,1.10868312126896,-0.376305883223678,-2.22448965515345
38,75,-0.335429603703135,-1.24037600869133,0.928658029976083,0.226827461936987
39,75,1.06850207272361,0.0160816154536502,-0.114589203839723,0.323282002567481
40,75,-1.11817996035984,-0.0829054402884027,0.598134451884997,2.46551394920368
41,75,-0.5605383882808,1.59229240066594,-0.731008384276483,0.257998042959971
42,75,1.22800414189354,0.44891407824259,1.27820941686914,-0.511945748223924
43,75,0.290896669013463,-0.60292273065975,0.133439298648111,-1.53780447388216
44,75,-0.172212152938347,-0.13165019151567,0.700809641420927,0.270503135791035
45,75,0.450353440334798,-0.756695382446335,0.126586775666209,-0.00477880658293289
46,75,2.0200229246398,-1.20762639331683,0.645641521470017,0.355113954822418
47,75,-0.640670272917595,0.871265512273288,0.096691007222937,-0.736857929025713
48,75,-1.05012658111651,0.141038716973368,-0.53455042850853,0.173846296979511
49,75,0.233059649682222,-0.970906900842404,-0.256455849429822,0.673424330922125
50,75,-0.554303678758893,0.44804845424257,0.85968566921254,0.190606146668344
51,75,0.267642245717584,0.326231877586444,-1.51814490348477,-0.97773180904876
52,75,1.51767964753787,-0.201656523500027,1.02236248840454,0.305574855675423
53,75,1.01584666627566,0.875147465904276,-0.256692926323514,-0.471557511637434
54,75,-1.99587428886305,-0.930472622867383,-0.0117170196679345,-0.0874003257946072
55,75,0.884916252597287,-0.84203113067059,-1.2288576730096,-1.17363799299988
56,75,0.174393235671774,0.380279758789984,0.11878123664813,0.652499534739363
57,75,0.0217963582349957,0.0116750488920966,-1.67110200970843,-0.171042060738333
58,75,-0.550699567384952,-0.675777950738783,0.974648500355643,0.557467754232356
59,75,0.746098204825487,-1.06489207541962,-0.839209311955145,-2.19181825924624
60,75,-0.387183810834222,0.209502421857086,-0.516215374683886,-0.0202537018253457
61,75,-0.651499896821275,0.276925633647913,1.63907372692366,0.618690911542106
62,75,-1.93724950896677,-0.616648980255218,-0.10850539568575,-1.00995027610254
63,75,0.322124626963877,-0.562373811194368,-0.728901569476816,0.12585579868729
64,75,1.17069933746597,-0.170936371210716,0.553265038083717,-0.109170480128495
65,75,0.770561761466232,-0.937612840835855,-1.08894189318934,0.110363375473754
66,75,2.11221172096392,-1.16932523561291,-0.813342156074901,-1.5797782334309
67,75,0.21678166407048,0.979123133686527,-0.595015980725354,1.2531019179904
68,75,-0.826645421538966,0.309105561347964,0.213986099359873,-0.240368576139706
69,75,0.956003775492224,0.55171194416812,-1.57109742924439,0.226888976799313
70,75,-0.493881280099304,0.487860108876436,0.809750186450965,1.62807137743144
71,75,0.0549830888838558,-0.209450860907067,1.07475444906034,-0.510218749213145
72,75,-1.44734843321478,1.11278940925369,1.08101638527426,0.479485746820059
73,75,-0.975019777686814,-0.540379034144824,1.44883709553533,0.838253379458375
74,75,-0.870982529055502,0.00769914520356006,-0.638973172425783,-1.39559657513183
75,75,-0.5298140772348,0.327810580745968,2.31404601171332,0.0195786280332349
76,75,0.0696145510115585,-1.53383180575828,1.30012609218938,-0.137851622286855
77,75,1.73938311671723,-0.00432906924319538,0.968942706000279,-0.398987746764269
78,75,1.91332951200798,-0.978233518240095,-0.0907524944870862,-0.657194574886385
79,75,-1.340087234846,-0.811525129428056,0.352755018276686,-1.26330262631028
80,75,1.78049801829418,-2.43947279678174,0.496860477323585,0.193263115120227
81,75,-1.38910065707275,-0.0912477616066669,1.90476711945621,0.370517914904505
82,75,-0.422796221011386,0.425802003184415,-0.541772669891871,0.591487815582505
83,75,0.8971561560895,0.0724773268709149,0.122523766901561,-2.62836841605636
84,75,-2.01649863131004,1.0941437046275,-0.812027241280614,-2.94294996054915
85,75,-0.785693867340753,0.201154889693789,0.249806983135711,0.525797184582992
86,75,0.522808446905725,-0.451321983437692,1.15651465236912,-0.839234901026741
87,75,-0.175606047364124,-0.78596943904462,0.730005241716985,-0.427081640025563
88,75,-0.685531552793818,-1.15279855257457,1.75739837586084,-0.915529585510459
89,75,-1.37951375659064,-0.324686852740591,-0.64044739703388,0.879535181985184
90,75,1.58639830194857,-0.240240902788407,1.55962179014089,0.561057819389178
91,75,-0.950976145057315,-0.958058924579612,0.597363735660936,-0.554783300340032
92,75,1.05084127860224,-0.379911368815136,0.275532727588573,0.221881880867749
93,75,0.622327071384682,0.429549629361037,0.310833506014097,1.51118663991631
94,75,0.0622267373940988,-1.19137053355947,0.676128861079669,-1.59313322342777
95,75,-0.254129111208606,-0.211429553007382,1.33168324625365,-1.12101284662941
96,75,0.859611679440516,0.285129673668025,0.131785089874634,0.51215778151935
97,75,-0.0523348355752337,-0.166929039431761,-0.87000857807091,-1.0167413332884
98,75,0.472056435810795,-0.943621763287397,0.907968810031182,2.01807891032329
99,75,-0.436371144726501,0.262379165750074,0.223604642270326,0.441191878326534
100,75,0.500507750993513,0.912512548489789,-0.62682046543668,-0.333866481019375
101,75,0.930215881146621,1.16942892051143,-0.109908299411563,-0.692934800167352
102,75,-0.237070557733195,-0.699486577629704,-0.239862390811505,0.518866593044715
103,75,-1.15301026208442,-1.64739546417767,-0.731319719218991,0.267996502808178
104,75,-1.96341283165802,-1.16168509757751,0.266956017051359,0.902205585012604
105,75,0.403087042488732,-0.310303061530161,-1.64521380952563,1.56052656779054
106,75,1.86825766861467,-1.12893352243922,-0.00204970965274963,-0.671473028571635
107,75,1.87166183878559,-1.14423436449544,-0.0612741513399094,-1.04568254977363
108,75,0.4463149606717,1.30824648981599,-0.349064934489818,-0.143223666121949
109,75,1.77920054307389,0.268517398944711,0.389186861323021,0.0397634342708441
110,75,2.32446461603926,-0.772097558554749,-0.535731149577524,0.960124273626364
111,75,0.664326361950177,0.43187746495561,0.1890635782065,-0.942596975649568
112,75,0.64720471840631,-0.190438428522393,-3.52402360832907,1.59149916062599
113,75,1.07155685625064,-0.107179579620741,-0.418608895762892,0.0496286248415954
114,75,1.1141849718739,0.975720030082237,1.81486293688823,-2.04146651571634
115,75,-0.983282183097889,-0.912837563030986,0.120274137404241,0.347843036930783
116,75,-1.43669149593716,-0.410825791364597,-2.25480241429036,-0.0180442745149905
117,75,0.73978145684258,-0.287970871912396,0.486579858619636,0.0294182194746812
118,75,-1.43695565880822,1.00198042459429,2.18674730420641,0.936206410555553
119,75,-0.684937517125438,1.58901443711626,1.51376503044329,-0.747431195397142
120,75,-0.536950386671134,-2.18130072308696,0.0376901842212866,-0.261082925401524
121,75,-1.14960813104089,-0.548602520995805,0.63557026111383,-0.192294520821297
122,75,0.422433948260264,0.838188015093142,-0.75197859677039,0.938004573830145
123,75,0.303003072477345,-0.662275871733113,-0.189432621588946,0.253257253069582
124,75,-0.920864680745432,0.351256605362307,-0.87925988822395,0.258330157392319
125,75,0.605029118251382,-0.252176521034171,-0.909799423117421,0.110677054355104
126,75,-1.37043796501014,2.04969794559614,0.659049081178369,-0.572747948586766
127,75,-0.409336752014366,-2.16820752822148,0.333235271422043,-0.852271073649207
128,75,0.442749496298348,1.01063611020504,-1.85002202971116,-1.24256059977082
129,75,0.443943195279912,-2.3208796990874,-0.389973793571,-1.51772659185873
130,75,0.0828496959610002,-0.263703278278442,-0.653631737584628,1.24194360245444
131,75,-1.29387963122497,1.19766013041969,-0.967422260125421,1.48820242090962
132,75,-0.162038844981901,0.458061539018488,0.358826963072062,1.06589460869427
133,75,1.80144738418305,0.208671416870445,0.395692121429133,-0.104610711325006
134,75,-1.21054695447183,-0.127293740771243,-0.205188189811831,0.292479222881833
135,75,-0.644382726468944,0.326612264881612,2.65999049978968,0.164352316476096
136,75,1.65793997723591,-0.594095075158596,-0.0841986389716843,-0.0204390455513523
137,75,0.33661801717152,-0.328792885859755,1.30000416520787,-0.328621115300845
138,75,1.17849680318056,0.461529598874981,-0.15050981936353,-0.881471876907686
139,75,1.00964426388168,2.29783734704475,-0.819375636412015,-0.014861927376111
140,75,-0.853714995750369,-0.279599399787144,-1.43016742588331,-1.45328056182931
141,75,-1.76422308649142,0.838933135161631,0.0406222906702155,1.10613125025506
142,75,-1.11039838689596,-0.543126237811271,-0.279600539012263,-0.666702885137434
143,75,0.321899418861601,-0.457296066350417,0.514916654283561,-2.51164270035306
144,75,1.06489738771172,0.269447215113487,0.0261873168325891,-1.55510762604374
145,75,1.79922629033017,0.289207853803813,1.03087948025821,-1.15419908950147
146,75,0.0840372146138378,1.31012226001031,0.343472653117197,-0.14922019372053
147,75,0.811886862546862,-0.240602065510707,-0.898592247181248,-0.417167347194122
148,75,-0.6449960921141,0.710413213204207,1.89662621064187,0.145942465284726
149,75,-0.0457479985218025,0.88067346707753,-0.941857106792379,0.879215108090365
150,75,0.700693069569482,-0.943169848354646,0.593040781479868,-0.122558732697024
151,75,-0.121220239735085,1.04691870729506,-1.43436365181265,-0.315353627151445
152,75,-0.220601734312646,-1.30251831372376,-0.496263575790683,0.367520878402184
153,75,-1.05894677089442,-0.271916277504168,-1.40111160344984,1.4611529147195
154,75,-0.479940993051298,2.00901481813021,0.448995500402888,-0.366379398960839
155,75,0.091792769438,1.16896180425675,-1.76171875162756,1.99771787243022
156,75,0.146887730817107,-1.08964728456682,1.95501113984945,0.892523704107035
157,75,-1.80992109747248,0.342774527111557,-0.52421086771923,-0.435024690399687
158,75,1.04055604929083,-0.512517162144569,2.19013236915381,0.322355099554194
159,75,2.32336264370125,-0.557255991187913,-1.4625155925555,-0.293865698299434
160,75,-0.697630096851579,-1.14936143495181,-0.900341252345819,1.03007686369398
161,75,1.01103215362086,0.505074201789246,-0.0916781844200122,0.305491128375098
162,75,2.61576962715906,0.242621595973981,0.887611327812793,-1.23939717814253
163,75,-0.479129857280607,0.547135727079005,-0.596355380704387,0.845962156237864
164,75,-0.601273465908696,-0.00857218582962547,0.114801209480105,-0.530666001541423
165,75,0.0669173228716062,0.475367712957136,0.397546310410654,-0.87588429807401
166,75,-2.34298492433636,0.342062776232149,2.21118926937907,-1.00577277152071
167,75,-0.472247323408681,0.241434252343701,-0.622343066429648,-1.59980768681238
168,75,-1.40051641638164,0.138036217059205,0.0313149547669836,-1.00033689581445
169,75,1.01446418632099,0.578924040031789,1.13194901225761,0.502960799565028
170,75,-0.606007162672288,0.377908204606609,-0.105068779437687,-0.0774849300215973
171,75,0.430433496051358,0.64267755646235,-0.451204870536416,1.64405655750711
172,75,0.585952399156155,0.43552527423119,0.65136033651362,0.328844283805779
173,75,0.542065061381476,-0.372727234527627,1.42211043811557,0.31671715793502
174,75,0.0807423995414987,0.404934609453747,-0.844410028349725,-0.402322728861941
175,75,-0.340398992953749,-0.0836505989317108,-0.144446231261534,1.03946438990712
176,75,-1.38157380783281,-0.512597430054486,-0.758952786887243,0.177451519393911
177,75,2.4720847947316,-2.05234485403007,0.748819619009573,-0.514406426542569
178,75,-0.04407770141772,-1.86057030528581,1.36663493241253,-0.518255190680062
179,75,-0.931820377951981,-0.192678533615609,-0.523955213916058,0.995586576730718
180,75,-0.341002590586885,0.343488203412102,-0.646753819988931,-0.254739207879801
181,75,1.36108521078387,-0.206712272359496,0.872424725046146,0.673911823284164
182,75,0.944928528586974,-0.487262083808339,-0.279402253607196,-0.442230370226059
183,75,-1.0945483063414,1.62677497635915,-0.909411675620987,1.184676195784
184,75,0.405845464838462,-0.627930314777324,1.50234536058716,-0.435300196278334
185,75,1.0787563587073,1.54652471776548,-2.01590312533338,-0.859096593680232
186,75,0.644527519889205,-0.407969432584434,-0.968354029493998,-1.13195904718041
187,75,0.240827824799855,-2.6726086150907,-0.0164445416099694,-0.516208158933683
188,75,-1.87800761034189,-0.173571075455721,2.05786531022607,1.1045465561554
189,75,-0.832275692682434,-0.301259312164474,0.456476412198155,0.849665552452995
190,75,-1.73387264765124,1.05780859552244,2.79794989873214,-1.55820708726011
191,75,0.8924288581086,-1.03862213339384,-0.755494306269514,-0.1074525793451
192,75,-0.89913728297517,0.238316284408435,-0.229092370858323,-0.927081178950731
193,75,-0.457062154576475,-0.66317283027423,-0.733216994095285,1.17844994723808
194,75,0.698428258227061,-0.0818160897135086,-0.0858435580016772,0.479729922540162
195,75,0.0960614165797986,-0.443597843790269,-2.13784526764455,0.364263089895099
196,75,0.127346507453501,-0.19315464700204,0.166712562251975,0.604123372406522
197,75,0.276046591762571,-0.0832504772327743,-0.402314412225726,-2.26945993833232
198,75,-0.157866118831621,-0.857552641217925,-0.00989118384718283,-0.03220131493397
199,75,0.139135363580048,-0.406482781644096,-0.668158877366607,-1.83314062123906
200,75,0.344099384634538,0.120084153739847,1.23029708751226,0.199922767026135
201,75,-1.32232212249223,0.562240925820213,-0.00814761672089691,-0.820470600906244
202,75,-0.854075298014707,-1.45023138749107,-0.573822204005174,-0.88660983639238
203,75,0.666092761823949,-0.829564101400423,-0.838561552603063,-0.351057817476527
204,75,-0.739741928226254,-1.62898892116372,0.0947637692297867,1.4432175757449
205,75,0.0637199166785832,-0.824022328393209,1.36374075902107,-1.08220213535842
206,75,0.207082397717014,-0.673577387576333,0.611257126477093,-0.760074976237449
207,75,1.36300594017082,-1.15888921407207,0.408320271829162,-0.569478125882402
208,75,0.818084613999421,0.0781296105112326,-1.6213806648195,0.551932377505434
209,75,-0.633792774901012,0.890100849418999,0.833004275189144,-0.452056554129176
210,75,-1.71953678950439,-0.114043613507508,0.265560102969968,1.9610117917081
211,75,0.444121332807671,-0.103374891844173,-0.685369955282255,-0.821279589761035
212,75,1.54304652141296,-1.45091900372636,0.710118303616232,-0.125539199114135
213,75,-0.599478711656603,-1.0311973056307,0.165013490849346,0.602322198087227
214,75,1.76440193237885,-0.029699735103241,1.12733493090699,0.85934113449714
215,75,1.32109652308519,0.868788563839772,-0.219645782822787,0.0531106484392414
216,75,-0.14292536987208,0.10507703176659,0.370932467202101,0.919790787025262
217,75,-1.26231709892818,-0.613162408634865,0.0069247723482537,-1.6653818423693
218,75,0.83486193906063,1.84111261612059,0.304653267234609,-0.6369489926169
219,75,-0.982935018448844,-0.685490039992152,0.798550265623648,-1.80009653214331
220,75,0.0324827878185355,-0.57316559243716,-1.23241082156606,1.00926469574897
221,75,-2.17733463609961,-0.86300971565033,-0.949195783036488,0.6677248369766
222,75,-1.66777782205955,0.739280952307338,0.325280886530905,-1.14559425960656
223,75,-2.04328041414826,1.21736566722791,-1.58818736924016,-1.20917389801987
224,75,-1.30906112147148,-0.174169551943801,1.09868407287885,-0.179007880575713
225,75,0.549822163054215,2.33439626947305,1.45054950659297,0.271089041883169
226,75,0.25079943351619,1.60960729375848,-1.14832099671544,-1.66344254592804
227,75,-0.0736795302447367,0.21561787289741,-1.47058076482166,-1.48498648439682
228,75,-0.280699569684095,-0.0523952574591678,-0.824205702807871,-0.517650807730794
229,75,2.53956939182402,-0.224692791042553,0.507499443253176,1.32907909868164
230,75,0.13074024287233,-0.274204800102945,-0.18873228268119,-0.628305999415972
231,75,-0.524186249694858,-0.732345255357767,0.0373758565633447,-0.395974187251594
232,75,0.30439792198395,-1.03693770735452,0.696750413867627,-2.04873167752568
233,75,-1.54509260714954,-0.00215444835492814,0.27742002958545,0.628722285527746
234,75,-0.00467628151556174,0.593414186059427,1.54590503144447,0.0808645889716944
235,75,-0.873220102097937,-0.462561032396297,0.28113081387847,-1.71471805775192
236,75,-0.369451750262751,1.23899504429296,-0.364926821448118,1.37294400538744
237,75,-1.24144021016499,0.437323747616076,-2.35058900469611,-0.90914495104232
238,75,-0.449093469601048,0.629518121164077,0.22549361430517,0.65818122572484
239,75,-0.218826633592677,-1.01392271998539,-0.131193780508366,-0.629047388348524
240,75,1.2010720877578,-0.0544452578092713,-0.5102759645849,-0.970434880086857
241,75,0.117931607602357,0.5744488911224,0.931819140612027,-0.505972225812786
242,75,0.762369514599092,-0.490416238563808,1.51140400576289,-0.373043885380647
243,75,1.55511835428947,0.326396898336278,0.981562041489499,-0.681050232900303
244,75,1.70380131277851,0.166479483315169,-1.7969073699722,-0.736863349508972
245,75,-0.744747525075868,0.971652480361317,-0.7221959270466,-1.10204489772987
246,75,-0.339695016890365,-0.979119320674721,-0.250786327041473,-0.23154424112347
247,75,1.01581720775221,-0.96288093511985,0.116603716200121,-0.0506933774982051
248,75,-0.0808088120992719,0.736152920131465,0.919510916300858,-0.756723388578083
249,75,0.901245452515325,-1.2202178040629,-1.71761066025463,1.60568127050493
250,75,0.815947161439553,1.47659167334047,1.0152443903064,1.70849305148715
251,75,-1.14748085701037,-0.134850891360449,-0.198285709282069,-0.798492691124292
252,75,0.329484638633733,0.548423495735286,-1.78104695336293,0.457372605240727
253,75,-0.502218182050193,-0.252388006945468,0.749124372194123,0.0593258435149299
254,75,0.40733383200714,2.02297140397027,-0.20032085687071,1.68243411655729
255,75,-0.0354720579945354,-1.75839666783673,-0.0943873096895426,1.08005890261234
256,75,-0.0546356561915229,0.683656221777857,-1.01129745879674,-1.79775930460611
257,75,0.511135094715732,-2.25852082065017,1.16185457815467,-0.0747978208055619
258,75,-0.760286622268858,-0.221890158185057,0.716186189880384,0.641141911358331
259,75,-0.650944021571682,0.874671513545928,0.577224392566076,-1.85953613002066
260,75,-2.26657325050371,-1.69538275519234,0.15319996710319,-1.21199038721375
261,75,0.595951259263511,-0.229225534232619,1.16915524828352,-0.0592177660889568
262,75,0.781649027873834,-1.07543460287033,0.425703210485386,0.455874161092662
263,75,0.0252445902072424,0.133681519280959,-1.32700370368892,-0.294560301731081
264,75,0.375609460335318,-0.688874399128348,0.364050809871198,-0.247684304414982
265,75,-0.179898697470594,0.649696031897158,-0.427367513537643,0.233665199576213
266,75,-0.485525107165362,2.85550299442551,0.219107024724972,-0.0286281181427405
267,75,0.0465333417609173,-0.841409974299969,0.649427245947196,-1.82874952272393
268,75,0.325577433116429,0.717512418207888,-0.859376618735035,-0.361959622762067
269,75,0.118541030557038,0.391946442386312,0.361964114122093,0.750948852912262
270,75,0.535863830937307,-0.658229199386472,-0.827574353608783,1.08480397031514
271,75,0.415434023574665,-0.234556251252203,0.292400801939345,-0.161323000046086
272,75,0.0177808735567971,0.785355094190323,-0.156602465346585,-0.407918730876686
273,75,2.29548329399001,0.640148890226831,-0.00438777482672143,1.27944833912911
274,75,0.782391306405987,0.742712246524007,-0.395788614612273,0.480818426265183
275,75,1.2410068293962,-0.382741848169189,-0.833703263538715,-1.85492185518523
276,75,-2.46210719595169,0.311256781012329,-1.20082431917197,0.171401387517993
277,75,1.09504791998468,-0.696664482325697,-2.24993532290601,-0.139343586277895
278,75,-0.0210645840551248,0.461918361574259,0.825783276637755,-2.92203265942675
279,75,0.157519987036835,-0.938384969737628,0.188844884922599,-0.263587317106478
280,75,0.60240752697089,0.70348861061704,1.18693716735565,0.427004695803707
281,75,-0.0759143863805913,0.239118226336007,-0.614297979280816,0.0609559200833267
282,75,-0.440916092427969,1.07636467956612,2.37236489040635,0.703073372663889
283,75,1.66692202739906,0.638187442095394,0.515571188088806,-0.25595712422436
284,75,0.0777001571674731,0.254424397696231,-0.428817315698915,1.11602382009443
285,75,1.09462211484384,0.805878534100614,0.306589928490774,0.185214451230535
286,75,-0.196897045769808,-0.129334134323795,-2.45101534897687,0.205631891548395
287,75,-0.0464908168087619,0.526061751317189,-1.19269476753762,1.50966452928876
288,75,-0.775725632347707,-0.771710107458837,-0.242647510575546,0.0843705183624495
289,75,-0.798819655655063,-0.349214672240247,-1.09696146147286,1.60485303101584
290,75,-1.11071432161893,-0.0861054688371547,1.41352969912999,-1.2107129371555
291,75,0.377167753984963,-0.259930907180525,-0.931304705795592,-2.24199899799793
292,75,-1.29848837325531,0.83488995193327,-1.00095654976873,1.06413367641235
293,75,1.16213844321089,-0.961193519851452,-0.180228639714786,0.644045488216475
294,75,0.376686400866655,-0.50179740316253,1.85341025224884,-0.205856139145684
295,75,-0.614110665087709,0.275168696937558,-1.97365925055121,0.397337313987055
296,75,0.194573745015269,0.4456069974507,-0.473857721179367,-0.098022942399956
297,75,-0.203736137377463,2.14980015603483,-0.392106006713622,-1.38795701463366
298,75,-0.102576166124584,-1.24503740734887,1.13214895910799,-0.641233556137967
299,75,-0.807993677365321,0.35772708564941,0.344260592013838,1.38019956916978
300,75,-0.718949278331232,0.880747966810202,1.36320592382075,-0.411526246383845
301,75,1.79742094222358,-1.96634914917408,-0.750700218167339,-0.0456519078392862
302,75,1.02140896662763,-0.120774529794791,-1.27660365746974,-0.625063469799135
303,75,-0.711346061515368,0.936375636611273,-0.0132689811767493,0.259338849369153
304,75,1.19632994976621,1.77582199128557,-0.898731626305525,0.42785491916823
305,75,-1.14509021755374,1.01603236268355,0.633638538618791,-0.548797812368296
306,75,-0.504042457849926,0.517128829645385,-1.21139214222018,-0.983606782954942
307,75,0.741374944671192,1.10815245057065,-0.0312758866609522,-1.0444788085165
308,75,-3.21826812550044,-0.152246972099161,-0.403475094256329,-1.30948389695503
309,75,-0.877843759746696,0.806903843698853,-2.05212479339534,0.948221663953859
310,75,-1.5808840971804,0.909949558433478,0.61357526757013,-0.917841185626868
311,75,0.0772846934602006,0.70493404309677,0.718623327690862,-2.24940933756479
312,75,1.05969214824452,-2.07060246190159,-0.153301453785815,-2.62033977814036
313,75,0.0903336028919376,1.53168779835096,-0.394245390043782,-0.795113670762147
314,75,1.40800237720643,1.31598104876873,1.36403889112461,1.27146664704347
315,75,0.981095106210143,-0.873612727524964,0.0720910631667275,-1.40432990048448
316,75,-0.384954598920712,-0.786575080565932,2.57985616599258,0.298913107341663
317,75,1.62031616575705,-0.789737389731727,-0.0511927876367916,0.579798519200486
318,75,0.108677301023782,0.196683956606331,1.57193475857772,-0.756106488541239
319,75,-1.04508810327216,-1.51613431512753,0.420815793736047,-1.95022473594738
320,75,-0.376374319887009,1.24664902068423,1.03326288512746,-0.00818494073683408
321,75,-1.08723830975336,0.647635170297483,-0.310095614301543,0.107358860416787
322,75,-0.0986919443577659,0.920730483026698,0.255192373882294,0.824148595205305
323,75,-2.30049302914273,-0.664994870205394,-0.442940398741158,1.0239420221245
324,75,0.215332427462364,-0.224756528104475,1.51644199481623,0.485386290376031
325,75,-1.02653108625733,0.111966703612282,0.15085552776965,0.048489383196147
326,75,-0.188655103963053,-0.422654069929122,1.54995467095585,-0.741285022819641
327,75,-2.3067076935346,-2.05981293915905,-1.34388280643997,-1.65860052435756
328,75,-0.95663812308386,-0.855966962499462,-0.493709178848414,-0.456761947622776
329,75,0.126249149719852,-0.384813082478015,0.143776887876277,-1.22252615862889
330,75,0.78169155364072,2.20755828840967,-2.43544344240519,1.85424082846326
331,75,1.0821203547721,-0.00585928635302722,0.32621438587097,-1.42715303183843
332,75,0.876620933526006,1.18423851588538,-0.0898988501187204,1.00276963813346
333,75,-1.6528599293283,0.61339519332572,-0.244368436009904,0.533051565335013
334,75,0.224107280769043,-0.132816076078552,0.992557647816657,1.14898685716832
335,75,0.403692732150336,0.359855882011825,-0.164525408594938,-1.61525017127562
336,75,-0.296017657001664,0.155694246859454,-0.347919880989611,-0.58687628426329
337,75,-2.70522725714382,-0.163729130582656,0.704780191977796,0.309987176801803
338,75,0.113084377910416,-0.0761917990978022,-0.736752418701085,-1.55480726710448
339,75,0.0875842379773155,0.904189269391886,0.071844979977963,-1.08812680368111
340,75,1.12719547771861,1.77509103015135,0.989188017737232,-0.156175944229999
341,75,-0.54200634240492,-0.0424704787554298,-0.0945502442701112,-0.979905765334397
342,75,-0.447141690341629,-1.39067777026003,-0.436155805467995,-0.907103567527314
343,75,-1.40495650051139,-0.878979387422154,0.920096378022106,-0.00146389665907182
344,75,-1.35155337405374,1.53690429398528,-1.12870978696548,1.66991800119766
345,75,0.0887656168531979,0.508325778233534,-0.150560356012079,-2.05682879460344
346,75,-0.240787779372686,0.344748001887837,0.142685499717986,-0.368228288838584
347,75,1.91058100153424,0.0347208016737628,0.572818622630384,0.97727300894198
348,75,-0.926011517002171,1.09013897477439,1.67209052600501,-1.51775521612254
349,75,0.14905654490776,-0.403881520078891,-0.845757945344378,-1.52285772902551
350,75,0.386880727567899,-0.601126754369288,-2.28634925014039,0.84072711665226
351,75,-0.615560392864988,-0.0256252014434626,0.161626761025833,-1.79248056385003
352,75,1.31452186025619,0.683572217681083,0.771246166915943,0.881818889814375
353,75,-0.524537260671635,-0.313507114433335,1.66212876292404,-1.18635604304289
354,75,-0.0503883766160782,1.12519176462102,-1.22121817929738,-0.364085335449465
355,75,-0.67169882622787,-0.68250095270851,0.434949716092463,0.913499874014886
356,75,0.355411741426512,0.703141687853186,-0.24153721715739,0.79907877931866
357,75,2.67115731130545,1.29754277684364,-2.16368293919267,-0.390029519454637
358,75,0.00839689666541912,0.909923425617538,0.922218522390441,-0.588888149216657
359,75,-1.58860087760909,-0.362820064330875,0.323931102993765,-0.108270517685925
360,75,-0.928825183216092,0.221018242737757,-0.828152885102998,0.531763357964958
361,75,0.429344209704439,0.663191707110933,-0.0647178909635263,-1.24030110854762
362,75,-0.712101612463916,0.646227316174923,1.2372025675658,-0.985630372568577
363,75,0.356252017443439,-0.712251360906553,0.640517891012809,2.09687437799046
364,75,0.791704207507291,0.762677339723479,-1.43621671877187,0.374327597909011
365,75,-0.0162306647937891,1.68931683300783,-1.36050110458414,0.432480396949981
366,75,-0.447298976514622,-1.0944193990626,0.6112115401204,-0.610748495555909
367,75,-0.716752526380984,-0.613948069367231,1.42376879968424,-0.661876736971427
368,75,-0.339131391532396,-1.75443820320054,-0.0563286946772558,0.898684261796175
369,75,0.204328836830131,0.620504163748596,-0.0220558965456591,-0.591002312591345
370,75,1.12437003701281,-0.547598626186006,0.577655352265249,-1.5133671474163
371,75,0.88668367975165,1.02895516745328,-0.292047704151722,-0.357910099688506
372,75,0.407730282170396,-0.347293837846571,-0.607146995988097,-0.146130893725549
373,75,0.87454402523205,-1.9632624717925,0.153682119769953,-1.16738758074522
374,75,0.543724547946004,-0.475326493587603,0.298779430680471,1.0953368819873
375,75,-0.0390458760151479,-0.512384974549631,0.450695568088699,-1.89574717636483
376,75,-1.82213344517588,0.5620889050159,1.14525096329497,2.52726679348579
377,75,-0.473920143294855,-0.142012344040978,0.473993611393388,-2.78390456087001
378,75,0.806088126085408,-0.218885027445078,-0.423601568600247,-0.308002799240805
379,75,1.77455524339535,0.602342916220358,-0.976040184690906,1.31411164548039
380,75,0.350693009876934,-0.190224220702404,0.49811665702721,0.245846095597808
381,75,-0.282104564439403,-0.936867916657542,-0.11776127166584,0.926796675615401
382,75,-0.746861077535542,-1.74617901087775,-1.49157533435792,-0.410515803636347
383,75,-0.562061922649313,-0.647504164532445,0.906338582205042,1.12995462355829
384,75,-0.825172276336293,1.12051878227958,1.08041952930135,-0.571339410864298
385,75,-1.09078458530333,-0.0408269797774741,0.332279314558598,0.0240416480445554
386,75,0.819597372499737,1.8894011001183,0.937079276062731,0.245167796064294
387,75,1.02553351475605,-0.361804480375622,1.030313658831,0.2629930461916
388,75,1.43291886652771,0.891998379702814,0.839642211108721,-0.0899530106468583
389,75,1.43835158684218,0.410461138099011,0.72159956277749,0.803247758293044
390,75,-0.916135759301001,1.52756494268652,0.894887095708059,-0.0229505982471936
391,75,1.21749666619822,-0.385340806506479,0.23816333289915,0.72319761003745
392,75,-0.275428928146842,-0.339948026175427,1.06853191641053,0.190642911004281
393,75,0.0341723778790295,1.38455765833728,-0.596684868472815,1.08610344329358
394,75,-0.517898496893091,0.568120815073927,-1.20141663287027,0.134416319848913
395,75,2.06771830701283,-1.98348980908452,0.100740090211238,-0.279831851849378
396,75,0.307266150948149,-0.50077759743671,-1.10268662967311,-1.47154694545868
397,75,0.103469658618088,-1.0793962338967,-0.518873540940332,-1.23454150790246
398,75,-0.542548922364552,1.11949739788672,-0.423005883764731,-1.00381274212711
399,75,0.516344296538917,-0.154052138945936,0.738665700822358,1.34411224256045
400,75,2.154705338804,-1.96669806315175,-0.0775535544243417,-1.54863982776628
401,75,1.0816685863623,-0.383466757192961,0.411349292078548,-0.343812440396631
402,75,-1.7833285599907,1.58854006677408,0.759718950466989,0.315858011238688
403,75,-0.407161226973986,0.62517950672979,-0.202573096146375,2.17708561013967
404,75,-0.567096100732101,0.546407966334829,-0.627725492071861,-0.239246583381638
405,75,1.50934324160832,-0.756129574511085,-0.00441090077263025,0.864328512133573
406,75,0.490352091699932,1.52344243212883,0.535096409462821,-2.77357964246974
407,75,-0.014045307792303,0.695583855345168,-0.129524953612718,-0.0284220435037217
408,75,-1.5907395340831,0.837196323585483,0.591186562993978,1.03482581699949
409,75,1.28223692293219,0.41863166921629,-0.330903598340097,-0.277446276802109
410,75,0.763395557007513,-0.0335388419269447,-0.613517768289169,-1.1026732527402
411,75,0.35747250979772,1.29287293163088,0.796694508483299,-0.369371498539939
412,75,0.418332214013355,0.705661467502176,0.828998821422441,0.736413520517571
413,75,-0.800727356362007,-0.232809654611045,0.470669490573629,-1.03424081748463
414,75,0.727544300274964,6.87941833525483e-05,-0.748795582214124,0.932943163276069
415,75,0.84305275968321,0.155058969581453,0.797673450853959,1.22086949649547
416,75,2.2941805159203,-0.203539838604422,-0.502349398336289,-0.28463849905893
417,75,-1.7663561967647,0.790507974258646,-0.50931789157136,-0.56378585495048
418,75,0.332386495892691,1.10050359483075,1.39706049873512,-2.31130913305689
419,75,0.95966030713517,-1.83111656866903,1.1251178954027,0.986448831462569
420,75,-1.33107482318741,-0.250998463584939,-0.751664698064281,0.757789758080597
421,75,-1.43110594067626,0.283887008326564,0.888459844479727,-1.06756729302188
422,75,-0.39242632127988,-1.23236331141549,0.192359766324226,2.22695270902372
423,75,1.46481131268604,-0.245219481562869,-1.21797253793744,-1.89018719859753
424,75,1.00198659894952,-0.75309283460821,-0.296694670453027,-0.507390787206986
425,75,0.495038061059188,-0.200471933297167,-0.607376864394959,0.516492712839178
426,75,0.51998875882621,0.296289211869006,0.997576063392096,1.82270766262768
427,75,-0.330801601436084,1.30497884549701,0.0506475990771461,-1.10472526166266
428,75,0.420323034466675,-1.29568348133905,0.739480795706293,1.07801543075368
429,75,-0.678208851929678,0.372991176945832,0.155920341121626,0.504971276567335
430,75,0.987473055859583,1.66970427641142,1.53422367866542,-0.943222454369352
431,75,-0.447101799218695,-1.73869061985216,0.887747243243902,-1.17488732358039
432,75,1.65694526102402,-0.663266681429674,-0.67552338265613,0.830601667095739
433,75,-1.42250393029359,0.117501556260343,-0.673622486088323,-0.00138478091595012
434,75,-0.902284644030555,1.35114962184966,0.0311967832937979,-0.649410316137241
435,75,2.35932623231047,-1.1813669112647,-0.0702896543419063,0.404632875030374
436,75,1.39870093660395,-1.84678807588833,1.00816301760005,0.186996114599388
437,75,-0.25460891280237,0.712216397130321,0.598454235227106,1.0052170616299
438,75,0.82356627820335,0.353769322783064,0.387159880835728,1.25791474166083
439,75,0.506989890377718,-0.28109530413673,-0.187616609226001,0.775940046030247
440,75,0.0302402498779398,0.442327103043551,-0.0340712519298753,-0.100048121512858
441,75,1.30655631724588,0.0888736002584681,1.76976777217101,-0.312756640919069
442,75,1.59858814244668,0.114939609610618,-1.31585625687848,0.961467748155001
443,75,-0.307426378182319,-0.675109416597128,0.84746695887262,-0.303235824629003
444,75,-0.518420335900501,-0.387081819942605,1.90297949803895,-0.256078931797728
445,75,-0.452443965699725,-0.48320132304733,-1.24193342885668,1.24337742001297
446,75,-0.454419983334925,1.38164018426662,-0.59835028464551,-0.636319378769702
447,75,0.479837435006189,0.337456930704893,-0.650086438258669,-1.28679989139751
448,75,0.0217199467431812,-0.587787007109576,-0.00262876623417133,0.182109494308977
449,75,0.147771718796726,-0.328804835108615,0.242992542170424,-2.13254102941517
450,75,0.771731402907723,1.50609742963905,0.966405385187873,-0.343973795160096
451,75,-1.53256066797295,1.02350334256362,-0.530787977476882,-0.324586756956333
452,75,0.128449730671234,0.458906198245846,1.36113997706413,-1.24960377879052
453,75,0.952057587843,-0.277370216979366,-0.286931407795902,-0.00592425983234095
454,75,0.195666051178486,0.360535221706458,-0.608786493156562,0.724613447328943
455,75,0.0368567681276143,0.0500440087287962,1.53215970100578,1.39697685793627
456,75,1.54327511736166,-0.810637887486372,-1.01175606429442,0.702980414557893
457,75,1.09211993603012,-0.945248234055087,0.308681978528872,-1.05660326536012
458,75,3.27335096351737,0.298774122758011,0.49956387054361,0.977547902675351
459,75,-0.190852496351641,0.757671704465507,-0.445332959761361,0.631616751411867
460,75,1.14541994159179,0.11799830421357,0.458612535139345,0.323134735631212
461,75,1.40590816804468,-1.25099032309816,-0.84724703405876,-0.123861753496742
462,75,-0.372136989169269,1.27913914807111,-0.926766515570253,-0.936817915231261
463,75,-0.387384763005923,-0.512367184426202,0.651277775814352,0.0690188195348603
464,75,-0.603587774812417,0.642427764033899,0.522427208751503,1.25301234575952
465,75,-0.0372024660868867,0.873812248345562,-0.688449742922415,-1.63796398103479
466,75,0.299937910951963,0.729777203725303,1.05691676652487,-0.178054010481553
467,75,-1.59669163639674,0.496666640972323,-0.0335578418700588,-1.51210033432158
468,75,1.55330278090614,0.181450951820822,-0.607764776465098,-1.88196070849663
469,75,0.970271342215789,0.328915145525835,0.227078956781889,0.865108808617443
470,75,0.702219083489509,-0.795474866751463,1.15275556988541,1.60564425196824
471,75,0.225980600440618,0.836649878300913,0.242072195865338,1.26499944855179
472,75,0.165768253019911,-0.110846780915064,0.106153953036297,0.900163846874825
473,75,0.592695274572008,0.158397817751082,0.148936547895473,-0.316118353152425
474,75,0.99506395590779,0.516134504359728,-1.34749411680726,1.0691419777142
475,75,-0.788816706527447,-0.555721819546813,1.03762671460102,0.1162723506709
476,75,-0.37119843488467,-0.578598071847796,-1.8415349919519,0.328080287409728
477,75,-1.89850917314464,0.877775710559841,0.385630560962843,0.187015715115322
478,75,-0.406159934712249,-1.58702271945646,-0.738185438486941,-0.792579063707165
479,75,0.378717569321936,-0.0679160752569663,0.538015267948789,-0.42211085883752
480,75,0.736868996810365,0.247678326711262,-2.24253409080081,-1.9863400026627
481,75,-1.49841983151634,0.618128087844951,0.290571912980401,1.32346838581932
482,75,0.122678528749898,-0.233624908389549,-1.41868554183033,-1.04693650316384
483,75,-0.431208255004711,0.251220717394162,0.194716049644526,0.0901765123387774
484,75,0.924819537782819,-0.0660687417106181,-0.457282866151883,1.08070812843444
485,75,0.632843764410486,1.27801037208656,1.0640013626131,0.251714324156824
486,75,1.77805168640364,-1.23332454484719,0.24750265656199,-1.19858721981758
487,75,0.647164295620254,0.560177936206561,0.613258395480604,-0.00587327371783126
488,75,0.408665426950479,-2.53427243292809,0.699825770475428,1.58935460751514
489,75,-1.1746045770829,-0.649568893609275,-1.17479784855988,-0.219185010500181
490,75,-0.928960812505631,-0.215872370907488,-0.115303935213209,-0.310164704952872
491,75,-1.19553460515107,-0.602286244820098,-0.450546879468408,-0.953137233605956
492,75,-0.386897695899991,-1.03676438308717,-0.626392573595399,-1.28030746146771
493,75,0.638466294157262,0.0985197417345954,-0.930268722392652,-0.284422641385776
494,75,0.301080972392164,0.729058217642713,0.066243573848325,-2.85860631648744
495,75,-1.04443414092192,-0.316127668594043,0.515458044336304,1.51641624613317
496,75,0.328288075525354,0.302297986435506,-0.51756500186142,0.23879968419425
497,75,-2.1918687967627,-1.6600619700763,-0.684885662847157,0.995888970772708
498,75,-1.72737880712486,0.520683902884742,-0.0627186204936216,-1.53309044473846
499,75,-0.732942505411366,0.220700654593195,-0.780413351482401,-2.10679666043347
500,75,1.54135002852931,-0.539628552926199,0.869672297180396,0.245385059992897
1,76,-1.42649881405124,-1.00431768850459,-1.72752498529129,-0.664784982629537
2,76,0.749348074581816,-0.0923664734577776,0.418381475713567,0.369259213958052
3,76,0.864687464154334,-1.21941360880563,-0.987163351840131,0.871902815308754
4,76,0.391865851800764,-0.655666381100405,0.192914040101,0.348270538878535
5,76,0.336887908411412,0.322566190433743,-0.839389757347092,0.355755116914996
6,76,-0.125966428261603,-0.942442038343892,0.390805550270022,1.62369860879416
7,76,0.042049705617212,0.88055584146525,-0.822668012392791,1.81861923009949
8,76,0.856850869747795,-0.223566416949493,-0.381830438819387,-0.312791961053405
9,76,2.45447980602612,0.487141729971364,0.295581467248897,-0.49870810343625
10,76,-0.984199938979684,-0.501757691656009,0.200167170703526,0.00705714029536483
11,76,1.25880889598122,0.765663486121168,-0.870502126959715,1.9678231988059
12,76,-0.975127903241057,-0.977999186227229,-0.181502346638194,1.1398131573975
13,76,2.22843168288696,0.673133929097549,-1.2151294627647,1.94984739758778
14,76,-0.393701230217558,1.20740248330145,0.106958587958449,1.45803779100901
15,76,1.83883019214648,-0.0453823487011851,-0.182191248984186,1.89790773617358
16,76,-0.206538944781375,-0.11365588160288,1.42573232897809,0.454496989104602
17,76,-0.854915085708332,-1.28934191000282,0.331663210293638,0.497775853231038
18,76,1.3757408419762,0.24064525364708,-2.4279510721805,0.448088054905181
19,76,0.705724678216252,-0.261398844018825,-1.44627739352444,-0.274973388285591
20,76,-0.415465518377819,-0.289074704079508,1.77329511906669,0.763500864641137
21,76,1.35033284329338,-1.14807295292032,-0.0241758252528479,-1.29244030731281
22,76,1.00986423874807,0.603408132709398,1.44935347915819,0.431084512476084
23,76,-0.0227612273863477,-0.237562468844916,-1.20905238104135,-0.663423451913928
24,76,0.905993113073026,-0.37409861148616,0.108170592725802,-0.993792950927008
25,76,0.889861578390095,-1.42364225148069,0.907094980027047,-0.234002969234441
26,76,-0.696795697291571,0.998402264342013,-1.17570861653178,-0.489533038974961
27,76,0.0106410322103348,-1.77532184046732,0.755750849233907,-1.59574209738477
28,76,0.0227938485452314,-0.697894732015431,-2.2145529506386,0.856806924131455
29,76,0.136018922125388,-1.8703963728326,-0.982096258569893,-1.80676976157638
30,76,-0.835397730628248,-1.61641405813392,-0.0799658479016556,0.412589268544206
31,76,-0.300411231324621,1.06489543375163,-0.421177457697264,-0.374100881218671
32,76,0.0248618561853516,1.33282900454812,-1.3239980006226,0.238295027206895
33,76,-0.80143202376658,1.36959880431836,-0.0835205474510525,0.0411519438193459
34,76,0.18405587457131,-1.34883406127989,0.660349863954218,0.458499138679421
35,76,-0.0833569346687279,-0.184781748589301,0.370059194960366,1.29046633972662
36,76,-1.00943402890626,0.6447053854915,1.29337224790167,0.259539517463122
37,76,-0.26962172062456,-0.362863470810764,0.262773795939014,-0.491023778639194
38,76,0.506863118575483,-0.48505312615874,-0.729693318888404,-1.00612939364841
39,76,0.805206209800764,0.535492513733854,-1.28326465530851,0.535786639544064
40,76,2.42553348224482,-0.313844028933793,1.36719379823896,-0.159442331662829
41,76,-0.796823426637007,0.0817138775611966,-0.154869610317855,0.72955782539648
42,76,-0.0210438874180934,-0.644356890779172,0.953407720562903,-0.47920686952939
43,76,1.39471506751032,-0.786199833603179,1.1941537941482,-0.92738282441113
44,76,0.0208453230260326,-0.8909716171431,-0.326976532581473,1.92390807895004
45,76,-1.25757871445163,0.365025855741004,0.497064825638521,0.26059455633633
46,76,0.485125337712186,0.455809947543144,0.773681274583543,-0.172855246637288
47,76,-1.09616870312994,-0.713322954850466,0.078196287639492,-0.308248381017412
48,76,-0.895032270642694,0.888227621564201,-0.671593768300158,0.360277033181954
49,76,1.02441744304376,-1.96459415275953,-1.74251010441079,-0.856778587462792
50,76,-0.250270713084437,-0.680184039159453,-0.0157150154342419,-0.519064156361317
51,76,-0.549458996767374,0.581023683443431,0.0996463462820825,0.605472133154264
52,76,-1.64995160701733,0.268059450453018,0.197900828336582,0.630603763220925
53,76,-1.00392902594382,1.13701068627799,-1.00386746528851,2.16331553362834
54,76,-0.5396898086113,-0.0302082317572072,-0.587874711926436,0.668760058009546
55,76,0.447072026971353,-0.204846280781071,0.333730017538513,-1.05178913620511
56,76,-0.77585075063575,-0.703274441706296,-0.314703390343772,-0.324654109712497
57,76,0.0247652463407905,0.852652493969188,0.0719280596847703,-0.145569690335977
58,76,1.30793895865433,0.013500965930693,-0.0779501777121212,-0.96161158281422
59,76,1.95682456532567,-0.927469941768185,1.76278458547383,0.503919208103013
60,76,-0.302857544063858,0.462298900103276,-0.0853864597846379,0.660890262464518
61,76,0.72222016245071,-1.952337945816,0.0422052877904618,0.204895947711126
62,76,0.161676451848309,0.0475258496230859,-0.0973681900347337,-0.433997983543462
63,76,-1.71382773131285,-0.558749127082993,0.446396299169097,-1.80149957603491
64,76,-1.56461211214677,0.0301405410427803,-0.986521001538932,-2.62663003878759
65,76,1.00148390292668,0.177417264969936,0.49592009416836,-1.07739278122116
66,76,0.949971991046928,0.477319947001686,-0.927542470129586,-1.4062762909848
67,76,-0.05085994728039,-0.481690776029081,-0.322807939746832,-0.388578595688652
68,76,-0.299580266192077,0.0404016479041722,-1.95137156801217,-1.0598357815821
69,76,-0.540234396705642,-1.79637159123622,-0.243858034245436,0.469553242889192
70,76,-0.312597416029368,1.22197556497819,0.540385967799855,0.214579033720716
71,76,0.30222058081692,-0.876709834184035,0.798020776229898,1.68426545009402
72,76,-0.714685232084911,-1.64926710030371,0.524689983318629,-1.17459058923608
73,76,-0.272435317183308,1.46988229550908,1.93420315677962,0.329574816359165
74,76,-1.26740547930258,1.29540551247348,-0.407283994912197,0.148485521299915
75,76,-0.607284336292677,-2.28701673998078,0.638066735107933,1.15185097297938
76,76,-0.784384317006724,0.00211307274312554,0.82604183312303,-0.5783688850259
77,76,0.989905654522907,-0.665989645379162,-0.8622408444033,-0.819374623050171
78,76,-1.35645020925836,1.11087858785373,-0.115545642724364,1.13361654267748
79,76,1.02461449503319,1.3302407680721,0.614002479947357,-1.09937929785993
80,76,0.588758398123202,-0.294301032766779,1.76241307907783,0.894915559719992
81,76,-1.46574859233379,0.720485717104973,-1.1776420964202,1.09714553035142
82,76,-0.584047988337611,-0.255061753142306,-0.378222222567259,0.527735731603146
83,76,-2.68771704441182,-1.08425435791035,0.488362704571061,0.87486992097963
84,76,2.28192098072562,0.124016953595785,-1.13346065689155,-0.0418176254156916
85,76,-0.49374479979084,0.946696735165801,-1.04678182373445,0.610553129700764
86,76,-0.512914887591203,0.781604208469372,1.09691071343974,0.595011052655254
87,76,1.43951068479904,-0.243228688873462,1.65279553030845,-0.939638596023014
88,76,-1.24469660163333,-0.938047294566587,1.30686384737256,0.71900101741267
89,76,0.330749029727034,0.106658812429283,-0.575112648057688,-0.120995378775682
90,76,0.878166575752507,1.13550039449603,0.00771528723448222,0.260143896631255
91,76,-0.857298849678389,-0.0744753581441626,-1.78262986822216,0.592097453337122
92,76,-0.21586637094848,1.67373860054602,-0.908899820132627,-1.24190259969021
93,76,-0.22412599075906,1.2168654836881,-0.340767798465274,1.46085313955619
94,76,-0.37149073036517,-0.0581121769874619,0.652368415481954,-0.0634078955708889
95,76,0.37789656671305,1.62377300907764,0.638615930635537,0.134770018696876
96,76,0.514040282516242,0.564599835627281,1.4115727160487,-0.968646179408805
97,76,0.231647567266334,1.36098448809579,0.327789013150602,0.443986633289839
98,76,-0.619223290865143,-0.407229217186226,-1.50433271694253,-0.659078446161724
99,76,0.0825756892236226,0.376095757237283,1.74436094537573,-0.681136505452262
100,76,-0.425539393984811,1.06696259803993,-1.35128686468091,0.712755192951023
101,76,0.349528243558105,0.26731707557488,0.0118231762480582,0.0535763970816707
102,76,0.300751684955759,0.478475901037946,-0.220005792359185,-0.201930211097815
103,76,0.752231471009563,-1.057577943722,0.910321302179679,1.08831407644023
104,76,-0.361375995513742,-0.459667523474522,-1.64896329875784,0.122427736322121
105,76,0.023101988853228,-0.30371837718719,-1.07517723814893,2.10122632210777
106,76,1.19306180954292,0.792073351530284,1.07271820449361,0.188754453479491
107,76,0.281129377080871,1.27719224776781,0.943820381375762,0.681783277448448
108,76,0.172261308560868,1.87572487223333,1.01930250977836,-0.744637455754059
109,76,-0.0672396847546946,2.01770884300212,-1.86816353476223,-0.594696152046049
110,76,0.202661505898939,-0.666247546799857,0.559555293869254,-0.757845051647765
111,76,-0.47001132668218,0.978311024184274,0.0765192756627778,2.5326949718934
112,76,-0.441799302663415,0.44698546498109,2.17087030141376,0.558428731371318
113,76,0.382635923449144,0.754923186554062,0.749423609854661,0.230549369441442
114,76,0.858971936807435,-1.34573697642892,-1.13599086198603,-0.24789910392606
115,76,-0.210721165937374,1.14327338568525,0.549558033432769,-0.928136653131915
116,76,1.18798115181379,-0.566486325364755,0.0664048415645753,0.135867663504766
117,76,0.0581331830397245,2.33099685932361,-0.407495880568593,-0.679574779218282
118,76,-1.79842102267506,-0.638459386167175,-0.101918025111407,0.987759906255689
119,76,1.2604640612599,-1.00022231141992,0.962755806410527,0.355755376305653
120,76,0.834494145507615,1.78731471145193,-0.168839558327264,-1.6988845073853
121,76,-0.592929636003129,0.687177547952429,-0.362776290968886,1.62705102772533
122,76,-0.220345325804263,0.473064341079123,1.71748701090633,-0.439698716245086
123,76,-0.175291507788137,-0.521289824500397,-1.23494848710536,0.726115539541995
124,76,-1.0239842656635,1.44339038379942,-0.185006310587446,0.288424327123706
125,76,0.240234456013337,0.180550939882968,-1.0807041922722,-1.26784529895547
126,76,-1.47038562650031,1.30963482026302,1.06068698659754,1.33159644644162
127,76,1.23794847528798,0.363089731945373,-0.351323647322782,-2.36141840970489
128,76,1.41729084351822,0.863529243846176,0.0588049935152341,0.0974758695028595
129,76,-1.22876203905301,0.911363054022012,0.91234171410897,-0.733177537610785
130,76,-0.480553785830028,-0.857236789724097,-0.13855984929338,-0.219618780246872
131,76,2.32721098362199,-1.42595184801001,-2.52426832982081,0.437070015043993
132,76,0.325048916124409,-1.59423062215679,-0.839855133555325,1.23137975190805
133,76,0.647040378654477,0.251637051415052,0.321803578796548,-0.166377859544804
134,76,0.204110420339723,0.94513145627874,0.0606801620974553,0.317329860654821
135,76,-1.58912661143935,1.38548302610567,0.221094662573143,-0.757153622282192
136,76,0.227401758560125,-0.435911917250964,0.679808635958884,-0.692662450285749
137,76,0.53231958650046,-1.59446350913255,-0.616173105807904,-0.17600888404652
138,76,1.20954289772804,0.612801469709974,-2.54471072308889,-0.167148152659082
139,76,2.12331770153466,-0.810958815666091,-0.43827549221272,-1.38230148393106
140,76,-0.313742345120049,-0.144577777107857,-1.20622174176638,0.111694932168417
141,76,1.2261470328555,-0.361083858803616,-0.848541441760775,-1.39880665526238
142,76,-0.48312377515771,-0.621018667632863,-0.892155563865641,0.160109285216135
143,76,0.946788363142202,0.919313076656292,0.100241800656885,-0.309306524761751
144,76,1.57293625739148,0.222385777279243,-0.00199578099790526,-1.8805955465737
145,76,-0.377604369616153,-0.96137147394768,-0.75020276601353,1.71709875444958
146,76,-1.22735680372314,-0.913277554667018,0.811066273800818,-0.678998203991858
147,76,-0.233426859433664,0.00509953286057019,0.340838745831412,-1.51284312438404
148,76,-0.892828599516655,-0.049790712293923,-0.108109610963034,0.254642543682185
149,76,1.02582038191145,-0.484466670285602,-1.16758647658881,0.223799372771041
150,76,0.158582876286509,0.553066583636518,-0.653890587871249,-1.02533052453875
151,76,-0.618654705999643,0.527658996531998,-0.068411536596309,-0.00742520692473549
152,76,0.452912294630699,-2.03148400459256,1.62841188030703,-0.923325309276176
153,76,0.37460286891274,-1.30122032377021,-0.281198000171749,-0.0499410185789922
154,76,-0.0691964963032446,-0.135683661604096,0.838783943933236,-1.20427259972631
155,76,-1.23452976635596,-0.0625307390496132,-0.722618913007925,0.195937142709587
156,76,0.0916403246255829,-0.0769547448238297,1.17540336356755,0.115698938096744
157,76,-0.564162324678288,1.43671515471453,1.49391708678322,0.865367496500201
158,76,-0.264494458247905,-1.01373910003393,0.846795758685806,-0.58159544608221
159,76,0.940789369607709,0.49080914862953,1.18688489367224,-1.76551159329328
160,76,1.25090764221141,0.883232275790842,1.56133733070157,0.603838280956059
161,76,0.481445856953085,1.06758706298003,-1.14263534700159,-0.298940527195109
162,76,-0.951693837922662,-1.42207164943117,1.15187744540802,0.0921329595635246
163,76,1.454483022667,0.0764450305362634,-0.816789898158743,-0.681240875531932
164,76,-1.61930070154057,1.97384204774725,-0.483050501170304,-0.623559437023334
165,76,-1.07854143991589,0.839943364881765,-0.38563352842958,3.01962378679789
166,76,-2.17785756838788,-0.938038688590095,-1.06416315212152,0.652112994329605
167,76,2.24528270439958,-0.0822977477109906,-1.18359966150571,0.881587234301614
168,76,-0.548316788636778,-1.61344329046838,-1.56407175459966,0.736383909110341
169,76,-0.556111925648725,-1.73417703524099,0.169630808003904,-1.2464871497602
170,76,-0.183051430753865,0.114038310466592,0.23594387432469,0.289053792213149
171,76,-0.146412238381179,0.442992584027037,-1.40099869755502,-0.700857227884672
172,76,-0.170414840253342,0.710246489622945,0.945772914553716,-0.297221245968102
173,76,0.628375975258845,1.11345496051488,0.983541387666211,-0.838934380024869
174,76,0.904041396163094,0.718596153014631,3.05455996128399,0.454910682545804
175,76,-1.55111108821183,0.22300590759264,-0.484352296958593,0.641525926742404
176,76,0.324742763185457,1.1204906590865,0.708308502664434,0.158452499005243
177,76,0.328188210095903,0.602996778148808,-0.697515171490875,-1.9933299591397
178,76,1.30711129415865,-0.517678634013315,0.872085808499329,0.581290398714425
179,76,0.239451029968055,-0.273354073718044,-1.20558233980155,0.105621968360132
180,76,0.252475035600839,-0.828175730154536,-1.34281397969236,1.45840410987305
181,76,1.25302434118926,2.66999018396296,-0.0871422131633591,-1.10213564545728
182,76,-1.28232561199005,-1.55117148584077,-1.39630374415492,1.05120253489956
183,76,0.889465324999053,-1.99817089134753,0.145597957642417,0.267587226752791
184,76,-0.71556193985664,-1.51832566559024,-0.263142720113838,-0.662035202598974
185,76,-0.549603562969108,1.5067788459087,1.26731525692973,-0.484351133112611
186,76,-1.25174827079502,-1.94557810513328,0.106382908392102,0.315426151120435
187,76,0.496506203654272,-0.470476957592343,0.0925251349330459,1.21397678813159
188,76,-0.675871238537271,-0.785931996547365,-0.503402865297964,0.0775362652753629
189,76,-0.639916059378477,0.128509890794628,0.105646966128647,-0.56459372820616
190,76,-0.180842967660626,0.129751656030914,0.547734170359885,-0.110621516565925
191,76,0.520224427737901,1.54738578826286,-0.306566396005015,-1.13277739008813
192,76,0.182569668955379,-0.738871978312711,-0.837418343732395,-0.842170679011018
193,76,0.270155446520268,0.660978865139966,0.263827076028323,-0.889323766294247
194,76,-1.02589407979726,-0.629935361155131,-0.258590722627209,-0.193319139866226
195,76,-0.118176263108849,2.02038700696035,0.0196202801697599,0.168335357271802
196,76,-2.56537041473935,1.47129080987149,1.228106680801,-0.861463447086754
197,76,0.287256829694506,-1.02056324344304,0.900317628082287,-0.240585732122051
198,76,0.650097694368099,0.893989160647972,-0.209528001110273,0.470291827826914
199,76,-0.0717822442380692,-0.921601330283403,0.0982518746558879,0.433629214102225
200,76,0.0381868471454105,1.02389309854419,-0.537097280060853,0.0501708679864846
201,76,-1.46207686208333,-1.8510019426112,-0.189462682090601,-0.137962836686263
202,76,0.166614704627364,1.1104218961976,1.12169552551764,-1.4472726419441
203,76,-1.55772453679172,-1.10523401514292,0.803137954264866,-0.179751694697601
204,76,-0.340984461121944,-0.460478379801934,-0.97378033523838,-1.60680622336436
205,76,1.13341601710572,-1.60749460454636,0.963326218146989,0.464577542024947
206,76,-0.412810414738051,0.652732536313943,0.859924738506844,-1.10116995161358
207,76,-1.52762809631166,0.391160304497979,-0.654492917094801,-0.814683053577076
208,76,1.50831144748447,-2.31434372313508,-0.387048269545284,-1.42808297948205
209,76,-1.2013531329235,-0.567765756398628,1.1722180609487,3.00822939164976
210,76,-1.17883307678619,0.976320670664048,-0.472215428909175,-0.72799714072449
211,76,0.469556832845405,0.460141339234802,0.882415431611052,0.469300648374096
212,76,1.58083738917949,0.91416947756456,-1.89085137700669,0.218470715178974
213,76,-0.110264861270158,1.03156579660789,-0.865535299186118,1.73548303895189
214,76,2.64456658699202,0.696714791102677,-1.45160068021049,1.12020537863491
215,76,-1.8587849209736,-0.349512089625931,-0.00647263725463064,0.735725054383331
216,76,0.859316431484042,0.560015488949735,-0.595026711523826,-0.507435295292192
217,76,1.32425609334533,-1.7417712302748,-0.290402108014337,0.733466543933595
218,76,-0.0311769037831252,0.231756261254308,-0.551868046280357,-0.442915153698824
219,76,0.585884867644022,-0.319273535443676,-0.208280468343122,-0.775067977893085
220,76,-0.427369616410603,2.12396298745318,0.0810007982484626,-0.489303548578554
221,76,0.695155318206974,0.366824255959266,0.486720844227505,0.597273847566696
222,76,0.21340121906916,1.37970662485465,-0.384121068315909,0.730895140118698
223,76,-1.52368213344958,-0.485063113677225,0.452176159218515,-1.74981758897024
224,76,-0.215173826586738,-0.307012604447686,0.383005551523737,1.01235655581354
225,76,0.546529410214145,-1.40290807787138,-0.936750085391686,0.349602003366098
226,76,1.23023610788561,-2.99011598453584,-3.52880875044167,0.0411902864919412
227,76,-0.344254115799258,-0.190974887362763,-0.0312650885410022,1.15707752314853
228,76,-1.90098904067904,1.77172085174356,0.769106245533247,0.752818757436939
229,76,-0.851685801602743,0.722112937765029,-1.9502138016791,1.16215621290743
230,76,-1.54275247634922,0.277594741269517,-1.3350424706736,-1.63585677322329
231,76,1.68388511263762,-0.864391968797885,0.378397032154706,0.723190630109089
232,76,1.8281644180341,-0.782472106213692,-0.543627292321755,1.42596218505141
233,76,0.453649735961273,-1.71985615708563,1.4949732603308,-0.298767265605877
234,76,0.378294932705969,0.322984838517172,-2.4035133173328,-0.152718150730613
235,76,0.296543895031304,0.366633127724215,0.148767267388451,-0.0348147662018114
236,76,-1.1969270356296,-1.60005907689525,-0.00215523826947868,0.230070935710028
237,76,-0.177752055262173,-1.57623366462493,-0.196775785577498,0.0266814452959009
238,76,0.509941934755816,0.871548093974794,0.0395381011316618,0.220265891126347
239,76,-0.0328770202884944,-0.122191790129111,0.182319306228065,-0.656327230737261
240,76,-0.381625941965168,1.04229968387919,0.917653031557746,-0.851386988424538
241,76,0.334072403079045,-0.169838571967548,1.39342009985485,-0.0152501935051002
242,76,-0.292303799027377,-2.44342073190342,0.668856108042029,-0.267695457996621
243,76,0.236649782044814,0.770018907234858,0.0622033671412843,-0.266369698071581
244,76,0.864461941717228,0.176624615943658,-1.77910064217744,-0.978320195015174
245,76,0.437816409266297,0.398832804487635,2.094712777668,0.81758726260005
246,76,-0.521270826178599,0.498389718479218,-0.322675269151077,0.0151514092079906
247,76,-0.135219976805479,-0.205252993466476,0.217404494891452,0.681190696515896
248,76,-0.752846395761302,-2.24958671195497,-0.100411453646179,1.00268983863268
249,76,0.282919673504484,-1.03697704812414,-1.56785546390173,-0.435537194169317
250,76,0.559825915631376,0.94247967678159,0.805744562911967,-0.349074952520717
251,76,-0.671931915760286,0.0353563863387968,0.716481937053621,-0.170428746341115
252,76,-0.222854201990795,-0.863652495859225,0.054651737295651,0.958485149365709
253,76,0.492008549052221,-0.412097540452273,-1.04198869922119,0.773311535478416
254,76,-1.07851359997239,0.597291641809752,-2.39885911157283,-0.923033829386336
255,76,1.80667071592625,0.638340020181008,0.132885227151733,-1.0560343632341
256,76,1.15201765229724,-0.75619945208941,1.78349314476784,-0.420628091235299
257,76,-0.313460310001193,-0.800330516894354,-0.731137653993805,-0.386728595128918
258,76,-0.624144410572979,0.477663032003394,-0.435605087857842,0.550023509180341
259,76,-0.129256931400456,1.19564708814497,-0.397319695318223,0.308894098867861
260,76,1.41915755550305,0.688194793747294,-2.60966436194862,1.00983765244522
261,76,1.44855279071175,1.42330310174287,0.978995294539011,0.0985194669727859
262,76,0.235762008276574,1.44654524406646,0.765653090478793,-2.22370563164762
263,76,0.905655365195265,-1.309781549262,1.52149194188886,-0.491590291964375
264,76,-0.235300954244222,0.596003867890254,-0.765884347235924,0.863915842892079
265,76,-1.5790451060238,1.03117527812267,-0.358737347441337,-3.79776048449706
266,76,0.851034774795095,2.03031231911122,0.610858693794916,-1.55642214724705
267,76,-1.11827558116852,-0.349290338885599,0.418457682617929,-1.66027979562682
268,76,0.419395950630953,1.88766155410574,0.932608433564156,0.653920310230157
269,76,-1.04487453067826,0.330458242116866,0.890763829768401,0.129793876144564
270,76,-1.91279544266851,0.541234591957407,-0.270432036526533,0.598351009832936
271,76,-0.153533626051883,0.0172473948465414,1.00768301101802,1.71013401653855
272,76,1.41539731470978,-0.815463077893296,-0.745674288966189,-0.565059106729548
273,76,1.56571141891291,-0.591344028578898,0.74683674572768,-0.625913899276196
274,76,0.158799045408347,0.38216175778806,-0.651748728894614,0.29217594751412
275,76,-0.497064178096269,-0.997768587254416,0.370229825276751,-1.80943072850669
276,76,-0.397333426430485,0.92216463761891,2.36346382403579,0.770451674326326
277,76,0.00576138463269122,0.356273076120955,0.352715975006777,1.90009968580834
278,76,-0.459569102457289,0.356412591064531,-0.0873873118191393,1.91842348339267
279,76,2.2542418330595,-1.00798833294776,0.318708857254558,-0.903364437513219
280,76,0.00379484115947155,0.197428733190051,-0.661120719994644,-0.98659035469996
281,76,-0.742494969575698,0.778563277589366,-1.41666665285197,-1.58441414654884
282,76,-1.5927289696522,0.160193258398868,1.10888791841634,-1.13780249204989
283,76,0.664536710843377,0.526852248592671,0.432033258514677,1.10906498748887
284,76,0.113473925427663,-0.419676552539203,0.62993908970895,1.58807135484124
285,76,1.39104224001429,-0.700921974428464,0.220412598120092,0.874748784172712
286,76,0.0204368389507885,-1.6244217727163,1.85927407576286,1.28276609364152
287,76,-1.57133582138777,0.375506883259734,0.0531273141982055,-1.11789627511075
288,76,0.884161621400316,1.45218411651869,0.735329894782697,0.621902756626718
289,76,0.991160749790554,-1.13280479733554,0.157669532465548,0.146344401354577
290,76,-0.117417283955121,-1.2365898355622,0.619606991494222,-1.41912375390605
291,76,0.378271110010421,0.942425708982716,-1.09912592138597,2.34943214278236
292,76,0.332459745864166,-2.31950776217364,0.581315245977549,-1.98249793613422
293,76,0.00472664845398059,-0.156486721046342,-0.865235735781902,1.06514751088664
294,76,-0.755743258357208,0.143048491087103,0.660414778547894,-0.466211070996522
295,76,-1.48071330931515,0.39685064060152,-0.733483879532925,0.818694247697357
296,76,-0.0865424241558509,-0.0133079257972556,1.79865013394426,-0.672732704815752
297,76,0.848334105675227,-0.287717700958081,1.77596541207265,-0.195419292936142
298,76,-0.746540438369844,1.58503176685103,-0.0107200820899101,-0.795388989079327
299,76,-0.166883606761586,-0.388749952248128,0.406995687071672,0.931720447690413
300,76,-0.719342796737879,1.57483829809585,0.28219405028392,0.446143179881263
301,76,-0.586614400188946,0.417637638143816,2.44935815156462,0.3018095029438
302,76,-1.2547170961847,0.962662001342591,-1.21366871852733,-0.502439738529507
303,76,-0.14947598140927,-0.429670815181075,0.430382882937603,-0.421008765665985
304,76,0.844423082291,-0.581998901432769,-0.205549322409021,0.184397274476531
305,76,0.508810848138781,1.58571694508565,1.88760295662345,0.0843491491470184
306,76,0.640724342762151,1.11534753569632,0.409031417111744,0.430403423788411
307,76,0.841483343219642,0.807250136370538,-1.41854981360075,0.0686739989366502
308,76,-0.0966759315628643,-0.385912946965003,-0.820094225384666,-1.41796621840068
309,76,1.01394044120551,-1.50346747031071,0.134776604628114,-1.30099595430658
310,76,0.978114728112548,0.835777956833359,-1.84702668583079,1.54144725606378
311,76,-0.137196714542481,0.617043058679066,-2.72205955307356,1.44474378573583
312,76,-1.04700240222254,0.766679966790529,0.211994050404767,0.144930073450337
313,76,-1.61625654034561,-1.36950934052001,0.072203167789586,1.12918234951525
314,76,-1.05174394583496,-0.176846135321851,0.0771600202425987,1.07625411484912
315,76,0.40438775523756,-0.543903047647289,1.15974026951475,1.15567669344227
316,76,0.350335185948029,0.671167761249909,1.41922949176582,-0.361030024946396
317,76,-0.452537097052319,-0.2296550468524,1.12732044506929,-0.742783437485346
318,76,-0.930704581182162,-0.613251565620235,-0.169116767408523,-1.57052434850698
319,76,0.505503544468983,-0.291206067091645,0.883806024773076,0.731226969141471
320,76,1.22985125699346,-0.301790619526001,1.28414276603899,1.47400075390947
321,76,1.32590630433025,-1.45303578604691,0.365990520605234,-0.970564759915577
322,76,0.528955982141016,0.544762363150892,-0.288285178795319,-0.956946828294817
323,76,1.06770782534087,-0.878173758947921,-1.36865850046593,1.1401104293018
324,76,0.300855038707334,1.41104298154857,-0.706665118345621,0.735829245494868
325,76,2.02114627788506,1.14501426596473,-0.184333809710666,-0.462807089327942
326,76,0.250461054433117,-1.48456557736633,-0.549536438284736,-0.228857151270936
327,76,-0.00665143712774148,1.56665380553808,2.56578348472996,0.0319302096816606
328,76,1.87885884163051,0.967812102314869,-0.105010120823008,-0.54344200638072
329,76,0.993430552939505,1.11949873643818,1.06889016700333,1.62964314550863
330,76,0.766446085883469,0.300639834304166,-1.22736595973388,-1.35643047577243
331,76,-0.144945306875684,-0.234039311495769,0.523582993761654,-1.05420229332178
332,76,0.868044723629108,1.22958281539235,-2.17924153904184,-1.00443750260313
333,76,-0.824421811575744,0.578266984247482,0.65735954900238,-1.6497479587205
334,76,1.86501908092755,-0.354149936235022,0.961866683348349,-0.179673383164866
335,76,0.485043078413136,0.102652617687072,0.342208279061883,-0.236175787811195
336,76,-0.317910015093051,1.60569628356513,0.585978635677936,-0.428166871748978
337,76,0.509062199854371,-0.0921703346098095,-1.08810075994232,-0.375468530445386
338,76,0.859997355710967,-0.0480319834533139,-1.47133850208776,0.134279689639509
339,76,1.9454529870426,2.77780892090464,-0.00170910973252158,-0.638725967566045
340,76,1.88059614855329,-0.374517718359289,0.839726127471606,0.808268199671663
341,76,-0.383381602703968,1.42692381700684,-0.485647567201431,-0.373083606744539
342,76,-1.51691262472506,-1.50201604365236,0.193466450931005,-2.02017477345537
343,76,2.7136727935195,-1.80415357115784,-0.325499582941926,-0.654039444675322
344,76,0.840123803620746,1.15189956823222,-0.228044395918229,0.281690883036854
345,76,0.566197998470996,0.0936100549541779,1.62547672584963,-0.707551226913614
346,76,1.10659678521588,-0.357139849734215,0.988274711372089,-1.25876531719141
347,76,-0.446841538302034,-1.13446328592162,-1.38739294481301,-0.302608590837526
348,76,-0.29518094442041,-0.261790608219437,-0.260382658709578,0.345637366139636
349,76,1.33959360990461,-0.850410706149961,0.505169050135447,-0.8464699024538
350,76,-0.303343227549038,0.425717580712073,-0.551844296953311,-1.27356984159747
351,76,-0.494058020049993,0.28928163975532,0.278281402308086,-1.00961803063182
352,76,-1.40117572785467,-0.282638834874459,1.92647910392849,1.27206707312106
353,76,-0.371898317438958,0.97741837855562,-0.718372214781843,-0.712573257167867
354,76,1.05144143967309,-1.43130571253965,0.763883085062452,0.151264293768907
355,76,0.566352293997126,0.0423314501991805,0.439047196318886,0.300086537065785
356,76,-0.334100923870077,-1.2941595997811,-0.691192745441818,-0.957655715021719
357,76,0.395798818798789,0.172621803898235,-0.248981382117668,0.951492337332264
358,76,-0.807296225619444,1.44164198725651,1.31505078852429,-1.30323347112697
359,76,-0.200752441938288,-0.225467940057222,0.167017160393291,-0.171268839600238
360,76,-0.893210997675543,1.724921909127,1.22766770980785,0.681592105682729
361,76,1.29711618635919,1.39481504040903,0.363933807840878,0.27415784768864
362,76,0.21435674741754,-0.288718168396998,-0.0606571961708035,1.03022207454539
363,76,-0.981084324719519,0.982661615856409,0.229682456964487,-0.208457911281948
364,76,1.53434224829159,-0.161384815953461,0.125439248167236,-1.22814838439422
365,76,-0.460783067107111,3.10632021884508,-0.266672752269596,1.46788707285438
366,76,0.36537484173038,-0.3950893267928,0.587630084989859,-1.41420289808768
367,76,0.0880391211161071,-0.960442297925072,0.114680718555188,-0.677775722234298
368,76,-0.647876630842742,-0.776835698743543,-1.24963669008775,-0.0299116675730862
369,76,-1.00272776965086,-0.206886822997341,0.00767816453935376,1.3121066615683
370,76,0.997855482495314,-0.919680543406914,0.514317427918413,-0.283388371078707
371,76,1.45696643521199,-0.645091953676445,0.779877897440579,-0.877179427071225
372,76,-0.949066725775373,-0.567420896076896,0.260032793127589,0.747080549138539
373,76,-1.29542113623657,0.950303065208047,-0.334428078226322,-0.489299461457919
374,76,0.672753526306633,0.464763325361053,-0.183248141192555,-3.00100646017403
375,76,0.234123853530211,-0.418902457814787,-0.578605330552163,0.898043373098266
376,76,1.48668460616227,-0.980884925809277,-1.69203252740011,-0.66610332366312
377,76,-0.119584885894079,-0.427046363158824,-1.16708409064991,-1.51364863768151
378,76,0.848375207967548,-0.0415102562796808,1.35676461034353,1.63896037908505
379,76,-1.54097865393617,-1.50990772030646,-1.40589136429391,-2.06859651666283
380,76,-0.163374228289262,-0.40313145072198,0.836207219680108,-0.504133780343722
381,76,0.476621546594646,0.756143777612293,-1.35937091905381,1.11626969781114
382,76,0.790321786687435,-0.467569200682344,0.642405955628615,1.80378830106447
383,76,-2.54178160043209,-0.156536635309165,-1.0945100063974,-0.158415713618327
384,76,-1.7229004996456,-1.19873312470809,-1.05407766738723,-1.34288308986254
385,76,-1.61512911760239,0.836424791316008,1.15994581929758,0.20666706929153
386,76,-1.05899346836626,0.47884779178822,-1.65391532437238,1.76953313915371
387,76,-1.56877864973276,-0.599675151436432,-0.268251740198138,0.0411449009968316
388,76,0.755046818820889,0.416584310715243,1.12611300143052,-1.81931596420403
389,76,1.26719553345516,0.810872014977242,1.17099701669099,-0.142141152485457
390,76,0.713474347701553,-0.767892046480286,0.0098116995722467,-0.695229360145711
391,76,-1.33005033077494,-0.662661363953705,1.30570094109516,-1.23219935127284
392,76,0.948386382446277,-0.464010695076505,0.11674259325036,-0.451103370778208
393,76,1.00949538681156,0.729655720749661,-0.333711760610025,0.793322092992563
394,76,-0.481987472427606,0.94947118090086,2.63846906156363,-0.720585919916284
395,76,2.18578587005539,-0.341636837795887,-0.869798809298872,0.301548879463983
396,76,0.436900230303194,1.0072910395351,-0.280195948844098,0.629085749058397
397,76,1.08441171410149,-0.550763054767567,1.51750246968922,-2.08687581930346
398,76,-0.259910425789275,-0.276477070708283,-1.04410662182685,-0.544753619442843
399,76,0.29434139667405,-0.216827682762882,1.11309298660371,-0.273218302980386
400,76,-1.13569884981522,-0.941531166528023,0.113351166208056,-0.154871722288775
401,76,0.682112851587165,0.942753177909257,0.378699196630131,-0.549997612700198
402,76,-0.942964995431982,0.0552546940631094,-0.888009199160288,-0.92602375657099
403,76,0.526460214233173,0.185366930401877,0.656126153210279,1.37770794772628
404,76,-0.112202960145797,0.969762640691585,0.152500704238669,0.538197793261397
405,76,2.39374458913948,0.294659262744958,0.766518066465463,1.12573043207637
406,76,1.67994069544492,0.182931790585473,1.17068875517205,-0.238413221791713
407,76,-1.41881837362965,-0.365778555886806,-0.706999856928144,-1.69343194321042
408,76,-0.711435317343672,-0.327221316286167,0.730725047921126,0.834381704627998
409,76,-0.853507534696419,0.559739678024702,0.556866222589717,0.408869145252993
410,76,0.380783378945416,1.64308983444801,0.31191182560113,0.342531606424341
411,76,0.208163659731579,0.185295915554607,-0.814203772960042,0.587795020976917
412,76,-1.36708469394232,-0.220157269312027,-1.85336492082119,0.267528602416332
413,76,1.135002653262,-2.46540799906925,1.13724636111311,-0.158936391393446
414,76,1.95969079451355,-0.0293300712642147,-0.810983382187424,0.650543975140791
415,76,1.07400141639946,1.94316609649232,-1.4010111294983,0.546632852041458
416,76,-1.0556855087971,-0.0719894748287393,0.722105198588676,-1.15768715784709
417,76,0.417583501378394,0.633088105527289,0.914690741878331,0.220219893048831
418,76,0.963501526222229,0.457090350009513,2.34949748308894,-0.6266384172132
419,76,1.17767848976858,-1.06429543746464,0.694739769154346,-0.874960750521344
420,76,0.315642407080063,-2.31053489270965,-0.556053024089216,1.45856169663783
421,76,-1.13457973014462,-0.497385766643063,0.437865185256553,1.36964980275727
422,76,-0.656089070257739,-0.153919530189618,-1.26589012830162,-1.57569465217957
423,76,1.12190972028809,1.1387406585311,1.3369267992516,0.163525712246612
424,76,-1.3982823943598,-0.687674294840026,-1.74972790139416,2.55474041580781
425,76,-0.0564949010286955,0.00911108096434465,-0.703716578958381,-1.27877498092687
426,76,0.0503925921144076,-0.265514607727442,0.222288566067238,-0.138035876886067
427,76,-0.837512481933144,0.438832822687523,-1.34109814519423,0.792546865235857
428,76,0.0786452339214764,-0.278373815981236,1.22585200463382,0.741677881641808
429,76,0.47703285756255,-0.651826687471496,1.3464893859343,-0.21702024540628
430,76,0.74308693580589,-2.37627597383174,-0.658066763352355,-0.376566414340705
431,76,0.884561439892991,1.10855127029434,-0.240317499984064,0.552499445344894
432,76,0.520342216143797,1.82533286434578,-0.461844377441271,-0.902764825899111
433,76,-0.127607808883637,1.56846006826445,0.572976848841029,1.9482601402318
434,76,-0.132709050978957,-0.677276150596515,0.50318549420225,-1.33536962851855
435,76,0.337881494233462,1.27895316181481,0.175178348924125,0.545479518030815
436,76,0.523041000633216,0.596723935421443,0.224744281125166,0.952994076193516
437,76,-0.431606584534045,0.067994001275296,1.41879277854,-1.09525834588563
438,76,0.708260309821497,-0.381231826183441,-2.22227080011525,-1.70672422513562
439,76,0.0381711768619845,1.00013105372256,-0.556096789684924,-0.415426036440967
440,76,-1.59169963104322,-0.209884172743588,1.37624106307042,-1.19079262912644
441,76,0.0882299794914227,0.045564058921287,0.257759800325982,-0.155823036800439
442,76,0.220348621764027,0.301999554876508,-1.47121557811511,1.393438796013
443,76,-0.570315458271428,0.273862777579725,-1.54384909098591,-0.099806909090488
444,76,0.678005741590355,-1.03896302344219,-0.261451783155889,-1.29653107199756
445,76,0.046070464235415,-0.289338884966652,1.25963825356136,0.227025202139507
446,76,-0.0580946766777326,0.625741119902982,-0.335252606342281,-1.41329752528699
447,76,0.301751784066202,-1.24704288338303,-0.517070839294726,-0.839502707392567
448,76,0.400571417646949,0.707515262741348,0.447537189505229,-0.581289799235594
449,76,2.01787002224933,-1.6258656399041,0.161875688844225,-0.292208312944118
450,76,-0.271867331787778,-1.91656163343777,0.955704806728613,-1.04599731763239
451,76,-0.0685420907506605,0.324579599674565,2.25884494388551,0.611523618882273
452,76,-0.747538588318995,-0.887835999281542,-0.0121053289129947,-1.20571991502673
453,76,2.05852856259479,-0.0428651452494161,1.27672851093477,-0.112475334493638
454,76,1.16173714425908,-1.29375293669885,-1.50169390947166,-3.13109646906774
455,76,0.95189985759868,-1.19996756953475,-0.201417772940557,-0.422533501882524
456,76,0.0957921806576651,1.18131381699537,-1.59598051065858,1.21265396838956
457,76,-1.44806444588872,-0.923255124842253,-1.97653941659253,1.28524506753707
458,76,1.90279477467047,-0.624366773868472,0.672688122683582,1.62448976311378
459,76,-0.872684146887183,-1.24363830372309,-0.488891448637828,-1.52417391717918
460,76,0.89546929186289,-0.769163783943171,1.13759398918064,1.28378968377777
461,76,0.0607443527650841,0.605766802400328,-1.33803722461687,0.235824120875629
462,76,-1.21960735195221,0.187794520989535,0.279500817434366,-0.320741540353595
463,76,-4.27323040298357,-0.646828807084558,1.04164325956442,1.00157117928233
464,76,0.473606675133489,0.865646151057572,0.488682842026669,0.716770772372027
465,76,-2.14967880126376,-1.08904094706109,0.889685279259541,0.201260116173925
466,76,0.293525951317509,-0.0325045702079828,-1.58085117458152,-1.47982025869638
467,76,-0.458384314706269,2.1094318256591,0.450430236972461,-0.545960194992715
468,76,0.590852726448256,-1.02942966301006,0.540232054141636,0.628956248568534
469,76,-0.0358924179417745,0.726659100188166,-0.822002062256048,0.798206525531585
470,76,-1.49890510959089,0.649508855905704,-0.277234376113597,-0.230900206396889
471,76,-0.688506378151967,0.653390021598643,-0.0393529402685143,-0.651316439577828
472,76,-0.267435095943794,-1.05517019427106,0.502613126794647,0.201998762985082
473,76,-0.0214634115303042,0.638653405471447,0.201404100631461,-0.982526956524943
474,76,-0.535541961539624,-0.163757797685015,-0.887912491468737,0.342344410438715
475,76,-0.491956994811823,1.46901387648251,0.733230723324245,-0.974209272047777
476,76,1.87926041262314,-0.152205391043814,-0.641528763365845,0.943597778285242
477,76,0.334446554325068,-1.19353168615366,-0.76875885865464,-1.66882542698804
478,76,0.215276233170197,0.249587639906445,1.4681462137407,0.900847802215889
479,76,0.553849436984672,0.192517217776221,2.29845754444005,0.748891018698569
480,76,0.995051391902786,0.612198817913962,0.50651068028316,-2.31108566385824
481,76,-0.0082115239858517,0.243616977478027,0.914261175352285,-0.221034791068619
482,76,1.24388291598214,0.361021280331869,2.39396415955195,1.05940899838201
483,76,0.272228119797025,0.0632353588089223,-2.373414074339,-0.0120105455519353
484,76,1.6037468982538,-2.11461650343121,0.7949375945703,1.32349078940391
485,76,-0.954371326095201,0.499616378253946,0.115814186857039,1.13375774000049
486,76,-0.211050313111473,0.732916219686962,-0.462819552049591,-1.3387017426362
487,76,2.67722303479869,1.26104190506695,-0.358009437363363,0.538009410490242
488,76,1.28552949709534,0.149158015124362,-0.449734271903169,1.14494737211396
489,76,0.529060651772416,-1.01347809256971,0.654856293960308,0.219301198650054
490,76,-1.23228021423155,2.60921249105571,-0.862876534425126,0.510095552831052
491,76,-0.481470560833897,-0.881557613736956,0.945322885433782,1.8789742203147
492,76,0.308658287452755,0.372562196270949,-1.84557547760234,0.627132330959735
493,76,-0.385665984230118,-0.32131862542705,-0.404023299705287,-0.348028417219435
494,76,-1.36729773013671,0.87338879397181,-1.33159449227705,0.221619814052952
495,76,-0.66898252660836,-1.8168871213065,0.576083527655588,0.706461218746956
496,76,0.976346762206438,-0.909363665061109,-0.103068399747133,1.32958248446504
497,76,-0.0681224405479029,-0.414578942788313,-0.402884367966706,-0.255320806569325
498,76,0.0949075886064923,0.17520536915004,1.36929472292192,-0.850006949889623
499,76,0.545895873975256,-0.840369840919297,-0.0637436862709462,-0.537018632718917
500,76,0.484983349731005,1.64274753463883,0.218684965596088,0.260623092105721
1,77,1.67631606992737,-1.13073265504649,-0.659393057919594,-1.78824956179304
2,77,0.218586405373485,1.29237604367502,-1.21462359927085,0.928571011591038
3,77,-0.774386478888165,-0.852120771735237,-0.177343092314168,0.823172672693169
4,77,0.102530912803383,0.67335736164737,-0.052282665318297,0.688344784562408
5,77,0.578501218066373,0.618404227560673,1.73687515984818,-1.10368102439667
6,77,-2.1071463628175,-0.262431211147,-0.706008354299121,-0.88429693574826
7,77,-0.624947399460868,-0.412383454854243,2.67185112566854,0.930073350767826
8,77,-2.0671218339355,0.0395530443701341,-1.62258143954694,-0.209616432206277
9,77,0.210216032743752,-0.438983644008293,1.12997093986166,-0.786029054416251
10,77,-0.389277198695202,0.158820345269003,-0.24477069177807,-0.375299970813151
11,77,-0.229505538547963,-0.791410808908485,0.833116998849192,-0.0696251412044007
12,77,0.421118818463307,0.130214811288229,-1.60970979391247,-0.0692948290286399
13,77,0.675165028060339,-0.235480222808877,-1.44814016129653,1.16064841200011
14,77,-1.24498267521016,0.429489922905575,-0.364614318950877,-0.410256656903749
15,77,-1.03876612065465,-0.0572895881015427,0.41718539840024,0.388683822804091
16,77,-0.860618977256161,-0.628294091134754,0.688613541221736,0.853616694000345
17,77,0.765597247393816,0.267474253242635,-0.813000992609178,0.278299759549734
18,77,-1.07653911061228,0.805025535155547,-1.76962535688977,1.178294438432
19,77,-0.875067018841557,-0.067013461970667,-0.753235092718995,0.52714697471444
20,77,0.902896134669981,-0.515769659247619,-1.77611347509454,-1.18550601842547
21,77,0.507127500285293,-1.75356384463077,0.518030800989674,0.775970377854755
22,77,1.28902931271966,-1.18266514490505,0.191837287335232,-0.331716921958565
23,77,0.0757600919393602,-0.557548786699237,-2.0541606157049,0.542216301561951
24,77,-2.3828852650503,0.77945168878265,-0.362251410797563,1.66530290558581
25,77,0.727298987405582,0.157949069248355,0.0472823292583022,0.131342759557931
26,77,0.328884261245811,0.691977151497081,0.694085307809451,0.788511577052281
27,77,0.855228370210568,-0.229868008546638,-0.0725889520165542,2.36241548560834
28,77,0.691820669827457,0.087260022300008,-0.188437840223016,0.472141373481795
29,77,-0.793902731016354,0.148977919755156,-0.5816933684029,-1.02062455511643
30,77,-1.612186108056,-1.07010632034381,0.575029330820109,0.187623118523292
31,77,-0.801519390534387,-1.52482084405587,-1.58925277888079,-1.81950735214171
32,77,0.125229199082432,-2.5000404337874,0.116436892892463,-0.324848116038403
33,77,-0.577758440619015,1.23972368665823,0.820394426652538,0.0138498973851603
34,77,-0.350259526749983,0.182248476239059,0.085901581996374,-1.33562421422298
35,77,-1.10243808143262,-0.119186432849716,-0.512715596228722,2.17134698099741
36,77,1.6787311748315,0.330396936555074,-0.217854639605944,0.619083661236311
37,77,-0.205095709017763,1.02275925317606,0.435441977042679,0.400382928486828
38,77,0.00547339658489288,0.482686295493558,-1.48190890475431,2.18608723256114
39,77,0.0743623981090817,-1.32738686305487,-0.0121566955141722,-0.813867452798014
40,77,0.446300695002022,-0.155039557576967,0.301098425124852,1.07683895769319
41,77,-2.24605338264126,-0.214571239896499,0.207705203202257,-0.982927622919238
42,77,-1.11939529214543,-0.0405761614552082,0.941028912115304,-1.18295423481797
43,77,0.26234545947003,0.66602708325394,-1.33861461372227,-0.788593687317143
44,77,-0.195395766715762,1.31881144445759,-0.362218365692313,-0.0460278754304571
45,77,0.215370037006717,-1.01072361125257,-0.00582331855727415,-0.383821026807857
46,77,-0.0559275113433773,0.505158794586774,-0.598614005779508,-0.264963111732491
47,77,-1.11627816975481,-1.00572433798073,0.689242331287203,-1.02111288440512
48,77,-0.192066656829947,-0.0938629877603117,0.0224570383376718,-0.313887319595183
49,77,1.18674674591893,0.98186938263659,-1.96374063391087,-1.19597874325113
50,77,-1.17819340042864,0.829928522366428,0.630015375854111,-0.107008755283622
51,77,0.990693478559511,-1.07002470160722,0.193303772861364,0.261173706094307
52,77,0.632532167506166,-0.839592986726172,-0.200283072991819,0.152170744552511
53,77,-2.61208650275239,0.783981655784522,-1.5450463506656,0.868049749255828
54,77,-0.859828520930288,2.03481027039561,-1.87004988206708,0.757181803047771
55,77,0.432308895604735,0.650791603348775,-0.552813755690016,-0.238097790765386
56,77,-2.36129464938362,-0.489042797623231,2.40478265025643,0.916114792159487
57,77,0.243067513890067,1.42570640452177,0.4163382154875,1.90500204725214
58,77,0.809259144302633,-0.513829330030195,-0.548469691636795,-1.53266626078716
59,77,2.17399137492503,0.595476860671533,-0.171557070092188,-0.00367662895249739
60,77,1.58899926155921,0.710778836247623,0.434616407777649,1.28054428612558
61,77,0.932673485501058,0.213042392448036,0.263485863039318,0.354531549234111
62,77,0.0128485702400873,0.333853006818222,-0.973140731803649,-0.474348458991151
63,77,1.53640474492662,-0.623272177791023,0.281670453795886,-1.11969520357119
64,77,0.555177290924243,-1.62640817347759,-0.109234776466809,1.85804143002586
65,77,-0.967785146265271,-1.67208348285126,1.82114585098042,1.27976151566222
66,77,-1.64227408195662,-0.323914427145186,1.48659839471975,0.704416865131086
67,77,-1.79303769798894,1.32162924916027,1.22485354089763,1.00411687239352
68,77,-1.05216659937688,1.10605705107761,-0.54958113557928,-1.16759353692901
69,77,-1.05082329329293,1.01005696566006,-0.273740083107051,2.46004013636646
70,77,-0.380312861976527,-0.822166749651408,-2.09101645357405,0.448518069283476
71,77,1.29237075726501,-0.988823590275887,0.137191170645231,0.517572115208785
72,77,0.295094689499105,0.69925670254056,0.469096634396383,0.70272304724258
73,77,-0.713239804598494,1.21501900481156,-0.0829595051115949,-0.0870263297521294
74,77,-1.07768201153125,-0.191604884746999,0.0568567344725357,-0.698177522430856
75,77,1.72292010096988,0.680915828855706,0.737427631678664,-0.358539527279565
76,77,1.64081139621988,-0.27755768565203,0.400933337962264,2.26065604722094
77,77,-0.80537611297391,1.3087979784953,1.26863956965869,-1.50992229375114
78,77,0.775642564060308,-0.391066740117188,-0.618476537621392,0.962775574090726
79,77,1.31915731639153,-0.131499175854182,0.746510925079881,0.524428199235134
80,77,0.0328376140329059,0.459418683398783,-0.841820357993087,0.77979208012163
81,77,0.434447212547608,-1.16943816275511,0.571838846904036,-2.28300316953012
82,77,-0.191649468322247,-1.4559204700324,1.13341182213118,-0.367521379443359
83,77,1.44217456037008,2.14542212522021,-0.114773705571093,-0.00515827406345527
84,77,-2.06391941227057,-0.65099658753127,0.295324908198892,0.210485597883251
85,77,-0.616145917731059,0.199914472244457,0.166113231910741,0.742362810491877
86,77,-0.517506030159936,-0.876463758079962,-0.072315741317218,0.420681354696011
87,77,0.43411798202302,0.578882376201543,1.01454428942294,0.900396802843653
88,77,-0.00533613191232697,-1.06294947469281,0.183742959381281,-1.2557086344557
89,77,0.0473604848869726,-0.343549042352019,-1.09096652230704,1.20385497864592
90,77,-0.0277047993966034,0.306055454184222,-1.78895422114381,0.455643490239177
91,77,-0.733821269243327,0.688647084452881,-2.00868358948408,0.768835861959945
92,77,0.337129034441856,-1.59351821542397,-0.376912690091788,-1.41869664959845
93,77,-0.0234261306280614,-0.944974466845455,-0.942330116661312,-0.290692264507236
94,77,0.317071934695064,0.732527890361972,1.38003639893716,-0.0354180891741634
95,77,2.51622674547764,0.463603687879239,-0.0087429756611844,1.8665781418278
96,77,1.21357547021715,-0.987412142501631,0.968961969968993,-0.263230877177606
97,77,0.309232608036512,-0.828543896945663,-2.12694658091527,-1.4845524641318
98,77,-0.256770953861456,1.04848962489728,0.422475210699389,0.21154627147045
99,77,0.528304142574781,-1.14130414275113,-0.618741954724619,-0.294637918859015
100,77,-0.0773614120122035,-0.411740807342993,-1.28619870407802,0.38432280421378
101,77,0.814590388628553,2.07525117747645,-0.505539156016032,0.916689503765159
102,77,-1.1011754345696,1.52400598453688,0.218438763882616,-0.700568228040031
103,77,-0.305269670904964,0.0226536612083973,-0.235078928077368,-0.107556854974741
104,77,-1.58340949760194,1.92957198434782,-0.317876482600045,-1.86382462852592
105,77,0.934406952889725,-0.369575171668852,-1.2874869061115,-0.388988306014995
106,77,0.440298462716713,-0.0531154914099448,0.330966348094122,-1.38912410795516
107,77,-1.58664581643298,1.3864717466626,-0.0619691214137793,-0.522211124996425
108,77,-0.85487052226184,0.82826475783933,-0.173696603423255,0.224189471631144
109,77,0.324383995354917,0.475955723658725,-0.420264001917924,0.731272963371105
110,77,1.80967548398353,-0.520911593843354,1.46664787141632,0.286398112411831
111,77,0.0179321326781559,-0.894393160985787,1.48209789803835,-2.30880113071163
112,77,-0.519453641331798,-0.899897849042893,0.648420912201984,1.02631954328209
113,77,-0.833489817431279,0.405244241666407,0.345515857518427,-1.36362360524749
114,77,1.48320995582326,-0.444242766837557,-0.3078965494607,-0.306926404603194
115,77,-0.537636321332585,1.66054971283968,-0.381130232748469,0.193926129334579
116,77,1.52954260206614,-0.698217796335963,-0.972818495311373,-1.20091384400159
117,77,-0.740928175325562,0.758079963434336,1.46197327716767,0.106200627692319
118,77,-0.0914709774473171,-0.172418117748711,1.71868739117723,0.446295977016634
119,77,-1.15991474110289,1.52196461274383,-0.08110614242616,-0.361230143258046
120,77,-0.214267547923634,1.83226400546483,1.46190033761278,-0.145061824883947
121,77,1.1913007146446,0.123050413723125,1.79894936419895,0.191513752075546
122,77,-1.54224602094374,0.596987123801696,0.552394222400175,0.947320560763864
123,77,-2.55667405766946,-0.642626098562329,0.506834894872532,-0.993806061823738
124,77,0.285733596270454,0.0475851310305024,-1.26821360468882,-1.40153366319347
125,77,-0.289819795469479,-0.253472392919415,-0.425640801305142,-0.420219496150012
126,77,-1.70594958914305,1.43493470709578,-1.10715937267725,1.5661275334252
127,77,-0.571278554299024,0.745840821953467,0.697006231837931,1.14279830515154
128,77,-0.32794205114691,1.03167225791871,-0.554234884999048,1.49092222486245
129,77,-0.130188475737121,1.30882161262656,-1.14609354249253,-0.555747465385194
130,77,-1.64203053613229,0.716322661725017,-0.993627937466888,-0.453368687602184
131,77,-0.0303239938253869,-1.61171104998465,-0.681837616953541,1.34220624758965
132,77,1.45003415067624,0.0641040796685811,1.10450143013489,0.571436966717507
133,77,-0.0828350371180893,-0.344262004798221,0.2001634497429,0.374541833304039
134,77,-0.27979388229131,-0.149428539529096,0.66798279072034,-0.426744559090141
135,77,-1.45866040966075,0.958926102329832,-1.32039860769994,0.172022474856593
136,77,-1.03030334233661,1.79897815436599,0.719341547271769,-0.503385845931843
137,77,-0.0859433707416445,-0.774157410185975,0.851092512098491,-0.198088825879811
138,77,-2.32639289936763,-1.20253779614832,0.435587866384473,0.950027142356772
139,77,-0.0446413154853854,-1.17172944086623,0.515169106227881,-0.171057721540538
140,77,-1.95928845243808,-1.53266713812626,-1.62093212166642,0.645653696833805
141,77,0.0374581895087041,-0.395371258599056,-0.721477550890788,-0.628927356206751
142,77,0.612814251546081,-0.613451743595182,-0.500051300654684,-0.484980169948482
143,77,0.164124121293319,-0.0612669387271281,-0.62087231443217,0.082892005739678
144,77,0.0195487547792365,-0.296877438917501,-0.249800135041224,0.855951218318427
145,77,1.23655080518704,0.025162988916814,-0.656460534353897,-0.469301521697644
146,77,0.334081663769424,-0.320673276609829,-0.212506644250424,1.95532274514368
147,77,-0.506809999834174,0.533462748567837,0.525950232470348,1.05824861963266
148,77,0.767994987367706,-0.392268290944903,-2.38873986304765,0.305640256258377
149,77,0.601351085536439,0.617880625424719,1.25285583787543,0.473286949715292
150,77,-1.51841074264023,0.517431832445415,-1.17187711920327,0.902441385904666
151,77,-1.77073532131414,0.516782254455914,1.55749795338215,-0.326131723569884
152,77,-0.570666158844902,0.513837909434505,0.725143474179437,0.172649342578667
153,77,1.54446965602297,1.03574196016269,1.46797132914048,1.4448712652914
154,77,0.756910547707876,-0.84858230433471,0.71504402481571,-0.0396930332990706
155,77,-1.60340750744037,0.188246192957875,1.1583220343781,1.15243100974272
156,77,0.78245681941913,0.0395031095716141,-1.33399051667634,-0.940345062456563
157,77,-0.38998092205284,-0.186726990081863,0.525017274463408,0.232732002266317
158,77,1.04154921439875,-0.421328969422637,-0.667656475886673,-0.239954272422111
159,77,-0.813248336795455,0.109487582411337,0.181046826973068,0.0426139047786555
160,77,1.97083917334649,-0.465174482308096,-0.0887220076526963,-0.961914794900027
161,77,-1.5969811602286,0.130111484157751,0.991126831444352,0.0241967245625096
162,77,-0.565679050478279,1.41188332221238,1.01751967506097,1.8314363846723
163,77,-2.24297399885234,-0.143553980498523,-1.06073927233123,1.14890847946321
164,77,-1.07100588801351,-1.700552227159,-0.31693117863191,0.277998680384971
165,77,-1.5598509304083,0.29111750305199,-0.402334371014229,0.768443800638219
166,77,-1.08493547097708,-1.7488841320548,1.44007804803619,-0.921275976184061
167,77,-0.0177525782990065,-1.26595969775305,-0.119354971438166,-0.450365651250971
168,77,0.476334242812195,1.59962013488047,0.310868435595826,0.364323429066857
169,77,-1.27346046389849,-0.739199758089462,-0.418526696271557,-0.956164690334358
170,77,-0.682766777671319,0.23751056261797,0.552146762657215,0.278835256325549
171,77,0.487879364088572,-2.13015767134799,0.0575221503341406,1.30651173100914
172,77,-0.104834024968797,-0.45882049001303,-0.138657699707796,-2.51937608246125
173,77,0.315303856333596,0.215333584579395,-0.466340753572306,0.0307824267943403
174,77,1.03257841988931,-0.257087905591394,0.328099174615558,-1.63412752419368
175,77,0.52015266895029,0.0976912109623843,-0.763418922913527,0.209634065474759
176,77,1.66188032779149,-0.790536335916574,0.243376891247823,-1.83658569909106
177,77,0.387099140642995,0.750642246028149,-0.983458116191716,-1.99612780203268
178,77,-0.557805123748591,-0.556649702891692,-1.26621352748843,0.75377841677036
179,77,-0.838051704221877,0.26672382985643,0.705615860751337,-0.552888337236244
180,77,0.71500444211536,0.458295616195568,1.08594144259158,-1.56090284179212
181,77,0.426948561579258,-0.806947176098114,1.68957087409526,0.223638482440614
182,77,-0.191105013193307,-0.595137334969294,-0.212858292191701,-1.36264935223186
183,77,0.607956958812813,0.359259656536856,1.31306391446366,-0.527646995814298
184,77,1.36818388630507,0.885691953039262,-0.329301972000452,-1.02738376668752
185,77,-0.567681026656509,2.8683105916661,-0.566969322588049,-0.961034576504814
186,77,-0.856388021646836,-0.61242732378003,1.38624670209003,0.0973238649589837
187,77,0.00336506162408355,0.0754239437437108,-0.180622602982782,-0.311770910419283
188,77,0.534140734102193,0.562861706367335,-0.181798361896796,0.0342903261284504
189,77,-1.52048094629042,0.312886191054343,0.588706233213328,0.198256004522523
190,77,1.01236019445334,0.090280278549958,-0.637243200325519,0.563010325094211
191,77,-0.94034910036285,-1.23431029319203,-2.04143189090354,-1.50059255324192
192,77,0.511330391714898,-0.213063653825626,-0.620654996135358,0.112903547430878
193,77,1.05512825629169,0.957027916022391,1.33885115753113,1.71394608459645
194,77,0.0458312515686703,0.18005950637867,-0.2495195269185,2.1036236429327
195,77,0.462606020212269,0.247330249318939,-0.270812762903702,1.07953249112963
196,77,-0.108315060171786,0.921594869065959,-0.220085297320555,0.863586177817879
197,77,1.11051788522176,0.716356164270246,0.255712001968248,0.448226663523004
198,77,-1.84985319073285,1.74191185367682,-0.185394163505006,0.168258970658405
199,77,-0.243952696731466,-1.00868199697325,-1.28370683065967,0.714304477261319
200,77,-0.749813315240645,0.260321565224585,1.66000869455864,0.370548764137128
201,77,-1.06078256344644,0.134932186382418,0.492582058699047,-1.42642656096245
202,77,0.575269910265292,0.215542570007516,-0.367792081656033,-0.764441598012202
203,77,-0.19341823780092,-0.0116514778129529,0.870763244431093,-1.26745082207499
204,77,0.607668869684938,-0.646061275225293,-1.05978697330412,1.38241538974157
205,77,-1.06946670270263,0.343189665282283,-1.91332535399647,-1.30414023545369
206,77,1.23844036896304,1.1618221214363,0.701976966067836,-0.542039372621343
207,77,0.0713756410999824,0.39892214356703,-0.535063328144922,0.797226899710939
208,77,1.00717568528954,-0.859356382547558,-0.281489671906018,-0.808575473608344
209,77,-0.43508848607348,0.184510214063664,0.605349193030119,-0.80521491724014
210,77,0.787026148507277,-0.0455710702029545,0.995291186916775,1.38768818300066
211,77,-0.325918162017732,0.871768806354394,0.167654689540926,-0.0929923438197107
212,77,0.0893821377714091,-1.70931787375077,0.350495887346654,-1.80686806497991
213,77,1.44791188809699,-0.773633628111907,-0.41218579447415,0.689116126140987
214,77,2.17778020978855,1.08532808029854,-0.249653849724818,1.58657765228941
215,77,-0.409568529756354,1.37468718638363,-0.203804180161374,-0.753597815107343
216,77,-0.44320257823368,0.108057439437506,-0.850437070361205,1.3966154304311
217,77,-0.690845407755286,-1.03726532947466,0.166451699505527,-0.369198170102623
218,77,-1.2909080100884,1.67038348254442,-0.785057803368619,0.962173836981735
219,77,-0.58865950818287,-0.048603306427689,-0.662571562300048,1.91479970632826
220,77,0.747114113143243,0.204469830214899,0.78761919794452,1.44094823587694
221,77,1.88541238396299,-0.299925114266833,-0.145909774877948,-0.957698112038449
222,77,-0.378106282887901,-0.671914872061935,1.21212119586116,2.09362265688909
223,77,-0.465376769322764,-1.17048089547099,1.73724613391255,0.726311202634515
224,77,0.382879665450454,2.89033920215479,-1.68084683587164,1.38549846287771
225,77,1.64447718264555,-1.35739965569336,-1.72637514874452,0.450373901389546
226,77,-0.574494199577723,1.20860317008656,0.322807456183819,-0.464430714757881
227,77,-0.600042849908911,0.455325935377136,0.138326761699299,-1.59778716875282
228,77,-0.797707792875741,-0.576103617375176,1.8296403065646,0.930822105310935
229,77,0.214556630740127,0.565038316444415,-1.78779068663353,0.175280839786595
230,77,0.299935498852002,-0.653017465398693,0.392044051534599,0.493371972047327
231,77,1.681629041031,0.365415409790813,0.760973432862027,-0.61221949006826
232,77,0.122182479300928,-1.61763849627708,-1.22114781594998,-0.378861345610416
233,77,0.938818958448247,-1.12606718211984,-1.33713535416932,0.0542642732077287
234,77,0.242790125111532,0.68707369746914,1.01055867414702,1.27476074530766
235,77,-0.185633784433732,-0.52440891275086,-0.319106112087078,-1.36410713480075
236,77,0.141614949076512,-1.66412916149614,-0.815285969913885,1.80047735029161
237,77,-0.10147935450428,-0.428806703545069,0.631593358138653,0.105105395303085
238,77,-0.115110981651691,-0.574647269634607,0.534638710847378,-0.222679127388003
239,77,2.10612565724113,0.823732492790197,-1.51459580691122,0.665422756605327
240,77,1.06342937681227,-0.782550579844688,-0.619853964529332,2.00062986300433
241,77,0.366361765369072,2.23820351504415,-0.26121031475478,0.690800977669846
242,77,0.330069526086676,1.601115174054,1.00331829720592,-1.02984228045692
243,77,0.38187402063837,-0.258166614352641,-0.585626359530718,-1.16877311675626
244,77,-0.394603394762622,-1.1674305174854,-0.78127647289218,-0.164101261840817
245,77,-1.05212627276187,1.47907749242743,0.0730130660112496,-1.14866815238664
246,77,-0.891165738468074,-0.635334655506112,-0.417223167699043,0.217819554757138
247,77,-0.251908779040727,-2.03528145341266,-1.05427307985501,0.680216194900924
248,77,0.286032114627372,-1.33679262603707,1.94915353362968,-0.424223765775475
249,77,0.117912561821489,-0.474036859265547,-0.644723192657624,-1.38337070041144
250,77,0.4540247608344,-1.52945660159998,-0.321954320522458,-0.0382102516022725
251,77,-2.10311916850311,-1.0300885929795,0.626391347190899,-0.214545310515546
252,77,0.449826634354273,1.78405813215104,-0.509320076679753,0.649991427895821
253,77,-1.08911483162048,-0.530511988821929,1.59813225209307,-1.58389950296585
254,77,-1.21819263878044,-1.39456264116218,-0.788931488537709,0.413867677623764
255,77,-1.84076847292499,0.946362818882187,-2.81671829267872,-0.485184810370109
256,77,0.723222354003027,-0.16050594228456,-0.134230860363412,-2.43078254773785
257,77,0.0836427220254689,-0.525192473852491,-0.680966294796182,0.356348591659631
258,77,-0.156358646452721,-1.61240513076281,-0.262455569170273,-1.18923822202633
259,77,1.52791075239069,0.460222098596723,0.0724695075252211,-0.309608590590544
260,77,1.0588753303062,-0.947795229727031,2.19608731890264,-0.212819405503702
261,77,0.984959952038093,-0.484760419552255,1.45312242834015,0.673212104523942
262,77,0.376242276414767,-0.181068250455662,-0.0735506711614378,-0.27649171255932
263,77,0.986728636296754,0.276864221884842,-1.80320980560443,-1.02910560753162
264,77,-0.290829818210037,-0.291941542116776,-0.140151546099714,-0.669044966095582
265,77,-2.45949665856038,-0.0493213659734274,-0.947227424902444,-0.341387302294544
266,77,0.399241964856687,-0.859228822713338,-0.745234515728641,-0.523612170176159
267,77,-0.302381437393018,0.386033461088507,-0.194956850520915,-0.485361739278144
268,77,-0.119620910301452,0.106480929645879,0.177080824817702,-0.340771717051774
269,77,-1.66613827896767,-1.61291594282205,-3.10491526676906,-0.774039988586922
270,77,-1.63081465726033,0.918121814385689,-0.226681993882725,0.572861005997857
271,77,0.56923493761919,-1.03656738828964,-0.278350827538174,0.0631478087404601
272,77,-0.153953605411968,-0.0934839050346391,0.778606067355479,-0.356511060299841
273,77,0.672036242095421,0.332870027976614,-0.254228963089752,-0.927203724729805
274,77,-0.586727401883653,-0.440876634293489,0.640768138225523,0.368430844641829
275,77,-0.982399944619899,0.75207385020218,1.77639053607569,-2.23231916423035
276,77,-0.247304422709009,0.493415412166832,0.558001231651265,-0.148259387268645
277,77,-0.484166057128982,-1.64514840896776,-0.718594650745759,0.289768745819263
278,77,0.24707767866487,0.209445054423044,1.06623480355268,1.60274100435764
279,77,0.728675125763719,-0.105020995915028,-0.293730836439364,-1.42009876284679
280,77,-0.175014157907549,1.65615594222666,-0.241775733461005,0.670622684599925
281,77,-0.871408778334293,-1.02985618393288,-0.888659867911645,0.357691681678231
282,77,-1.12371613326796,-1.48334523192125,-0.556639583362001,-0.582999914197242
283,77,0.418226543343726,0.573750478737302,-0.471790098372301,-1.33136459148337
284,77,-0.467124741044663,0.730155562751595,-0.697237077632991,1.50363563677836
285,77,-0.334126316446465,1.09218313037,0.518306087991687,-0.0612839174017354
286,77,0.827668874547891,0.346950364996317,-0.908352364493777,1.01835967281189
287,77,1.02148447358914,1.1114640402953,-0.0313628249410305,2.02579346866592
288,77,1.12156600064932,-0.928872324586621,-0.305295620168456,-0.365867799088691
289,77,0.799092101587865,0.185987016962179,-1.28483391400767,0.309732232071002
290,77,1.70238757202097,-0.949501132293321,-0.303554281341537,-0.169079002168482
291,77,-0.321651671724264,2.53090663844091,0.46065075025285,1.28109514948231
292,77,0.963790502255316,-0.12592845574659,-0.217046766527978,0.33241558120201
293,77,-0.562905577580779,-0.92258381798444,-0.706151052741324,0.67804538727777
294,77,0.705077977065971,1.4476370939443,-0.729596016894646,-0.232904079153468
295,77,-0.70242460611838,-1.13590690546852,-1.88118433111045,1.46719075969696
296,77,0.620789293252049,-0.885799561681135,-0.530978843094034,-0.00308556568982533
297,77,0.739679463814451,-0.0373806960013216,0.244904384700055,0.335325018618388
298,77,-0.305312615427713,0.78511227836664,-0.648513306003453,1.098804023827
299,77,1.11430510629152,0.910064518929838,-1.32944605960877,0.288622384356541
300,77,-0.492205118300491,0.0244732598962001,-0.166917269346288,0.10812228334034
301,77,0.887902269414773,0.909073687007643,1.93392659595552,1.28643538594593
302,77,-0.399686868874835,-0.218234483728488,1.24587768570001,-0.109647989976401
303,77,-0.888729100064952,-0.846924645000719,-1.02345666890369,0.951726888402786
304,77,0.954579068859745,-2.20506418301994,0.133280655866483,-0.220445521960129
305,77,0.269425268088954,1.65102737688615,-0.4031305385726,0.249619206116481
306,77,-0.573148673531469,-0.0473869781404946,-1.48993179639105,0.135142235357156
307,77,-0.544989598074673,0.625851036119031,0.403736253074406,1.03140236133272
308,77,2.20786745073287,-0.148537716590483,0.0740095492384648,1.48840502241588
309,77,0.491299792251705,-0.161904472738648,0.685916626775116,-0.487499711232252
310,77,-0.121442320419916,-1.97937952338997,0.685566216729565,-0.627989513766333
311,77,1.70892214194536,2.18009727061589,-0.56686931804474,0.217747667615399
312,77,0.783366612953222,-0.0152050252000563,-0.111186010165912,-2.18876717534514
313,77,-0.489036924803053,0.330112379010459,0.0265830173363655,1.06701285461566
314,77,2.55828358455728,0.756796093210192,-0.211175968963668,1.31753514017842
315,77,-0.974642054937973,-0.838439804310858,-1.74839069239507,0.115927060847998
316,77,-2.16719973937245,0.373879286847108,1.17600414036524,0.386750765278766
317,77,0.054189014712262,0.0353679446506778,0.397599064015905,-0.336188093539488
318,77,0.593581221798152,0.403579680621562,-0.891828405153133,-0.383792597643054
319,77,0.699402059617007,-0.116641319437464,1.19002875861017,0.913653014227233
320,77,0.0259155948587398,-0.220590711212106,0.266708631921156,1.67215877322575
321,77,0.337384739249268,0.349769895800241,0.450216282918684,-0.122579752281124
322,77,-1.10891425522018,0.400604827153972,1.74726302580137,-1.68982400496774
323,77,0.172954602326221,-0.102215904311664,-0.572129583954112,0.142248302366302
324,77,-0.243092445421109,0.448716686970433,-2.13539429462351,-0.526646841808225
325,77,0.221485565780544,0.0110540836634128,0.405309338039231,-1.03091999432286
326,77,1.76863608172238,-1.80559782919545,0.938761437687603,0.804598497960714
327,77,-1.19985461842588,2.30015610129897,-0.363194292773677,0.468037386091252
328,77,-0.745875339348557,0.433317488382967,0.513969354581717,0.706633478444913
329,77,-0.831428181869594,2.01271968474536,0.378601538691357,-1.90457497285525
330,77,-0.302963726371246,-1.05776832570915,1.64416284123597,1.0500999843839
331,77,-0.122561169783844,-0.66703006956017,-0.433098878939141,-0.204488201073615
332,77,-1.16396334094069,-0.988275232034408,-0.565936839519514,1.61472961732322
333,77,-0.614294464735954,0.0234391357712966,-1.11831083536939,-0.103790493686127
334,77,-0.188975500547242,0.286170138773082,1.57337395218081,-1.99773995069894
335,77,-0.725861013085526,-0.588811616920914,-1.27398305685414,-0.0268267585112464
336,77,-0.123206445151512,1.3132453136219,-1.63505252066548,-1.05829724558316
337,77,-1.64415992793329,1.47654809993542,0.627897423733201,0.892832066785872
338,77,-0.703284590571707,1.70438748338068,0.778912239741021,-0.547625154925065
339,77,1.75800192666794,0.669869974396421,-1.35038000514254,-0.806484566846027
340,77,-0.899074806819453,-0.187013473253755,-0.444573257677834,0.191670064381768
341,77,-2.49447838328495,0.507671920111037,-1.71241816669545,-0.860038402579837
342,77,0.739338997153636,1.16934447650961,-0.925818189465301,0.84519578198252
343,77,0.840554626036722,1.54589124862641,-0.555015493700392,0.0826340945358899
344,77,1.07661192274482,-0.737845070926521,0.931001817600493,-0.0785960026138643
345,77,-0.243401125526527,0.0899888204937063,1.62367259760277,0.477478341058732
346,77,0.792821943627146,-1.17035347326837,-0.774843437619274,-0.798912316144264
347,77,0.287419100476641,-0.0425702455654636,0.163460041193357,1.62602498306283
348,77,0.879098356603986,-0.335411488195324,-0.528491514611342,2.13906970650061
349,77,-0.242276628806051,0.245263294211361,-0.596199078019871,1.34455248228445
350,77,-0.164264010981916,1.10543496387729,0.120406782160211,-0.233575435465258
351,77,0.740164599377843,-0.220962405091782,0.566407678547787,-0.0376553412828318
352,77,0.337908139732298,0.224787796712114,0.202683272946116,-0.0723673975690693
353,77,0.0745058237779047,-0.955691938210073,2.07831767701634,-0.746402163947029
354,77,0.435530988715117,0.18182516194044,-1.13998307431624,0.286144391605425
355,77,-0.0983264307143551,-0.137694390818597,-0.571316988209262,-0.0923890396169457
356,77,0.525222282850007,0.25903856910366,0.875699720835992,0.511033611928281
357,77,2.40409445566887,0.209759013579708,1.32809406780468,0.682248860840464
358,77,-1.00090439336962,-0.715926505878495,-0.291925283881087,0.804260470204274
359,77,-2.45083415638,1.37794064245072,0.0184735292995581,0.708647273650485
360,77,-0.0520644969794766,0.387663686741785,0.65966796662602,1.25750933057463
361,77,0.245087828649511,0.263333900377546,2.01993052961998,-0.543304091741955
362,77,1.35444909966513,0.464530155777518,-0.225980993743613,-1.02676376300209
363,77,2.16447121760293,-1.17763234448193,-0.00583000106577835,-0.14226750255772
364,77,0.346159280416704,-2.51782270746789,-1.01269026026337,-0.0360370549375763
365,77,-0.335409985684566,-0.139383009046499,-1.71054796667787,0.970330405996253
366,77,0.543744845626659,0.1830494641492,1.91279168849818,0.189115280265867
367,77,0.694610606381376,-0.0640228284793304,-1.70780948723056,2.00307139481766
368,77,1.24907762816894,-0.263272973313482,0.310086327456004,0.569069169215171
369,77,0.275694888833808,0.726723906943719,0.909284020768305,0.089709690543604
370,77,0.647123512798081,0.806821977943433,0.708237746623329,1.23623827914843
371,77,-0.625494399691971,0.753225803410321,-0.207799738954438,1.21272890706368
372,77,-0.371717287204378,-1.30464448650999,-0.422826576799501,-0.861927427721616
373,77,0.872108166839224,0.0120526253510669,-0.693488798882975,0.15153314476709
374,77,0.138453507873691,0.449139229464427,0.652124970755069,0.823015845874608
375,77,-0.896589838424181,-0.475197096358318,-1.21561154668992,-1.06842314590216
376,77,0.192518497405546,-0.0474058300765509,0.325405361618989,1.99399529785598
377,77,1.65467220106778,-1.05958382940124,0.199552982875269,-0.450916108788947
378,77,-0.0417386290656855,2.19793956175606,0.0461564466397118,-0.383968911048391
379,77,-0.517255797714718,1.37676287339063,0.757879911424633,0.357922841566824
380,77,-0.713443184095306,0.342067243412656,-0.575032415539534,1.17758809469924
381,77,0.0258039527637815,-1.50247725784973,-0.885115352362676,0.79697149888036
382,77,-0.217374656518196,-0.726419809125409,-0.080484624592805,1.46710509349497
383,77,-1.23400173800522,0.222328756622053,-1.55384225701077,1.09169140703394
384,77,0.572554630550431,1.21477194107139,0.849624137372256,0.508250527499317
385,77,0.0786812338404373,0.490164633357303,-0.660236583127102,-1.39575108914805
386,77,0.270897774708585,-1.33919736269626,-0.625146165090699,-0.120695867469706
387,77,0.692101291378675,-1.16861611014295,-0.193899726737746,0.593711968342125
388,77,0.0760414871744842,0.626559701144369,1.06302240149645,-2.13161988890418
389,77,1.30303182633101,-0.181238775161455,-0.242739949550011,0.672530762443451
390,77,0.0722124387173707,0.609523847266974,-0.31571271907273,2.50015925245465
391,77,0.863350208299192,-0.470742188047025,0.0318729388808892,0.459764037413515
392,77,-0.948183446766436,-0.717751770468016,1.41554955907389,-1.06400010425392
393,77,0.2033329970609,1.47231802529952,-0.544732289603357,0.110243641831624
394,77,1.00853867679233,-0.903572466093526,0.586965224669239,0.421008489698322
395,77,1.09306662015301,1.33500993064192,2.15860574490126,-0.741257227912757
396,77,0.452210662718933,-0.535485870053031,-0.87666311886254,1.7708518547474
397,77,0.694868898930297,-1.73048395256811,-0.597371150638668,0.550583841790026
398,77,-0.68650108415491,-0.930482760988049,1.04424907350198,-0.454465170892694
399,77,1.01244558498284,0.00977107132117318,2.08481731363829,-1.45542223468591
400,77,1.05474260166849,0.641009003455228,0.256630194761261,-0.873323507391799
401,77,-0.00398000498893532,-0.595660515227256,2.08936362003211,-1.12977650532954
402,77,-2.86996085447556,0.39553278266536,-0.336186957615497,1.60444565646944
403,77,0.877408737799329,1.26913297179764,-0.583021787483593,0.284355105342765
404,77,-0.360493349163463,-1.11058100144281,-0.425472709741946,0.0520237085948239
405,77,2.48775917648011,0.775491198165794,-0.166633979739999,1.29649509274686
406,77,-0.207275885255679,0.424357384900191,0.75340950740355,0.308879804149467
407,77,0.0189360519069193,-0.825285282317375,0.409286777746055,-1.33784059623339
408,77,-0.90291789161891,0.955144447431387,1.31211529433273,1.32354520377265
409,77,-1.41964920445434,1.65061152614617,0.667785425230784,0.336551504855645
410,77,-0.585851863928056,0.0353137308703642,0.437686652875613,-0.105176142263804
411,77,1.36825172992131,-2.46501380887382,-0.486854057223416,1.32659217468944
412,77,0.495947837649931,-1.15694336345111,1.33115636794404,0.111436802644138
413,77,0.242673989214153,-0.97989212810963,0.577723071747032,0.208275103938152
414,77,0.639155019029005,0.965669517804861,0.742875840523195,-0.61455542182464
415,77,0.151810481354139,1.02263586006624,-1.27405790747719,-0.709329288318214
416,77,0.430062716350725,-1.41505522995418,-1.37918958216731,0.530021933243315
417,77,1.1575081056169,-0.286204107750806,-1.34704500655888,-1.72749506243949
418,77,-0.00317102065884053,-0.0441942325958596,-2.16949819131845,-0.00929585768039194
419,77,-0.81408601946281,1.38125319562818,-0.459781914886915,0.259082985320434
420,77,-0.292741538932395,1.39285557292174,-0.724973778441266,-1.63550354420027
421,77,-0.172178048700338,0.149915395950788,-0.120412935582722,0.10069577510022
422,77,0.059474048049605,-1.16646492281271,-0.853344976948149,-1.32286931916642
423,77,0.315910908799887,-0.907590389714234,-0.64662463119119,0.220289667172523
424,77,0.540920724537021,-0.205052841997919,0.392385977896605,2.83898274739186
425,77,-1.2541600935515,-0.170926365769968,-0.105930876106076,0.482232063341458
426,77,-0.516581209720744,0.840599412360981,-0.563650057641159,0.152683254123858
427,77,0.693839578766315,1.11868060553453,-0.974195729872353,-0.971699391443812
428,77,1.44029449910681,-0.331152894900736,1.3843469424173,-0.208380322436784
429,77,-2.66357989461599,-0.509334132071209,2.26607120062905,-1.67288605876004
430,77,0.637942393380262,-0.353293246981157,2.3164110906999,-0.276250487555518
431,77,-1.60971012232899,2.07864248072468,-0.0316653123093017,0.620193857521197
432,77,-0.852089562653941,-0.216716932170089,-0.178501716586882,-0.189787055131162
433,77,1.66309459288256,-0.849892877173008,-0.739901796500717,1.84137053075983
434,77,1.56630215200116,-0.310272445000898,-1.13053301522923,1.01339352872169
435,77,0.418998209898494,2.12037761720838,-0.0927615838625931,-0.183106030114137
436,77,0.328073305450388,-1.73075555162424,-0.091718572551318,0.763245783057006
437,77,-1.26525524226272,-0.888315639534521,-0.282856718316416,-0.00655302925117888
438,77,0.0617748884372376,0.0921869271950415,0.0463532625022437,0.179478816492023
439,77,-0.99342123809664,-0.804173537573397,-1.42980907166503,-0.734089636448548
440,77,0.945765799352542,0.597016299324576,1.06315912761988,1.74377700497644
441,77,1.51631556952457,0.707194384883776,0.401630213631254,-1.0546711184302
442,77,-0.518758554554672,-0.108522070043974,-2.7546468202232,-0.552540589235297
443,77,0.432024169283713,0.514305532156423,-1.82392568679975,-0.908972594970348
444,77,-0.56647790597234,-2.40365460344474,0.241558583630686,1.02144538520045
445,77,0.225257655385994,0.672594724160942,0.501719352373354,-0.841870981554226
446,77,0.831817959684301,-1.79224306443532,0.68673588182917,-1.26425958911934
447,77,0.741040708372992,0.889359873901296,0.469949196020964,0.0420802430887912
448,77,1.24349568207447,1.7534192591376,-0.413521838490248,-0.191555063626722
449,77,0.595260940473225,0.541758391451754,-0.325118066408666,0.770806228042685
450,77,-0.155417357395497,-0.496584810119371,-0.713814643379713,-0.00625256545789851
451,77,-0.29196436789448,1.18548796747297,-2.54917983256216,-1.9797850972932
452,77,-1.36383345849518,0.337606467549619,-0.859361892444953,-1.40519442515685
453,77,-0.0141945932661761,-0.164380908958146,-1.01574791373628,1.2689548817751
454,77,0.313387002455976,0.743578460881091,-0.148775604515736,-1.48995269272155
455,77,1.28383127554729,-1.238838743951,0.356851864887209,0.66944208586918
456,77,-0.640954901209985,-0.164258502354586,0.667232325644817,-0.63769089638571
457,77,-0.69036712522809,0.399918033383989,0.615509841435381,-0.378111165097856
458,77,0.471236875202495,-1.09678025719539,0.427490962523105,-0.73013946213396
459,77,-0.745262416831317,1.26556711618821,0.780945701271007,0.0212175611337566
460,77,0.843542643125298,-1.44292901543959,0.838346227706213,0.682844928977359
461,77,-0.860960853460035,-1.45569597451594,0.0300504872318688,-0.173401267951223
462,77,-0.865414549096437,-1.52159845596836,0.492879629791579,2.09561515259065
463,77,1.0747455907454,-0.853709056378609,-2.32442506412563,-0.664926368927065
464,77,0.596123988762067,0.338972074410307,-0.865015374183011,-0.566219458051211
465,77,0.0213833522753327,0.27058805154813,0.744626988887283,-2.41251664795754
466,77,-0.650194441193443,-0.918086261932993,-0.365048785760901,0.70657578618694
467,77,-1.19241436748207,0.456399293213568,0.178066523301034,0.43734641093189
468,77,1.49011755337615,-0.145038361449867,-0.448811024467526,1.73543766427737
469,77,-1.70571447057439,-0.0287019209489977,1.3639698080538,-0.512446080493415
470,77,0.844640381443605,0.638353712379616,1.01217714561755,-0.543645658464735
471,77,-0.0425667834481696,-0.398037486831104,-0.698595773798752,-0.543098760191109
472,77,1.17695036497597,0.0821998890676682,-1.15624847152293,0.630086712520198
473,77,-0.574101063196324,1.17270069979981,1.79660909939472,0.863822365779892
474,77,-0.847414642022225,-0.554288347774207,-0.404992171221601,-0.358120240116763
475,77,0.744523493496229,-1.18930377849556,0.197393393846501,-0.652579168877279
476,77,0.0974165502266215,0.725551349873015,-1.49056938713752,0.609479945293075
477,77,0.0979438362719761,-0.765501458986551,0.0056160208707475,-1.28944249208488
478,77,-0.11785447259541,0.0467111743134435,0.265862902879337,-0.406791552357508
479,77,0.273880772572983,0.0192947496534079,0.602376306903886,0.617377247124657
480,77,1.50516864008245,0.824062806586508,-0.550085499517314,1.48279428696666
481,77,0.798444902808334,0.124328248135422,-0.492606094352955,-0.558207644747113
482,77,-0.250936475007081,0.0715640192531421,1.01007280014954,-1.15531050464763
483,77,-1.03062240706999,-1.7982742432955,-0.917060168051473,0.743978226375338
484,77,0.797334522031151,0.0450685572925208,0.649269155136528,0.133327512304205
485,77,-0.0521113951695964,-0.750577798641661,-0.0501913147727577,-1.35999767319918
486,77,-0.318083748434431,-1.40932380701786,0.867051569297953,0.592302785820787
487,77,-0.628495561164048,1.17723401710126,-0.954332758563544,-0.487534875063126
488,77,1.52024369899938,1.52199704587249,0.764050818705109,-0.583121649664897
489,77,0.824377578838483,0.00624892788870398,-0.340294867091195,-0.558315056001103
490,77,0.719991711677665,-0.198638886218338,-0.5627202180096,-0.363120964946
491,77,1.74774953520268,1.74717753467228,-0.442842171231424,-0.0678927291858592
492,77,0.19459777114176,0.417130432501984,-0.10513970595016,-1.02181354345615
493,77,-0.57599070761777,-0.529291084095982,0.508641781416428,0.490975965855709
494,77,-0.536589876172694,-2.07812875689571,-1.14233828588409,-0.35698991772775
495,77,-1.7557729008598,-0.76663847782283,0.263934128995538,0.0504557610128333
496,77,-0.17233503635559,-0.261802555274568,-0.736805052179042,-0.00609390019745659
497,77,1.54646698764621,-0.556311082233728,-0.743914942250662,0.910262247851074
498,77,0.279604469700066,0.0333625596583299,2.11632156120229,-0.47817488714359
499,77,1.55495338368811,1.21052641537546,-1.83390055622804,0.731595583600273
500,77,-1.40344051716615,0.0828776294890496,0.27446111568473,-0.808675237862905
1,78,-0.86593474752579,0.626409704024073,-0.300737207053355,0.815381854000128
2,78,-0.512929172944195,1.14998415160709,-0.26906934444137,0.437764454834395
3,78,-0.796326367246239,1.56809288323643,0.926228930358889,1.29873086444661
4,78,-0.234142194636186,-0.27030883744829,-0.0429867528559819,0.614417151988943
5,78,-0.889528534868856,-2.90991455575984,-1.96205889193854,-2.41861659552505
6,78,-1.94610263783976,0.139361697512763,-1.2939959537457,-1.29941274398365
7,78,-0.239143268735514,-0.0461490716164983,-0.692728218585863,-1.73700960715796
8,78,-0.670234952839491,0.476306808693454,-0.138596867543747,1.58561418060975
9,78,-0.0883745294630293,0.334841203126134,-0.863764489793241,0.135377879446286
10,78,-0.672952721922313,-0.937864952554284,1.63073892870128,-0.0878620359464061
11,78,0.280557577150882,1.18497580132641,-1.73230101274058,0.471032710034809
12,78,-0.626023030297411,0.54970604903577,1.06735770866129,-0.617919892846742
13,78,1.34776420897562,-0.430036842214827,1.15409174097381,0.0417034872846756
14,78,-0.386873061866316,0.618841019454195,-1.32883503926031,0.321930456340578
15,78,0.283679409546188,-0.607513567810489,1.08808002312187,1.0467409631295
16,78,1.60558487074498,0.849567252102775,-0.223721635410677,0.802089083334998
17,78,0.734265813242653,-0.597796214430551,0.795770606905171,0.491128579848372
18,78,-0.683231178235339,-0.0486151428822179,0.259371605496648,0.900433296159742
19,78,1.18450372760473,1.16555300633926,-1.45055812904968,-0.0232586395313425
20,78,0.42389616307568,-0.609754791107113,-0.115665031239675,-0.0686310198511359
21,78,0.194759066598986,0.596608949951579,-0.909041128179578,1.02230439889127
22,78,1.82481847338128,-0.197900917185247,0.323996205445547,-1.11505580249274
23,78,1.30966208689978,0.508673630562445,-0.906030772954248,0.648156721800042
24,78,-0.231512898542085,0.447068778630306,-1.13138472377511,-0.0268939510108076
25,78,0.956368592058517,-0.940881842713915,-0.271500394691132,0.00367057272835007
26,78,0.102859241057474,0.181787171653606,-0.383708099300998,1.97358461017376
27,78,-0.220635588187476,-0.372830692947204,0.897502556310888,1.11957939315259
28,78,-0.817498187830922,1.36936403704003,1.57960728648651,0.249914234229543
29,78,0.102350100479882,1.73308125799235,0.151723145516241,0.144631397430157
30,78,-1.12531854739396,0.604575725815102,0.944026805492299,0.946272292202449
31,78,-0.214528618820247,0.409591225818052,0.323994252337392,-0.0692881124412876
32,78,-0.734634356122256,-0.493234824077765,0.142709764691533,0.235637194898934
33,78,-0.0503336271014746,0.349790488925316,-1.9712120652901,0.114863872780453
34,78,2.02313223561717,-1.63835627191339,-1.93413238316027,-1.61976716240117
35,78,0.478119847771824,1.26412833027066,-0.666195449825637,1.60382695833036
36,78,1.56136128968344,-0.520208903374926,-0.38246137978602,-0.0927707552024449
37,78,-0.118356068402284,1.55601587459824,-0.90505536743801,1.15802387264773
38,78,-1.06580886372872,0.699980782965437,-0.360277256513971,-0.0588662038236647
39,78,0.372129532387208,-0.109320945513061,-1.4732153285819,0.07481559632518
40,78,-0.396439117034161,1.38126089818011,-0.328565382681011,-1.25551486907039
41,78,0.349157640784273,-0.733557758946064,1.63568289735381,0.940870894020165
42,78,2.4710807269911,-0.945957602282777,2.30395535723841,1.81566166009684
43,78,0.599667734305092,0.354453238751367,1.58675992036076,-0.825413070638893
44,78,0.262832672899512,1.06758839297234,-0.0870755576769414,1.01715075012642
45,78,-0.340972791915917,-0.204776770613288,-0.862199654299334,-1.2023574577022
46,78,-1.40333115076777,-1.38891390574601,-1.33619712174209,-2.15350699476338
47,78,-0.587698642790561,-0.704127901689723,0.644253127790567,-1.01821724191781
48,78,1.45736048331829,0.192645069237405,0.678918598319515,-0.0298535542640978
49,78,-1.88511715062388,-0.137300286049705,-0.292797793384634,0.520974565397448
50,78,-1.12423343557074,0.877792038968615,0.0827952580601311,0.958924886184796
51,78,1.20711765800484,-0.0022685585022723,2.29173665695671,-0.471799050851149
52,78,-0.874976912771846,-1.19484187499872,-0.756848097954801,0.710488582021143
53,78,-0.770420053049254,-0.784695358514729,-1.29453354943813,-0.157794365345364
54,78,0.0578994124935752,-0.912810948580774,0.703547315914883,0.452160863451142
55,78,2.33702259704859,-0.560433295330406,-0.177681023907685,0.598790263633005
56,78,0.647712677745489,0.422460296041414,0.893765129027569,0.309670535192641
57,78,-2.28385093420857,0.34798537550979,0.500873728619921,-0.836309247699218
58,78,1.05031156425287,1.06341464629246,1.1066166077021,-0.243428506370118
59,78,-1.27129871248392,0.190482262628107,-0.989659790029796,0.328188367092125
60,78,-0.688351302733441,0.481344275795151,-0.80785070839481,0.837837090985392
61,78,-1.1351644306826,-1.54796320113782,-0.151584442778547,0.0487880446941177
62,78,1.57760468896163,-0.951264388775302,0.0759705795766948,2.1203956227224
63,78,0.572905688718751,-1.52032549059873,1.8674063675346,-0.052592714176715
64,78,0.260586043367697,0.510197619318604,0.137577969653508,0.163229452268513
65,78,-0.65485983533367,-0.0108763296244183,1.26734189084191,-1.3988626492427
66,78,0.238050257876941,-0.732699932520644,0.618349847660767,-1.75589789246251
67,78,0.299813381168673,0.431015394277997,-0.144283732526182,-0.158066839020757
68,78,-0.449224886360473,0.0866352030284042,-0.361046571964827,-1.3314579979515
69,78,-0.993517467756293,-1.69701162982252,0.303483227845988,0.641380976663408
70,78,0.0917684126255252,0.971857065668146,1.58451316853687,0.101362443603491
71,78,0.610136401514676,-0.990047857812398,-0.441017808820253,-1.3149954730564
72,78,-0.644760362308623,-0.260520424600066,-0.555361966029235,-0.479813903865513
73,78,0.869293068628184,-0.282638124433408,1.10329300362271,-0.0176929865973437
74,78,1.00556688806169,-0.523839136197838,0.461297785438296,1.46967713001428
75,78,-1.69489173677946,-0.0445099030056995,0.789229939716188,0.376468872001247
76,78,-1.14528124300721,2.21432107808408,-0.815792271851615,-0.879011782710457
77,78,0.208942232202289,0.460941346355755,-0.0985737878200618,1.25418251008527
78,78,-0.2757394462417,-0.672455958384972,0.270676664370966,0.113254149585714
79,78,2.05649306878038,-0.19177403892217,0.0344756604877506,-0.648974459454179
80,78,-0.0376592531945129,-0.59607176647219,1.08932615213698,-0.618162866646048
81,78,-0.803846032998612,-1.5858036740429,0.374434418279724,-1.52264742800274
82,78,0.726611066112104,1.07398371100934,-0.81711414086801,-0.13646873237
83,78,-0.204686712872631,0.806196697164488,-1.22041747084048,0.911986397266122
84,78,-1.57837299875596,-0.730318298140164,-0.793799541021477,1.09264509491867
85,78,0.383677543024014,0.128214448022363,-0.630878020555385,-2.53969091954521
86,78,-0.11955158664041,-1.35058618627584,-0.308027248008664,-0.27789192226372
87,78,1.04488500321382,0.0548867672548616,0.0727822419263221,0.0687546200257522
88,78,-0.331025089583733,0.302451080971228,1.3970796902231,0.135174469111008
89,78,-0.827215485756542,1.13821449692649,0.404429494222547,-0.636981057031386
90,78,-2.37212662720265,1.2037864555837,-1.72449201738333,-0.125940058770821
91,78,-0.862671102398784,0.179306533323318,0.755310164292236,-0.386187386853105
92,78,1.27629770478732,-0.395775045017124,0.145985587322195,0.787446256433125
93,78,0.346412672998649,0.831755913836658,-0.375348414065936,1.1177407274227
94,78,1.00093781418046,0.534695960076987,0.558905785786662,-1.58528515804114
95,78,-0.38218891196718,-1.01886284202214,-1.95301641543648,-0.27470142693216
96,78,-0.858135403197984,1.65531429432619,0.19838416650085,-2.3886116031984
97,78,-0.80562971006245,-0.254525646670934,0.149736732784573,0.306352497554418
98,78,0.573976839142108,2.15316755238931,-0.96184292316663,-1.21112088861818
99,78,1.2656026432096,-0.349219352402263,-1.89359509005737,1.44023937090003
100,78,-0.679927547574536,-1.10945105514078,-0.617486403150195,0.00919915230378109
101,78,-0.29789438395783,-1.63458239866576,-0.122222148731391,-1.43383648978822
102,78,-0.594377516648916,-0.647112727667125,-2.18186026539835,-0.057909333360235
103,78,1.94973332074429,0.980760105672484,0.357410676859763,-0.911033383594665
104,78,0.802421684740046,0.214745756845212,-0.774000013596633,0.936107919962598
105,78,0.219577473589736,-0.332035261047956,0.394782753608313,-1.60270911168819
106,78,-1.45968381145385,-0.999708951054246,0.00686209201643799,0.468812613400987
107,78,0.672080212916632,1.2232436062461,-0.640681157737736,-0.362284872330207
108,78,-1.20139243054897,0.620584106509798,0.514006693766317,0.0848922693559247
109,78,1.66911790689515,2.87735488876803,-0.835494457813564,0.323482439763342
110,78,-0.239587606852404,1.79539920888362,0.33531128279626,0.238077553466744
111,78,-1.74444435646564,1.04043099954059,0.849404141610187,0.982026021380629
112,78,1.02225477346772,0.509011939916787,-0.132706982732104,-0.714813452132699
113,78,-0.157016189128034,-1.65636617596919,-1.20757055627467,0.210128929717593
114,78,-1.08814915732349,-1.21036486878646,-1.09212679999837,-0.821799382461002
115,78,1.68660555651472,0.500418030719205,-1.06297718525768,-0.790887160288918
116,78,-0.869434831628781,1.58872212237726,-0.936409076259358,0.203818684706884
117,78,0.202081254898212,-0.513824671325667,1.27377160440777,0.401622986251908
118,78,-0.382562857550436,1.8825491790667,-0.199345596608824,0.159861751804564
119,78,-0.343034380669496,1.84242433348874,0.404593046156345,-0.797243130563407
120,78,0.331839732628266,-2.69381402918114,-0.0561801245614906,1.14654761505185
121,78,0.403372502685002,0.120433894262858,-0.887401483715168,-0.717047280119948
122,78,1.69202417286742,2.1446218191942,-1.62358236399749,-0.879880922713182
123,78,2.53624486336073,2.20798379812322,-0.223294140582447,-0.482109566028496
124,78,-0.984872101445752,0.391111547911647,-0.465072637090023,0.348662060213671
125,78,0.0824233998439343,-0.0179866651565953,-1.35046388708961,-0.984703327311167
126,78,-1.88307464548684,-0.31819254674539,-2.0909678537604,-1.29610649641509
127,78,3.17162344905018,-0.419819480848681,0.139960313714547,-1.20126749677103
128,78,0.442916654975359,-0.76201985831365,-0.340785594912524,-0.00751803752381393
129,78,0.145672401876339,-0.526704534197185,-1.11971776251532,0.631563332244624
130,78,-1.10626288194863,1.03992965312337,0.0192141775949668,-1.71069548184712
131,78,0.481667185753115,-0.132004321804174,0.103012866390762,-1.32823278524018
132,78,0.245427898985036,-0.0576759094643044,-0.824270124542697,-0.881309532373163
133,78,-0.543738495184458,-0.137256027768562,1.551895296605,-0.024424890114028
134,78,-0.182852183719777,1.39521236116024,-1.39480752808382,-0.66888833259647
135,78,-0.104945831903575,-1.50883330078227,0.990975765442727,0.798575754358751
136,78,0.518167478772401,-0.520830747488168,-0.578350567309259,0.309077480332188
137,78,-1.16746250492216,0.962466894081424,-0.588682220990783,-0.245453447922463
138,78,-1.19604760991039,0.769095121487432,-0.0996070402760065,0.0361211298088127
139,78,-1.90750354096888,2.15648506884045,1.70537571241938,-1.66841347631093
140,78,-0.526122600217387,0.200869653597857,-1.01041430733733,0.265181301674978
141,78,1.37911936359299,0.116704809200696,-0.275138120962695,-1.79935240555576
142,78,1.30927730791006,0.484258063646652,-0.299482656027916,-0.97112134812719
143,78,0.443385667194712,0.353193781259828,0.234384815363966,-1.43210577106538
144,78,0.177007990177708,-0.682320604646707,-0.748267039461866,-0.907174618599156
145,78,-0.596099162275653,1.20183146391882,1.09594638735336,-0.848201745283495
146,78,-0.489838223419779,0.333169040621335,1.16092367632153,-0.528410470072973
147,78,1.24856822998308,1.22693035519182,-0.466822244711719,-0.149851274398144
148,78,-0.825745333772995,-0.944072091543144,0.594394533219401,1.02872562800282
149,78,-1.01607805965438,0.0373639980468464,1.43507200468166,0.481729644320613
150,78,-0.219701847780905,-0.159592462995713,-0.370379850468333,1.46984801513303
151,78,-0.364298832233111,0.494481922418221,-0.172546951088824,-1.33823324433771
152,78,2.32319733301278,-1.27539263019162,-0.452198346620643,0.145647214557447
153,78,-0.260678187732787,-1.45684068687247,1.20663882223317,0.0169544949889811
154,78,0.542308449622226,-0.502060205416221,0.607716892219815,0.706999702776258
155,78,0.59352716561688,0.455971543046693,-0.968157617500358,-0.713868406138091
156,78,0.556042750695691,0.406019711391757,0.417843701703656,-0.0468814689729815
157,78,-0.460821315238966,-0.51878147331308,0.0868856327504465,1.69812451761129
158,78,0.347351555710329,-0.0543437350900242,-0.484917517588432,0.666625132151356
159,78,0.0892452332431663,1.76938347157378,0.55871406881346,-0.119472162964971
160,78,0.145316326995074,-0.901387912863034,1.34995007482453,-1.37721234257366
161,78,0.0190238084232924,0.265905582646609,-0.683890165363437,-0.0597272033455986
162,78,0.262077682736335,-1.22925531041345,0.0997084683020901,-0.481611415714179
163,78,0.486060630764206,0.126292640557303,1.30383341787867,-0.50518015038596
164,78,-1.59256010488453,-1.36802854055974,-1.4961807923207,-0.419568323626779
165,78,0.975497571706743,-0.179784708149223,0.912026593896166,0.79888918968787
166,78,0.0293181406275497,-0.831115653826468,1.25226534579228,0.450237222922691
167,78,2.3171925938482,2.02952376422457,1.3545218272159,-0.11991073790334
168,78,1.99694740754546,-0.642860301116626,-2.04947607553193,-2.00011112502509
169,78,-0.353863066510884,-1.39737717821227,1.37834794743647,-1.3306169957511
170,78,-1.23044073456808,1.23941549369886,-0.368615534394526,0.159015361931869
171,78,1.89886879889751,0.469467316515989,-0.456017811815912,-0.294886414835525
172,78,-0.670033835858543,-0.262303009402654,-0.307920413967004,-0.959267342951738
173,78,1.11079643493491,-0.0979309404717728,0.750754671351592,2.3103480355629
174,78,0.166071078493039,-0.407795858639107,0.220674838215731,0.0262659874978407
175,78,-0.519319345323647,-0.775473932090634,-0.229900631510359,0.219381417590598
176,78,-1.00557716370567,0.291881416527249,0.532625299728066,-1.21932956249793
177,78,0.496342799527354,1.11256264764577,0.3502762050393,1.09071096990167
178,78,-0.90180044460816,-0.720290500337383,-0.224757771847362,-1.95043833102245
179,78,-0.161703893419416,0.0634415039998435,0.676553380609592,-0.694204610873831
180,78,1.1179961668216,0.17271274126697,-1.12092354194101,0.847401458808378
181,78,1.43773876126221,-0.123027877368999,0.45348523037006,2.11157890584527
182,78,-1.8635752095532,0.692337346346769,-0.383545099931753,-1.03070179434652
183,78,-1.22172935649896,-0.931032384769185,-0.851384993352963,0.47155739450379
184,78,0.81600662173643,1.54707979344047,-0.385297337616108,-0.178676534678061
185,78,-2.04475816723657,-0.196499811676938,0.53415594284608,-0.244034739037387
186,78,-0.457231012604937,0.273826741410167,1.10632819164012,0.294377821006437
187,78,-1.73116134610219,0.661211614040458,-1.60867778519095,1.34841300488867
188,78,-0.614081589668233,-2.31774556453489,-0.936230655622324,0.44899723926577
189,78,0.0161497567746698,0.74748617044252,-1.44080835992987,0.578677006238551
190,78,0.150605679905285,0.399775891389371,1.7810515659031,0.657318050606548
191,78,0.718989931311712,0.847990557706811,-0.0749755361448375,-0.658590591367424
192,78,1.41457398940629,1.4560476398824,1.0467673273878,-0.834333478145312
193,78,1.30240029939428,0.13852089696058,1.24483156344959,0.133397172079724
194,78,-1.34305350898108,0.231297560523398,-0.194102695470544,-1.24121927087
195,78,0.0990165399983962,-1.77645213236678,0.111674411608877,0.547896479276741
196,78,-0.430252075716885,1.29451515921101,0.311869060399198,0.516281656510729
197,78,0.966587320334415,0.759024528036991,1.47419695984799,-0.907227123701093
198,78,1.11028404939704,0.961661170318061,-0.791746612299817,0.857120042071065
199,78,0.0180559749285343,-0.220079347259678,-0.115729177956935,0.287122497049203
200,78,1.04271496273619,0.509504258481998,0.327980003951185,1.9219296642317
201,78,-0.646607394959814,0.774333756414776,-0.221642797593839,1.86970860946026
202,78,1.02059296431998,-0.530083070841051,-0.72144546415101,-1.05883885363472
203,78,-0.0182635781834434,0.721899327186087,-0.647541881525516,-1.0177275323777
204,78,-0.0598706844142725,1.56720246032322,-0.27218112965201,-0.0519185845844146
205,78,-0.0602868629972471,1.48999671093425,-0.376203381655878,-0.671605999252616
206,78,-0.200895414781187,0.604797401646253,-0.606859277886309,-0.583140919235991
207,78,0.830421708699206,0.60427786324532,2.05638045157463,-1.93487869626009
208,78,-0.711700869403965,0.169498187198696,1.92147454844212,1.22851117679106
209,78,0.615113660134587,0.990858722255675,-1.24092831581564,-0.697042143992354
210,78,1.55090169154405,0.722616860781894,0.297981657367462,-0.305616734755735
211,78,-1.33322249420374,0.575361205158358,-1.25044979421182,-0.213964617379028
212,78,-1.08232431031887,-0.181422731818351,-0.155473094368022,0.216953824440338
213,78,-1.22149453574081,-0.901151427201861,-0.0753420275297237,0.739278557107677
214,78,0.763200735278966,0.701032471177777,0.466076532314724,0.185347911151899
215,78,0.339763930191684,0.0702207190584696,0.531239507397231,0.232321810292126
216,78,0.0187281859902783,1.1642066100687,0.851055326213755,-0.602036130537581
217,78,1.16818787140026,-0.502813405755738,1.47907653532701,-1.65078555910452
218,78,0.566274462144095,0.668929234767968,-0.71100640282465,1.12548913030527
219,78,1.7585417009957,-0.217704557027782,0.487113227188342,0.194460287833781
220,78,0.121597895546037,-0.0256453241604776,-0.765209141123228,0.421512916760837
221,78,-1.19308226198261,-1.17658323282886,1.28892103654489,-1.24506645555642
222,78,-0.219779044424143,1.31860137741384,-0.189384661995336,-0.0822668209526352
223,78,-0.764231525571996,0.258829063312381,-0.695603954772324,-0.935351534127312
224,78,0.9379176162171,0.81030652744305,0.970633938084719,0.857451888365503
225,78,-0.0655351501038611,-1.27437499475123,0.850849874144933,-1.20676619453215
226,78,0.0599356914034028,0.510028103602256,0.31579618868739,0.178038075440613
227,78,-1.79132187116289,0.627913489329064,0.227381769336336,-0.201939658800159
228,78,1.21829493585048,-0.902990453837906,-0.0771234520344871,0.128221806463368
229,78,0.754899197539873,0.228349409996352,1.43793261079467,-0.110312274732402
230,78,0.0725875148173466,-0.805659077355162,-0.0302894000270049,0.557955176924768
231,78,-1.58398188269957,-0.769179934003567,-0.885746225261397,-1.15967474938442
232,78,-0.16584707307656,-1.12834819913238,-0.0391224117337939,-0.337734228233456
233,78,0.162395109622281,0.685107244137643,0.377691015896983,-0.179593019618541
234,78,0.207324152582432,0.289856382004152,0.242134255959029,2.19658631370935
235,78,-0.632503973867857,-0.53745281185762,-0.698933152647082,-0.446415805898367
236,78,0.220082173271975,-1.23879706178319,-0.387096209735355,-1.15948306382104
237,78,-1.41516031361866,-0.82822691944548,-0.42209096276524,1.48507170234556
238,78,1.73817000211763,0.489873476733258,0.0511507978590755,-1.33912647243194
239,78,-0.331088087895616,0.393993967335639,0.145616253487387,0.680055259505442
240,78,1.12452172169694,0.0185144057441292,0.214993218175474,0.920452556384685
241,78,-0.815216543768526,-1.4035341674598,0.283272936250344,0.0977165742167791
242,78,0.580055549188331,-0.0882021143244317,1.02283365041823,-1.1177384786839
243,78,-2.0536426449087,-0.560082973986807,2.58640331588642,0.413632528350803
244,78,0.301077623199331,-0.73581865080459,-1.04321101199251,3.01720242419913
245,78,-0.176817311801479,-0.363015010615539,0.342882655921249,0.473141489459139
246,78,1.06353333354,0.143525763040129,0.0120880156583264,0.854062242783613
247,78,-0.344114566244772,-0.349905280537638,0.0193301061884116,1.69840119240264
248,78,-0.29864904067207,-0.214812582431444,-1.13034986088481,-1.54931110782807
249,78,0.544888350686508,-1.00419898989449,-0.648714225967337,1.07577666271678
250,78,1.34042218316256,0.153475886838483,-1.04098787857762,-0.784523969948508
251,78,-0.619681974721937,0.977330269206176,-1.53014085286923,1.10082572819805
252,78,0.532255191422269,-0.367067410563082,-2.48608987028054,-1.24789722254138
253,78,-1.30377808414472,0.689922670057642,-0.375949000583457,2.5004391525923
254,78,-1.12144151312887,0.307324106945137,-1.28688231070168,0.60286571022835
255,78,-0.399741812218196,0.0984675700342697,1.36834150174659,-0.593426838569722
256,78,1.91138145681289,-0.0871011546934143,0.379308523824193,-0.492660853041616
257,78,-1.48732909476738,-0.30578473902298,0.0666446839506683,0.751215944702166
258,78,-0.082353122128433,-0.715455963108486,1.76248421983001,1.09797561499798
259,78,0.892546804087163,0.503469448136543,0.165668702002007,0.609994278566025
260,78,0.177997657323688,-1.23179812032351,-1.09314718187383,-0.188182986654841
261,78,-0.584767027792277,1.48680701883276,-0.656876433005846,-1.58553656576049
262,78,1.05978094667833,0.438605850092401,-0.475620306109866,-1.26763509838045
263,78,0.689192311156451,0.580824157474861,0.0845253758811757,0.794907660878001
264,78,-1.06966322049997,-0.638927531637028,-0.398550897730919,0.851142239766347
265,78,0.992937193209948,1.7981394130712,-1.64746516602955,-0.138515723101668
266,78,-0.0527059474393256,-0.359181529046728,-0.280022910485694,0.902535989476055
267,78,-0.402164309967936,-0.856732400953527,-1.4235185959226,-0.334034587955652
268,78,0.253292311303757,1.43284089817743,-0.106734112629141,1.08929233944999
269,78,-0.570623282624397,-0.12810620822673,-0.892879122693675,0.431005437919909
270,78,0.83086687096321,-1.20220062920812,1.10376807461415,0.342661264306421
271,78,-0.12060631742275,-0.778201893958136,-0.151283420255746,0.390853531679114
272,78,0.901366112095615,-0.578861149996486,-0.784217711642812,0.278271368433815
273,78,0.228650174066424,-1.40394572138086,-0.0476700323762457,0.310549229384115
274,78,-0.937465527270515,0.599670261051618,-0.789124486792384,0.316442002279964
275,78,1.52542363310128,-0.438676093396293,1.76695714529081,1.62902475876935
276,78,-0.80126697764399,0.83356038555497,0.443755664746435,0.378284390345491
277,78,-1.1017687316455,1.31076583758095,-0.366699245296113,1.57926223568094
278,78,-0.609749430828669,2.01487234379401,-0.745016898795422,0.0771267523487164
279,78,1.58743448745633,-1.35989353411781,-0.127509811857827,0.215527294844057
280,78,-0.324010489985737,0.144971504375815,0.872180205608742,-4.10202594743375
281,78,0.728138320546583,0.0998200540226466,-0.375447045610521,0.33066779569475
282,78,0.365389119940007,0.196316752691609,0.0323637301178019,-0.369602884114077
283,78,-0.955105682520292,0.427719828451432,-0.310848333418983,-0.997935920326648
284,78,-0.163351422913571,1.24282137028235,0.0948095733238529,0.657747914676044
285,78,-1.38549998993332,1.26413406298264,0.156312507960537,-0.914369316327425
286,78,1.15042821699102,0.054025590187896,-1.64336540006508,-0.377807511739796
287,78,-1.2495006845555,0.630037236684316,0.220865172569229,-2.31802433324469
288,78,1.39377365741162,-0.611089049925259,-0.539831187140779,1.02708734176752
289,78,0.116156846190644,-1.06001433536306,-1.30842418740158,0.52359255763988
290,78,-0.0222313246078704,0.33396143388826,0.783063036932773,0.0486085817898345
291,78,-1.41554901765089,-0.187774217458043,-0.319811389159775,-0.792885632246616
292,78,-1.39488147731485,0.356432958350501,-0.718364358884539,-1.74466907584691
293,78,0.948061362105125,-1.88089676286931,0.447948394477867,0.733393719614822
294,78,-0.250491936377885,1.36285228957511,0.39117526133991,0.159117461223367
295,78,0.197478858763948,1.98709915263736,-1.27933608743231,-1.85925872986712
296,78,-1.38886746880383,0.0602211019791445,0.015642762829808,0.776507230200196
297,78,1.88261137469209,0.223738822112902,-0.109678525521518,1.20276270968183
298,78,0.0803774608897449,0.105072836287484,-0.426799319889572,-0.078925162415773
299,78,0.368058999833863,-0.477470364462779,-0.28767376767875,0.177917369539797
300,78,1.13293273444109,0.857913856056085,0.0719866134486207,-0.824714599347816
301,78,0.385855739049656,0.970438138057592,-0.171122825266431,1.44425156235199
302,78,0.476177612257487,-0.82114506069705,0.0234761053296345,0.66506281090266
303,78,0.0819488836520377,0.312588070645717,0.561543545101619,-0.64285674429973
304,78,-0.605889740179577,-0.374213153076505,-0.0892127851560935,0.3773439210767
305,78,-1.34696669594187,-0.647882200108848,-2.06033217126994,-0.503359015307825
306,78,0.332968520604251,-1.16492855591195,-1.13736540684796,-0.48329639754796
307,78,1.17248787764219,-0.682742216369809,-0.0450026237586284,0.141260519618922
308,78,-0.539873896986752,0.606829716308712,-0.346944328782414,-1.24667654093802
309,78,0.788727224212878,-0.352260875223077,0.619796236564079,0.461705620310609
310,78,0.602188542913159,-1.42422387683821,0.151252369246179,-1.38828972094579
311,78,-0.206399509535309,0.204723253164251,-0.36297777056841,1.48402923305491
312,78,-0.256288333261147,-1.37306257656299,1.66334350582059,-0.322740316967043
313,78,1.28291534859417,-0.736412099036162,0.167515886263405,1.21044709080778
314,78,0.354719589870301,-1.09760334868943,-1.40385290376012,1.9446983929445
315,78,-0.426118891037517,1.28499436385236,0.875605064762695,0.957728038199991
316,78,0.084595865878486,0.552353996601921,0.764422559699295,-0.0629044280815475
317,78,0.828111965439304,0.483375884095591,0.546951914494217,-0.830843559141848
318,78,0.600501262490201,-0.426702882914382,0.0537175392385807,0.062308060962525
319,78,1.48128909098468,1.10388766548004,-0.918343387009241,0.911592053914935
320,78,0.911113000014462,0.926608127943525,-0.00193529247302458,-0.248798693845817
321,78,-0.363933167023741,-1.05101678006146,-1.70207852423959,-0.550753053317027
322,78,1.96940312631457,-0.533521662971832,-1.24301759129456,0.703195897232822
323,78,0.973528810833661,0.550034824422403,-0.0660883391555346,0.383437434884536
324,78,1.03452827404062,-1.4401377358903,-1.24815422945789,0.743552491843447
325,78,-0.600062619621466,-0.131269118830079,-2.12358670333273,-0.297805990465635
326,78,-0.820696454594884,1.52182465441382,-0.645830623347546,-0.20965315029986
327,78,0.425739961083324,-0.440141690650547,-1.4130700684122,2.23121185153266
328,78,0.959467528988666,-1.84845156276364,-0.303014831903441,0.637538812983858
329,78,-0.489129764350171,0.611166169156389,-1.63205364983562,-1.97565401888915
330,78,0.0516069246222273,0.516340860677997,-0.471339906347795,0.699902462627085
331,78,-1.404125757714,-0.290931986533243,1.25409728064886,-0.453713511409291
332,78,0.0157551915982023,0.258395549168586,0.0814520438726133,-0.36244828433057
333,78,-2.50592566561071,0.645239690910529,1.3034161925679,-0.0359000418205778
334,78,1.06472042288774,1.55429095371672,-0.148085760283206,1.15567429248002
335,78,1.48861761669623,-1.29099724658345,1.42864589726484,0.225842951389383
336,78,0.39435864035985,2.19927738759211,-0.188583078966868,-0.302218148483574
337,78,-0.1179995426609,2.20993159473606,0.12015836655539,-0.274442387663422
338,78,-1.05849977865397,0.237496581754447,-0.036582420583795,-1.81469421558048
339,78,0.906182437010673,-0.0744178587085883,0.148089398797773,-0.105096320801626
340,78,0.530137247770508,-0.923167184656717,0.374679789478251,0.00381305002283788
341,78,-1.34686453912302,0.738495690456025,-1.29493094490171,-0.17146170139442
342,78,-0.319973137755195,0.0253579975607612,0.730770383784812,0.85330299889174
343,78,-0.655020318358197,-0.209597555314907,-0.319720527050131,-0.828922572360833
344,78,-0.0791883847221057,-0.983581009313698,-0.844722184753896,1.328592167489
345,78,-0.337116849516621,0.0371306196382951,-0.555040763827109,-0.989186634373634
346,78,-1.5742598474881,-2.27718455083585,-0.832822906550233,0.229114393654738
347,78,1.18601472981714,1.09164697715046,-1.8626189912668,-0.438054231652652
348,78,1.46384508219343,1.17153896524029,0.278406860773656,-1.66557257047049
349,78,0.481457912044963,-0.480058812948506,-0.832420184916156,0.0902019580507091
350,78,-0.333308122545597,1.37503828686903,1.48175643330651,0.0106150911727624
351,78,-0.568277852156208,-1.05471582707922,-0.625285929834707,-1.17275486550347
352,78,0.82895623418746,-0.929911111279514,-0.682398791658747,-1.61092522158206
353,78,-1.15592553972049,0.443519047308802,-0.503956562593971,0.696081331595186
354,78,-0.690628749261839,0.719919779256751,-2.09126744930728,1.09397084548345
355,78,-0.627806824051463,1.76393706640018,0.562122977235065,-0.964746477350603
356,78,-0.339436517875771,0.231969138739383,-1.17960412616864,-1.02008841718475
357,78,-0.35792379912905,-0.0352553283302302,-1.02727186207408,1.54697857276363
358,78,2.83658945477879,0.61949350548911,0.128081282665527,1.72698465291215
359,78,-0.893338147795654,1.028504210377,0.760086112034953,1.61719921403283
360,78,-1.76588380148114,1.01123642608507,-0.0595549300324973,0.53742190558663
361,78,-0.919012403065266,-0.807173146029285,-0.416425072110286,1.3016687211538
362,78,-1.20373221405164,0.918461412903264,0.0599206059817248,0.505479215876987
363,78,0.686876547193125,-1.88752010102783,-0.0701044013609433,-0.561559749504774
364,78,0.722400280092144,-0.815705459798263,0.556895232834209,-0.0736546568966035
365,78,0.939167031657513,-1.04866651785171,1.37039926019331,0.300310998343114
366,78,-0.441878093107525,-0.365918543193073,1.14164087083533,-0.435400201589696
367,78,-0.148017136145577,-1.03052628528913,-0.36729759501241,0.877557457831736
368,78,0.603486290725652,0.947087185323486,-0.680807769478271,-1.54520912277032
369,78,-1.48712685960015,0.830435262962084,-0.845223022427286,-0.541453520656578
370,78,-0.629456536243719,0.520340994711323,-0.784581929678317,-0.689504469458703
371,78,0.467410550915415,1.76304717345418,-0.100336549118439,0.803532651720571
372,78,0.621276613420503,-0.119775068822644,0.51356708979015,0.141234099279157
373,78,0.608150042820305,-0.23645527098728,-0.407230079802913,1.03542409419795
374,78,-0.679205221753355,1.38402834976075,-1.34901609714822,-1.10463839731591
375,78,-0.242089961315817,0.919127085882937,0.219352175907057,1.40359026617848
376,78,1.54561178567632,-0.0425082155979601,-0.75090315321716,-0.231011078674574
377,78,0.558110446870223,-0.871825766664586,2.36559998063159,0.686163892471276
378,78,-0.877610232288024,-1.05736062951436,-0.646532033324334,-0.034751259491265
379,78,0.785052527298465,0.0431853699320039,-0.334755849066656,-1.53593854727048
380,78,0.0975283421562391,-0.416197319756526,0.365662453721697,0.80929295291967
381,78,2.12182608764837,0.409265731495982,1.88682912974403,-0.94774212632633
382,78,1.85297830497526,1.27376312673217,0.744197495942655,-0.125572041917804
383,78,1.48877265786939,0.759600344851557,0.667434026450398,0.557203590720323
384,78,-1.9135977632964,-0.677321194442891,-0.137994263823441,0.471333818746955
385,78,-0.323173259396379,-0.662841087302666,0.16856516058924,-2.01887971352929
386,78,-1.00629316906374,-0.792928586372903,-0.621706713622881,0.548222150340957
387,78,-1.19005483229348,1.08847033775173,1.54107417081555,1.0132738023076
388,78,1.33098826694547,-0.730749973100211,0.733821833939241,-0.333827419649891
389,78,-1.13862357675873,-0.193440553057315,-1.58514109370986,-0.716880133072789
390,78,2.02974291533648,0.865630267547069,0.814015168494259,0.570181407221063
391,78,-0.904541476265599,-0.0394475726126519,0.345730383909023,-0.309642296475433
392,78,0.169279425950237,0.263093815944062,0.181902380437578,0.00509633835502426
393,78,1.84582615574893,-0.0435902467860406,0.193230434769585,0.568479885531864
394,78,0.0421840650448662,0.761142017808917,0.106651856549628,-1.38100389702806
395,78,0.902116084252002,0.774950137767579,0.562179797322725,0.795318772839686
396,78,1.39215865814342,0.820509922258119,0.435890831182264,0.419210618510152
397,78,-1.8191988354309,0.31153863664611,-2.12064640147315,-0.34125729927162
398,78,-0.145951290610836,-1.3076916793236,0.712453118613926,-0.662802875193593
399,78,2.13806130068523,-1.69427455643934,-0.383154603644492,0.324606335414226
400,78,0.733129267228141,-2.07217399726178,-0.565464427833658,1.7181710675233
401,78,-0.473473617484337,0.88370923756396,-1.11878371862061,-0.294449300719676
402,78,-0.769280047875818,2.92255061758713,0.85909986827516,1.36676883605076
403,78,0.0839618492772577,0.318717435503753,-1.48190086330467,-1.18228632510956
404,78,1.2634691938441,0.281870576601271,-0.269109517400431,1.3180312662253
405,78,0.338803095493754,2.04204878943271,-0.972601895356536,0.517204660481851
406,78,-2.17375725256001,-0.0614606402922771,0.0987553659737404,-0.93510785618949
407,78,-0.354443733394763,-0.0238008499896233,1.40384413549241,-0.0787328459166901
408,78,0.023788692822642,-1.14199871151394,-0.326839780062358,-0.87193486433813
409,78,1.84795912843325,0.573835106936256,2.78499470836646,2.76110964766995
410,78,0.662935402081945,0.728571320377528,0.23550976546256,-1.44798275996036
411,78,0.817677468311882,0.555695527502777,0.653738141136591,0.447649850254182
412,78,0.438952284548808,-0.862393349280099,0.722643698052478,-0.953948793834478
413,78,-0.688081733578288,0.78053556233426,-0.380672065085998,0.900281622752188
414,78,-1.08033735791107,-0.221160118149079,-1.48299638640262,-0.7296984353044
415,78,1.55459876150921,-0.60078539079169,2.02769592746578,0.950197718125986
416,78,-1.89528943174761,-0.149124443190913,0.124484091394252,-0.394003990405942
417,78,-0.393561229993414,-0.456282951217351,0.965536756875806,-0.711637873444038
418,78,0.117253068075503,-0.242225735778474,1.20248867920539,-0.98531500958715
419,78,-0.11883845812137,0.2250774675333,-2.20317708559617,-1.01135561735408
420,78,0.115737570450681,0.124211956105201,-0.115437949971296,-0.827741965251322
421,78,-0.784019388225613,1.60252129636627,0.759449542229181,0.267131916646971
422,78,-0.386660547538715,1.44856050923671,-0.997335495752201,0.0551140238552525
423,78,0.0711907141843251,0.629461356874465,-0.995107514728239,0.256168229279052
424,78,-0.115128228274139,-0.167287138063369,0.3576573136017,-0.788970971756909
425,78,1.37740961681133,0.202452017755069,0.994725264667116,0.53537229695985
426,78,0.244624529464799,1.16841646690865,-0.034363161981247,0.599706837687598
427,78,-0.698242192426628,-0.822044653429184,0.693657871185519,0.156692482290213
428,78,0.657195863758197,-0.147268927502036,-1.59493942394196,-0.436685818154247
429,78,-0.994906186415659,0.0640159766849618,-0.55817993377006,1.05188523460946
430,78,0.185586165545701,1.44962210802966,-0.842030238843273,0.122214142917721
431,78,2.1267821468212,0.768014693638754,0.992254056976736,1.80779923184593
432,78,0.0622568005427286,0.59106901588805,-0.162295138687665,1.33316387950051
433,78,0.507902338405276,-1.69875519629504,-0.653614535545611,-0.411288360826679
434,78,0.298617298518939,2.29774986276462,-0.866432296648066,0.400933189086048
435,78,-0.419920873118055,-0.819606271457637,-1.6422586796597,-0.121336634720706
436,78,-1.6066125239175,-2.04903685932944,-1.28761441232871,0.256229920245549
437,78,-1.20599453097382,-0.831126138663557,0.692633389156441,-1.60945196396165
438,78,0.364387687482719,-0.171991633001937,0.328778139758607,-1.09931184877993
439,78,1.97186923361808,1.169341779105,-0.237511245299367,-0.495825629955148
440,78,0.838207683130161,0.499717533568833,-0.364871577363153,1.7925264057477
441,78,0.763300621454852,-0.398055151378266,0.768409525437562,-1.40842163862095
442,78,1.26304164895748,-0.545963930315587,-1.84787187690676,2.57029427873307
443,78,0.134746522429456,0.489215467447366,-1.36243399813571,-0.869347866724268
444,78,2.12101372167954,-0.121973869744037,0.323284741043829,0.937439570891891
445,78,1.26418431168176,0.246020637346817,0.594104334213014,-0.160852631303464
446,78,0.0025148385449536,0.421350650714035,0.277417887055482,0.625153579638639
447,78,-1.30762901732292,0.779489714362043,-0.7486924095252,-0.334091127173823
448,78,-0.0645070143899511,0.864142228978524,-1.11984031086813,0.356626696043884
449,78,-0.173265771194407,0.564408287922282,-0.23285409911025,1.44922321736174
450,78,-2.55549003199067,0.994339897490552,0.748315549418902,-0.759868203277265
451,78,-0.0525847847521025,1.50910281041205,0.629658123523121,0.0167577752193413
452,78,0.0794460274685473,1.0597223481124,0.75450299854043,0.247140123628593
453,78,-0.89463990820987,0.276428862484918,0.436157670506762,-1.24173073213899
454,78,0.609995801152844,1.74181229189728,1.10134770667119,-1.4341771313706
455,78,1.28639670442826,-1.1498420391292,-0.0824341257265448,-0.933462810943124
456,78,-0.869828518300678,-0.082263591275103,0.746418520986197,0.388688627009307
457,78,0.574430643213698,0.705061581951854,0.40600488593157,0.166596157114093
458,78,1.34296798372441,-0.302549791830575,0.517591893504157,0.183604078259224
459,78,1.48709772155827,-0.105486317757803,0.142752758422087,1.44339190385515
460,78,-0.270031711431467,0.441988651978517,-1.18104867496472,2.62653662775965
461,78,-0.175494842008758,1.50027185271187,-0.706323794427141,0.776328412778734
462,78,1.39442613803872,-0.390995080315302,-0.0768129590597199,-0.58398758723655
463,78,1.72747205820418,-0.577537820657132,0.247893456326289,-0.0118657580209919
464,78,-1.06074794947886,0.679968348016421,0.188645950960617,-1.60254717982063
465,78,-0.145342630837237,-1.99464327978694,-1.34411132040135,0.0193151501605936
466,78,0.393876489698983,-0.431098614664539,-0.777682119913882,1.08454217233063
467,78,0.453179329765577,0.147918974470113,-0.831957725600421,1.1646647775457
468,78,1.69647659912462,-0.301347770545268,-0.1724672398684,0.013463155775529
469,78,0.257254784333437,-1.45550357416529,0.280111573134164,0.892132170376898
470,78,0.00578487178788669,0.675213648276252,0.59101687134953,-1.22942928423347
471,78,1.28924633928183,-1.04012502470811,0.743086176379035,0.255839729538965
472,78,0.279874685676055,-0.657411568734811,-0.00710009514352059,1.78429504018539
473,78,-0.26006525759051,0.308139446591065,1.0677125356545,-0.104175968232164
474,78,0.478002082449359,0.78839353028137,-0.35933185048651,2.55729570609956
475,78,-0.149682440927062,-0.102871371975807,-0.00840917189437082,0.401388340034383
476,78,-0.563768936406113,0.54843692144552,-0.106079017550703,-0.0952870975299903
477,78,0.866138128947093,0.468160885061098,-0.00326949673287257,-0.840841949847932
478,78,-1.81584305324821,1.62025579820991,-0.182527714558413,0.601094020036354
479,78,-1.63581307485739,0.440677177234347,2.10429633731829,-0.207571673040145
480,78,-0.56305076853986,0.204492346960081,-1.47399875582693,0.00922755295603841
481,78,2.15810701901878,0.808067527159985,0.93307951896221,0.551253071773587
482,78,-1.4439792166259,-1.51688553574197,0.156879506131458,-2.33329286511861
483,78,-0.039976380147656,0.625725827045167,0.248011644374882,0.269715485538822
484,78,0.178480331572737,1.58548009717007,1.40834834066442,-0.0462841234208097
485,78,1.23880709312542,-0.645863818847784,0.920020869837486,-1.43766644208135
486,78,-0.436410875049575,1.13660242497921,0.747116955863197,0.669767953727824
487,78,0.444543292043142,-0.412908940380731,0.127420538212211,-1.1030328197262
488,78,0.342103328608249,0.0747148285791142,0.846333976841787,-0.0493978059603914
489,78,1.05234352962954,-1.51962563599147,0.990078585788261,-2.22915425928876
490,78,-0.855399373520294,0.666236271181546,-0.559497285661113,-1.54804235421306
491,78,1.18966497368667,-0.124012292933966,0.802443463355905,0.227858744009383
492,78,-1.26965391194727,0.102682763979317,0.682867061305717,0.077796609698827
493,78,-0.34826521382683,-1.63441761786303,-1.02407624761794,1.33124441816925
494,78,0.592575269277684,2.47615677816257,-0.0969078590480398,-0.924108384356807
495,78,0.029618839154023,-1.39540549357507,0.717483239401957,1.21448246188701
496,78,0.934005893091288,0.407602248232627,0.428014043132045,1.32321656825301
497,78,-1.208257081273,0.637126953056066,-0.0451583081392389,0.427858894216783
498,78,-0.694781228651421,-0.925439007509984,-0.268829136902909,-0.460297509154024
499,78,0.973551950000728,0.422041587276312,0.75119863485512,0.0728472185397584
500,78,-0.204129496097557,-0.846479346601568,2.22581423972419,0.443174812676376
1,79,-0.0571985562237393,-0.723314814696809,0.178963227156731,0.134224962488924
2,79,0.121440915597571,1.86899802241278,1.4563141246512,1.09313686780184
3,79,-0.568525353985238,-0.797102628405373,-1.65920410220009,0.874415542583346
4,79,-0.881058609823152,-0.737110799369496,-1.56150950300932,-1.01210988385744
5,79,0.720866401444977,-1.71866072042755,-0.573366975934452,-0.416236796741061
6,79,-0.554572411435926,-1.83233570423458,-0.580376205317676,-0.132576682840987
7,79,-0.624869115334988,-1.31231761009082,0.685646275997003,0.907056949797137
8,79,0.33056730783129,0.484188220831917,-0.730523067385996,-0.703002121921347
9,79,0.139436418035798,-0.259365398231655,-1.20210172995666,-0.502115449137466
10,79,-1.23106326515305,0.716528999340731,-0.299762068215795,-0.32848986625622
11,79,-0.166949169723292,0.974738552132727,2.23612945458435,0.367864422954003
12,79,-0.945203126021737,-0.6560609787062,1.44148697684469,0.817680947464977
13,79,1.62567879749061,0.486316984846369,0.822240139805397,0.410489743960031
14,79,0.186436333838831,-1.6973560787758,0.147855583398452,-0.0103237720560866
15,79,-0.203278667435802,-0.124344876259719,0.546627833968914,-0.525218011180663
16,79,1.30364366412029,-0.17434328617905,0.418369741869618,-0.872233224563416
17,79,-0.218760352574113,0.504616733773134,-0.807745806793756,1.54352693863252
18,79,-0.867532964970374,0.0690331613408089,-0.68389962128486,0.925819338362824
19,79,0.121329637642622,0.346324192070785,-1.35156154952163,0.104334668247884
20,79,-0.386348024261971,-0.0357344281200855,-0.384644965432685,-0.617965632983158
21,79,-1.62238383489426,-1.03086305390615,-0.761449558476949,0.127321303995391
22,79,0.0877716772929669,0.708879124507903,-0.341595775574048,0.962419449727841
23,79,-0.574131620726114,-0.938336164484898,0.751132740670951,0.637620608654417
24,79,-0.46067010702613,-0.113581219844214,-0.46540085890342,-0.625297519679557
25,79,0.587263789016781,-0.405235747615821,-0.558984389388726,0.471840824968674
26,79,-0.51690424059715,-2.03761338837654,1.23091997801125,-0.321952926908148
27,79,-0.651414865556485,-0.163232393140962,2.30686325442187,-0.406961587730641
28,79,0.238120912319857,0.343705280793934,-2.40431062181913,0.882415606261181
29,79,-1.04556953272915,1.22431816450558,0.370888547180194,0.587422741673607
30,79,-0.814733840748779,1.37513304740739,-1.75856032633859,1.55720894987841
31,79,2.26428531390117,0.645596617652794,2.49994753736845,-0.717602788756563
32,79,-0.467625489508894,0.762833823061844,-0.676981181209475,-1.11244374916307
33,79,-1.52603123241532,0.850635166152427,-0.934017098945682,1.01397759751631
34,79,2.91141665433149,0.273461871612077,0.144081858964274,-0.691703531663963
35,79,1.61027950034615,0.615706979998866,0.148295214784323,-0.0126589812244056
36,79,0.13550741741136,-1.18521846830507,-2.49434345551893,-0.431791515480786
37,79,-1.5826940490746,0.571045102726411,-2.10720299261163,2.21931288287373
38,79,-0.423561123026578,-0.819725305740792,-0.0135833944436185,-0.659289012415836
39,79,-0.0762988173712627,1.91429421501497,1.66815518010439,1.65954844494665
40,79,0.545002469456015,-0.363708689626882,-0.854892345295544,0.117229626244533
41,79,1.82511956024823,-1.53814033174357,-0.00416371120369505,1.40866207633718
42,79,0.370002792421806,-0.224209680936147,-1.13072982323917,-1.91734863356046
43,79,-1.11448424132453,0.417223823987553,-0.72779978268596,-0.425892330176818
44,79,-1.14655872643411,0.331521966606112,1.07674556962225,-0.834201248351296
45,79,2.43121508796013,-0.0746949239607273,1.07429204486881,0.3153351572009
46,79,0.344223574292183,0.647322095847642,1.38283819308061,-0.550802894449831
47,79,-0.834255658660779,-0.653841903600404,-0.218885333915833,-0.188561312968136
48,79,0.142984666503257,0.353594115434068,0.792120815391972,-1.27775415337996
49,79,0.955011384502103,0.439585997098343,-0.161537214167583,0.212171554171587
50,79,0.356116613063889,0.836135899014097,-0.736148552654958,0.0454088863577089
51,79,-0.00730861834713928,0.306894495781172,0.436701602571551,0.640727576052535
52,79,0.0117583311278158,-1.02826013667131,0.00899534157458657,-0.443333652521569
53,79,-1.19427233727975,1.52562354501638,-0.104963292794824,-1.3311695967611
54,79,1.55085751132565,-0.563452029213606,-1.76508758644029,-0.120333154208846
55,79,2.25989406713217,0.18745143342475,0.162015106688651,-1.11364297298742
56,79,0.0388832518610731,-1.53082623369783,0.349797263773457,1.33065407367861
57,79,-1.24823560118242,-1.06157165366179,1.20186312283961,-0.653982709158875
58,79,-0.171654151738394,-0.831422075640475,-0.0753538243969115,1.64729974091433
59,79,-0.442172716421267,0.777683822355679,-0.712333472796058,-0.329977501606392
60,79,-0.534332633365774,0.700219213223358,0.123869708363833,0.247660321778798
61,79,-0.667448021199878,-0.259702547227235,-0.428803598525093,0.645131366606532
62,79,-0.660110354413594,-1.33162081696998,2.25665360372501,-0.130028976890301
63,79,0.398871941477833,0.199768325657813,-0.775230451031524,-1.96150761582823
64,79,-0.99801392138786,0.00485797094964571,0.405395993246125,0.335598954364799
65,79,0.458811127681024,0.465128738206666,-0.801819224725713,-0.0403822232019109
66,79,-0.356156348262738,0.518046350054023,-1.14446131653973,-0.521787665382326
67,79,1.37936415022383,1.11567131850808,-1.78808229421562,0.255952404364926
68,79,0.411138455052512,1.89683294170969,0.550682625096292,0.31936349993182
69,79,-1.47934254384388,0.0166358226541333,-0.853308308037671,-1.48467460165931
70,79,-0.435908620714153,-0.564925223442477,-0.341128992953332,-0.670230005057022
71,79,1.18310669518797,-0.623942801610317,1.31176368343656,-0.311264136321939
72,79,0.380662938129619,-1.73283846485059,-0.112366213141646,0.264135667171569
73,79,0.316944671856144,0.0928325314756654,1.00202860358728,-1.94999514786585
74,79,0.397018454858853,-0.42565104081999,-0.680074133812227,0.526708432637941
75,79,-0.775708385683859,0.110256161550525,-0.0243963125148098,0.156437383145767
76,79,1.25535863748345,0.47930276076949,-0.504054973538401,-1.38225100207627
77,79,0.333347082257062,0.352689967577711,-0.462596923716669,-1.60081329030434
78,79,-2.42292074986387,2.0642785820583,1.69276042956461,-2.12313026248095
79,79,-0.614471360029048,0.729027409734328,-1.73707679039672,1.04229177999415
80,79,-0.362177889662842,1.56129816541049,0.291213100037176,-0.373157042564953
81,79,0.192977111360526,-1.98214803239494,-1.16681511160485,-0.765369420293311
82,79,-0.332184425688647,-0.780343326111913,0.898890053179154,-0.282327878182141
83,79,-1.16308250466419,-0.798341227875802,0.454076320569673,-0.297473609486901
84,79,-1.52705544170201,-0.00220603183087078,-0.271447809806627,-0.983715359005593
85,79,-0.0245337442892052,-1.04064215088085,0.701180927202299,0.625812918949741
86,79,-0.378819030342939,0.0635771377704626,0.549581210454547,-1.40563395387036
87,79,-0.675180203712681,0.323570721399932,1.01367474017184,0.681602858394799
88,79,-0.0790516649716449,0.81878993501967,-1.29624539082449,-0.0187282550962502
89,79,-0.93718278277554,-1.06703970836531,0.0460025223892484,1.07424129525055
90,79,1.12389959812438,-0.601798220117395,-1.53339263415135,0.487367716544676
91,79,0.483115068394066,0.587697069722107,2.30804557397537,1.06091296400455
92,79,-0.170244370087455,-0.349131410570005,-0.958747001071456,1.30939352132666
93,79,-0.822999796798192,0.289601235993126,1.40144171635122,-0.926814216677006
94,79,-0.330698632480651,0.229782912573148,-1.67046731206541,0.949184834432938
95,79,-0.151709735318509,-0.11135590419409,0.0458843545695173,1.70897166311898
96,79,-0.898726343278748,0.564387143258615,0.495712880478044,-1.44970824859088
97,79,-1.16470300229626,-0.223077459071973,-0.248358426648214,-0.188130713746975
98,79,-0.0809785450956908,-1.01515355359948,-1.36228134496767,-0.938382885672297
99,79,-1.28741056954044,-0.0428691356501707,0.176859352639882,0.625653461122709
100,79,0.758829161033459,0.837487123204932,1.19177125535247,-0.565535870709603
101,79,1.10250800391119,-0.612036163443148,0.703504568514929,1.10923505520442
102,79,-0.204883638160244,1.43456137883905,-1.0685115756823,0.756253614565097
103,79,-0.254353674065522,1.15154221913655,-1.76229413941822,0.00566570516599899
104,79,0.7282095676654,0.430928296213746,-0.16650337932017,1.33708961840289
105,79,1.25001769260768,-1.77526752704864,0.962348729181158,1.11237601440605
106,79,-0.894847102384035,0.0992647626356767,0.673541051273227,-0.796420699037216
107,79,1.56331856791725,-0.656339152457022,0.84476502523959,0.930451648449614
108,79,0.909520836728616,0.287426576780512,-0.631689823158288,-1.55275136940017
109,79,-0.10872322671639,0.681200551473773,-0.879472479848206,-1.44436344401969
110,79,-2.90761178157985,-0.458411631412815,-0.807417448619013,1.51949925454141
111,79,0.206719067837903,0.840488020400646,1.97363471544945,1.09751466333146
112,79,1.24003391184106,1.88012169574093,-0.318393406144268,0.421567936828957
113,79,0.774970025931423,0.925828128055557,1.28813663088712,-0.63055780299575
114,79,0.374514258901993,1.1589526462306,-0.047224906221156,-0.215736101988762
115,79,-1.03518637295609,-0.518530664983756,-1.03432186526895,0.459621364879823
116,79,-0.967316039208265,0.729737140051033,0.0264983705649229,0.383143297572976
117,79,-0.105349151701254,-1.10954233391708,-0.887475265275645,-0.173227479910177
118,79,-1.24027392688387,0.464200997000869,-0.101947388078726,-0.0549289215653939
119,79,0.331544327901258,1.77664922416123,0.891660421638062,0.463343311431225
120,79,-0.792588293396624,-0.24625938621734,1.24673344875718,1.11630739605721
121,79,-1.24329985601502,-0.971419605976986,-0.441411025837321,1.51423614311168
122,79,-0.0612102849688379,-1.53796472188997,0.863753655123657,-0.108082025961982
123,79,0.671650425430647,-0.523484095747832,1.88455494669871,0.164228995673678
124,79,-1.83490059906765,-0.697804475697181,0.476196124029502,0.685145268323661
125,79,-0.548119551575739,-1.85016857158502,0.40254847124774,-1.27881804124787
126,79,0.857512097935241,1.14523574568856,-1.65066611127808,2.14112272933789
127,79,0.375221770370567,1.4571058830039,0.920344950968998,0.404922765996173
128,79,-1.54603206173457,-0.428145278677328,-1.79650659248844,0.199524322730498
129,79,0.443837061941268,-0.0362426957810242,0.723995847816085,0.0623322624966806
130,79,-0.834685678582668,-0.00468718155304361,0.280122645665271,-0.0504045536737016
131,79,-0.384663613756452,0.729317226356106,-1.01117073610765,-0.455924910643743
132,79,0.0686569922837639,1.11827420494897,-0.2843484077931,-0.763563548541065
133,79,0.375908072921256,-1.24530830452131,0.36090169006681,0.150731489511369
134,79,-0.437470341487169,-0.540106110563623,-0.39583323250441,-0.67476416954749
135,79,0.459556790535718,-0.649653130220141,-1.00482483799375,-0.794415830119545
136,79,-0.909471022737791,0.0880882401667162,0.405065381378789,-0.239924493121594
137,79,0.530449973070296,1.73596307846452,0.155379911140084,1.17125206541765
138,79,-0.511648309411222,1.56245045252347,-2.08597392172703,-0.238103799630522
139,79,-1.37805248201181,1.21890085358334,-0.111352021577277,0.204320610464144
140,79,-1.46652316878949,0.0618806793698805,-0.303410036575926,-1.92347026961225
141,79,0.605039923557786,0.673176806830012,-1.69205181843678,-0.418925899761854
142,79,-1.22375967179094,-0.178177637029396,-1.38854479693064,-0.494986237977087
143,79,1.39960108061275,1.75345874228181,-1.46482533488067,0.835343837729507
144,79,-0.741257263069451,-0.037152638134979,-0.607652062312459,0.472549430302612
145,79,0.931054592924264,-1.24770210632414,0.725603477383594,0.485436928015949
146,79,-0.667403669562864,-0.320584226942802,-0.710156637910431,-0.92179478864808
147,79,1.28489710937281,0.398851992734872,-2.07295403519302,-1.53011185066434
148,79,1.1894800132624,-0.326345912257518,-0.863048334256217,-0.0196873180442615
149,79,2.20020823658352,-1.42913746968331,0.925786860022192,-0.644208752622767
150,79,0.578841706951318,2.02654358606938,0.645879138227287,0.398952269979628
151,79,0.103461142867521,0.706414937692802,-0.673014386413718,1.15383849274179
152,79,0.0589882030919816,0.252901088115856,-0.789173188811777,-3.25370901979407
153,79,-1.11623001004969,-0.260784150041149,0.951338450481205,0.149192588144271
154,79,-0.220263414832233,-2.65858386793755,0.152681417825916,-1.15221398659938
155,79,0.0983030392378113,0.376010933262276,-0.171694386455017,1.43041570065647
156,79,-1.52961837696996,-0.767562967812596,-1.22242168037488,-0.73888562977948
157,79,-0.254533378647218,0.999070497475737,-0.821739569519666,-0.285130026181726
158,79,1.23722732782609,0.504402298815464,1.41762164628909,-0.613540469410328
159,79,-0.34725007581912,-1.64185674222938,-0.384210890802744,0.551031074068053
160,79,-1.32075316468317,1.30536433320625,1.09460786253473,-0.290547220757141
161,79,1.07063075651475,-0.188862856376131,-0.0908725951462516,-0.961528957580595
162,79,0.809287033366694,0.356964768650132,1.13543610089524,-1.64235275604939
163,79,0.0591824682202749,0.509009003742548,-1.7733702482225,-1.85564537062154
164,79,-0.478571806204978,-1.05535078799267,-0.518514838013378,0.750179049736244
165,79,-1.83251928687615,-0.44748402789079,-0.205179733232813,0.382400984108914
166,79,0.175023079789828,-1.35984175936007,-0.769820766027651,1.25276591046599
167,79,0.438932717562614,1.04390076521934,0.819855567864905,-0.584288199466808
168,79,-0.315691147190749,0.352523302232708,-0.147855137033163,0.0390779382688983
169,79,0.56395951998906,-0.967855488030942,-0.999629810013243,-0.623109957306447
170,79,-0.98273852720837,0.652343853599847,1.34532931109385,0.435479434528568
171,79,1.15052660626964,-0.892406277816513,-1.44183137482629,0.214109321540698
172,79,1.32430578162456,-0.778881718950235,0.519490287808467,1.12418626319057
173,79,2.62850012085098,-0.408073434750938,0.428275688189068,-3.30884792507549
174,79,0.186705415456472,-0.284121487771602,0.507748255429797,1.5832756270239
175,79,1.72872422437432,-0.680301810539271,0.932959009436114,-0.845588389130445
176,79,-0.931663004678855,0.528328556046665,0.502402489838918,-0.980553735974886
177,79,0.206975229118972,0.22810881232766,-1.70629719558012,-0.825083394664145
178,79,0.603683782845005,2.13641845094112,-0.316904207686625,-1.41428587713299
179,79,0.284414637924269,0.291830297468244,-0.670205247157875,-1.16979607763729
180,79,1.11458107945336,0.408726507867415,0.352600762931875,0.127076390597365
181,79,-0.771386894753635,1.92174319967123,0.763515559445548,0.88008518366466
182,79,-0.205339681023948,0.436967169481525,-0.412590906529376,-1.57318414302717
183,79,-1.14766997860927,1.22562206796867,-0.277484507654264,-0.208050787925931
184,79,1.83846948837858,0.617509716643203,1.66034584359248,-1.01158452793644
185,79,-0.524047927015674,1.17758294905362,0.772447973629844,0.008327778306777
186,79,0.158219109434317,-0.66105779053867,-0.872050913644981,0.345728064858317
187,79,0.672438814722171,0.521940251933291,1.41559759102945,0.303673410869929
188,79,-0.0683775241828745,-1.61117923831541,-0.436081164435474,-2.527512765994
189,79,-0.512641566953489,0.154894951397141,0.501848685552832,-0.20204428095404
190,79,0.82945518107035,1.67765991813197,-0.466155327796032,-0.906164531419179
191,79,-0.367715922084709,-1.65522142246317,0.183793653792471,1.03423849597387
192,79,-3.21185786871475,0.0324174128105969,-0.378646275650897,0.435509707690488
193,79,0.59086564065335,0.529333948216166,1.16922472784667,-1.28058562999777
194,79,1.19825122258429,-0.350037893853291,-1.05095896442497,1.01267004437399
195,79,0.378783771857192,1.17112416661932,-0.828712522638115,-0.274151880937859
196,79,-1.77345311712304,-1.56121606756743,-0.477722653171436,-1.10169452318214
197,79,-1.66484672207928,-0.821575760847446,-2.29767117698048,1.41964519643362
198,79,1.26954475297736,-1.99691106510808,0.574148651265892,0.686518678958648
199,79,0.0498515303144484,-0.708207728233236,0.253418641160393,-1.04707530309892
200,79,-2.172236901047,0.321065955640458,0.16503634179054,-0.598091267414733
201,79,0.634747146811971,-0.350667429669508,-0.246759951866973,1.03756491643679
202,79,-1.08917424091211,0.772364816076884,0.876430699836231,-1.1449242643105
203,79,-0.276444397338499,-3.13232315832269,-1.68281683646435,-0.886516622102368
204,79,-0.542566513322558,1.52483828199454,-0.175980027700304,0.334705127563993
205,79,-1.5484354659687,0.504075205918411,0.479696102165036,-1.28194354928372
206,79,-0.161089316320783,-0.68115011553415,-0.0777268610887761,-0.873893110624209
207,79,1.65618429246004,1.50157535207992,-1.46613188847908,-0.671910146885544
208,79,1.02846804740378,0.363357600013224,1.03692975252636,-0.856938002289538
209,79,-1.61344404921478,-0.945717797410597,-0.552952469342128,0.757537112728902
210,79,0.405277341500422,-0.399696995303451,-0.0839539067642617,0.358875089033277
211,79,1.24851169885918,-0.34221427780804,0.740526134596187,1.55277775934186
212,79,-2.02859521311375,-0.693907291792355,-1.42682528788793,-0.780972287776272
213,79,-0.501623297014642,0.384187160671367,-0.311592094567234,-1.15504697984654
214,79,0.0993877336446626,0.807261432704349,1.0708552624337,0.329040864326513
215,79,-1.16360315427003,0.684549979907015,-0.364747702154401,0.561878681644979
216,79,0.744271838359983,0.608655310471959,0.884910510805737,1.83132056216964
217,79,-0.406782027807986,0.417089005534923,-0.589495720405791,0.358841895436642
218,79,0.745641264870393,-1.45034837243827,-0.163554095026135,-0.706232904950254
219,79,-0.27465189447908,0.140399009887467,0.413913983805708,-1.34055527592135
220,79,-1.35882538474308,1.02719431199178,-0.041827951517307,-0.979762420105675
221,79,0.992539958835111,1.33509345098421,-1.56003074969986,-1.20499148583743
222,79,-0.720990043854647,0.329821332203393,-0.347866138074787,0.0292486495103815
223,79,-0.266790213172537,-0.896817750170064,0.0413214378942106,1.30947468926322
224,79,0.211122525894515,1.22149670187315,-0.000133910070988318,-1.86252435013058
225,79,-1.20720954934435,0.391262563959242,-0.126810841523761,-2.33217692799242
226,79,1.85218724471903,-0.429841247987883,0.543368757262654,-1.14614828385559
227,79,-1.17149896226881,-0.87294702603231,-0.705918952336385,0.814463892463226
228,79,0.2983274944862,-0.779513689551493,0.773959246202046,0.239828770611327
229,79,-0.0222961730957636,-0.926920257737974,0.0960007727636209,-0.0640638089460257
230,79,-1.22759338112181,-0.435566222277504,-2.40017917096158,0.285210037573478
231,79,-0.268368462882568,-0.0988864441551976,0.450079084549648,-0.0435536588224526
232,79,3.28335657329472,-0.17697445995665,0.607501510841745,1.21143214289854
233,79,-0.368209980343993,-0.633668784806844,-0.266663880881208,0.844995677171324
234,79,-0.561194974569386,0.857803691121508,0.246801998734839,0.280442450959875
235,79,-0.180086871685319,-0.126437077850661,-0.136979198386017,0.973108636964076
236,79,1.40169912311199,0.0951104641656013,-1.24674656494329,0.473982845925031
237,79,-1.54139288074846,-0.0302172007107646,-0.45145140738626,0.146790393357788
238,79,0.224663236656589,0.336189055765338,1.76313265505515,1.81735823804097
239,79,-0.736607990023176,-0.488006460308673,-1.81622255088206,0.723009710319451
240,79,-1.73623084199794,-1.73732012144687,-0.0638799325838994,2.45875632550426
241,79,0.736071251499084,1.54591366163899,-0.258399618403205,-0.986779466513712
242,79,2.50062983268802,1.09483557553766,0.392665163539141,0.310209294821316
243,79,-2.01781961683674,1.13231720846999,-0.761680549799132,0.753755548424627
244,79,-0.860596383060516,0.348932268459747,-0.735366465786281,0.713081237708876
245,79,-0.900503105557372,-0.0671412508494816,0.364215654520711,-0.207649565769578
246,79,-0.0277455175432547,-0.949744609026106,0.743991492307587,-0.344018093911967
247,79,-1.45509445403484,0.936763899072968,1.68422783018649,-0.288472926589879
248,79,0.399187608307627,1.12586460728699,-1.04204326997038,-1.10719830376616
249,79,0.116449157754169,0.130260992159928,0.373056877620583,-0.832001907155215
250,79,-0.109802795113194,2.133737346826,1.42885735748468,-0.347422927700452
251,79,-0.340989491951538,-1.84732938889294,-0.99225008906986,0.886613399560065
252,79,-1.75027901123189,0.206564191668312,0.343449630494682,-1.24214425221186
253,79,-0.373127670506499,0.866237434861426,-1.49833474703259,2.59634267180772
254,79,1.28907508024512,0.278703716335445,0.853842890265792,-1.23020154001458
255,79,-0.14558496727693,0.499188340393829,-0.789394031902718,-1.01369730001349
256,79,-1.85255554603373,0.0736429303376085,0.535848750589789,-1.67506174960305
257,79,0.758132802768202,0.789740687024645,-2.35362156103987,-0.717754479372902
258,79,-1.28356689064914,-0.366280790965654,1.92141937906512,0.19776434936324
259,79,-0.067990261573896,-0.302177903096942,0.629292519872129,-0.220138143941533
260,79,-1.34437576637055,2.57682842268722,0.854400232197114,0.664496516752279
261,79,-0.959354104382818,0.474804611790365,0.534855614133574,-0.116294255227358
262,79,1.02561657751849,0.232966791698996,0.308388402944951,1.04065978499494
263,79,-0.917499938000319,-0.185944622665812,-0.782467175012884,-0.278324155483164
264,79,-0.188992617186554,-1.16304720179162,0.563686951005459,-0.419051851851371
265,79,1.33056460253323,0.0900665765861034,0.413229573815057,-0.568291396054108
266,79,-0.570464992305303,-0.80603060290416,-0.296263004306102,-0.397890129129517
267,79,-0.640809659594799,-1.84324451538158,0.0498093857991122,1.34294768509634
268,79,-0.165182211789687,0.611535770897717,1.66769981905751,0.120953962788202
269,79,-0.0118341332549559,-0.696837733768263,-0.35709931453669,1.05426940088873
270,79,1.21392849685495,-0.018631205010476,0.843729109490879,1.54050357466478
271,79,-0.699855356894387,1.20716935707646,-1.586448816168,-2.67542901139936
272,79,1.43574705906123,0.0547657805004654,0.774254581222356,-1.17001107599026
273,79,1.4002284210084,0.245396368541177,-0.629351512448187,1.11095739178918
274,79,-0.971135019613927,-1.39758838960365,1.11432488410864,0.447766428875866
275,79,-1.69308609404753,0.285740727386042,-1.01443299396551,0.150378136547823
276,79,0.860454826255817,1.57565111472186,0.782025137318623,-0.187316326871732
277,79,0.22612703462619,-0.103295446616432,-2.55656317072503,-1.39762453241579
278,79,1.64348975375467,1.31679778677634,0.966005623382377,-1.0148189244988
279,79,0.553478798949292,1.3581559220141,-0.779750616705079,-0.247582925253922
280,79,0.612574934851287,0.453156836633949,-0.164986105975959,-0.357781630262763
281,79,-0.409557849165495,-0.0925001415794708,-0.013057753774514,2.37128304043963
282,79,-0.149385333316742,-0.0849912849026149,0.230952837251372,0.607829467391929
283,79,-0.807160797610802,-1.95863213642607,0.865892532956879,-0.432113922821688
284,79,-0.44244421550718,0.660284076863424,-0.616141884637036,-0.827377894386683
285,79,-1.65560592096467,-0.986167643332664,1.40610632471951,-0.0853695970901076
286,79,-0.255213543727862,-1.36207902693948,-2.12245442423942,1.26707121990432
287,79,-0.979817000280782,2.39806802147429,0.353858743788303,0.5644480311981
288,79,-1.9987371092011,0.32747565230549,0.348527274231839,-0.310357128839847
289,79,1.35946252551064,2.42224814250366,0.287642536175078,0.378103602912351
290,79,-0.661124602725811,0.605829669374188,0.398086654380005,-1.42170200642888
291,79,0.222793209418462,-0.327117473089708,0.635573718049725,-0.481242793272995
292,79,0.39662269514975,0.515195067352116,-0.347454341821402,0.0354111094771531
293,79,-1.08052337959698,-0.538368726345903,-0.352481003013098,-0.553118909105239
294,79,-0.804286483391778,-0.804464934630285,-0.797310363453231,0.518786851272727
295,79,0.0569071546234272,0.619168846662888,-0.373122538292166,0.873838505708063
296,79,-1.54796821877689,-1.08538152923842,0.789980532989166,0.697755993026073
297,79,2.63303210432101,0.554990264410611,0.0506349650972607,0.09963964467557
298,79,-0.263763795051221,-1.25316556479644,-0.939181465861115,-0.109205821462699
299,79,0.687569666162931,1.0352979626245,-1.31486211267624,-0.402691147100173
300,79,0.0909771301347854,0.431053311059436,-0.184159003059159,0.553536301293717
301,79,-0.991603933431031,-1.05434742542018,1.06838434886701,0.016095382882252
302,79,-1.68126305000394,0.834917862071994,-1.87323860647586,0.385468258667001
303,79,-0.0353021441307905,-0.973844158490665,-0.467093712929937,2.89898203570569
304,79,2.11076004028576,-0.423996103698649,-1.3771131714562,-1.5941370549788
305,79,1.52423829479051,0.873179917260845,1.66613200559193,-0.00520617335961255
306,79,-0.876337119740294,-0.0465813965687695,0.223777926769667,-0.194365320270368
307,79,0.294888589903361,0.618407603688559,0.194900851573175,1.65304501524652
308,79,0.333854436727444,0.228987062079859,0.263651933552753,-2.20771729314971
309,79,-0.397021511350819,0.220371804750413,0.387017581160163,1.13516861816219
310,79,0.0212086895624314,-1.3506439168285,1.66724634487239,0.472408877085563
311,79,0.136710496534693,-0.738726058744383,1.38715718579636,0.0867817096624334
312,79,0.97227118851264,-0.238009312647655,0.66364147932437,-2.22504353091188
313,79,-1.5259244990702,-0.62565080252605,-0.075564846638938,-0.331617954841571
314,79,-1.36502389607961,-0.374284710498853,1.15661970593823,0.588235749068821
315,79,0.729032132533601,0.268385952169128,0.685546369122415,-1.16374128770313
316,79,-0.824482297523286,-0.0870599859863591,0.581377401454125,0.486827494813022
317,79,-1.04904581949108,0.00886079845042158,-1.43979900292646,1.24355352851194
318,79,-0.56654996467599,0.0298088651194843,0.577235390134543,1.24132187312672
319,79,-1.11462245583809,2.61504338639632,1.36871578123016,1.72139145245578
320,79,-0.0433905867473358,2.25440826276632,0.0992125434691446,1.06985003179879
321,79,-0.570633042480766,-2.06236309411987,0.221298343717183,-0.290307984402503
322,79,-0.247689834876602,1.40948069124561,0.354821009905736,1.36249405517322
323,79,-0.262385345734794,1.01986202417389,1.56977520630953,-1.01761955274488
324,79,-1.06859285359792,-0.695915838070798,-1.04754852630117,-0.916843869605926
325,79,1.34010347167763,0.352811047488572,-1.34204628709361,-0.736348241079223
326,79,0.858967565619387,0.84393692071134,0.468781685257662,0.460272823681436
327,79,1.37329377471947,-0.0738932089333853,-0.583850271794503,-1.37473893880688
328,79,0.201245436372041,0.317500597925773,0.119045284842504,0.362625843150571
329,79,0.223155866321149,0.805512053937134,2.86759014515699,-1.28924872400138
330,79,0.45811197662487,1.92541647633202,-0.103360391026981,1.46360696351737
331,79,-0.882496168177889,1.84111171990718,-0.779800411694404,-0.802956664074398
332,79,-1.37209229941696,1.07271795155206,1.44701510166233,-1.94591440909594
333,79,0.808394436213997,1.57541103295192,0.866268102002368,-2.63415272440487
334,79,0.581391944064511,0.133550406294045,1.00131747374205,1.04821308341901
335,79,1.22700088873836,1.90084908520155,-0.238505838306958,-0.126781604909071
336,79,0.966893188030552,-2.08994742253228,0.387497590316696,1.2277350701973
337,79,0.381798122605151,1.18003945001851,1.84721646061883,-0.191499173232372
338,79,-0.999864405530359,0.670743993318872,-0.320248667168988,1.48207734492908
339,79,-1.90902239553496,-1.27834431707736,-0.851037458819832,-0.389962995656218
340,79,0.139219359807031,-0.387499746842438,-2.36792423255478,-1.20222099877008
341,79,-0.883492455393106,-1.09461451721895,0.28776433389255,0.421518503037593
342,79,-1.41687176072833,0.652188949393594,0.380860779354607,0.289807492070066
343,79,0.393992226606832,0.256718497428617,0.0827687269642884,-0.734868669676064
344,79,-0.455898457852157,0.717522523024841,-1.14404645035872,0.81902181770243
345,79,-1.68148731169877,0.390644284122613,-0.994484079382832,0.978582300970147
346,79,-0.671982045545186,1.00714341120876,0.449784831228287,-0.606165817917448
347,79,-1.41658769730205,-0.557478050150996,-0.270703778115166,1.44664218414928
348,79,0.0142928813751594,-1.41587851986114,0.136739074857103,1.44730924650026
349,79,1.0460196698052,-1.47255756885765,0.390657221852394,1.15493970241775
350,79,0.653850619727148,0.193763004159906,-1.45972176851949,-0.012581491501761
351,79,0.162647934999569,-0.25040933275558,0.1604126930767,-2.92422294892381
352,79,-0.0815050136372133,1.25414798879423,-0.197713388071549,0.944169034383777
353,79,0.75802719640067,-0.114348394097213,1.29028212773349,0.293586427724361
354,79,-0.951587256446569,0.902318916024305,0.585027047259633,1.4571582868563
355,79,0.694997074700151,0.497106635223128,0.968392739483591,0.445628016697279
356,79,0.513523950063811,-0.0461577981012099,1.02795310310932,0.549134498608322
357,79,1.25598509790214,-1.23467802948461,0.247153573960501,-1.39490879132138
358,79,1.10645155411617,0.352790801803498,0.0427881802643706,-1.41702803825444
359,79,0.453964263616606,-0.599963377867803,0.225687098297884,1.88936338616708
360,79,0.972197570589388,1.27665019984575,1.91701028450488,-0.475125314228394
361,79,-1.12383753218117,0.693074940611035,-0.691971198365064,-0.377565482529419
362,79,1.12890428410526,-0.548700292181364,-0.157903731070802,1.22051532843079
363,79,-0.0805888264747576,-0.807912744178819,0.939116227587031,0.671915685185057
364,79,-1.19918149440103,1.22521995707807,-0.25549375545394,0.703203218225934
365,79,1.33938608489901,0.443073866037598,0.195361145569849,1.19152473584054
366,79,0.100488178451697,-1.85328043221119,1.39232412052992,-0.892697213191849
367,79,-0.0644105917748078,-0.550860794806025,1.45183116991034,-0.0395586407696663
368,79,-0.86219110100162,0.770845551314306,0.942897742545576,-0.681883406570097
369,79,-0.483760396592835,-0.958283108703125,0.0182161517680569,-1.71968013761003
370,79,-0.0825153929023084,-0.957572514794436,1.08541942081838,0.307696654767366
371,79,-0.0996825711509178,-1.53164450888015,1.37379999884567,0.203341826803418
372,79,-0.816344134066748,-0.109908589436749,-0.23864545944564,1.55907534461997
373,79,0.347365357812743,-1.8016703154967,-1.02158204037549,-1.74066439521191
374,79,-0.415288741692189,-0.974628827817585,0.231148421690889,-0.114830227353607
375,79,-0.328933166605222,0.200828273100716,-0.16599807874238,1.27951645256534
376,79,1.39153518855415,-0.746690285618703,-0.20082159489068,0.384010576016422
377,79,1.64809178372494,-0.733649928259499,0.326333402596871,0.870626753500814
378,79,0.695761715494145,1.70461453624196,0.406127625970707,0.931705809312525
379,79,-0.53460187434251,-1.75208048384906,0.568923111579326,0.211139424289081
380,79,0.531427393341249,0.71308124509355,-0.881402522187191,-0.20549199841208
381,79,-0.156867275867349,-0.771170552427338,0.443304495875545,-0.0424922745407087
382,79,-0.568989476919209,0.777208692393791,-0.519261139248466,-0.626202567903192
383,79,-0.676376615012217,1.69467062579926,1.03062621467781,-0.571980830293664
384,79,-1.56392928594198,1.30490219154025,0.129921369543303,-0.717117732593437
385,79,0.144200900655625,-0.435950026429569,0.50985684228562,-0.282456953032018
386,79,1.49769234520159,0.652688262933698,1.30772636245489,0.237931995981889
387,79,1.02265910032695,0.0766479262063633,1.04220741799132,-0.808448216573227
388,79,0.945037999409752,-0.421385396693892,-1.68083745344977,1.09054254993588
389,79,1.61253445763649,1.17632180137073,0.176765779573931,-0.505795444016406
390,79,2.10179342275208,1.18947057535414,-0.030918539533431,0.540170777938785
391,79,1.06827940159096,0.454695720560245,-1.58687551167512,-0.743355147834268
392,79,0.502229455373793,-0.335281969379877,3.37550792728848,-1.8742173358134
393,79,-0.417761798782163,-1.97844496912197,-0.83193784031555,-1.72930734855015
394,79,-0.150702387066629,-0.296262761897998,-0.838266924537967,-0.290870861649927
395,79,0.153118738897296,-0.0223842819963034,-2.29647906520369,-0.517857075645782
396,79,-0.0260639748318661,0.278088711168049,0.850996127276716,-0.52843746680596
397,79,-0.0826640023515673,-0.617977464519081,-0.615385811245709,1.55531915635337
398,79,-0.619373192219248,-1.0587629173021,0.508397954534937,0.894945937913047
399,79,0.189930375947963,-1.27218783178216,-0.599523016584639,-1.1371584062734
400,79,-0.691531962838287,0.704754969195434,2.10373003157491,-0.514165630928369
401,79,-1.78884270021067,0.361619997862247,-0.239178790209971,0.737064189399592
402,79,1.46653760749892,-0.194053245321262,-0.334704510331094,1.69238293759556
403,79,0.992628139878285,-1.09903858664158,-0.644437688421999,-1.522285743018
404,79,-0.425379314020388,-1.06754690873286,1.32137759814433,-1.39250351320035
405,79,-0.190342116373258,-1.18186307788342,1.41093565079089,-0.649502556064787
406,79,0.58177270341721,-0.143378822867717,-0.951447566391698,-0.188205326650731
407,79,0.383253697276143,0.761478138823008,-0.536510858759029,-1.21596486971329
408,79,2.05814722486163,-0.745722650062888,1.63940931016943,-0.682771274098309
409,79,0.854190364360612,-0.212598990955653,0.683748104259044,0.744858391123448
410,79,3.08993679210152,0.858768760238329,0.760681764390281,0.506375496118208
411,79,0.0862939367924726,-0.260437328607751,1.44945439360797,-0.685374660458435
412,79,0.218610162124081,-0.0449271982449801,-0.441695683597496,-2.12548744397462
413,79,-0.50452055563055,1.19020560862718,0.612326535004569,0.831077081109693
414,79,-0.752395564493564,-0.94678305771842,0.0230597725438519,0.132538119217441
415,79,0.000808400722428711,0.398218240406764,-0.739197696187511,-0.131863921924207
416,79,0.933834062585082,-1.25330796510013,-0.101849481639129,-0.839975602143302
417,79,0.9979840628484,0.197054573222196,0.0263204398989837,0.782605636146814
418,79,-1.33947184418906,-1.37103999492034,-1.09428803178858,-0.279931536587632
419,79,0.231312909427345,-1.29306066844998,-0.911363154298079,-0.755203330755237
420,79,-0.755766372757552,-1.43463359891809,0.752065965690111,0.757488752249452
421,79,0.210544506578636,-0.443568259471333,0.619759527716959,2.06069060270633
422,79,-0.130375502725798,0.0194950312748641,0.644616608169169,-2.06397433553351
423,79,-0.300462206388917,1.67056975404021,0.549346542596012,0.932851016442787
424,79,0.831695023636622,-0.796055958862975,-0.633700221512073,1.74424655298731
425,79,-1.31546403904397,0.185106352714725,0.58823681104664,-1.76336810920849
426,79,-1.77091447774637,0.979606348343935,0.805360196377175,-1.20485339522608
427,79,-2.06702959790559,-0.581189455243467,-0.406837356552459,-0.508868566341136
428,79,0.712277034868716,-0.150119734401765,0.490429094173184,-1.22081342733302
429,79,1.72855183431371,-1.72171558186362,0.737645002216883,-0.606422810682252
430,79,0.643895425547657,-0.584571952180426,-0.997395285670325,-0.378636725359055
431,79,1.43061143747235,1.12093779215607,0.459660126231409,-0.030891915813117
432,79,-0.728842431655372,0.346136315409661,-0.81936109357315,-1.34613737719284
433,79,-0.145418527189039,-1.58842683416458,-0.358912452172289,-1.23090018498349
434,79,0.385671786728793,0.682196840529029,0.573959498468504,-0.713890778648061
435,79,-1.25852068416863,0.739059938253475,-0.792457846812854,-0.0897746271798098
436,79,-1.30468211641699,1.01236798418458,-0.46596293309274,-0.335866044847484
437,79,-1.74506285782573,-0.0770950226623511,-1.85136592857637,0.713094630122777
438,79,-0.459559859452375,-0.154141397079232,0.0234868437966902,-2.35452714630791
439,79,0.722411803763041,-0.1187090280124,-1.03884682411102,-0.493653936983783
440,79,-0.648271572732779,0.375314456718034,0.714829446119749,-1.06445659086222
441,79,-2.06915721558742,-0.399239443426289,-1.72451193228526,-1.40720661838548
442,79,0.0772332493837734,-0.421383935370496,0.928560497938792,-0.354220569411945
443,79,0.247142897410218,-0.656732989233131,-1.09113346271814,0.873546170225376
444,79,-1.05218014120157,-1.36212294224027,-0.0526378159385439,0.191189168918557
445,79,0.906922850687992,-0.090575596263085,-1.57633051215076,0.996786284471565
446,79,-1.79942212700544,0.514047252971054,0.88076521961758,1.86514912205754
447,79,0.130914696572661,1.13720565480696,-0.0380522481479868,-0.139345608670492
448,79,-3.0507028414224,0.237564671188082,-1.79935532641865,0.15815213019293
449,79,0.972023679695509,0.8267518462765,0.577489512831077,2.21842111703551
450,79,1.69877189915273,-0.223792168772287,-1.0741465207355,0.39367873078147
451,79,-0.469519855019787,1.24299587047334,0.00451779206054058,0.277638440258297
452,79,-0.784192206278707,0.047965199339021,1.59046620266839,1.06370068544277
453,79,-0.469012680068885,-0.288340255619427,-0.797294742349263,-1.14576862911957
454,79,1.0127557538812,3.25129019183048,1.58221398035995,-0.372169578685354
455,79,0.780233493312342,-1.70719571156143,-0.963811254361747,0.955630424784865
456,79,2.05245377365903,0.828181003426822,-0.996043952292682,0.483758919678296
457,79,0.565336566084302,-1.20554279848688,-2.12779474662084,0.238806634734175
458,79,-1.80331742900399,0.0281567221881017,0.730544642437552,-1.25597678028236
459,79,-0.695449254976914,-0.570646155464853,1.44119959616969,0.458600490849149
460,79,-0.26941699266645,-1.74001208157983,-0.0796465972129664,0.842321109370105
461,79,-1.12905493128912,-0.491568918774297,0.317545839906174,1.10293804352566
462,79,-0.682863731696702,1.06198677337949,1.1847547338574,0.547980360752394
463,79,-0.314751711383445,-0.578549569855329,-0.702298938281745,-1.30817575077683
464,79,-0.110382557524634,-0.625276756118729,-0.638995988764391,-1.14146098785279
465,79,0.654561956480341,-1.40918524154112,-2.29506292603416,-0.352700302407164
466,79,0.857032447252612,-0.0392275990829898,-0.51617875180062,-0.468836338365258
467,79,0.38634481468585,0.604681755216812,0.41325912070563,-1.47811808637409
468,79,0.707780151534017,-1.24974063322612,-0.350247559638539,1.90933377520768
469,79,-0.565923089882919,1.60600562480647,-0.0551584269705601,-1.57933422544121
470,79,-0.380341320975573,-0.512117337753465,-0.62414181499871,-1.85181149458698
471,79,1.08984614226303,0.194000739026763,2.09692767258766,-0.951891498226641
472,79,1.07851189932124,0.315029201656053,-1.44923149027346,-1.92113296584277
473,79,-0.944812631289459,-0.83563383413446,1.08736441133379,-1.21337526545527
474,79,-0.306477575631404,-1.23866969834623,-0.620805214261633,-1.00377894006425
475,79,-0.190486657837894,-0.88076136873773,-0.149647338038523,-0.594267650128271
476,79,1.17199411271589,-0.325324816563974,-1.07752337375551,-0.152339126317697
477,79,-0.923852564332887,-0.296046445707944,0.614742546126366,-0.432590120613742
478,79,0.220951448484525,-0.0309294647342895,2.7198197112026,0.467088814759132
479,79,-0.442264542036636,-1.39221812273887,0.742822675636714,-0.687135209313359
480,79,-1.11336935541123,0.898791155916051,-0.695483445205763,1.02166511353023
481,79,-0.988205820246234,-1.32467949907709,0.414373652818925,-0.971885037366955
482,79,0.012226878599234,-0.00571236422354513,1.29879039679509,1.29151370414138
483,79,-0.11560865847389,-0.656062534456284,-1.07648892593247,-0.863191109187348
484,79,-0.690031138828774,-0.201362286255773,-1.92095471770714,-0.286431163675114
485,79,0.053685364031419,-0.306257998484792,-1.27450533994209,0.202678850740695
486,79,-2.18488611863687,1.47375861448881,0.0373066641953765,0.359463711434437
487,79,0.884988452216372,0.469937765610329,0.67596908217655,-0.46770937438881
488,79,-0.396695269820641,-0.00206639438567967,0.69103341173418,1.20182522086139
489,79,1.85860947518975,0.0596967254873837,1.18061618989852,-0.178786348776027
490,79,-0.539382905657701,-0.174198485859495,-0.1209401626967,-1.0330391720805
491,79,-0.34051771723518,0.0200062524078765,-0.282977479307158,-0.830065829910766
492,79,0.309918706261808,0.258922069322936,-0.347636536106547,0.369715467993848
493,79,-0.333588896550987,-0.279378809418672,-0.910453443565313,0.0902821244013277
494,79,-1.76018875512837,1.19070167967021,0.80464706744027,-0.134211153089054
495,79,-2.32179087191746,-0.227160640990919,1.10869837344779,0.676396936697475
496,79,0.202713418129449,0.99571480683098,0.483695879732228,-1.43266238451054
497,79,-0.144649333069303,-0.0882572909315363,-1.27055902431035,-0.766588757024316
498,79,-0.225526891490616,0.325202479986258,-1.58587980056805,0.220074735156657
499,79,0.978573221041915,-0.799261435933933,0.620992256612379,0.761032155748233
500,79,1.53199137435962,-0.404173880724947,-1.29893063395158,0.115361688216435
1,80,-0.660258312025691,-0.0214226947059221,-2.05509332218866,-1.15224671101651
2,80,0.00876760283010221,0.454893125922745,0.052316361726697,-0.963355755944623
3,80,0.727546912239838,-2.3277139539734,-2.50918480118276,0.43134359353839
4,80,0.635324034065493,2.64386090101752,0.77151465223529,1.20642882642922
5,80,-0.337490522556322,-2.48304472663612,-1.08630755338089,0.651248482817343
6,80,0.617541942735668,-1.01277767757811,-0.604717781211836,-1.00835315305817
7,80,-0.954853775876483,0.95413176030297,1.17620757989494,-1.93760375371688
8,80,1.30919011803248,-0.683573613654694,-0.264039530112874,-0.00284929134189968
9,80,0.250233352888774,-1.8306023863319,0.379849499677231,0.788792191879374
10,80,-1.17595379228957,0.384342729208755,0.433669523157232,0.905348904219637
11,80,0.192420598726911,-0.46463178457337,-0.728643035358804,-1.05051525084178
12,80,0.181491243175246,-0.0996860611916716,-0.0195657477123794,0.888830300611897
13,80,-1.08798281737241,-2.26599939905278,0.705189390401371,1.2712968163725
14,80,-1.79182606772887,-3.6789804977517,-0.902982529680246,1.5598526396786
15,80,1.09117789574396,0.3480260753142,0.728056252118409,-0.826682037160708
16,80,-0.713247141503698,0.0551901536836603,-1.28665548960648,-0.791151220152736
17,80,-0.0811318090502926,0.632393646885842,1.9981629057073,1.00931183518534
18,80,-0.993431549460937,0.429149825249768,0.925926565815408,0.768451205159411
19,80,-0.209847451026936,0.189651551645766,-0.876906949834118,-0.981933768817216
20,80,-0.794761425278732,0.317967671242173,-0.842310954097001,1.20409061095168
21,80,1.48898137401836,-0.328191871083063,0.74079560598597,-0.255073426486561
22,80,-2.02763516077183,-0.196960726786679,-0.210378368769179,1.10659866191197
23,80,1.07020542084855,0.0855349058192455,0.0985474156496616,-0.261637017604856
24,80,-0.491187484101103,0.390791148035489,-1.78449244402376,-0.390669503359908
25,80,1.05971630974384,-0.00994385517741004,-0.872030695717763,-0.728057815396406
26,80,1.46235271822047,1.44072536993798,0.582227425109555,1.56637987266589
27,80,0.99011224953786,-0.198927877133772,-1.17732969350462,-0.309997089117186
28,80,-0.986519431864037,-0.339876318390326,1.00530273994383,-0.988980609129952
29,80,0.558075682178761,0.361005814877727,0.993771881319748,1.76468459309334
30,80,0.397924430697867,1.73620900507005,0.0135535490936252,0.195020603947435
31,80,0.890328105188236,-0.675030805498115,1.5039041693744,-0.47837561417248
32,80,-3.2684114113061,0.248079124381046,-0.0729941157633621,2.47107545070318
33,80,0.269597052100469,0.645005703930271,1.46819720579379,-0.638452518476689
34,80,0.51082761291792,0.335032387699251,-0.548440331401205,-1.26947270903968
35,80,-2.9531491100275,-0.969795091928324,-0.181180604558797,0.295311225631711
36,80,-3.33073396508012,-1.43920942775986,1.67640713920446,0.69037902558378
37,80,0.618846115442441,2.01831792926142,0.629036250484199,1.56318848419066
38,80,1.19230495333043,-0.513137841684827,-0.531396467386856,-0.826314361165224
39,80,0.458455062688298,0.542745722033541,0.14699293154543,2.12227396168243
40,80,-1.1080371222181,0.740715617635158,-0.969144023158751,0.0329693081375717
41,80,-0.609628592696477,0.342451712019727,-1.48293632912013,-0.383929916622476
42,80,0.508286622702752,-1.03822328453095,-0.00533871921586801,-0.622438237722452
43,80,-0.301534241333997,-2.76778834693853,-2.34213159246643,0.4574660694127
44,80,1.28837516728329,-1.00091277120007,0.0402817443002166,-0.24574508339573
45,80,-0.881424213664709,-0.378442203196714,-0.346072679874884,-0.435620881021581
46,80,1.52576231828836,0.429175214425582,-1.11776281216632,-0.237609329239332
47,80,-1.05377645243814,1.40768838707158,0.681565147671887,-0.0405414971596739
48,80,-0.358619813526974,-0.669829544768716,-1.04231993903299,-1.15667864882644
49,80,1.01292248336848,-0.522238150606798,0.115985657486368,0.205355485847492
50,80,0.593915936101523,-0.171643781272777,-0.441653178769739,-1.37514223722568
51,80,-0.500702678623934,-0.117667594155462,1.49949286851734,0.29922468270426
52,80,-0.753688858687823,-0.896453940182304,-0.120754632758142,-0.5964118037419
53,80,-0.424065676631796,-0.472368136979392,-0.260605804106226,-1.90624383491052
54,80,-0.47719582752553,0.121336896665399,0.286800515156281,0.918112016455833
55,80,1.05960541745212,-0.535145476825214,0.389244310499475,1.56396058459209
56,80,0.939806928529238,1.10415055084881,1.02614632343388,0.067087844360069
57,80,0.637326922697186,0.208316577940723,-0.285071858375063,-0.517147220529098
58,80,-1.23196001693006,-0.339537114753524,-0.127656306863246,-0.283374796436406
59,80,-0.6154199439293,0.22217037110146,-1.97625239099894,0.787153332578008
60,80,-0.577285198430174,-0.774317539852235,0.745004399322638,0.584978577394536
61,80,0.118269498043635,1.15269214258369,0.20972604782255,-0.657303829967815
62,80,1.44820128137977,1.90524278413872,-0.35107984031194,-0.56591579019418
63,80,-0.357772173018862,2.53680408646659,0.923597726598039,-1.87174370766038
64,80,-1.28069008282157,1.80547404550013,1.46361283214801,0.0341374012549396
65,80,-0.28582140809777,1.5511699806698,-2.03327009291382,-0.715012452263923
66,80,-0.0436070496866407,-1.67351601196441,0.984804803760301,-0.540904808297253
67,80,1.15302159425701,0.465161162393886,0.542752606295968,0.824532697086325
68,80,-0.171866666125353,1.32028747838121,-0.236590169982922,1.25161598181362
69,80,-0.837272349330979,-2.35404719842269,1.91553210775096,0.0561104882982223
70,80,-0.827326397198261,0.0158532149484093,1.39845015366942,0.178921074421327
71,80,0.715841284900479,-2.01608753219615,1.7179120358402,-0.906196668805917
72,80,0.952457227606159,1.67479889156899,-0.311518017644927,-1.98894629456535
73,80,-1.17655261529889,-0.0709194997137931,0.132734652533315,-2.34345245527689
74,80,-0.876698896805907,0.228727508599168,0.885621726838882,0.995616849241834
75,80,0.593932596126196,-1.80088934760491,0.179128529235914,-0.544968479171654
76,80,1.51034637889279,-1.26229958087698,-1.48912538578479,1.01221197396425
77,80,-0.787793356358968,0.514527378927728,0.897940642199647,-0.0189498516381634
78,80,-0.527243976354584,0.528294332582518,0.177368562101145,0.618379676342149
79,80,-1.53120263531454,-1.69918805784289,0.0221526503124385,-1.12648403663361
80,80,-0.102782917104532,-1.56932543031188,-0.82764300335028,0.303709627003195
81,80,0.702822474295381,-0.18033615506199,-1.31539233096318,-0.610351480594846
82,80,1.0607725555701,-1.2367633686827,0.606816247064307,0.103924664280952
83,80,-0.123542774946299,0.0581147573883744,-0.121108652402991,-0.387046604943162
84,80,-2.87312126836917,1.91922207903704,-2.39926614620611,-0.0169309949219301
85,80,-0.372150241582666,0.657430196373351,0.259921937163549,-1.15128051927742
86,80,-0.0669807905561941,1.81403269169014,0.150344060594844,1.17363430202885
87,80,1.43180474413514,-3.56702756711628,-0.766276703877355,0.242250454800833
88,80,0.442924446511157,1.63369920852033,-0.128421090224919,-0.401170057731084
89,80,-0.748552298335301,0.280367374529549,0.614275180169875,2.46352496087415
90,80,-0.219514833653057,0.52107111847201,0.0642436446926158,0.0383985402142622
91,80,0.374245629034249,0.72566195565251,1.3380715440328,-0.5972226398315
92,80,-0.940302267385751,1.00019665285484,1.15985843796496,-0.14780152527364
93,80,0.481756592885572,1.30272422553634,-1.4102516916583,-1.07094137060411
94,80,0.738928160415453,-0.53574739024138,-0.23969393363243,-1.96905725195895
95,80,0.152804901435747,-0.28303429438429,1.29004414018665,0.151800430925103
96,80,0.496081783329558,-0.18706415662024,-0.0377341376819813,0.0620368585588916
97,80,-1.86801165508131,-0.578944707581039,-3.80351610636227,0.0416976696038383
98,80,-0.240849736025142,-0.216138915317061,-1.07459472949377,1.16817165924383
99,80,0.387715189352868,-1.18890079617385,-0.602384745999266,0.653300206502852
100,80,1.12158243137791,-0.547673307423069,-0.791915593728146,-1.14422158511367
101,80,0.172815727735208,-0.195823219564438,-1.34294585395154,0.0747059684407689
102,80,-1.23508373483327,0.718759924870783,-0.441320883193347,-0.651989065292908
103,80,1.40321253227437,-0.633824097534746,0.514811412139616,0.343215765743401
104,80,-0.55714991299953,0.2116362654447,-3.33497708550078,-0.20202791672898
105,80,0.117972444922881,-0.237123590315037,0.180980408102328,0.218954365677967
106,80,0.704744086979588,-0.977575863678937,-2.1562643146572,0.913363491736153
107,80,-1.43978720261892,-0.0469135971370788,0.543260944706874,-0.109888646906379
108,80,-0.788790416695421,0.332716214641446,1.61105934547456,-0.827801345494431
109,80,-0.603091815674833,-1.28047156260482,-0.268999407962009,-0.794599372924782
110,80,-0.164697294784365,0.0266484870924232,-0.662310916813276,1.62674773694001
111,80,1.41165107778308,-0.368329645747661,-1.02560795414673,1.43496911684001
112,80,1.25295966696236,1.10271731209441,-2.1608517844422,1.25183977412864
113,80,-1.77652092986316,0.246536130855647,0.128767385686758,1.16800060754269
114,80,-0.819388127667485,1.06993515725352,0.42703474971812,-0.851480007654649
115,80,2.21641346110514,0.0634858943558031,-0.65518617034558,2.07071035257277
116,80,0.320849564326685,0.312499836903851,1.07283603451602,-0.0785949787346321
117,80,1.26066499693306,1.5269061613226,-1.09364896591285,-1.55950530073639
118,80,-0.417754636710222,1.26709933951396,-0.414692230609871,1.84338940909488
119,80,-1.02459443688749,0.00912252417232521,-1.28784029953601,0.786601664879997
120,80,0.682334885320744,-0.0753723340899331,0.324872780513399,-0.653166690559159
121,80,-0.0813611062288964,0.352161601184455,1.17781482040509,-0.279359137741764
122,80,-0.339773793013508,-0.951790049298203,0.359335598242867,-1.75313857519936
123,80,-0.478175638254681,-1.00432539093423,2.00607385306454,-0.562868720453671
124,80,-1.00188820310685,-0.0646700090517778,-0.742669577057313,-0.351145485741505
125,80,2.76179417120861,-0.0978213096428909,-0.154851220639856,-0.331905565636954
126,80,0.0477905906023193,-0.633234116733483,0.599838499507475,0.817365970879072
127,80,-1.00553518870579,-0.276465070841485,-0.673785581264435,0.504890310749781
128,80,-0.0364023911328165,0.840207459998223,0.441778463204497,-0.200798067836978
129,80,-1.08926162296435,-0.328333999688811,-0.342457457554252,1.2722634927781
130,80,-0.367281233607255,-0.291470492772218,-0.562566910807774,0.0258274696087132
131,80,1.68603260062424,2.16143591593396,-0.671017127346069,-0.553501083994468
132,80,-1.12529978759118,-0.664255475447292,0.450372345152758,0.729508502509806
133,80,0.525514951477904,0.872034259610071,-0.135222294076191,-0.820938702297238
134,80,-1.45524090211514,1.53644593970131,0.64425348574757,0.42444776420893
135,80,-2.3697375310797,-0.409590517880215,-0.524415970673852,1.9271318668585
136,80,-0.377850562540444,-0.673418487300594,-0.775034331671399,-0.258601214696612
137,80,-2.12582894616974,-1.20341166595447,0.46130213773804,-1.2301304331547
138,80,-0.0480560479505653,-0.285170969225985,0.225986551377308,0.0162493649229969
139,80,-1.48530639612415,0.320535742603657,0.105364064076854,-2.59160049701155
140,80,-0.820555473100509,0.517455426605187,-0.345488881675673,0.48134197638831
141,80,-1.23751626968611,0.105170123088511,0.269656469365567,-0.258109971742884
142,80,-2.39550070013774,-0.336052368775332,-0.154741875054764,-0.659382097483383
143,80,-0.20713279700681,-1.07523582076912,0.0450982138997639,-0.769386866052125
144,80,-0.824820744408536,-0.868822536063866,-0.663419352771065,0.627481050918306
145,80,0.946512249580651,-0.726563762417199,2.03081667445638,0.100282638199392
146,80,0.959072585300999,-0.508917861485729,-2.1063039541669,-1.25611185845537
147,80,0.590187726425285,1.22909514426961,-0.023610828142635,0.0931397595318625
148,80,0.011505267331216,0.282575810051018,0.830425046606897,1.2558143632774
149,80,-0.704981323498264,0.385882467330187,-1.32296798816541,0.246126414049764
150,80,-1.07485217830182,-1.33430789396712,0.778140275499334,0.578942586880173
151,80,0.840104679433731,1.90684315778346,0.165421107497681,1.14182740084286
152,80,-1.51124176497629,-0.916003307245513,-0.344807917379512,1.3059195606396
153,80,0.305702706265812,-0.0763773612568735,-0.430446633201744,-0.529097483432181
154,80,1.05767156026892,-0.80784085311214,0.533650382775649,-1.18640306185292
155,80,-0.0698450554160602,-0.327590327409655,-0.37958855645705,-0.309363778579052
156,80,-0.00286661719097146,-0.938976437263645,-0.655170152009849,-2.43503064733792
157,80,0.952021828428678,0.203878903193706,-0.657712148939955,-0.83623926354628
158,80,-0.495495233300359,0.376332851859267,-0.240820637542066,0.538934027865598
159,80,1.56553213632203,-2.51246517946829,-1.32884349011669,0.927611409894419
160,80,-0.0545781005948846,-1.90742276064942,-0.350248903251313,0.437009791954953
161,80,1.64414629051346,-0.257490356483395,-0.293198119569309,-0.0174642413731025
162,80,-0.0774572288977315,0.969816533031587,-0.503879863057534,1.6963032814497
163,80,-0.758125656547965,-1.22666700817713,-1.3017864406837,1.6336263788994
164,80,0.0834667111384223,-1.29667161585727,0.0560663695444607,-1.09048859577374
165,80,-0.295725477608123,0.112238571698294,1.58653376875965,1.38911548673156
166,80,0.208783577359713,-1.57756129605498,-1.1526415297275,-0.391056263382412
167,80,-0.221540760755688,-0.034807111192793,-0.699218821897039,-1.0015807631628
168,80,0.934728999549498,-1.3226004691197,0.199786399006954,-0.548267060309739
169,80,-0.354262325138858,-1.05798755788949,0.91953241491854,0.558225126971011
170,80,-0.667270751188369,-0.180872388584882,0.0026357646026888,1.29883313190127
171,80,-1.9246101789085,1.72781409038709,-0.135071067157183,-1.7295663919823
172,80,0.81904868491363,-0.0899317791912841,-0.114649991143166,-0.95871816145872
173,80,0.740163563143679,1.07230347614083,-2.08021973893712,1.74866908802942
174,80,-1.0758346401515,-0.770819661588064,1.51867543872695,-1.24628543363955
175,80,-2.26534311885581,-0.27967174039146,0.496224914398977,0.1343021407482
176,80,2.70408319734381,-0.145270516705546,1.1848022719303,-0.403376158814239
177,80,-0.114635915754422,-1.19283769360312,-0.458918879505833,1.44781091853447
178,80,-1.28880760244858,-1.55719539489789,-0.583582995702256,0.706494821094171
179,80,-0.388325131581633,-0.922696998640256,1.05306790612501,0.364814291536257
180,80,-0.589254003557153,-1.05276779376368,-0.196689399577185,-0.873287545816971
181,80,-0.781109706626898,1.12269800058821,-1.89568194763502,-2.40301175445523
182,80,-0.159666542269072,-1.20961359015729,0.809305026662151,-1.44922161129648
183,80,-0.529374096916986,0.854679837462247,1.62973820935114,0.430743891756876
184,80,0.902280263436672,1.33785945567374,-0.0419548009046941,0.819474812709264
185,80,0.672971133851824,-1.4043441494611,0.627226339194599,-2.43240540637979
186,80,0.520016219192477,0.726660685835425,-0.888182038606006,-0.463463500409902
187,80,0.239679213268847,1.81209221945047,0.906056926486036,-0.880419438901611
188,80,0.793459477668104,0.574659079852785,2.21549219731048,-0.503196342668568
189,80,2.54142215996521,0.448220835445322,-0.11337887443448,-0.658963186073907
190,80,0.0596299791106736,-0.205820475331696,-0.585562351649661,0.395618002931198
191,80,-0.375986888177299,0.400119569851482,0.0313186324324144,0.664538441874964
192,80,-0.372160606911489,-0.691073470723098,0.61609691009084,-0.36710073707268
193,80,-0.426691783025161,-1.24850865826186,0.457850604955993,0.815300354057793
194,80,-0.0443411538969256,0.963082091245641,0.56235362216534,0.131019871678368
195,80,1.54480133808355,0.403647024902096,-0.999765288396997,0.605838062975164
196,80,2.05639050099092,0.560570266026844,1.10384657270239,0.630913993578838
197,80,-0.233026608722851,2.00737493147716,0.871386643748928,0.22435399845265
198,80,0.446524303651069,-0.575817200678875,-3.07509484359598,0.421220202371218
199,80,1.26243663132651,-0.939433085793624,0.39893619845502,-0.891260481734239
200,80,-1.0635548757483,-0.620684219053631,0.384730655064662,-0.449469743064776
201,80,-0.333019110367896,-2.15671154314869,-1.18996445520612,-0.029000051720606
202,80,-0.0145020652094782,0.620635947121768,0.797452611893216,0.0924767937992075
203,80,0.106426420514717,-1.1231662798654,0.453643064344009,2.57147245182698
204,80,-1.26868947441316,-0.306343651329042,-1.22655642914341,0.722560586692459
205,80,-1.0861093909223,-2.56572732086731,0.929157967580645,-0.110125631617172
206,80,-0.352914828846872,-0.474448958913728,-0.487780925899001,-0.0120197763316977
207,80,-0.116735725607038,-0.0694594392946522,-0.481326281536286,0.303645329716104
208,80,-0.467499392782027,0.972704749763711,-0.341485725991291,-1.16108273025609
209,80,-0.860504916495194,-0.410643325393595,-2.19888620599501,-0.194511307235408
210,80,1.52110731635701,1.07159302318701,-1.80588163238321,1.2702144992229
211,80,-0.860279584755595,-0.202590569153293,-0.0710683568472011,0.76794917228651
212,80,-1.70793048513423,2.05166174468244,-0.223275610960554,0.431450978091323
213,80,-0.585655217293109,-1.28862068164836,0.0578555917021015,0.10062818557406
214,80,1.37336102759692,0.160268366572536,1.48370016040237,1.30745197898797
215,80,-0.0468802270030273,0.0460230867439931,-0.482636123516309,-1.17404194486741
216,80,0.402532654957957,-0.635530998252812,1.55875445350418,0.229062541688999
217,80,1.43445158929436,-0.402209260360357,-0.0480130036819024,0.160620200555087
218,80,-1.78703589213417,1.19353073357368,-0.433333229895361,-1.23997415095283
219,80,-1.90303874332309,0.983992937733274,-0.603130027527596,-0.0507757977737852
220,80,0.85582979154369,0.560529399268004,0.717046816844405,0.116765752330918
221,80,-0.825110472476614,2.38545888256115,-0.0950629276706327,-1.53957992525512
222,80,-1.24554316286059,-0.209246124686457,-1.29085611737026,0.28311924993333
223,80,-0.339742389982453,2.59437712772976,0.956775766985251,0.317804318675381
224,80,0.0516696049708269,-0.20299646560488,-1.25157793171412,1.253889394897
225,80,-2.79927893958175,-1.19909890539096,1.31564558579628,-0.934236257229445
226,80,-1.29771023876619,0.367591916303174,1.41038940434827,0.73033431298166
227,80,0.00957189199362157,-0.120901729663777,-1.30351735628977,0.00375932826684725
228,80,1.22948392237672,-0.406480723698172,0.561346209454161,-0.195386323360368
229,80,-0.295834231867403,1.30541734064207,-0.974262205076021,-1.01576675165533
230,80,-1.38479113357535,1.27088159004417,-1.14294323501425,-1.50637801665149
231,80,-0.111850423582062,-1.50965160356965,0.818337356873193,1.43497856360006
232,80,0.00912484772231027,-0.858191742932289,1.51063023424342,-0.679700322706555
233,80,0.652208354869744,-0.910917023902689,-0.356979092823992,0.179090805770339
234,80,-0.371205328458744,0.450842797457219,-0.325113810324119,-1.44905895898554
235,80,0.926468893950226,0.278832333284755,-0.82283417640615,-1.46032976421159
236,80,0.0523872097623387,-0.119845280752178,-2.09631862327002,1.80175134052477
237,80,-0.192595433765305,1.32484902804115,1.14574914921906,-0.440789541493222
238,80,-0.544095444516506,-0.895725004463254,0.261963627860296,-0.908038895663758
239,80,0.875329444174414,-0.232985425524788,-1.03744157368728,0.356647058326975
240,80,-0.0753618002352808,-1.44588971018444,-0.573778048809701,-1.00546462381041
241,80,-0.170085898317321,-0.67842272014798,0.926746782855164,-0.400755888649724
242,80,-0.351144887968488,-0.851175563988341,-0.86536997922345,0.45925442518053
243,80,-1.04304260633143,-1.31463763596078,-1.37689260573627,0.437809992791949
244,80,-1.11578279465878,-0.780709326143407,-0.515037213138843,-0.522584359229179
245,80,-0.570828889243786,0.142816102800979,-1.5855417325069,-0.766425381550514
246,80,1.63111863095056,1.07480654026766,-0.131337143445863,-1.22300095389976
247,80,0.943958351923448,1.05360071101775,-0.422255833331258,-0.422600309030681
248,80,-1.58262681321045,0.626059966318035,-0.125262700758636,0.578793597704502
249,80,-0.243802492102444,0.110966247362576,-0.983182714739925,0.568261770149681
250,80,-0.420176308966335,0.559968836262737,1.48212526083286,2.5398406090515
251,80,0.475374805662926,0.0964534581555248,1.06258317016154,-1.75170203561384
252,80,-0.916213643472621,0.895374188278792,1.08177601799902,0.90618855554466
253,80,0.873211235810568,0.375754005593471,-0.18530804005988,-0.457188998573172
254,80,0.718220803483706,0.351561744310737,-1.35107856543914,-0.771066962739984
255,80,-0.689123636598264,-0.0116138684050328,0.475790099424877,-0.0259586582321097
256,80,-1.79127571568165,-0.638226917667958,1.3812523723883,0.0157551000100539
257,80,-0.822083915236937,-1.36213095166284,-0.182247783307918,-1.52029976390426
258,80,1.43120787037256,-0.171574749299601,0.847716155382364,0.0776196254814246
259,80,0.156424182717884,0.474598573851063,2.04954013324371,-0.366728552409712
260,80,-0.178396441874322,-0.606890043898784,-0.819589275683936,1.6333707030187
261,80,-1.68974690521297,1.03813270627581,-0.965388275106617,1.39796059330743
262,80,0.281464798750466,2.35199498845392,0.0837410230312854,0.919028682845825
263,80,0.206599341491076,-1.33873583631721,-1.30838536361264,0.199816439424452
264,80,-0.0223796120732062,-0.53390914471295,0.718522062191363,-0.840220255795457
265,80,1.18939203846664,0.615388582580105,0.292209408537548,-0.347403036090114
266,80,-0.0435170232285314,0.07649331296556,0.546304417127065,-0.182027505959758
267,80,0.641492293716442,-0.404906391369765,-1.10269520562358,2.94110876483255
268,80,0.465309197698984,-0.366897797284327,0.172475499948828,0.874881497888974
269,80,1.57595672780137,0.0815030836576669,0.384649621093152,0.535769328820298
270,80,1.01418043658345,1.54775653385999,-1.24765719042719,-2.14406157371274
271,80,-0.486960970709134,-0.981494178119129,1.33163556883597,-0.675878519950588
272,80,1.22339145233607,0.441064085073562,0.282773035411106,1.00647119832903
273,80,-0.567066495399653,-0.644978394682901,-0.651456560648579,-0.810947840081415
274,80,-1.8082203181536,-1.70358789934306,-1.06254001183956,0.43044005592587
275,80,0.0755602919753219,-0.192532110543819,-0.0109459412255285,-0.0993141343729358
276,80,-0.562553269776006,-1.14618524625458,1.47949938194626,0.284060515037189
277,80,0.36170753530253,-1.12075922907942,-1.87273757254367,0.556224901984906
278,80,-0.587867372070455,0.1832187563674,0.838842473624798,0.314875888313245
279,80,0.264801505208499,0.0732330687996494,0.431879862790823,0.219541343409491
280,80,0.63912937046892,0.406324917795533,-0.0838327479069874,-1.69351273091619
281,80,0.981629031659483,0.0768322228978931,0.21489408802527,-0.302065490054947
282,80,-1.51688593220983,-0.170116670790096,0.978202315229165,0.201925580021405
283,80,-0.842614076394972,0.667940809586717,0.750303676639207,-1.23262879986817
284,80,-0.444668416570781,1.68819252045099,0.391386746900118,0.218099278822153
285,80,-0.504705845400591,0.158147196690012,0.694303538261441,0.889930219931697
286,80,0.526630679825948,1.19554085745649,-0.600886336657092,0.503358485295898
287,80,-0.878472697413691,0.0310160442543409,-0.697500044674961,-0.477772766065856
288,80,-0.231845314034529,-0.185628749295009,0.206662754006819,-1.57364309453713
289,80,-0.835340327523291,0.799432165578756,-0.151353131309614,0.74402147441822
290,80,-0.640169497800802,1.69661795789903,0.352007601109018,0.291899112428584
291,80,-1.0442626628279,-1.01475502518542,-1.01732823083377,-1.45240414537617
292,80,-1.00269355972061,-0.567400662533988,-0.24990174261418,-1.20675132755068
293,80,-1.23308724627748,0.416462337001385,2.06620237038888,-2.25382961331532
294,80,-2.33609840089176,0.0935092389362954,0.897493513206179,-0.0726979173200925
295,80,1.96971488253479,1.46420373322968,-1.85829290614185,-0.726334200292882
296,80,1.82675824527795,0.648091141533698,-0.310442247594439,0.31248195103792
297,80,-0.456420607435863,1.37245444313585,2.24605542655145,-0.855646105312825
298,80,0.0200919010316199,-0.0225697712149406,-0.974640511473833,-0.8785909666692
299,80,-1.76264143263019,-0.0295815084560029,0.0517947290595578,-1.98634036996148
300,80,-0.526293485852011,1.06274094913553,0.659411587875084,-0.205846569369111
301,80,-0.708984052578683,-0.492229341011658,0.442090078825218,0.586671508774595
302,80,0.653823540694488,-0.952017694974142,0.717939464353538,0.760220000818711
303,80,-1.81152163466725,-0.37537483680729,1.39384792517247,-0.790273084909491
304,80,-0.270495232630837,0.471943890713744,0.537227013280319,0.0852874861997302
305,80,-1.41348471295614,-0.441584702624723,-0.297984314787038,0.64990164251569
306,80,1.16966790749093,0.84893826097999,0.489733892543635,-0.452447441238204
307,80,0.165892809609148,-0.865044164250589,-0.71191431802143,0.779599435577036
308,80,-0.119913381340391,0.493516147048979,-0.687385697454945,0.438996753203326
309,80,1.41882080732317,-0.287954081207391,1.51583714901884,0.126619034897159
310,80,2.02767958424969,1.23466407872311,-1.10885886640356,-0.596637664542768
311,80,-0.5772280678954,-0.581521082995964,1.49309119295353,-1.04113305480446
312,80,0.747598639792636,-0.65576535011294,0.959581275377209,1.26923283882086
313,80,1.42116723202917,0.935907118166779,-0.55310408287634,-0.168635052281699
314,80,0.544340427904726,0.67254310065948,1.9382446611884,-1.07840762741809
315,80,0.0778291664465714,0.45803936946491,0.251911266531479,0.195802984238997
316,80,2.60393172970625,-0.446227736813373,-1.42767451512347,-1.81082908674619
317,80,-0.374963826431567,-1.15855880617172,1.06499271445946,-0.847199242322683
318,80,1.29573396925952,-1.07478343181922,-0.163127265484385,0.824643540853482
319,80,0.464627320285802,0.488364823624761,-1.02452454359571,-0.688719396530118
320,80,0.155739456350807,-0.589002141873297,-0.363375894476257,0.846164604183155
321,80,0.245069467509141,-0.700168531004974,0.533220907367179,0.518370203940101
322,80,-0.711594255125455,-0.588971202624,-1.30661457277328,-0.472346829535776
323,80,-1.73526869378591,-2.96315176185022,-0.758337677207782,-0.236922137431354
324,80,-0.182075322287689,-1.0349776581022,2.12258052477806,0.710777600016048
325,80,-0.0825175818227307,-1.0301031153534,-0.385600159487278,-0.237044517187752
326,80,-0.543217953023472,0.857434177179202,0.953074355110804,-0.721932128638948
327,80,-0.4932563485068,-0.640273142827359,1.22239428836568,-0.760647375539625
328,80,-0.290115905906034,0.410963626928072,0.915516976960006,0.96203476158923
329,80,0.0976682194519285,1.2037953784932,0.476174419875403,1.88103997462564
330,80,1.86484265398778,-1.22992012880465,-0.246069289775182,-0.980115244434505
331,80,1.03317496940357,-1.51019850421008,-0.498270965344642,-1.84496944151129
332,80,0.124518183238377,-0.869036932676853,0.956517064798488,0.204890286700409
333,80,-0.224218584960047,1.75918658539788,-0.0526644235581091,-1.16698867739086
334,80,0.594976034026878,-1.63755396698132,-1.24811206553466,-0.675947179091395
335,80,1.2535462160734,-1.78091419349554,-1.49041190890562,0.86136840744226
336,80,-1.66474489897546,-0.545068551176498,0.153546259283889,-0.238293395166134
337,80,-0.787155795274002,0.526146742216528,0.794808726655271,0.75375371314025
338,80,-1.06945240942172,-0.181315895670194,-1.42985232007437,-0.0715345271703545
339,80,-0.837888061947215,-0.972800513634284,-1.49462481893867,-1.46371917106958
340,80,-2.07874380805747,0.152187138970969,-1.08604429100403,-0.434381569429544
341,80,0.077338117042685,-0.598820796597565,-0.798516499188828,0.563572119349423
342,80,-1.10652556773542,-0.377961546243345,-1.72437968541583,1.11898465849472
343,80,0.188182470942133,0.673312339393337,1.05604212043548,0.661935531556554
344,80,-0.843216110658421,0.226152932913394,-0.107932053090097,0.227448633049423
345,80,0.705456185031208,0.515237096361251,-0.271538450608795,-0.334242263273873
346,80,1.09733792204937,-1.566396774989,-1.62487281982739,-0.0966167732532776
347,80,-0.0976583544531365,-1.21013237007886,1.07060663323892,0.390323186395985
348,80,0.780354504511941,0.482681477533797,0.337394487613499,1.51149899029164
349,80,0.531902114624127,-1.6324440945635,0.604527852606648,0.482604679688183
350,80,0.242515315086812,0.230530116482001,0.60045187891015,-0.247620403655739
351,80,-0.434152680462598,0.743863819758348,-0.753625971694808,0.37894051515408
352,80,-0.209886417761769,-0.20690789247498,-0.365068428183377,0.366059874130218
353,80,-0.549304618111076,2.28172668365524,1.39945549432315,-0.951751554468725
354,80,0.841964049228959,0.334305895035516,-0.743536438690874,0.852556878014668
355,80,1.38420538693247,-0.299957069711879,-0.727238934623461,1.68616689265095
356,80,0.932806959381006,0.454586233973544,1.2246393088879,-0.470090485270976
357,80,-1.76942825493754,-0.279712762986111,-0.121790985581031,0.0270215146416132
358,80,1.55342123289021,0.471364393501098,-0.596973873343849,-0.215196455902955
359,80,-0.143661598102103,-0.813903439106965,2.30870789221281,-0.4781303222766
360,80,-0.263326411493881,0.482457797113273,0.815290775601133,-0.0921861757150847
361,80,1.20446979473878,-0.872410761984412,0.958536395762904,0.236922040072247
362,80,0.240252237405118,-1.53300755448409,-1.26625599829616,1.37728128307107
363,80,0.781693321781192,0.516153395140888,-0.788542231443284,-0.925712227800428
364,80,-0.321417096837723,-0.404867736515481,0.180480623640242,0.508914062465073
365,80,-1.17914090623959,-1.09229185295421,0.209157786796444,-1.18938575566548
366,80,-1.41483003128153,0.490774612273183,0.129402712243138,0.371708476824511
367,80,-0.794704077051689,0.116053007719647,1.284996147954,0.533516225589064
368,80,-1.69858899553517,0.0389542741588753,0.639574693911112,-2.83893670564033
369,80,0.0964029580068531,-0.468339332633615,-0.374670045994459,0.914155266732741
370,80,-0.742762901568807,1.20941123261597,0.169854396076328,-0.0954325685490199
371,80,-0.910226164197846,-0.605131464995868,0.625188783565633,-1.62589184362722
372,80,0.277036022126541,1.21959497575908,0.77658252868898,-0.858643242280065
373,80,0.388528865819924,-0.368136424818351,1.26713715143687,-0.0631335697823943
374,80,-2.35269833015386,0.839634701059535,-0.716528053722788,1.4839415739043
375,80,0.931753599629225,0.90962240401437,-0.808287993633063,-0.761038198648846
376,80,-0.426493151512622,-0.210519914917135,-0.554982867898633,0.863572775473191
377,80,0.0585933674822846,-0.168970394653267,-0.100671344143153,-0.289753795831429
378,80,1.20832336514103,-0.351377275708798,-0.499953960020586,-0.824591957107687
379,80,1.0718496836858,0.281787544630388,-1.56634446416016,-0.353503327423949
380,80,-0.613964129055989,-0.0564158974864896,-0.337893193792227,-2.00326258042014
381,80,0.583164349150864,-1.32014923344324,-0.468840258214982,-0.320652291729846
382,80,0.210385246829274,-0.849019168610181,-0.157860953197138,1.7364277311786
383,80,1.02136827780553,1.11915849923638,-1.5081018535682,-0.622162912480733
384,80,1.49475901949882,-0.178320696664266,-0.343290020177903,-0.436815040534431
385,80,1.11553993005692,-0.670870889443589,-0.868675514201195,1.95468645915304
386,80,1.15313455402358,-1.29709590195591,0.754384843014407,-0.451255371497726
387,80,0.0939962413839828,0.242843910078898,1.5362844693517,-0.846272412919984
388,80,-0.240313531453589,-0.403601053495474,2.26189000071024,-1.76431121828311
389,80,-0.351298866779452,-0.189673889186204,0.385480207235835,-0.260908869305942
390,80,-0.882440523122885,0.32350902855538,0.819460239083522,0.908905307709984
391,80,-0.137487081738175,-0.199652817109337,0.681275084835809,0.804124641543262
392,80,-0.0979716009734546,-0.551693872873283,0.230565804906713,-0.625021750901391
393,80,-0.184406708355719,0.634632098788059,-0.214588723845466,0.311784569567514
394,80,-1.32867879598885,-0.063428654345858,0.7051203001945,0.832741090243455
395,80,0.547995602142595,-0.783040533639907,-0.342551505734077,1.95769790735806
396,80,-0.222297987128497,-1.18697897952247,0.531936714741215,0.012393730541708
397,80,1.35079847858569,2.00763909741548,-0.247275970288106,0.471072727568682
398,80,-0.0949147239800106,0.43989875054918,-1.50559268568053,-1.2848617065068
399,80,-2.06635780714317,-1.40419573057182,0.101768162764797,-0.925761905686038
400,80,-0.0548136434466907,-0.864224419466879,-0.194859616696572,0.0229608160417091
401,80,0.125091798194056,0.330785503197984,1.72100562708397,-1.95496287541257
402,80,1.41277600108883,-0.676840545534493,0.47271189415127,-0.58289559942071
403,80,-0.990860259406162,0.737876694192669,1.54477201622011,0.471939504497052
404,80,1.75991906922462,-1.04813202288101,1.17542898010129,0.559919400079579
405,80,-0.63341404805734,2.14888105487956,-0.39001991470144,-0.427398237699002
406,80,-0.826003866491869,1.66254253162957,0.62240070860443,0.512225933186497
407,80,-0.831869236659763,1.9242994031007,1.40575870954591,-1.39403914848219
408,80,-0.0724146748572036,1.02588556718147,0.774302559715125,0.526667576648793
409,80,-0.295467192328075,-0.572620080827205,2.21961542051805,-1.84372967890492
410,80,0.0400660641396322,-0.702042887438993,-0.035321371041756,-1.25233076474137
411,80,-0.162529763916485,-0.901749909006696,1.65416029344924,0.61869160653293
412,80,1.39099241994085,0.834768507616148,-0.921043652666124,1.00353849108346
413,80,0.313454367453702,0.333526919941036,-0.0458062286142916,0.974153634886318
414,80,0.0712836650008637,-1.19200702223649,-0.706371757642183,1.47408932676204
415,80,-0.0296664019041536,1.83893135200047,-1.07049543306051,-0.690104145823346
416,80,0.677226646827273,-0.841033665551624,0.869420743834985,-0.70907214439562
417,80,-0.842527093079123,-0.364699103292968,1.16492002883963,0.0726719071452252
418,80,-1.35593627007248,0.168035055658457,-0.811897735479209,-0.622909115531147
419,80,0.303897807101732,-0.349894240621002,-0.810161340265313,0.169772073518577
420,80,-0.362907713827177,-1.41930630593612,0.358577446808459,0.810626833916998
421,80,0.0228418865423362,-0.0518847915534877,0.237185042600854,0.000801062648783676
422,80,0.632694379113575,-0.327501961507502,0.741579060858295,-0.285879683972674
423,80,0.183240323916384,-0.445475782804585,-1.09775182710669,-0.208563400130728
424,80,0.521040356955959,0.772042222856325,0.492892415919601,-1.84033613677269
425,80,-0.703242388433098,-0.275719180585392,-0.63480539819029,-1.36176834145882
426,80,-0.551571992858169,-0.422331722630014,-2.84660432016924,-1.60952651760035
427,80,-0.870032042447501,0.145330555832328,1.62761087334334,0.697121001300906
428,80,1.73632711550094,-0.0949223515751666,0.308682243527359,0.0882281502971467
429,80,-1.49423812234011,0.404409301815408,-0.707288502156992,0.864879058891705
430,80,0.637993192495009,0.383958757820826,1.07152048363821,-0.266444273249573
431,80,-1.14540895492253,0.289543443526443,0.51171255370057,-0.0957164661910871
432,80,-1.92839727030791,-0.200614272363604,-1.62813183364718,1.53349147858761
433,80,-1.5300374832849,1.74658284593585,0.471769981249217,-0.0520186016329138
434,80,-0.262682703208662,-1.08599031336665,-0.361062558105848,-0.378002449072376
435,80,1.48250131634364,0.966059552441036,-1.79974362377097,-2.56930511260795
436,80,-0.665633638115823,-1.01415328456364,2.35417377507783,0.378212830878828
437,80,0.466489254843434,-0.693957982538433,1.48483987683903,-0.0342252551442545
438,80,-0.402585062786637,1.24158214170881,-0.641871131132434,0.851958119015525
439,80,-0.133116474056486,-0.365187925509639,0.691918375007367,-1.99879841946291
440,80,0.0445278653833648,0.134403398419145,1.0857535086243,-0.922598851099173
441,80,0.560225492034792,0.794571248213413,-0.999801326492083,-1.66009886439847
442,80,0.246459066712716,-0.834886231402544,0.341681631133129,-0.637959027335681
443,80,0.326696175374433,-0.165369306573936,-0.161591096520877,1.9988281362455
444,80,-0.7063099852813,1.31484136684786,-1.20987284123536,1.61465311759424
445,80,-0.681471686042973,-0.79949646614341,0.424741322516663,-1.38110697507126
446,80,-0.401696592628076,-0.207417692516196,0.140678041174786,-1.15504101429482
447,80,0.488666049128103,0.0141444698762181,1.31804491853029,-0.360359804882025
448,80,-0.114361138756307,-0.789976258961014,-0.984335892802994,0.508160340586065
449,80,0.37164388984908,-0.617885382332613,2.64553611715692,0.206335804444508
450,80,-0.796685270669926,1.13352696894181,-1.55969977073516,-1.4055500837033
451,80,0.845865121396673,1.98147286529516,1.13570968808542,-0.398979020511676
452,80,0.306887394847517,-1.4078721155471,0.405043150631021,1.52168554198131
453,80,0.620006432554051,-0.193529206459796,-1.42845211351266,0.412456795790931
454,80,-0.560890258259049,-1.19809970298985,-0.599350937169741,0.592828587970497
455,80,0.693912579932889,0.568573297061373,-1.39400771540516,0.883536744483902
456,80,-0.28683281880039,0.850754963457346,-0.631432979075511,-1.9118554344113
457,80,0.541399562097132,-0.339791603261478,-1.79188162928733,-1.99241758326213
458,80,1.06846679343757,-0.897763819474809,1.60019208790131,-0.528087414379035
459,80,-1.15613043765869,-0.417658407044171,-0.111791495569637,-0.406479799084144
460,80,-0.117738605733937,0.720250884563037,-0.0773888356099407,-0.771832770991785
461,80,0.48103916499646,0.175286018675763,-0.970366370787432,-0.998790346039646
462,80,2.2823786414581,0.381182270220185,0.449467519659435,-0.252684699149575
463,80,1.48876781515275,0.101507054728401,-1.57332223689629,-1.7782436842268
464,80,-0.728662922666094,-0.618031239504802,0.834040312012175,-1.46027264241277
465,80,-0.14380323205048,-1.5326631786696,0.876740360571361,-1.32004497754873
466,80,1.61633456067772,-0.967445242308207,-0.578894790979058,0.108471320190345
467,80,-0.421467563470367,-0.604427625698033,-2.0384544390369,0.345488411249689
468,80,-0.547584776808045,-1.37474067763608,-0.274220403069851,0.49382414330369
469,80,-0.286206770234024,1.14301834813195,0.188091703864519,1.42860457273677
470,80,-1.00622713587998,-3.30221663551939,-0.519763926003687,-0.382355425156758
471,80,1.52422780027026,0.557756001250451,0.535878426121134,0.304735944246017
472,80,-0.603626870278602,-0.282914790888287,1.62251214803039,-0.485593764055023
473,80,-2.09442207700369,-2.00246693399096,-1.12201969058597,-0.316181456127906
474,80,2.42724779105417,-0.94415863864126,0.267889957482332,0.233377625405201
475,80,0.448544985592761,-0.492467168532846,-0.249657334576908,-0.0886996420600591
476,80,1.09129298452711,0.881176410646131,-0.772225102201679,-2.09288918158525
477,80,-0.677811863897004,-0.673471546678224,0.633383857878471,-2.25649642774416
478,80,-0.708671094166499,-0.0501174151637847,-0.135615280072309,-0.436230979022195
479,80,0.147322661890063,-1.69328766969341,-1.1376534133198,0.361246967616279
480,80,-0.283682845930109,0.247575315125445,-1.38583949401155,-0.737780031472565
481,80,0.599220697897078,0.749980848023499,0.174500373859213,-1.22451212344752
482,80,0.700074989518139,-1.2762929195039,0.664803804137187,-1.2532694862326
483,80,0.0898988400796795,0.439497961307723,-0.506599002525005,-0.261319551911739
484,80,0.804580142337493,-1.61048193014071,-0.354673201725008,-0.225641375277171
485,80,-0.549066825534053,0.573886991717258,-0.644358373699171,1.39478422848063
486,80,-0.00897110812794532,1.26346330399407,1.11994857067701,-0.035385061856893
487,80,-0.229434798113858,-1.95142046999057,0.578455305548597,-1.89803594636111
488,80,-0.713522037839943,-0.470945265691777,0.309642072033938,-0.578668437068471
489,80,0.197684498365055,0.352414284286796,-0.444859697684956,0.853873035636887
490,80,-0.970958504298378,-0.513250414865568,-1.19923625013189,0.928831401990651
491,80,-1.80324859572687,-0.726264996468966,0.155836679997273,-0.499689830612987
492,80,0.239163042670139,-0.229654718357214,-0.168090263991332,0.723207193265986
493,80,0.65720260787735,0.114308150362744,0.716649872015382,0.257593202996684
494,80,1.4340638610831,0.839778959604594,-0.279680463177034,1.34678206234867
495,80,-0.744796836458265,1.09826723054581,-1.16856506158497,-1.35985442121487
496,80,-0.179557968457823,0.132326464768201,-0.696823746991045,-1.41133148284222
497,80,-1.52744992614316,-0.708202616669463,-0.0935522624367807,-0.792319126277123
498,80,-0.630485311923567,-0.808851720825125,0.517742006275817,0.0346131717815151
499,80,-1.11746769435771,-0.886798669066661,-1.04789040141618,1.07400716836134
500,80,-0.361908156724656,0.919498750281379,1.65579251824259,0.132428733361483
1,81,0.201782935931283,-0.62492724550791,-0.95255221067576,0.464652868730055
2,81,-0.598179606444333,-0.726363522379852,-1.50685239770372,-0.261642038418158
3,81,-1.03297395333222,-1.24455387705151,-0.409245250315815,0.588793146288743
4,81,-0.0885116655076085,-0.110371033220882,-0.70773559014794,-1.04148944673621
5,81,0.445741112105458,1.72016083249515,-0.955259880636654,-0.0826273407956514
6,81,0.803783797532927,-0.300077978420961,-0.93454281696362,-0.323500811513255
7,81,0.924614158464341,-0.0650707062046636,-1.05616274553993,-0.348113808058905
8,81,0.358583445053238,1.15443885770664,-1.51989155727865,-0.603184899811868
9,81,0.234100970120849,-0.221963760595254,-0.608602127448201,0.434920799227932
10,81,0.0626515252766636,-1.32320380549307,-0.137379059664611,0.0693107411701609
11,81,0.924470901660535,-0.454006850114016,1.61425015307348,-0.482334157410773
12,81,0.497547120759381,0.0819160412462387,-0.564354172540343,-0.978894050237831
13,81,0.134054895244703,1.29617810718001,-0.173101505159683,-0.187565250059829
14,81,-0.541661401709283,2.3772479124425,0.851585853621298,-2.31116656985099
15,81,-0.634772068094073,-1.1956453935222,0.203423530707286,0.00469247090362881
16,81,-0.161120395599641,-0.360696662588752,-0.122681548444881,0.760513820113916
17,81,-1.32051648083839,-0.207912352054078,-0.968809611059468,0.0307617096431849
18,81,-0.157100082693835,0.272421922626504,-0.0552314470337118,0.291814213492745
19,81,0.335087867710201,-1.65516853749675,-0.391369017442319,0.572220014635394
20,81,1.54532361129173,0.2687113013708,-0.403622903680655,-0.596203478917482
21,81,-0.331121554792941,-0.30003843515757,-0.310729232633904,-1.09881419214873
22,81,-0.953214309868182,1.50437670335777,0.275087883760232,-1.6996346500166
23,81,1.5289473713954,-0.76990970580202,-1.35734810694516,0.281904730748827
24,81,-0.591091729188321,-1.54183681804634,-0.99101332041088,2.00602859032487
25,81,-1.41895864305985,-1.06533475347782,1.96138576110567,-0.387747558426151
26,81,0.423147978341984,-1.21136003036881,0.19467604335321,0.800778599515353
27,81,-0.482510627818283,-0.228693206577329,-0.605227518694454,0.0543688452184394
28,81,-0.952346714863854,2.12264282890087,-0.582417637808466,0.456028763181197
29,81,1.98316548204989,-1.39148018555078,-0.968112415378096,-0.586973585587937
30,81,-0.764871159654863,0.0946164306074304,1.06154022347865,-0.718958356211786
31,81,-0.859955706035197,-0.67177914125613,0.726629370627147,0.326170785590349
32,81,-1.71365192337826,-1.6879899852021,-0.996077974515406,-0.613719079718102
33,81,0.954155656011192,-0.28233215773985,0.881823105281681,-0.4962420127562
34,81,-1.12054362330724,1.86545843881492,0.328468996407184,-0.372902037568698
35,81,-1.07455906859536,0.510310790707906,-0.099967344405219,-1.39558619895879
36,81,-1.42230860426859,-1.47234753285329,-1.73395604501331,0.981057770112442
37,81,-1.64879746897853,-0.998652385440256,-0.0685524937866655,0.38219571211625
38,81,0.601002087368602,-0.527234737464001,2.08339612455303,0.103845374647011
39,81,2.79137726492579,-1.92726374226758,-0.602152487260277,-0.101437900884765
40,81,-0.409193737712745,-0.516773119561309,0.904519261771032,-1.19287433871272
41,81,0.613253440718096,-0.929925993698337,0.58875438234058,0.250623906260704
42,81,1.39923683353115,-0.432946156648461,-0.152577472573734,1.3208853030666
43,81,-0.468656620618948,1.01602167542941,-0.584772782098051,0.279858277691579
44,81,0.830229980680777,0.82451748266381,-0.195182946685004,0.402547521828856
45,81,-0.967839029998532,0.389316338884887,-1.2981125658607,1.31648243692101
46,81,-0.763723228415254,-0.635532300083606,-0.208379783165708,-0.0429685955830198
47,81,0.536703196370948,-0.952041501535589,0.383953769015349,-1.3723992546031
48,81,1.58632450523793,-0.204232401438009,0.810933942623887,-0.655517973215422
49,81,-1.83921555508236,-1.01606385396733,-1.19526287622685,-0.626773632144371
50,81,1.16967720040076,-1.46965632153275,-0.812263415288238,-0.582580608593855
51,81,0.45366598691131,-0.156070307856508,-1.35281276443618,1.02365537701794
52,81,-1.27340761534636,-2.13933620284022,-0.330391993743559,0.748364310548201
53,81,-0.299302535322667,1.64441820758186,0.400373667873054,0.147167665392073
54,81,-2.44471602940938,0.23990209687943,-1.51084659321771,-0.327448800822495
55,81,-0.835901129307754,-1.00984499238412,0.257636836617829,-1.32439442192857
56,81,-1.23655786657155,0.746329573865985,-0.178445421875901,-0.137282269767506
57,81,-0.672776673592981,-0.530934099845355,0.72370190032297,1.10212001417096
58,81,-0.730344138808307,0.72304031436774,-0.698095240365238,2.77489753897638
59,81,-0.254180501851628,-0.193634797511273,-0.826217096921622,0.176120108952523
60,81,-1.06949807749031,-0.718237558288882,1.34975107651531,-1.90040924288242
61,81,-0.454071142178675,0.595481400062491,-0.746930247286444,-0.822002294036622
62,81,0.426467858902559,0.831198313615777,0.991545792890387,0.661529175902588
63,81,-0.182129989432689,0.923289656330293,1.78006099072193,0.928995929817477
64,81,-0.950577160928553,-0.2744031670427,0.890481122994727,0.630267181479716
65,81,-1.28306625979045,-1.14712553535258,-0.375995263197333,-0.374790942686473
66,81,1.39828385261485,-0.382749522543816,1.40898496701586,-0.790155243615431
67,81,-0.0820919185150035,0.909708454142796,-2.03624219314353,-1.21400034703754
68,81,0.138606573181153,-0.561201366765913,1.6258611090653,0.159147432233833
69,81,0.00823885132740139,0.288657721277122,-0.555327257977394,-0.237335308156825
70,81,1.47880034629071,0.105737886495808,-1.36612487891163,0.471276972918943
71,81,0.135183509801455,-0.263180155090352,-0.37841134726533,0.301528494929483
72,81,2.63174844795463,0.863706555274481,-0.777685778116906,1.04368476875982
73,81,0.989258439808088,-0.205153728460009,-0.424964219618071,-1.02490150579835
74,81,1.43434620081833,-0.54121111650801,-1.50195442033591,0.511689176521407
75,81,0.514398521551678,-1.06796331877994,-0.181166077062671,0.666048085604157
76,81,-1.1111641463714,-0.266932613180236,0.557741343612854,-0.217085054744091
77,81,-1.14915679856897,1.03793359228661,0.0487901877880098,-0.901438780450943
78,81,0.88710779226912,3.51619110372555,3.1319834829604,0.639333929915808
79,81,1.94767080192843,-1.22613239002828,1.24390463968156,-0.624237587585557
80,81,-1.69931227121728,0.56187026209908,-0.163066265326198,1.41886712971567
81,81,-0.0371256988088235,-0.434998544712734,-0.827326698752812,1.22245041252981
82,81,0.995662008609753,0.418562565511286,-0.569229967095657,-0.0668290949877461
83,81,-0.581738782515443,1.09822924533403,-1.04081036786477,0.940793390220403
84,81,0.424947774352074,0.879506704809468,1.03153568579457,-2.19158739129806
85,81,0.0686436994013047,-0.527310871167438,-1.5758203215976,-0.671823162341351
86,81,-0.464225244674196,-1.38028767478919,-0.0945168637367644,0.694550879421742
87,81,-1.81468707475601,-0.832688880947415,0.191571913301816,-1.13797593573045
88,81,-0.192997709776873,0.130912919990721,-1.18466877821928,0.467470434139986
89,81,2.08494030286928,-0.295553630197605,2.01525772694703,1.74550146412696
90,81,-0.0566965350752259,0.0942160769316645,-0.615162746098582,0.0789786120008786
91,81,-0.366809181016678,-0.116321031279098,-0.376853147452885,-0.710960054880216
92,81,-0.352187669109006,-0.662497550204364,-1.25963196384906,0.350130584188441
93,81,0.215255589474851,-1.02554002386899,-0.312251326049333,-0.349159246140969
94,81,1.26570513297463,0.216034531393074,-0.637081565045828,0.989736669858364
95,81,-0.313334236360915,0.862497445936881,0.965494654765385,-0.096900976721041
96,81,-0.214453226930068,1.35073186839692,0.102552178412704,0.919893482037986
97,81,0.432052892526899,0.20105610073162,-0.412502551521525,-1.49281234910899
98,81,-0.988354006224515,0.277753646331318,1.59780458281135,-0.266463102177268
99,81,0.821316287175588,2.0329905266425,-0.490274291802784,0.19719994532007
100,81,1.29594085069872,0.380730684039484,-0.564790046273728,0.846814545392498
101,81,0.874368384750504,-1.18020217800542,-0.188463091513836,-1.40187148974847
102,81,0.673816420926682,-1.35291268734893,-0.0501391625159545,0.687366666371489
103,81,-1.0985883494024,-1.31190414046174,0.446723606810222,1.12689345551349
104,81,-2.13655367301062,0.726656887385193,-0.602013479042795,0.849290724333581
105,81,-1.40245339622894,0.0993633150671726,-1.93140851292065,0.402854147576586
106,81,1.17524411688404,1.10712151386984,-1.28774335546393,-0.718680593374001
107,81,0.516201400381737,-1.28811443888737,1.04990783127839,-1.03518935983197
108,81,-0.0383772917228769,-1.47401998146973,-0.466887399863488,-1.04570882527104
109,81,0.140053584756801,-1.28622453167822,0.780859284892057,0.486901804148136
110,81,0.0951701054995753,-2.97855247077696,1.06508369875258,0.175889273817292
111,81,0.87071475672565,1.6119759679094,1.11462349340866,1.7114432242723
112,81,-0.467958573956738,0.0127357396154857,1.35083144388633,-0.528282841035552
113,81,0.201105730675576,0.00646010950592104,-1.31548948559247,0.319835103912046
114,81,-1.4200361897163,0.778456988076552,-1.02008191262995,0.116469545648803
115,81,0.513265774751791,-1.09306724827113,0.11227316231111,0.0181799182940517
116,81,-0.566155564531099,-0.252426517479371,-0.0734400005329165,1.51297422673802
117,81,0.297377735014021,0.920731291758674,0.370916200841685,0.886875691834021
118,81,-0.00173362539703583,0.468639706548902,2.56750733753896,-2.01095930216579
119,81,-0.769825177789378,0.864195482559613,0.992523291015764,-0.779909640884608
120,81,-0.838429369608341,1.15266129525641,0.832364522150568,0.326106320254664
121,81,0.143922328562491,0.532122724394217,-0.0636501238496267,-0.611365497922635
122,81,0.663582142307005,0.161742163706428,0.328886296256052,-1.12902501864454
123,81,-1.11872699221544,0.947377169392916,-0.491459602897701,0.0064586051508171
124,81,-0.572364894652824,0.321434782333777,0.137243335910043,1.62802921431147
125,81,-0.141405334694925,-1.35551921397705,2.05302791869389,-0.12053162256461
126,81,-2.49446994620458,-1.96919486305627,-0.754535363893725,-2.43293438973981
127,81,-0.157342731197812,0.812586176631417,-1.43774521582169,-0.39750859456413
128,81,-1.35039967380792,-1.29899070582868,-0.300451492284835,-0.236349498133597
129,81,0.699304579503056,0.073655433367971,-0.25488922597056,-0.418839921196406
130,81,1.27366154920334,0.0001417143142167,0.848917856971446,0.0127721616461463
131,81,1.76883307731825,0.466754252190269,0.275579365845226,-2.40639691340451
132,81,-1.79781835301214,-0.264644350191716,0.972439912011797,-0.324231728131583
133,81,-0.902920950856577,0.165573524840435,-0.246569510994877,-0.315079973678927
134,81,-0.996332814628377,0.313990539259852,0.233810483658626,-1.16906086086327
135,81,0.763905632468216,0.297364205718259,1.1500123936939,0.920530310616918
136,81,-1.01017915844069,-0.0889435369228838,2.43226594350834,0.489649299557383
137,81,-0.472452609589695,-0.184054389977491,-0.690113458796363,-1.0141032006873
138,81,0.48863473426193,-0.0125870837960875,0.725439961095466,-0.646421179696627
139,81,-1.70038647620731,0.567350287921908,-0.0843397165505483,0.282516435973851
140,81,2.02476570243472,0.418134746934006,0.163397406292162,-0.911342428011048
141,81,-0.412200884249405,-0.247911194721984,1.24495653613702,-0.289275975589548
142,81,-0.793488124149901,0.715592195600244,0.20532465876134,0.111822687938675
143,81,-0.886383328527708,-0.4809736505925,-0.236444339863403,-1.1596303229829
144,81,-1.08416656834187,-0.272367519364339,0.65854454949992,0.337496499212354
145,81,-0.0529731145396263,-0.508321336661083,0.398639298659589,0.188597338282194
146,81,-0.277101694842233,0.306582418624913,0.76937025773678,1.17322109751611
147,81,-0.806295703728848,-0.452974393979429,-0.805655289994567,1.44995528574056
148,81,1.93075975807217,1.84759327149178,-0.654248067308885,0.292702848567382
149,81,-0.242879996690896,0.381725031927789,-0.108696062142806,-0.439137750685165
150,81,0.860380344904294,-0.94936809204408,0.774159560607865,0.477000233468704
151,81,-1.1210227388149,-0.267359487916697,0.166742845281696,-1.55608494578865
152,81,-0.398865292842851,-2.40922794433222,1.37430766975785,-0.166638889358242
153,81,0.821284062824937,0.295494616845063,0.711519099499716,0.580876244207987
154,81,-0.877060387042218,0.143314617803661,0.584322413147152,-0.259977305174761
155,81,2.35679093235218,1.02108961358537,-0.129977025868573,0.244934343310956
156,81,-0.830501239896295,1.54924163591329,1.14173047962464,-0.536265801134788
157,81,1.06082221270302,0.183383574596065,0.192011591028035,-1.25571203055534
158,81,0.941091953901638,-0.936109414357324,1.79937351170944,-0.304645568960452
159,81,-2.21381204951476,1.11410397949143,1.42150839388646,-1.47283561553181
160,81,-0.321127383117387,-0.292217218382923,1.21851309333622,-0.851851338789165
161,81,-0.518418741787978,-2.26298560036329,-1.77058108562196,-0.356764046533027
162,81,0.474695836830911,1.58844047085441,-0.678308574747402,-0.346704183003658
163,81,0.12832926202603,0.243838690204536,-1.48991799264208,-1.33680276955522
164,81,-0.471818832023913,-1.1600023513933,0.141585124532527,1.33707090572431
165,81,-0.69621550877092,0.418346036848818,0.653879546032181,1.7054598535277
166,81,1.04301804973086,-0.366172027387755,-0.101657595075949,-0.485923881319895
167,81,-1.26937258052658,-0.958744833220545,-1.13569272868926,0.169630976176545
168,81,-1.80522268998859,-0.679329837671674,-0.279386400730698,0.552805288551922
169,81,1.22547248693878,-1.17322922385047,-0.939732221661496,-1.45913604793537
170,81,0.0721337490987222,1.01688357140704,-0.333143137832738,0.458223527750121
171,81,0.535233657052558,1.13467888707989,-0.0104542488298973,0.134534887716526
172,81,-1.04963076978335,-0.228470906263467,0.0507254283940208,0.518063871877389
173,81,-0.930435063601772,-0.0376263690010859,1.07312240507466,-1.43255088521193
174,81,0.516743565673486,-0.65459508533271,-0.303118773149518,2.10462050195254
175,81,-0.105063427769379,0.780789448885936,-0.309918758350763,1.34246067405317
176,81,-0.178252931529197,0.438552445008097,2.1434997112859,-0.622574885575394
177,81,0.214203286850518,0.674693610125104,-0.93231732921866,-0.226621764210825
178,81,1.90299435210464,0.429354715335267,-1.15743572362601,-1.55605880259286
179,81,-0.250981041881855,0.427778557791287,-0.290908712208161,-1.0636005001513
180,81,2.89077264649855,0.829830950990717,0.797458582097928,1.21008410281144
181,81,-0.841796842150537,1.56565337654186,-0.29567802643869,-1.05757296423638
182,81,-0.711448628664477,1.34904835708235,0.0391861805082315,-0.156190505271592
183,81,-0.548434875506546,0.392783305010898,1.07881601757229,1.64075978428484
184,81,0.275641903179419,0.125203956680754,2.96218023705316,-1.6915208985995
185,81,-1.38537852339562,1.53297110212725,-0.164444298751162,0.977939834655899
186,81,1.6161498019796,-0.793557406749043,-0.754991388699041,0.0391300034406391
187,81,1.37545934773779,-1.18145337138759,1.01827581973428,0.376185802414498
188,81,0.943634784833386,-0.730215234527274,-0.283885477483934,-0.383352501800112
189,81,2.52697621966571,0.134720856997603,0.726098489423234,-0.142980698719524
190,81,-0.468894347517147,0.832873753249133,-1.96991636489372,1.15941672643463
191,81,0.0777863184274345,-1.21073941215184,-1.27377233578198,1.2046877000422
192,81,-1.37516009896235,0.5591916040012,-0.34971958055659,0.166313614285808
193,81,0.367405335810273,1.64503883155616,-0.68586629571066,-0.514913604971319
194,81,-0.0134203607079463,0.191532743992896,-0.763261018332847,-1.07095518035055
195,81,0.562403336835701,-0.325867441308005,0.080386939941945,-1.21642309694561
196,81,1.26222009698816,-0.519307197955278,-1.61802458062945,-0.44150846273955
197,81,0.59877621289923,-1.47477628006967,2.21895581473564,-0.266408953755674
198,81,-0.292553076617521,0.452714754346113,-0.599950875944524,-1.29447938545992
199,81,-0.375573093872137,0.515139838376332,-0.711566417885818,-0.552301178937616
200,81,0.991753249461653,-1.87929577032591,-1.17742423705226,1.36162431045354
201,81,0.407581135505009,-0.812506558576215,0.0207479734502047,0.372466321667684
202,81,-0.374888026274985,0.282044082710962,1.53510862204967,-0.789051631267747
203,81,0.179017236026971,0.672526827187903,0.0293574250409579,0.285284609364106
204,81,-0.693573250609487,-1.05298791375257,-0.534052098033772,-1.22892237513799
205,81,-1.32496895206557,-1.86619208056975,0.418190281572305,-0.130641835330751
206,81,0.644560724899205,1.28489619626672,-0.582085443380446,0.441455272967132
207,81,1.78212848883131,1.07046958998978,-0.0255319507580089,0.997812206835614
208,81,-0.708950621673678,-0.421847247295309,0.405392406081353,-0.614553598859002
209,81,1.45504838002559,-0.274027590080653,0.325650437684905,-0.361940704915701
210,81,0.390578853775457,-0.193607288714702,0.149767131374921,0.121537159736918
211,81,1.3572387514837,0.834210412130833,-0.663610395874565,0.771101941527635
212,81,0.253923800844141,-0.401549854818762,0.31810041130752,-1.27860809513852
213,81,0.756448697869696,0.861442748862752,-2.3105791105905,-0.0192886733855759
214,81,-1.02378285581188,-0.138644704166363,0.996048729607458,0.252307635911192
215,81,-1.0207633012497,-0.710183807185431,-1.35881854498423,-0.390432209153962
216,81,0.0696473009855179,0.0510769928939692,-0.263114080061506,1.03257803678434
217,81,-0.63049004045151,0.630650469596988,-1.12711926559506,-1.88616513633097
218,81,1.23456833442191,0.694492969046391,-0.680290607877553,-0.00580066601688741
219,81,1.80785195726609,-2.27938780163314,-0.542518460342363,1.41428127696851
220,81,1.71832200900886,0.132624336831001,-0.666708568927752,1.3670266823318
221,81,-0.454967183415936,0.00421735795923006,0.364714634801396,0.645834074627023
222,81,0.723630257614339,-1.14816215380827,0.296099106426363,0.846563290992369
223,81,0.31126223881937,0.424326572598614,1.01056711479213,-2.6109494917976
224,81,-0.102349648428732,-0.58010456836107,0.426684236420552,0.911345626019311
225,81,0.638965556655424,0.675558901335238,0.971268389919613,0.696382788903684
226,81,-0.107136859804304,-0.439341599936689,-1.2200568741288,2.6079227151731
227,81,0.149871685616033,-0.882429942966998,1.1732469921277,0.89902404743375
228,81,0.775918161076103,0.241666352674629,1.16800627296053,-0.0671414472609867
229,81,0.780235098850299,-1.51200248005756,-1.53952725787167,-0.0206233756592888
230,81,-0.00704860037983199,-0.768180624109318,-1.58005188593727,0.791715365745178
231,81,0.286487569586168,0.644297591215204,-1.95410754285083,1.16321201899073
232,81,1.68931157573238,0.659383961629507,-0.0755901147576242,0.891487498961247
233,81,-0.81139861047862,-0.343691523709703,1.456258613049,-0.335567698852186
234,81,0.822014483542143,1.23599675290602,1.18003081273999,-0.253579416306069
235,81,-1.53235628197531,-1.10721870934281,-0.164607588525193,0.981318291429797
236,81,0.794962033092491,0.304802578399765,-0.50056152005342,-1.68745544186977
237,81,0.846810009216983,-0.680863332177947,1.63644406361341,0.384386143163728
238,81,-0.238755481029746,0.24668881464298,-0.347025081073132,-0.704399356156619
239,81,-0.989276774774534,-0.541009719240642,0.623561946844483,0.947104109364352
240,81,-0.412444612011464,-0.166753326212058,1.04934759865862,-1.18292952951794
241,81,0.575683089182381,1.18762308491808,-0.279078111188584,-1.0932629328815
242,81,0.979685430544734,-0.0144111447600262,0.826814689315444,1.23401784491136
243,81,-1.60161477985342,0.500738290210097,0.285543810986272,1.00031912862761
244,81,-0.44949168063447,-1.13567849033966,0.446908324746806,-0.793859510878883
245,81,-0.724833031634679,-0.601458223375641,-0.0447509684589322,0.423638550975195
246,81,1.01069235101344,0.794178016159573,-0.176396266577744,-1.65826911938032
247,81,-0.914722405476818,-0.13138069546295,0.891123663511934,-2.16108855423155
248,81,-0.621275135250047,0.0389586089476779,-0.141414741579042,0.873848771471705
249,81,0.233843868997732,1.3640849093294,0.0745320611174365,0.0783945141831636
250,81,-1.97968023270324,-0.11426773662273,-0.247653594669683,0.809282423205706
251,81,1.49806086137691,0.204338105228933,0.403389751614485,-0.463695894168442
252,81,0.784331563750473,1.5990632711755,-0.693499473174869,-0.285707036262637
253,81,-1.2351698386685,-0.497609271853847,-0.470845958160214,-1.77441683195926
254,81,-0.557761646991124,-0.541802408775994,-1.23532394885908,0.119722155694278
255,81,0.0122426788301475,-0.235395739999345,1.121670443056,-0.766142414177149
256,81,0.299656149384791,-0.415361107046681,-0.140047816788165,1.01353638732117
257,81,0.0785498741574937,0.303923694534793,-0.734020239518853,0.32829887685134
258,81,-2.54780661902744,-0.189012442612365,0.410899299300499,-0.484601931703134
259,81,0.364572991526014,0.178941201817025,-1.12995466106242,0.686311388814973
260,81,-1.04160449183029,0.26959136195716,-0.256111958778164,-1.29000120531571
261,81,0.454331384654366,0.280933596479451,0.0545693687783083,-0.411602851285685
262,81,2.05909321161994,-0.469481347073532,1.23516611206424,0.322415745646866
263,81,1.15539008867607,-1.27510803786302,0.246822809631054,-0.580307470866462
264,81,-3.23287332388377,1.00816790567576,-0.00585650161842397,0.515181511511215
265,81,1.78451796601262,-0.492634411731757,0.317808311898047,-1.1222953990036
266,81,0.938695209548358,-0.555715234340066,-0.170976067626814,-0.129372927313882
267,81,0.490793089315971,-0.649108792010704,0.395141926376316,1.75455721756591
268,81,-0.300785608236206,-0.50221563765728,-1.09532244782863,0.922806684223364
269,81,1.18595806504684,-0.256821909408351,-0.602488209919107,0.918964614410374
270,81,-1.21478462180761,1.25355451251255,1.58347060857649,-0.138638623926568
271,81,-1.63808360274772,1.01326591224585,-0.248314903636968,-0.80288198961037
272,81,-0.545424819707537,-0.253732282964092,0.245459688870868,-0.413692362427318
273,81,0.61724775095496,-0.999182120615124,-0.0931055002731646,0.78845875064141
274,81,0.301639805461007,-0.360488514812411,1.1336276402317,-0.0925871770068834
275,81,1.42899260210415,0.511029498111012,-1.72931107272976,-0.699119165667613
276,81,0.271705376382098,2.04677966018995,0.805781277544408,1.12949954626512
277,81,-0.962310450947119,0.262554653862404,-0.286120875321938,0.226813900774144
278,81,-0.0382017088775535,2.43043454119282,0.0271880902256052,-1.45712923600206
279,81,-0.242602966016287,0.625327873006327,1.85872942772686,-1.16691061380122
280,81,0.920321523965965,0.578847390631066,0.282003198887508,-0.837609670869923
281,81,-0.186975537052187,-0.465289483344989,-0.404815403113806,0.369852556411296
282,81,-1.24406645968753,0.161853758158117,-0.165928669036576,-0.023890388984006
283,81,-0.109073424056474,1.23673072399587,-2.20304464997207,-0.835833980755447
284,81,1.02063746777551,0.675601407321714,0.277892393504683,-0.847325643599578
285,81,0.907589030386607,-0.547936919345932,-0.510186479815344,-1.36514845228822
286,81,0.415035362534978,-2.36766357341491,0.900760246949908,0.83427130621098
287,81,0.579380974339816,-0.171341311926864,-1.00029087567522,0.129597646877294
288,81,-0.426812321980892,0.239807283067656,-0.470469640258571,-0.0150808245513621
289,81,-0.582643896930218,0.0495954158851782,-0.108105573004517,-1.35991405245445
290,81,0.074766503131041,-1.44388381877651,-1.87152698178782,1.8172876100063
291,81,-0.484802818558205,1.10924037021381,-0.303659105164308,0.953461154875868
292,81,0.507609005392722,0.614487597753854,-3.71989592315487,0.468611067918977
293,81,1.4083349437786,1.36042529304324,1.53695288572246,0.0404779674655312
294,81,-0.676537373567663,-0.204437492169616,0.49861415221213,0.0911127107571649
295,81,0.715144633349013,-0.70268117465193,0.660702928692645,0.961862216095753
296,81,0.336175511183682,0.442281687613939,0.55518664060888,-0.356415391998267
297,81,-0.0604115205694935,0.0662775889951257,-0.692710917730342,-1.97317209491776
298,81,1.73127793442728,-0.440056097537009,-0.661733217475752,0.92218962914846
299,81,-0.118802291380316,0.316676689304467,-0.626650784438444,-0.732146928321982
300,81,-0.0600593021577909,-0.760041024521527,-0.464416841475313,-0.381455130675202
301,81,-0.41821490960949,0.624717190085399,1.19452445861427,1.5277950314159
302,81,-0.784389259281476,-0.0182338341061973,-3.84036172100087,0.324210866479562
303,81,-0.162018683290589,0.221763112111715,0.240098577561022,0.484430216463582
304,81,1.05530722046554,1.35676368722213,0.520233227419413,-1.54452595860716
305,81,-1.09809764644977,-1.47229286375893,0.0104111912982495,2.8021635127313
306,81,0.272665984784912,-0.395373332791742,-0.0509336911607947,-0.441504619065155
307,81,0.855310047201959,0.342943039281362,-0.596293550347537,-0.226751581624308
308,81,-0.705473614239761,-0.529274854854648,-0.13361221441182,0.295210738720872
309,81,1.31245925047671,0.380965042908617,-1.35842316515876,0.485226512662918
310,81,2.68304135508893,0.470591725586721,-1.27953627642032,-0.250468819314149
311,81,0.722393472049906,0.876931100679424,2.24899384213914,0.197115860984776
312,81,0.495447778999869,-0.143163432135823,0.555865808948201,0.243510552822361
313,81,0.030422725028387,1.29290819887996,-0.817335019006862,-0.167271333822223
314,81,0.571290453133567,0.600429117789729,0.2115417211892,0.925640470566742
315,81,-0.687869298980788,-0.262520307710258,1.09557551270141,1.27821660408192
316,81,-0.706496300136882,-0.115585138581057,-0.482875081670657,1.64423855554517
317,81,0.33261627555883,-0.0393276491220334,-0.989776132032687,-0.341761973512097
318,81,0.504905771692104,0.579736139359896,-0.664704761891551,0.999168137277809
319,81,1.24109105546231,1.64274759631307,-2.29910692142893,-1.25030520518323
320,81,0.0925559219219001,2.15419770196518,-0.627846336621448,1.09087969304291
321,81,-1.50400914586871,0.0951465339692523,-0.421498892535633,-0.126064089597477
322,81,0.70793891593408,0.603224121267888,-0.804361459937143,-1.47700766209441
323,81,0.344706494377322,-0.438119190207845,1.22864329219819,1.38015864434592
324,81,0.0549666795426819,-0.682582853142252,-0.33932379179691,-0.919127809943991
325,81,-1.05417006156023,-1.83661488017593,0.343314375491417,0.0522021181637757
326,81,0.097710105904799,-1.3107664813799,0.232851096893943,-0.895759122174198
327,81,0.45704216275911,-0.129515109046314,-0.886705419294957,1.42843186716071
328,81,-0.585293695947083,-0.0235086370128661,-0.877902514383081,0.0343801845090191
329,81,-0.852370335183361,1.24685904128816,0.180279670225504,0.411567392813469
330,81,-0.769434402528453,-0.580487875466893,-0.00221981976342663,1.03384365545535
331,81,0.179023012026308,0.858000222574446,0.576844183266226,0.0915733608821096
332,81,0.52267014753375,-1.10519352155316,-2.00888404774483,-1.23560643597283
333,81,0.899217934043489,0.12321537806371,0.194860990105087,0.68490454319498
334,81,2.38811157968661,0.471697286692596,1.38775596914337,2.52966563463987
335,81,-0.0578026227254315,0.258344669634785,0.357736725284741,0.41926206138813
336,81,-0.686585264894557,-0.737034131322613,-1.3203220447977,-0.138435719895766
337,81,-0.256272632908422,-1.00510091994462,-0.607918559102495,-0.235022091325959
338,81,1.89390001016647,-2.06123546585485,0.00989567076592745,1.40819964658302
339,81,0.817349193246105,0.468980435654564,-0.383067374831401,-0.572323440946589
340,81,-0.704790338056015,-0.740537117983968,0.175755585638587,-0.596768169488197
341,81,-0.453127022146521,-0.209745258089184,-0.352628646291484,-0.515842667277309
342,81,1.67060003543813,-0.118274629678123,-0.125915726603447,1.33743419687238
343,81,-1.29328968855134,0.747707847932838,0.307677041338052,0.346298404544378
344,81,0.114862769098634,1.52795089456222,1.03288961891331,-1.04072050512885
345,81,0.0384321168595604,1.16584610598432,1.51333368984449,-0.443268557213862
346,81,-1.077123016405,-1.07000167291908,-0.0999190174844788,2.2422421872062
347,81,-0.814777644598108,-0.80645257323153,-0.371289471120664,1.20724825311541
348,81,1.31904327723713,0.340940171286284,1.09475263453603,0.126116164052264
349,81,0.918750923480474,-1.14937148321397,1.0662407970116,-0.745987247864395
350,81,0.534450226281184,-1.77118772711804,-0.0644931654780905,1.57255571456394
351,81,-1.01062767419683,-0.130754865976992,0.598348847032834,-0.381304551158362
352,81,-0.843581391980005,0.896189717523563,0.44786014575999,1.61526538066147
353,81,0.167917947799293,0.434744000610674,-0.405979338577262,-0.0164358689305892
354,81,-0.201574576154579,-1.25204898954919,1.49110601861249,-0.877021254067304
355,81,1.57960770256975,-0.261603996415022,0.0195709483366575,-1.44216533147896
356,81,-0.285823790995117,-0.100856444011316,0.906703663921081,0.120280366860129
357,81,0.204913181902729,-1.33003621867618,-0.296466879912569,-2.22904066354276
358,81,-0.43115036826691,-0.325251612922173,-0.658526171220725,1.340434571379
359,81,0.616724223083739,-0.316315682155598,0.22256388153778,0.49258496781886
360,81,-0.799558471524807,-0.10892735416371,0.668841133988674,-1.70086124644845
361,81,0.330708759129753,0.89878454134082,-0.287409710867789,0.621142468218065
362,81,1.48401925770345,0.179835772468349,0.942741702527033,2.13058804438916
363,81,1.10318064354142,-1.10595660509342,-1.32005766434615,0.976735430232485
364,81,0.612042938836089,-0.0978423038507825,-0.228581494248117,-0.953568197760939
365,81,-0.286202052572644,0.967579584392443,-1.29049331268336,1.1465384773826
366,81,1.05321294261653,0.991262273798926,0.631568731698505,-0.174432157449358
367,81,0.689083954325664,0.205571874982393,0.647682242728393,-1.61580746761784
368,81,-0.387085656067559,-1.11856201834181,0.0510406976951134,1.47258714293822
369,81,-0.182240847085661,0.761623214477648,0.073836200090164,-1.31912401616759
370,81,0.535328312455432,-0.0534367032861946,1.15802219106765,-0.563240290223634
371,81,-0.215352603377987,1.63134974320312,-0.385922994655227,2.21980280392661
372,81,-0.483785222200763,0.59331984765336,1.06485235953593,-0.0239234039146125
373,81,0.371217344067875,0.142531379939023,1.0067221764929,-0.019887218009866
374,81,0.256577496483467,1.77594264739449,-0.346969504216937,-0.379201276639506
375,81,-0.458270791927682,0.0585052224193582,0.898991012796938,0.497199364343054
376,81,0.402977420876153,-1.60086205689361,-0.653260322883534,-0.0445325495238893
377,81,-0.592927203145054,1.36005515967511,-1.54913798725363,0.106389399668895
378,81,0.512907576685675,0.348165526791891,0.120942581265145,0.249987813064408
379,81,-1.55042693967315,0.319964645066358,0.659753495122744,0.664118723234719
380,81,-0.215796201059476,0.773666547141536,-0.206425628473749,-0.598234298473228
381,81,0.870366725103919,0.343030809384018,1.62004809250524,-0.342818945581881
382,81,0.469597360034663,-0.745442650919838,1.79644408565811,1.59201179272767
383,81,-0.140316110280875,0.706993567902624,-0.0237323664565085,-0.554586668163378
384,81,1.1279090888274,-0.183270539301542,-0.0642822946925384,-0.842082810044697
385,81,0.053211988879333,2.08650976875872,-0.208828877815095,-1.20875993527882
386,81,-0.452991834745757,-0.198148163825137,0.445508032850066,-0.177455597279918
387,81,0.654395752443919,-1.25314849624734,1.48216694265078,-0.0552240749490978
388,81,-0.252544578828774,0.588210176950854,-0.73831517151832,0.245957301836872
389,81,-1.90767266020242,1.21525234620287,0.393686445393916,0.794592795904601
390,81,0.552775289548216,1.02947771559477,2.11368273974634,-0.148544491582035
391,81,-0.44545326571869,0.524002273950647,1.32425629784785,-0.0834452172214834
392,81,1.09789993437224,1.40836906507563,-0.481456499014561,0.480296373368486
393,81,1.1125678666071,-0.0456761149328082,0.773563722188403,-0.609079888655278
394,81,0.980902557567952,1.12067363442255,-0.662618369868204,0.471858342115361
395,81,0.529940358972534,-0.428231245766731,1.08075147839894,-0.192829918949206
396,81,0.466824019617445,-1.16833946516487,-1.51298012483367,-1.20003733019022
397,81,0.713354355233254,-0.120851232311513,1.42491129592417,-0.442680848959977
398,81,2.2956985197761,0.939322078780115,-1.30499353794738,-0.196599490294148
399,81,0.156533809512522,-0.373131926487374,-1.96410257377144,0.586192217263052
400,81,2.25578938203968,-0.667806923985243,-0.879455386885209,-0.797849308294392
401,81,1.11258609968338,-1.68221152351817,1.95207337645051,-0.0556372792795359
402,81,2.73735455317046,0.277687692965717,-1.03413128213795,-1.64102081675842
403,81,-0.859879746896909,0.755510262897178,-0.735869297356365,0.395781521970173
404,81,-0.1943838223506,0.0370440587430224,0.846073597977163,-1.43735107870554
405,81,0.135946313035635,-0.373436652651969,-1.08486089898388,-0.765144434684529
406,81,1.57404128044749,0.0990054372619303,-0.311206737693312,-0.91709425693077
407,81,-0.883997527485379,-0.233038567911558,-1.13252657650293,-1.10841847085527
408,81,-0.606784748418233,-0.688368306311586,1.66493621376119,0.676667810338887
409,81,0.129540471641448,-0.509952133691086,-0.828112107684948,-1.39708061548662
410,81,0.962869958866406,-1.51893872038922,0.410482834534211,0.284058338915454
411,81,-0.273786889425225,0.188834804434887,0.761695338878421,0.18623062473394
412,81,-0.427478244448051,0.181462446415005,-1.98418021089023,-0.192338969242547
413,81,-0.22639528526984,-1.34329222968665,-0.978637027554513,1.33113464996143
414,81,-1.48874062628275,1.1304839026652,-0.408377971432421,0.968880370915441
415,81,-0.78853846987978,-0.574667557683139,-0.62022544198762,1.49702923169407
416,81,2.25760158432207,0.210485220429413,2.24542109521141,-0.0133057421443341
417,81,-0.85835307883931,1.03775154524717,0.44713156677415,0.905927681136985
418,81,1.01039561329744,0.272485355808148,-1.08795308410035,0.0658738898698079
419,81,0.0182309019663149,0.56277190915838,1.61269986155896,1.2848419501315
420,81,1.4464775927374,-1.07678965063554,0.024184071688998,-1.40778324132429
421,81,-0.257820571670944,-1.16056842641114,-0.873189633067,-0.100836415244743
422,81,0.74071611850241,-0.400180625376715,2.43873107007464,1.05018639875892
423,81,-0.33575655794159,-0.836406514446761,-1.00010409092496,-0.494801637414497
424,81,0.389472307252251,-0.576981032279253,1.74378843644745,1.28386811154087
425,81,-0.124066982164148,-1.31853229637736,2.10962988536079,0.274221848564474
426,81,0.346561125558862,1.0624461131792,-0.917027133049658,-0.496833868896186
427,81,-1.17282145547987,-1.21982378643987,-0.358652396311857,-0.730046159111257
428,81,-1.56925915415115,0.481572583442075,-2.35030728822194,3.34965158875089
429,81,0.285474990064998,0.406297906245523,1.98048888694076,0.33426257250599
430,81,-1.8193407602141,0.241192985300988,0.598971364378472,-0.0852938278321269
431,81,-1.62256727551099,-1.14803831721965,0.624957507275446,0.508825922856652
432,81,0.167274528175157,2.20111011152536,-0.0685643988725921,0.545709795740698
433,81,1.15004968096416,0.142694322947857,-0.248247939685628,-1.27691032904712
434,81,-1.32578773000262,0.2558149521113,0.780582309353898,-1.1498338622821
435,81,-1.6723380244335,-0.607681246975787,0.828888629978927,-0.970172947814616
436,81,1.10034238240475,-0.238758994008409,0.347126661884497,-0.670157252568799
437,81,0.207854595021761,-1.36046052176959,-0.0145611723485145,0.399700405351722
438,81,3.1426905640464,0.181185380440912,-1.31342395603258,0.0968733276508649
439,81,-0.76827411935056,1.04281704439224,0.931967301219553,-1.14213985965389
440,81,-1.61850382535064,-0.633444926613643,0.841820422094286,0.498995637186104
441,81,0.719466813936396,-0.219193972309596,0.632509212969752,-0.891465246080029
442,81,-0.401095392509321,2.45826609169446,-0.681804448666282,-0.73503697656064
443,81,-1.15397030571071,0.791988878517089,-0.244511750482354,-1.06342818011879
444,81,1.4553677370925,0.447347178929788,-0.186114705937925,-0.187587855669484
445,81,0.0580713014220073,0.786531253961189,-0.215657239221574,0.290498480123653
446,81,-0.433447376320207,-2.29409969048464,-1.55657171327502,-0.123060319209445
447,81,-0.25765842482565,0.178885078422259,2.17020555531583,-0.00566556849924247
448,81,-0.318866663595534,0.923888931067107,0.221781807827529,-0.318391808738724
449,81,0.0953513010488005,1.22337129889834,0.813426183983729,0.724971238123329
450,81,-0.289405776017991,-0.301425930678308,-1.7819251653671,-0.751347249123755
451,81,-1.36588207921834,1.0628081177527,-0.698923574660054,-1.23615654561097
452,81,-0.484415398753663,-0.225110307276633,-0.377728751637168,0.722690915435401
453,81,0.290031552998439,-0.82329722101558,0.479670321585659,0.544411455181993
454,81,2.20470496848423,-0.251229221350792,0.805035659970571,-0.00477041202897659
455,81,1.50001718510914,-0.752657645204945,-0.786071023266824,-0.0859231112168507
456,81,-0.0793935787744499,-0.277646886739484,-1.26914523148763,-0.0129766255349336
457,81,-0.368442351138695,-0.0940482463712195,-0.444960004005742,-0.544821146635602
458,81,-0.440322544651707,-0.678914248134009,1.24811856307268,1.36307076872186
459,81,-1.29766173814309,-0.894346049056466,-0.45211954840481,-2.28546405281633
460,81,0.698580712437539,1.74827523470655,-0.709530345183964,-1.33723621519076
461,81,0.285203072043521,0.374349925083399,1.23853186343368,1.17616598299142
462,81,-0.304875930348704,-0.244283329201669,-0.374260008696008,-0.582091799200663
463,81,1.73895156174825,0.642739213543861,0.859886108565948,-1.26189174844919
464,81,1.34600761092867,-1.78731457680032,0.83727732580463,1.47001069016592
465,81,0.874500028482425,0.968470424635039,-0.0862499510872685,1.06849465145496
466,81,-0.130418241798627,-0.332816785309664,-1.80234639841512,-0.374333916590676
467,81,0.208231010497871,-0.190409963016825,-2.13357813917354,-0.59357154872138
468,81,-0.0463113741454787,0.037372910654285,-0.450064797987147,-0.984874823724674
469,81,0.464652520157664,0.453700806995517,0.127352710943124,-0.685660947766288
470,81,-0.243653687875111,-0.963452559141404,-1.26684406410281,0.618757607012225
471,81,0.431886292461226,0.837860915257858,-0.872238998631172,0.789473509028407
472,81,0.158341629392983,1.75517065174515,-0.458247353681862,1.17805339053453
473,81,-0.587960980688707,-0.65395328289167,-0.0511352153339608,-0.646227176511288
474,81,-0.163899009712302,0.925048522303084,0.365111171049568,0.576010003349925
475,81,1.3056525450367,0.608025259650698,1.62222224148145,-0.669996962411728
476,81,-1.79156576764721,-0.553943633772832,1.05790329526254,-0.12355038895406
477,81,-0.521770413926188,-0.875669111398689,-0.279818596225361,-0.284824705991056
478,81,-0.343914147320402,1.65855719105038,-0.110761667812159,-1.27160830935929
479,81,-0.270980596716142,-0.896887338979412,2.47137532725818,-1.31718762350776
480,81,0.0962617494127444,-0.693979494216277,1.58654823895751,-0.902142847845572
481,81,-0.417366605412399,-0.0259994693190686,-0.2607122718375,-1.56211057625029
482,81,0.589518116464225,0.956767803574761,-0.653213121043623,-0.705125592282863
483,81,1.02639125385893,-0.271623556764041,-0.75643283987244,-0.459290153899671
484,81,0.208642438585893,0.565574288042531,-0.240218896798642,0.068808242484403
485,81,-0.210150401076488,-0.242655656188745,1.33238882327395,0.415869958814779
486,81,0.148380720810435,-0.884211085044807,-2.69062521695443,-0.714010771409334
487,81,1.12024932220875,-1.02380997961099,0.749182704833413,0.636567266306577
488,81,-0.180030786278222,1.20154143885755,-0.392497984908966,0.819080676226141
489,81,-0.984470693642303,-0.472440392524825,-1.79324350810805,-1.12378134352361
490,81,1.67394208024999,1.87810976550467,0.0693372633086414,-0.371896846885698
491,81,0.545199993706976,-1.85773042984474,-1.46536268942053,1.14711038574412
492,81,-0.453258515168973,-1.96421188611865,0.0995965609442197,-0.36548501297515
493,81,0.808049538419979,1.23340092576028,-0.0890573924323295,0.344723969388619
494,81,0.68030367738957,-0.204431000083767,-0.82508671695239,-0.751731226569365
495,81,1.67469228553055,0.0418184591149712,0.407824836670786,0.516346485696387
496,81,0.0159450865434226,-1.34698974587421,-0.33025363053137,-1.4847771537282
497,81,-2.51817569955565,-0.126992977604544,-1.42004139258845,1.27188435663668
498,81,-0.367003371086203,0.593012194136688,0.13302742491767,-0.334816801338228
499,81,0.690316588579042,1.21187521958485,-1.03425639049309,-0.0740348213582724
500,81,-0.30633572983692,1.62077213248953,0.0401955712693837,-1.18224750156595
1,82,-1.08270302918546,0.792364976574639,1.95997706312374,-0.288021396982659
2,82,0.34694364630327,0.576665167879503,-0.491924764375411,-0.574090154695692
3,82,-2.23680157290519,0.129958987738792,0.403178136663405,0.191700897466227
4,82,0.279349275994281,0.458930726861917,1.70852022542947,1.55364034482093
5,82,-0.952621350311675,-0.762584441700007,-0.888897930147071,1.27933733437277
6,82,0.983577994729593,-0.124340150844469,0.13936865980076,-0.371313307237486
7,82,-1.25311329311642,0.0298931085629653,1.37285534534439,1.82703239248453
8,82,-0.861049218627778,2.57256708804511,-2.50526887218931,0.842987064113007
9,82,-0.883676660992337,-1.01240815451499,-0.362588986716795,-2.499970818178
10,82,1.31049572675032,1.30523188912881,-1.76659882504485,0.773144713295018
11,82,0.360177572216396,-1.26956198840053,-0.364266533862318,0.778982090894893
12,82,0.403023755837481,-1.34003537081683,-0.34009410043024,0.474226067445354
13,82,0.413461714815889,1.44288612921377,-2.4409053446865,-0.338910182264762
14,82,-0.207343355156148,0.132583331368702,0.580502909462859,-0.77773768325944
15,82,-0.39597378205254,0.231991410581138,-0.544022699119471,-0.106167140810857
16,82,-0.578012635943267,-0.664643159204803,0.64050257026545,1.07472118577113
17,82,2.31210325516582,-0.426294970675166,1.25827297427697,0.663572555416944
18,82,0.000235815307475648,-1.21514193227599,-1.12799789216687,-0.370558769427217
19,82,-0.210142869578272,1.07548526403076,0.003637896705812,0.961940589284226
20,82,1.36556837510093,1.84419180438368,0.197149929738401,0.198016271993571
21,82,0.386359356793338,-0.398602673322467,-0.060334242430408,0.21817138662726
22,82,0.818203267139146,-0.0904065879130746,1.74012477251869,-0.573846881648241
23,82,0.469373366588146,0.626358622798827,1.06939383411913,-0.321786003029532
24,82,-1.40322183179786,-0.0278429685359959,-0.133789807593944,2.00629410613966
25,82,0.377485494241522,-0.131283847728646,-1.12707229779623,1.63371348836848
26,82,0.858693166874615,2.02408176625384,-0.115029080120546,0.0527849226677158
27,82,0.627789640835103,-2.10885220114956,0.739570322912764,-0.641397371359744
28,82,-0.58916843685791,1.46219110238905,-1.61147052059882,0.221747804695664
29,82,-2.2837665919664,1.1824577520221,-0.767939669039977,0.176984745867716
30,82,0.685328790509939,-0.584877170392073,-0.524002330436264,0.0237842364029986
31,82,-1.553828524703,0.849668029417787,-0.969181387699437,-0.443126446837553
32,82,0.988061480981425,-0.459821131720523,2.24654990536399,-0.91690450000669
33,82,-0.567066967916925,0.526821923930159,0.0938610099153059,0.423846091744433
34,82,2.23302131745838,-0.714102691832041,-0.906877222658944,-0.522277005786947
35,82,-1.02982664704285,0.657651350637705,0.086068521760993,-0.36973705375163
36,82,-0.0543263711480712,-0.284038866833865,1.0810761685143,1.15172819125522
37,82,0.232293754295507,0.0750432326289732,1.03500397307735,1.41927686454667
38,82,0.868677296786936,-0.601900363739903,-0.425262399199935,0.598648377964863
39,82,0.844698647084089,-0.603154928835058,0.0810442738532368,-0.998600181868545
40,82,-0.418118281208531,1.6519080368145,-0.407016343460344,0.0591086383313474
41,82,0.6459747759939,0.227451588270831,0.000345544974345237,1.35442032939311
42,82,-1.80054782769203,0.238563793910721,0.823400563659362,-0.613087437531006
43,82,-0.716441229516344,-2.06794122646743,1.78861623735136,-1.94223141142421
44,82,0.204341661519555,0.775757709164184,-0.983500967615576,-0.830692165361837
45,82,-1.20211605730205,-0.167157386082634,-2.08442757221816,0.347150056984172
46,82,0.694662135711514,1.07083583638378,0.302484008757062,-0.990453578963293
47,82,-0.141350414278409,0.327055436267817,-0.404628367627192,-0.410698626624937
48,82,-0.39097340659095,0.220491026930543,-1.05473524627213,0.21748137940355
49,82,-0.214140464955474,0.62572023718046,0.15723857302633,0.178512291350927
50,82,-1.05676626380218,-0.66011967641974,0.526757972384936,-0.186910430530013
51,82,-0.182659730125195,0.257657779998033,0.81152192027543,-1.16106915801316
52,82,-1.88030541011414,0.963473666688579,-0.511981106291101,-0.609007663110332
53,82,0.852151629865982,1.05126398965004,-0.478194027108611,0.457070002208391
54,82,0.574373564298785,-1.35853962643314,0.198092313219857,0.611040791839651
55,82,-1.42145875017495,-0.283298256618531,0.426246495429733,0.01909898136098
56,82,-0.397606937229888,0.326138332731993,0.0726386101868543,1.42425858589627
57,82,-1.94437916750883,1.90638990862114,2.36223039655461,1.1874962295785
58,82,1.01506538488502,1.59421752873901,-0.787946116562989,-1.39127411708585
59,82,-3.03698947565702,1.2623701299308,-0.943166672527426,-0.0251010080864584
60,82,0.450343582123637,1.50141904476688,0.678608408517773,0.0455489170787341
61,82,1.16804014291333,0.743175116353836,-0.603341143116148,-0.621966999051378
62,82,0.277039046025952,-1.29534180892825,-0.494622591138018,-0.304006413973956
63,82,-2.30746187080973,-1.14111993016971,1.21287572097674,0.108519340029427
64,82,2.51989955006275,-0.616032260524355,-0.202900105872871,-1.26466579033804
65,82,0.582750623554646,-1.02478372149433,-0.119145492057876,-0.626659911366669
66,82,-0.943301833619136,-0.44417042287141,-0.109420262247368,1.23405380280461
67,82,0.0665172159004858,-1.68545077566335,-0.0607486295994131,2.34652796346903
68,82,-1.08064689014759,-1.15695062337743,0.515854280874744,-1.34391349009194
69,82,0.182001613714676,-0.721841489185946,-1.97708356326185,-0.698106855170425
70,82,-1.54819526391804,-0.0348075271739013,-0.758748575059461,2.69251872599125
71,82,2.02437334794387,0.314752064715602,-2.51227434401938,0.733838355089009
72,82,0.378174570454226,-1.13574280883349,0.929260416209632,-0.351016306363938
73,82,-1.41278095640258,0.627320718928771,-1.62499248887952,-0.345429600697883
74,82,-0.193386815004362,-0.853769678167935,-0.929459713712127,-1.08529014077165
75,82,0.076649676772071,0.868846090782545,1.29682417987415,0.0110015579130099
76,82,-1.85457768186433,0.868013551861634,0.155505924697741,0.630576224031052
77,82,1.09368715296295,0.282020500086488,-0.77107644623598,1.84073804548733
78,82,-1.15483688299473,-0.651927447902243,0.289559211537287,0.354120414698968
79,82,1.35826922878269,0.733850777195604,-0.538988086598294,1.38476708183915
80,82,-0.38823250638355,1.01082292469125,-0.978702675888572,2.2483221137136
81,82,-0.430284634852045,-0.736669097988039,-0.865826706304919,0.267672614277184
82,82,-0.895271911868235,0.74849973596232,-0.976586762206648,0.561229541525795
83,82,-0.284880333529609,0.848445028836155,-0.257248218388465,0.648031376315655
84,82,-1.43270909960192,0.720908831669783,2.78107839061251,-2.09960231714394
85,82,0.280577284201366,2.44423659611075,-0.00945185208205607,-1.91509985288102
86,82,0.0546383404346754,1.23230553328569,0.875969515996579,-0.885345490985307
87,82,0.735315304905423,-0.0162547222503102,0.944160505472411,-1.29943882403541
88,82,0.443030448587486,-0.698344133233952,-0.221479521676631,-0.980704529229122
89,82,-0.579111326415716,0.878693076047145,0.0619042525796289,1.03492340122454
90,82,-0.0297730194493902,1.51400993794051,-0.721503162403299,-0.282810533777286
91,82,-0.424492815833499,-0.677696909436894,-0.234497356570843,0.0283968678270338
92,82,-1.64557232612857,0.0596277061972378,0.713547107060998,-0.499971925599084
93,82,1.0753502806774,0.282085062202185,-0.833359642063047,1.80840264687222
94,82,-0.510490347125874,0.0628414540001872,-0.334387415294969,0.0762009447172931
95,82,-1.09526754512272,-1.34336294951034,-1.32292100242728,-0.259523166305985
96,82,0.404411660183435,0.245844386743259,-0.549925798326337,0.323961203675698
97,82,-1.18376244811326,0.352746596966393,-0.493473388877786,0.0779612716128455
98,82,0.962360039177939,-0.191658574777317,-1.32540060872545,-0.0923522850971892
99,82,-0.0742159437094809,0.203376186897595,-0.424463665223499,0.266853573001626
100,82,0.42362026280363,-0.626435146821763,-0.313995742189612,-2.36698228103294
101,82,-1.2222178588404,0.186524260672091,-1.67732208004982,-0.774457839046314
102,82,-0.283985103495409,-0.705058369413786,-1.24994047624324,-1.33419045210949
103,82,1.24502226407331,1.94804480777063,-0.112842692625992,-1.05055487127882
104,82,-1.75838228542233,0.285403400818371,-0.445655665187019,-1.31638558395753
105,82,-1.0001683228017,-1.40281809914901,0.183027384102074,0.131622686029154
106,82,-1.32317976379897,-1.73181488819487,0.837788759872482,-1.00286003635998
107,82,0.377966381974382,-1.77589184279954,-0.693318052255738,-0.161116077930083
108,82,1.63336005426407,-0.93369411178564,-2.09098023782858,-0.098816797810264
109,82,-0.935682011186307,-0.383289670859284,-0.454723767791751,1.35304018570293
110,82,-1.0597915867764,1.58283602548045,1.64456178936642,-0.746952071711927
111,82,-1.37832728164726,0.950362301895869,0.405779157997965,-0.228590078139549
112,82,0.395748258076839,0.0752543125761923,1.29286398468375,-1.59030370994482
113,82,1.44965888953075,-1.01672395180273,-1.12958400085002,-0.992321139444773
114,82,-0.134581180731719,-0.591861370347711,1.1420468561886,-0.360389473260759
115,82,-1.59574416143221,0.382543544893473,-0.852667275887127,-0.27847140163911
116,82,-0.406097576041036,-1.14959999018709,0.950048376250828,0.477296166964031
117,82,-0.16370499991558,-0.459119123073643,-0.673516552741858,-0.956165933698621
118,82,0.915392751765278,-1.77450619451246,0.121867090949192,0.86042366961205
119,82,0.0184792450645107,2.11816506364019,-0.0802390402638495,0.646696667706808
120,82,2.15276484316873,-0.141682995562494,1.11877687998476,-0.6414052617149
121,82,0.116836591411897,0.548128425028099,-0.802646796222784,1.52219075715113
122,82,0.613561215141193,-0.984172583135736,-0.0259383250264274,0.325015498778124
123,82,-0.369438744410162,0.317631148902035,2.70861162757405,2.06051214761734
124,82,-0.281666672488381,1.16686394919198,-1.46458663476825,-0.626868526137382
125,82,0.366001670966824,1.77664579706376,-0.551119936385256,0.32294971795598
126,82,1.30991419508771,-0.468494406511102,-0.445223977077971,-1.13460447698923
127,82,1.39012802580533,1.75928551705608,-1.03298360578887,-1.23761126892585
128,82,-0.483412500156495,1.0050653767363,-1.02894794139418,0.190842711482569
129,82,0.16490484886149,-0.9423792576381,-1.84227781338871,1.45972770312902
130,82,0.945173504130715,-0.675281210242147,-1.79001970721618,-0.102929627718414
131,82,1.07218451140192,1.0801732203175,-1.13107848261719,1.73426442731205
132,82,0.0713432936395586,0.281701253330894,-0.287016474756904,-0.340509709348255
133,82,-0.330207334969842,-0.132226137696112,1.03011608234468,1.47264716198601
134,82,0.14791010277717,-0.130202570866587,0.748851898013787,-0.814280643408084
135,82,-1.42924090846794,0.761574725244127,-0.521968199259929,1.79627785160813
136,82,0.424325232167358,0.98147740206582,-1.12926930651327,0.406501064337553
137,82,0.299068358187409,-0.210111480856675,-0.830528397809335,0.426720429813556
138,82,-0.166163171264717,1.46483296799219,-0.3696909524641,0.250644504647965
139,82,-0.870034670456923,0.352748568510647,-0.418659905872306,0.502795751271398
140,82,-1.06558122269917,-0.0291948464042313,-0.405053264631438,0.718023632506081
141,82,0.513846641988911,0.320385633225784,-0.602962393883153,1.19506447396444
142,82,0.286238683295187,0.977468975322625,1.07984167967813,-0.100400817536219
143,82,0.283646195440773,-0.703794786447889,1.08851284039164,1.75330873454854
144,82,1.06624286803122,-2.03128226073752,2.6335244820493,0.275600195977605
145,82,0.377268214471804,0.526052671341075,0.0956107591422929,-1.05632987962449
146,82,1.05733419420342,0.248115785460113,-0.00700793380812893,-1.65179497748061
147,82,-1.21061320756429,0.139602880532125,-2.03037245569239,0.89929462146795
148,82,-1.73779321909476,0.362386609647065,1.15789376350862,-0.339981503829551
149,82,-0.336236723779445,-1.40723670914684,1.0637865046771,1.81492883528811
150,82,-3.2790405247127,-0.467838894203174,0.58144183693803,0.198412261356667
151,82,0.212802008969952,0.884463466371164,-0.249853567901328,0.6395952554436
152,82,0.56487316226591,0.496573894404733,0.232361349691933,0.394121443338141
153,82,-1.18230370857912,-0.341426727716846,-0.15755456370752,1.33134496043019
154,82,-0.141253202235486,-0.562250244455356,1.1881406308185,-0.129455391141383
155,82,0.678695009770186,0.291093783424813,0.822741174367528,0.543190684326929
156,82,0.975825394836723,2.06218788954056,-0.175461642118575,-0.177356988234579
157,82,0.846417613832962,0.343451469751332,0.0670484673176688,1.0811074376713
158,82,0.737784346791712,0.0148195740157095,-0.889190743166306,-1.46448897189353
159,82,-1.09921021413218,1.30182801454049,0.575850799413081,1.06514835647256
160,82,1.32952868296785,-0.440877317425459,0.327201663966238,0.572467722379701
161,82,-0.987807849228552,0.541143027975311,-1.11548850014596,0.471938992147967
162,82,-0.214574427310675,1.71449581013767,-2.0533972617432,0.418774148916312
163,82,0.00320632074371083,0.00957107451298163,-2.07318619539685,-0.327392821592872
164,82,-1.46202509533557,-2.60373148450895,1.18266543937572,-0.681003735863484
165,82,0.701174304493141,0.455723727375595,0.551433735981251,-0.477497074034596
166,82,-1.48658213023058,0.197580235384256,-0.988788276653945,0.0817228220070251
167,82,-1.10504641959678,-1.30711568851111,-0.569778839147133,0.261530195302701
168,82,0.864870180251129,1.82348799625496,2.19874237788297,1.411230945325
169,82,1.41496395973415,1.172360196043,-0.688768160549234,0.446412060637808
170,82,-0.635035977755296,0.694813371490087,-0.423805022058862,1.81190040765801
171,82,0.406278700750231,1.0934251084049,1.21230029541265,2.22990649330229
172,82,0.122424050243024,-0.0330973435032918,0.29101693836915,1.15497204000151
173,82,-0.474990102715494,1.73388894556368,-0.654531088120972,1.93302441676641
174,82,0.168602485611878,-0.0732123491561407,1.28863849635636,0.0924421254913343
175,82,-0.543748454253343,0.88374955634342,0.571190141235959,-0.421789249369939
176,82,0.731873823425191,-0.992063141164224,1.01108869378045,0.79738129500734
177,82,-0.0668752133614829,-0.610550502383389,0.355268619342544,-0.638455624128369
178,82,0.4867055466328,0.835302576390812,0.30096159869484,-0.445991894158488
179,82,0.318639117382316,0.135983836270211,-0.88578685261736,-2.32849836681075
180,82,0.0257837765822144,0.578357402457829,-0.366203283410914,-1.47109870266353
181,82,0.371640676451554,-0.79165995704767,-0.71987791615702,-1.07951184199337
182,82,0.817918542866577,-2.94261729773947,0.231670035935364,0.409529515105932
183,82,-1.32761443025111,0.462916816289977,-2.43961388479885,1.37562615774912
184,82,-0.889536097413562,1.9905159582832,-0.0412979013759621,0.627991036308099
185,82,1.41646993478274,-0.126860565877153,-0.871450426126079,-0.710000063219184
186,82,-0.345955045809519,-0.420210743208289,-0.42074650666309,-0.314094041436168
187,82,0.506965852339021,-0.057874034167122,1.2863031679689,-0.552908786622323
188,82,-1.53502434496481,1.41645706911693,0.97060615112648,0.827791679756117
189,82,-0.833636896138989,0.953455666848775,1.4952014087739,-2.01142398787867
190,82,0.0700621650637846,0.0933710942733252,0.00739346579112207,-1.58479258544136
191,82,1.11354438416893,0.223431364366043,0.817250113888525,-0.333753902658794
192,82,-0.0078023605244861,1.23588964301896,-1.43596300258604,-1.17909377867109
193,82,0.0867145860411227,0.168283431129616,-1.97109595402481,-0.0818648744509083
194,82,0.565987272946487,-0.232648443318856,-1.14842852735914,0.221467536828874
195,82,0.0816171930186013,-0.548948708981543,-0.49140615949142,0.177092419535104
196,82,-0.967295735000939,0.30147131414339,1.50913838890966,0.26505980777041
197,82,0.201195315753695,-0.206619790255967,0.482432998218731,0.983976667291227
198,82,0.782586782667641,-1.18519225835107,-0.514667927075242,0.0361183453865801
199,82,0.505629703848832,0.866770514970472,-1.60017416699029,1.32425829639789
200,82,0.0991362550155642,0.273824886228206,-0.200415921633691,-0.0914664610186449
201,82,0.992203871621695,-0.586005591492191,-0.465136247556678,1.22991584904093
202,82,-1.54241917774364,0.287288369483226,-0.906120956257802,0.429560839293889
203,82,0.277500197990286,-0.535597207424757,0.815382392170883,0.788817700775504
204,82,-0.840449362911979,0.729956105599499,-0.614776447726092,0.421388278490778
205,82,1.41581617428183,0.74832036320176,1.77271857406487,-1.07262606754142
206,82,1.72361900320318,-0.804740962781476,-0.278377147662598,1.39822462780297
207,82,0.578886176212631,-1.62750885877217,0.673672091115465,-0.533872327535019
208,82,-0.276914492407944,-0.0790958372998371,-0.650876019457223,-1.04206697442545
209,82,-0.84443089230184,-0.347235586151132,0.249672682254723,1.22901635953056
210,82,0.0926531414543153,-0.511617322847383,0.586789117444182,-0.915414134737529
211,82,0.965643858844153,0.303442650231313,-1.32487094220102,-0.586704986779751
212,82,-1.2856334055895,1.13774535462078,-0.967322287080151,-0.5594927723764
213,82,-1.54951587323166,-1.66925048439958,1.23582677205243,1.44418951420662
214,82,0.339010052759544,-0.825997489426188,-0.0245870266394988,0.863434539088031
215,82,-0.568204388158299,0.985285868407171,0.798122187178953,-0.17373961568095
216,82,0.0566883593179589,1.17034083352,-0.315338999027974,0.699361304845651
217,82,0.178461144971391,1.6407076474323,0.0801316948421361,-0.776789721058411
218,82,-1.2480416020536,0.339556746586753,-0.849615169521497,-0.653184817445367
219,82,-0.167420990727953,0.0494218912837061,-1.46041154895603,0.870894454395993
220,82,0.0673279284279886,-0.225209290402424,0.467744114273861,-1.05586621973716
221,82,-0.23389280919211,-1.29495228755472,0.242623989248634,-0.217257328704394
222,82,-0.0510051956662677,1.00098321064809,1.5858458541164,-0.93841188394422
223,82,-0.00220396372703965,-0.872791710181273,-0.64823145538476,-0.0765765736835461
224,82,0.183573908729585,0.354710843629383,-1.76072424764922,0.547565733801698
225,82,0.830621445959454,-1.31628907815386,-1.35074815423961,-0.237570982464755
226,82,-0.395286948279028,-0.0385269151528503,0.815147489526756,-0.618447530127711
227,82,-0.167887684283097,0.346297137484896,1.28306728901949,0.216399874182926
228,82,1.31099671406999,0.162832476744047,-0.753596024170421,-0.814443967775223
229,82,-1.58455086185912,-0.263532417548716,1.13058402971903,0.196022817744394
230,82,-0.200039354150092,-0.992166086829292,-2.51782691018217,-0.535109306517419
231,82,0.264478129442002,-1.38236013245018,-0.108938077830196,-0.872303280445532
232,82,0.362038036591471,1.4021037459675,1.21648018097598,0.597296137618335
233,82,-0.111825907298695,0.339116092619853,0.479979866709889,1.01060661197107
234,82,0.430837374234331,1.36643453956427,-0.362612679104949,-1.32052952304204
235,82,1.47824735820008,-0.303046307207003,1.00486062983375,0.108102513624309
236,82,-0.496446108423264,1.01660807956156,0.215348685735492,1.09653822939847
237,82,-0.983872440517325,1.04984724652702,-1.33436383197425,-0.992424159187244
238,82,-0.411996813966411,-2.23166718116059,0.36410549700387,0.515688648585711
239,82,0.702770747962185,0.225023122517471,-1.6302386047279,-0.414040405473622
240,82,0.172092702068579,0.0143413837826792,0.0546963382369653,0.353599862687815
241,82,-0.425125561234807,0.395702042567355,-0.774396944273145,-0.905742437125178
242,82,0.478333971610786,1.60911193390225,-0.415243327540961,1.04373224969436
243,82,-0.319504799740272,0.59086742448159,-0.160407087632173,-0.0837191417542222
244,82,0.0881596704359153,0.729462425605751,-1.25959244241889,1.07643006872129
245,82,0.55690620790188,-1.89685049744649,0.962867241373196,0.106166730514746
246,82,-0.281798266990692,0.383406515700884,-0.322252313482133,-0.534256282434297
247,82,-0.34456735155565,0.945957001744239,0.850716823748121,0.296739221767055
248,82,-0.268394669019062,-0.60626188994387,-1.0162719440716,1.00818591657114
249,82,0.0665710668002731,-0.156038025512028,-0.476728219855468,-0.380297318401028
250,82,0.797112377107265,0.216762626131964,-0.705223837252101,-1.53448025077962
251,82,-0.149709576998069,-2.44419596998442,-0.950383207706374,0.377776192979985
252,82,0.748859531461342,2.29199826659741,0.425671517386013,0.0736639174361157
253,82,1.65317184819655,-0.395090513096344,0.65695064707358,0.27210188132824
254,82,-0.658597734505786,-1.78179126049714,-1.51805902212862,-0.463311022255162
255,82,0.240752915963755,-0.156639866640459,-0.775432088453605,-1.78902949053354
256,82,-0.359470745194977,-1.27097455971763,-1.23541594619674,0.283979169882759
257,82,-0.262864751930445,-1.11245073321945,0.152027310783958,-0.986730444118558
258,82,-0.647414223118296,0.593087842195584,0.297155450054044,1.14794464204649
259,82,0.208283926842598,-1.0499133360591,-0.65322345614947,1.35437629921053
260,82,-0.354802224126011,0.266831695244263,-0.921676620721283,-0.603666654327817
261,82,-0.00193859235709108,1.00314320310032,-0.42275116168597,1.5719120801316
262,82,0.835168957413139,1.81999714189397,-0.39606092912361,0.633219752956031
263,82,0.0425937268936737,-1.22150862892345,0.702874502666551,0.736210389843193
264,82,-1.70156720780577,0.820801653073705,0.34063137577033,1.56439682672247
265,82,0.701886947541301,-0.0530263763057171,-0.463083918580854,-0.116805357450322
266,82,0.249785615223755,1.40795499262514,-1.46475201853061,1.13856038627772
267,82,0.293235399694238,-0.256271537174775,2.6344729818929,1.12274071748213
268,82,1.08586242744637,1.59767264298194,-1.21124703396763,1.12535066379935
269,82,0.455561391815081,0.46983986246817,-1.59438641029854,1.6771206507529
270,82,0.523584964197644,0.113362962854128,1.41415246075883,0.841568447231279
271,82,0.53499120879664,1.20973704794671,0.39528681473652,-0.0908560376555249
272,82,0.656662760798258,-1.01543799188603,1.87772754280439,-0.256018263193751
273,82,0.757146121587604,1.59538550020858,0.774071987156036,-0.337871570524678
274,82,-1.01370805520082,-1.57259294246789,2.34487427908579,0.015668182643534
275,82,0.502921436469671,0.237491165202848,0.386671873880503,0.384531792811616
276,82,-2.15414757271675,0.0805374382222601,0.384343641470885,0.99740304442854
277,82,-0.54367637475919,1.21223255521444,1.32220053136664,-1.65716971237551
278,82,-1.07347871135997,-0.527746766883259,1.40158539874656,-0.924616628792422
279,82,-1.89121336607036,-0.732725131341197,0.466849114934975,-0.626465602696457
280,82,-1.16842039031753,-0.276390971142366,-1.08264726292183,0.463510334868275
281,82,-0.899838092452837,-1.70593750025824,-0.319040702860728,0.387651636900115
282,82,1.49277590383821,1.32700645477308,-1.20045504617103,1.45953553266776
283,82,-1.83623592338895,-1.61945827208889,1.12244718453399,-2.55803100344861
284,82,1.91000311931687,0.278106366838203,-0.0317732472099348,-0.297656195607647
285,82,-1.19178203580802,1.20157040773113,0.551814607319492,2.07923653932668
286,82,1.14521317212576,0.794667323316432,0.0175183272910148,-0.689772510195934
287,82,0.906113748623579,-0.223468414219745,-0.0193797193965555,-0.297088412480656
288,82,-0.983485698396664,-0.0211166650140087,-1.1412692873396,-0.635898483864454
289,82,1.34899161595642,-0.578380204084222,-0.735065542325216,1.52601720174812
290,82,-0.577575315174107,1.16732799266426,0.193985838170905,-0.751552485145636
291,82,0.0151353514116225,-0.717258037447467,-0.403157647958358,0.827915528306844
292,82,0.405627144561302,1.4393166035978,0.391817856778438,-0.791433736016798
293,82,1.43128340950587,0.015804210046149,-0.0721803053611202,-0.0467430015083201
294,82,-1.20062659141536,-0.0535056564418934,0.142443416718114,-0.143140949460985
295,82,-1.45805707727954,0.274600661395829,0.0524775642505426,1.43631956416962
296,82,0.182729832085365,1.12784310137123,0.369378616057286,1.75778181919434
297,82,-0.727758189123223,-0.0592473985374804,0.0191505207539887,-0.617489251851364
298,82,-0.176164741674836,0.928646592461721,0.610366163419915,1.53984131820148
299,82,0.525034134668004,-0.413085244797679,-0.29137665985095,1.63950513091797
300,82,-0.399034666295473,3.23031357609763,-0.0166150877962387,-1.31555699129788
301,82,1.15225176054076,-0.374601655658112,-1.60058656887478,-2.64370851827258
302,82,1.31009968262228,0.143851333300907,0.83213357615715,1.18788535812266
303,82,-1.36472677298324,-0.567522774865848,-0.255517811736004,-0.111219224307945
304,82,0.403491158506765,-0.398761675702977,-0.208894993172329,-0.792490922071637
305,82,0.767135791077417,-1.25760211540728,-0.812236686758905,-0.49100732563166
306,82,-1.75330488367412,0.0661538862641967,0.736881349296472,-0.301112644826899
307,82,0.987918156623014,0.0870527197605712,0.288108860333138,-0.607667690069531
308,82,-0.719269205859619,0.568227286355768,-0.450266026276058,0.0821552064924465
309,82,0.237771348892056,-1.24667384095944,-2.27192460318847,1.34867675324733
310,82,1.0107779009659,-0.0908404098959115,1.24101512799174,0.788466001521796
311,82,-1.92988304986064,-0.313013044739818,1.70298040188861,1.6142119818564
312,82,-1.45865454062436,-1.13407971856825,-0.418399672467492,-0.0383171205189302
313,82,0.344469549401851,-0.266450825692838,-0.547671975886658,0.17843286509813
314,82,0.971464312283654,0.917324508446534,0.136357819656699,-1.38080139593842
315,82,0.744931276933037,-0.788836572467765,-0.00407120828647856,1.34730350444973
316,82,-0.608159737867141,-2.09118311241168,0.768407147333376,1.21908898279097
317,82,0.438542002040191,-0.666681656979522,1.22943488988683,1.04275606141059
318,82,1.96285412366807,0.0367848915593469,-0.520660819449442,-1.25927939925328
319,82,-0.171491027010926,0.281600167647292,0.768899702561328,-0.25068920915084
320,82,-0.442160926281073,-0.109212981099833,-0.0562368853301242,1.45458950141863
321,82,2.4132863913599,0.47265322806015,1.99234403694935,-1.02573912948293
322,82,-0.402316329906236,0.917812171922492,0.97145694804796,0.806528384931366
323,82,-0.688738456902509,-0.813220988434842,-0.403914685117267,0.995452422566304
324,82,1.39055464244793,-0.0459881275331965,0.891323034835633,-0.361522232918367
325,82,-1.59799201926619,0.422697107182619,-0.171921885971479,1.50154934261232
326,82,-0.337922503390364,-1.12736234426233,-1.81180794821181,0.204263355985021
327,82,-0.0917170570352067,1.30153572750094,0.55606042259855,-0.409637538606137
328,82,0.610864073695484,0.659670324671999,-1.43603809498002,1.62405177922991
329,82,1.23416755631805,0.192320216323901,0.315082733421864,-0.0102024169611736
330,82,-1.40722823314367,-0.0883373287225394,0.675075246454111,1.40893454540542
331,82,0.0401853412846254,1.57499836519826,0.150541969736657,-0.0453292106050916
332,82,-1.33900177108465,-2.50755400918845,-0.0567709550070379,0.54686392117935
333,82,0.495561811111382,-0.46934673322683,1.84190775006755,0.22020179471999
334,82,-1.04880479953779,-1.07298957071735,-0.132506917971307,-0.151110361289309
335,82,0.211357848987288,0.691523430363993,1.08973420423711,1.31225855728808
336,82,-1.37423372262262,0.523416974404898,-0.99951450839853,1.11643711044726
337,82,0.181679960119588,0.755248098495472,1.3764221391375,-0.755042045575836
338,82,1.87720156111033,-0.413942662409245,-0.693156160839596,-0.650029952698476
339,82,1.53938635790207,0.421687662694745,-1.69893402401728,0.632383654687306
340,82,-1.0392776985232,-0.391971463044139,-0.419092087388415,0.8546203467003
341,82,-0.810135503632287,-0.809159548453292,-0.674259511315808,-1.32989079903815
342,82,0.37249333901232,0.739683504333307,0.497260013164332,2.92528289682703
343,82,-0.48102574242881,-0.277530213720934,-0.262782144211911,-0.479452296143082
344,82,0.438012742244597,0.501142391094445,-0.210883084358301,0.103614883371782
345,82,-1.08108759456481,1.98050914670389,0.944448319287471,-0.644728390901076
346,82,0.701499987870309,-0.744343380176731,0.664251886098353,1.52129907874178
347,82,0.097209040053521,0.923246919199282,-0.943212575263086,0.262668350372477
348,82,0.759982591277875,1.21050875113599,-0.273609134572162,0.17369529655767
349,82,2.13496988878455,-1.02756387639047,0.598972131285314,-1.09276040056766
350,82,0.479994089576889,-0.31211309423816,0.37870916291999,-1.08836285697186
351,82,0.849970408281434,-0.385836747663187,0.0668964261443939,-0.464330889773297
352,82,-0.306664824341858,0.620226584747554,-0.667738343809011,-0.15023350006928
353,82,-0.403602221632834,-0.777658524485441,1.57426140566528,1.48235386052694
354,82,0.0479229332029002,0.847505451406018,0.0205393980452709,-0.748644467763709
355,82,-1.4143615243043,0.408815873259554,-0.00506385757008952,1.08866849417998
356,82,-0.730585182045032,0.76933879111554,-0.219891218465024,0.82212571352912
357,82,0.732960132360702,1.20256644944014,0.153480732776684,-0.361043249532189
358,82,1.40655120764299,0.0213751079926635,-1.50074597299753,0.251060073613245
359,82,-0.0815173618323986,0.0705210667852984,0.387420898803765,-0.202781863620438
360,82,-0.631090845429908,-0.486600013174211,-0.905129067653158,0.509123303567477
361,82,0.156802469157485,0.660900714496987,-0.408322404434849,0.814052817014479
362,82,0.40562532052483,0.124379292627851,-1.35875018742459,0.869507345827659
363,82,1.92910674872086,-0.922430311445773,0.979645439494434,2.2406993697071
364,82,-0.113105115353219,-1.27464641419736,-0.0963640920291525,-0.663315025496539
365,82,0.154690232102164,-1.9572791708753,1.66729480250639,2.00078551070175
366,82,1.31928350350336,1.4569439591411,-1.28570485849304,0.416294368665817
367,82,-0.36411214339848,-1.19982607853262,1.57627516075269,1.5398086627471
368,82,-1.19651987921414,0.868312671136037,1.39453164289426,0.317967945042569
369,82,0.609725098493971,-1.00307735055677,0.250453831972122,1.16980521849229
370,82,-0.0835933076694877,1.8305994692698,-1.96915352010036,0.130710035403323
371,82,-0.347697742764731,0.881131137348579,-0.134566338358464,0.695815288558574
372,82,-0.366702364806194,0.424751839430905,0.522246922012902,2.07459298169062
373,82,1.10860822365145,0.312556261594439,-1.29356900228477,0.514064582964381
374,82,-0.432329326071126,0.637329437889073,-1.51607423905278,0.752775224464088
375,82,-0.744919801620666,-1.68840656218152,0.524486195897844,0.10038744115271
376,82,-2.44343411363095,1.15308105224089,-0.591709801703545,2.01640708527783
377,82,-1.26502266885098,1.57110940928866,-1.67314560949145,0.338056615577841
378,82,-1.07331125845858,0.899553391092519,-1.15683994882488,2.22821136064902
379,82,-1.44039616548731,-1.26073152961259,-1.43643209607937,1.40905335019139
380,82,1.01980522739105,0.249066382269231,1.75972049629004,-1.13410821275903
381,82,0.8049889030656,-0.11829371916916,1.39146198013599,-0.0647846018894593
382,82,1.64383831707958,0.399648600482654,0.707475603706067,0.0304474918024406
383,82,0.747207790289541,0.535098124488876,0.998343119124733,0.838718335508833
384,82,1.19418394498578,0.80591802656743,-0.116739351107643,-0.431004792887214
385,82,1.19375849656111,1.74033999696944,0.733588952794568,0.0525213446093228
386,82,-1.02912893554126,-0.244614965322536,0.212826764694866,-0.104766406180407
387,82,0.982530067230426,0.394482777743219,-0.634368897843671,-0.141327421788411
388,82,-0.19960032438103,-0.918550266079601,-0.03786060899199,-0.699241389124459
389,82,-0.763204777171078,0.368387842013329,1.14927988069634,0.846093817758384
390,82,2.24609025481417,-2.91223497387081,0.815321113042992,2.24384489878448
391,82,1.42579751960911,-2.28150813250433,2.7130158556778,1.00231610514458
392,82,-0.801659597990294,-0.155001273004893,0.857329318623086,0.24722996652918
393,82,-1.17043234949233,0.626481510857833,0.360862431573698,1.19107697886723
394,82,0.410420633560909,-0.970115140006543,-0.516939074940421,1.43696831962627
395,82,0.178749434510832,0.893927167972125,0.247877251885109,-0.241479244077396
396,82,0.100085108666203,1.26961810981571,-0.597088282687326,1.18227788316102
397,82,-0.29107306089838,-1.60735037163434,1.59194093349006,-0.34664837335681
398,82,-0.181505874054819,-1.09200694698513,-0.983849124217127,-0.168098408703654
399,82,0.863083288467955,-0.484735265373505,-0.141781742910154,-0.0475476306512208
400,82,-0.348358624615265,-1.55080659077961,0.885704476435717,1.21362990769179
401,82,0.434849672420484,0.203794566260052,-1.62124383403901,1.90835291644834
402,82,1.97414813909239,0.826259566130172,-0.879800751820262,-0.229887396455395
403,82,-0.76250720247929,-0.0925360958102084,-1.34371708582464,1.90764375155873
404,82,-0.353773699026018,-0.602273868615201,-0.831539060469483,0.10742435415012
405,82,0.632086378210473,0.467810111329248,-1.98613549325355,0.644207594630933
406,82,-0.897685905365662,-1.58641050878185,0.626627328696959,0.645686027830094
407,82,-1.01106326412627,0.666255919325097,-0.675373352699352,1.14026734386961
408,82,-0.28964345905668,0.121951880561515,0.57385627045721,-0.41125623817483
409,82,0.104696751953907,-1.01748549030663,0.878134714366493,0.552585814927962
410,82,-0.23624881813136,-0.52278306563069,0.438990107007849,-0.673489266580488
411,82,0.879399926246547,-0.521493363196985,1.46015079916961,-1.94231693386523
412,82,-1.0281044503347,-0.139247079007626,0.513896089802658,1.82797498369248
413,82,-0.44618208678663,-0.656765368263944,0.893365984857618,-0.679128822124067
414,82,-1.59427847996495,0.835086898361895,-0.144869817064123,0.982915824599104
415,82,1.54908205477461,-0.716015663351545,-0.602269188344213,-0.0261795996001955
416,82,0.358789431554421,1.3701338026802,0.216808889045679,-0.0654830526897253
417,82,-2.18001950396002,-0.128253569668077,2.44509652413608,1.13513779889981
418,82,-0.0534787435036568,0.521818338348134,-0.920371690801881,-1.00699915804591
419,82,1.0666832087405,-0.788728094659118,0.0690331825030105,1.00583889542387
420,82,1.15933023529319,1.00728097431455,-1.17975203895857,0.817712635687711
421,82,0.190172806304093,0.200121451465852,-0.346826137576222,-1.19958010180231
422,82,1.1234379112077,-1.51863952759099,0.00339027096160669,0.415388957610391
423,82,0.606844201535054,1.06532973651793,0.691686208949124,0.874671400294611
424,82,1.18923334714145,-0.139825672070387,1.24057598388754,0.510382158072073
425,82,-1.74393080470613,-1.80161868226612,0.325905263249154,0.89656858614298
426,82,-0.27526161339249,-0.310607668989334,-0.158068387402344,-0.990123234394074
427,82,-2.04954530628482,0.302300443552656,0.466709412790802,1.31296094238189
428,82,0.710156509904635,-1.00390919549246,-0.479107860362598,1.97084036177257
429,82,1.04944675665588,0.652588372632326,-0.64148380262901,1.36749416655711
430,82,-0.781148529102486,-0.801110373515806,0.234119051090973,0.0419319584171158
431,82,0.367800675051619,2.07241101078386,0.351004417690909,1.36689209238185
432,82,0.185011148084508,-0.994157306904038,-0.144226358629585,0.738716480711741
433,82,-0.617198785646371,0.210382163810135,-0.519424273005934,-0.584572233675761
434,82,0.60267927808775,-0.0801772159094456,0.57808240734638,0.687216186272561
435,82,-0.484558557750644,0.788441905721046,-1.28052477594992,-1.12955962581206
436,82,0.0655681091962769,-0.0733615088086523,0.278261797873584,-1.4172820295169
437,82,-0.355743282582472,0.00439090334305768,0.376743098281645,0.609585760687547
438,82,-0.364440256087188,-0.74447378524453,-0.800617964829165,-1.74091158512063
439,82,-0.101708661965238,0.251254455150252,1.34255886997602,-0.388521839044209
440,82,0.773197641950091,0.741280377761177,-1.82618348829858,-1.81651091778551
441,82,-1.65195860969309,-0.242182869474338,2.13623516463486,0.984728343685737
442,82,-1.33378956481144,-1.06814272476583,0.31138135987523,-0.600901781581789
443,82,-1.61629698817238,-2.67784832468551,-0.270200928728561,1.25756486156234
444,82,-1.97845010041764,-0.425509581902987,-1.75510078325251,-0.303872165265581
445,82,-1.21143401090275,-0.290710655845563,1.89155095731464,-2.52614918792761
446,82,0.906737427401591,0.729661393427407,0.293989961259691,0.759842464058686
447,82,0.521974988254529,2.99564718651435,0.459436397026213,-0.601630640463783
448,82,-1.47765979825989,-0.235635178961086,0.471758167319195,1.75223054076795
449,82,0.0934069534640678,-0.196653161383571,-1.36705841915232,-0.81652734952401
450,82,0.323123032546887,0.162316032037975,-1.12809682137917,-0.479120131375847
451,82,-0.667922755754115,-0.0223136343990608,0.110268983407857,0.596916995934247
452,82,-0.122562555584038,-1.03772146931424,-0.35538920389368,-0.672603240161551
453,82,2.10302221776147,-0.874426867025715,0.262202133002821,0.481733811761212
454,82,0.0521487816973089,0.153319399146706,-1.81742630632627,-1.75264390651879
455,82,-0.609104767481637,0.414695783827838,-0.789123546763068,-0.682458376362209
456,82,0.0470378403435395,2.43738602951218,0.898395520086647,0.694831631551386
457,82,0.145502535132251,0.144038287138531,-0.00700308027960655,-0.0801942083228024
458,82,-0.321151683111739,0.654979032169867,-2.33676372678005,0.851774670517829
459,82,-0.203035542818725,-1.1148603994209,-0.429466253613806,-0.195038072116469
460,82,-2.60394408565009,0.302908926958154,0.53205889618538,-0.0124959089466628
461,82,-0.1873385620055,-1.4147576745585,-0.971757777776227,-0.289703574167366
462,82,1.04409596473521,-0.675829966361608,-1.33514826941779,-0.0391280363742891
463,82,-1.55601449906202,0.0258070771863201,-0.561721173737268,0.108778565301785
464,82,1.35691064644775,0.101316323683982,-2.0137829479613,-0.951448176302372
465,82,0.990417235650227,-0.21828445246807,0.744575562735527,0.365028872311003
466,82,-0.911645697420716,0.0406487743519142,-1.1950595623476,1.36676713019969
467,82,0.695879193122209,0.285230063206593,0.0672925526998716,1.40660209100266
468,82,-0.971141010383653,1.13211942672946,-1.22059290331415,-0.52004414965768
469,82,-1.38050935622838,1.76247002928941,-0.769656324987507,0.63901842052378
470,82,0.43249559711708,0.138429173534656,-1.28425751866579,0.632893757171788
471,82,-1.02652899615276,-0.350457113767681,-0.729967150177907,-0.489150538075127
472,82,-0.246441019896706,-0.262959904304209,-0.488596583098032,1.59461808106174
473,82,-1.01535092740486,0.112197572902599,-1.32643220021569,-1.37518710345778
474,82,-0.867568998525534,0.675123786291729,0.742032326450128,0.24072129136397
475,82,1.10193628907542,-1.04890322657298,-0.355017300695433,-1.07377875324556
476,82,0.672666640925315,-0.227003335684287,2.01890520784099,1.29970529630167
477,82,-0.176264980110533,0.675675215233292,2.06948216984264,0.158346371370746
478,82,-1.18600965994204,0.0891363501617918,0.786826836762459,0.382613733797881
479,82,1.57385149087998,-0.993803806008241,-0.546528718282732,0.247271759032334
480,82,-1.65297967243971,-0.599554402943007,-0.0648163660667377,0.155993415001068
481,82,-0.60760841268888,0.869048219002503,0.726350967501183,-2.27983431627347
482,82,-0.517831323145834,-0.743897212985965,0.543751061204042,0.784119412747288
483,82,-1.37310937271244,0.950547069986915,1.16878933768219,-0.333333725879855
484,82,-1.66794399904664,-1.0155336865454,0.68952209596062,1.13401804195665
485,82,0.563488803310842,0.146985004699711,1.74229514028596,-0.106771061560155
486,82,0.311433048291001,-0.00278077776701588,0.101793689393047,1.99890590778423
487,82,-0.7537359519223,-0.329593918375694,1.21051094405747,0.402488597080092
488,82,-2.17803139303442,0.867491665468839,0.418544975747427,-0.378546948973457
489,82,1.20977550670361,1.31725625442155,0.209174479805192,2.42015119573633
490,82,0.361068935473035,0.914155207729309,0.230404430480687,-0.293810886430448
491,82,-0.756856750906605,-0.509751188962167,-2.68942278413181,0.789909050445737
492,82,0.302832101501476,0.766683227944887,0.328776956439636,-0.890185806634126
493,82,1.60873379401883,0.553382619226924,-0.28419683222817,0.222132638040842
494,82,0.519386495083153,1.02186000455034,-0.177119204907756,-0.63444881790862
495,82,1.09240863683934,-0.324731253111614,-1.64127895297184,0.637486398323087
496,82,-0.429502788459174,1.52031592266825,-0.443092348922171,-0.927621180583513
497,82,-0.88092936952415,-0.10267692197744,-0.882638678065679,-0.925532531099832
498,82,-0.0841351509544205,-1.94496727514952,-0.545448714508804,1.36241176229354
499,82,-0.925933316034942,-1.21470281837538,2.07697133861892,1.28536566823504
500,82,0.27980305174374,1.78604899190082,2.22204968835042,-0.490961040016895
1,83,-0.855610775547665,0.281571591695632,0.446283934186905,0.298394327011614
2,83,-0.215936515824425,-0.434016772631992,-1.10735349095764,0.023567251532002
3,83,0.22016219653906,-0.709038901740343,0.410792813990099,1.74943138777495
4,83,1.26289941979736,1.06291365137659,-0.0939238063300034,-0.436396696539321
5,83,-1.02364404813501,-0.696886950466313,0.236439997803635,-0.60701410980066
6,83,1.27463375731641,0.0125459779849202,0.804292245780875,1.90206887760389
7,83,-0.331503435944578,1.68875080359267,0.164886222231411,0.6147864794202
8,83,0.0958398238599756,-0.0369559982166515,2.47145412400423,0.842716974116733
9,83,1.94585959898083,-0.35127932968162,-1.42781526973268,0.35493209419281
10,83,0.786509278820694,-0.0593732468694956,1.49825205747831,-1.09024431123878
11,83,0.14427679998726,-1.3938569747149,-1.12218761430879,-1.26508906020091
12,83,-1.39787694208677,0.0532299002806923,2.16583201969445,-0.773458915374463
13,83,0.572867376655769,1.2077940928219,-1.87026180457457,0.049561216486651
14,83,1.07515949812647,-1.74203582466878,-1.36856534240942,-0.821541154114088
15,83,-0.186868213686888,0.001151786046031,-0.263992242445896,-0.555591807623815
16,83,-0.358711433268675,0.929322408309474,-1.50817050674435,3.08660232565655
17,83,-0.450865051826052,-0.573756385656748,0.607568101436865,-0.397577909681267
18,83,-0.438568746039641,1.20173050152823,-0.654001473816549,-1.86939054840175
19,83,-1.42539171548529,-0.70976065283428,2.25974168715803,0.824332098480102
20,83,-0.3143525486132,-1.93632188722354,0.28368510928702,-0.620999428556979
21,83,0.758596325223448,2.17962039180736,-0.335835874499945,-0.190457807899008
22,83,0.760354868533992,-1.75136674870937,-1.69046710432689,-0.272052837287664
23,83,-0.443945721369891,-0.14290034497281,1.11620163313403,0.168045928805677
24,83,-1.71219116878091,0.273526528796043,1.73597692268158,-0.36314116513041
25,83,-0.238901381182528,-0.184709195098233,0.440923614186233,0.45144458514977
26,83,-0.0997362106188019,-0.479364286122961,2.18102750756626,-0.32098608099753
27,83,1.01380869028433,0.153483681878434,0.333519760756077,0.0492089973899762
28,83,0.731713304371077,-1.22547146979654,-1.11524697427044,-0.156548948282189
29,83,-0.136858122080471,-2.24224724783485,-0.00678704081025572,1.00999682706593
30,83,0.791879595120346,0.0101022341077357,-0.772936061210754,0.245344394117536
31,83,0.0878830966561248,0.383441737874178,-0.903276274258414,-0.258633157554017
32,83,0.814966918420227,-1.58810494329948,-1.2095821023954,0.0239546838371074
33,83,-0.775967486633128,0.0490116691344406,-0.219928825031483,-0.544250979892491
34,83,-0.848428265619615,0.80373177169813,-0.366344253998388,-0.20766195506925
35,83,0.779859018173037,1.18755021573544,0.682791442227312,-0.892776823840309
36,83,-0.642314538203352,-1.79193561910217,-2.88514782195845,1.24140405270207
37,83,1.91573702058321,0.55734923401303,0.50961140838846,-0.271537115289097
38,83,0.698139766416705,0.676423172218755,0.407561165436008,0.0617455726986249
39,83,1.02319293475731,-1.17385024682484,0.976013145947736,-1.05248032926157
40,83,1.01147117112072,-0.841699845864713,-0.653449920281403,-0.435348877473995
41,83,1.79503448519897,0.990203988143989,-0.250651170129904,0.222546026191083
42,83,-0.26049641082289,0.227686475581414,-1.5567727726792,-0.340342609405449
43,83,-0.793579968720678,0.0900224697131685,-1.22740205448504,0.239813122337861
44,83,0.785736593588428,0.73278445729145,0.385189860104168,0.305877297674522
45,83,0.60463271070182,-2.05847289454808,-1.25994568121221,-0.372053518250827
46,83,-1.65308927694106,-0.8946035746615,1.29989338008662,1.25416537375657
47,83,0.764311139298865,0.0142484428596062,-0.576865955724165,0.523325569350101
48,83,-1.54564166043529,0.234307351291433,1.28317792592027,-0.103689894800896
49,83,-0.334147162251885,0.0280956553981724,-0.0236168224824986,0.75370359371629
50,83,0.113513125548357,-1.00859803349361,-0.703389070927363,0.638953519583499
51,83,-1.1927333887074,1.697123875696,-1.45173015629683,0.458835288236047
52,83,-1.76220807633025,0.182664686621114,-0.755303639606001,-0.0729198573405905
53,83,1.00178817651383,1.38292815421326,1.33711347638917,0.199776692382166
54,83,-1.38438259329557,0.524276031395461,0.662117567232627,-2.19705811716512
55,83,-0.465294198491149,0.232564176129975,-0.0772666047477004,0.502256363087623
56,83,-0.791808262259776,0.725119457778973,0.640644687748134,1.97832069657179
57,83,0.298832723686048,-0.388427548596938,-1.47204605824233,0.268305694882382
58,83,0.435891690439762,0.27261913044737,0.391694954177117,-0.108041856118863
59,83,0.406594107565513,-0.0128698444820758,0.0611144104269436,-0.899719198309151
60,83,-0.56989350989963,0.353917950572654,0.171520562512545,1.86226141174336
61,83,-0.108210751819349,-1.00878677308241,-0.868774347090239,-0.673910018207241
62,83,0.207855673446123,2.31027100383381,-1.8370009851926,-0.430894381910484
63,83,-1.24904351018704,0.565605832759423,0.42402247039852,0.875732972077689
64,83,-0.414330299706383,-0.800502626909426,-0.470595269884103,-0.352629240343399
65,83,0.77685622313666,0.823790099926118,-1.32188102115847,-0.293373267082729
66,83,-0.0531151321319448,-0.286459251290123,1.03208585391319,-0.059192821189517
67,83,-0.0795883467994928,0.736520953057735,0.468361377109793,-0.190597973504717
68,83,-1.46373196894109,0.68552296140962,-0.312848696826307,-0.963636771293764
69,83,-0.410137547080348,-0.398746178698471,-0.253537314474273,-1.74064513350796
70,83,-0.805884708559291,0.176382076900609,-0.288577281935492,-0.462388621936415
71,83,0.361645908967584,-1.53616203133361,-0.132047140417328,-0.667267308367632
72,83,0.490765743171614,0.056588539552899,3.09785320293528,-1.04611547843583
73,83,-2.5246330947666,0.177102785852011,0.0437662121401946,-1.16918549189616
74,83,0.0476695749552686,-0.54307370864816,0.0620412471231349,-0.606113221149748
75,83,1.2728367283961,-0.203278139784442,1.13820823555724,-1.82527562863653
76,83,1.32748956726,-0.85569933194798,1.50486119034219,-0.051401760144205
77,83,0.22554308839552,-0.21689687901418,-0.429719816574314,0.694276039877813
78,83,-1.03675983133385,0.360417587471583,1.18536481918282,2.87630977868284
79,83,0.0786625033884743,-0.232298638242508,1.13130735208488,0.124950370365445
80,83,1.37937274358375,-0.34797754551413,0.462890426607806,0.349494162490672
81,83,-0.862954502619274,0.669924109197399,-0.2299739436796,0.0463011824125674
82,83,0.926236346202521,-0.626599317520694,-0.612342097244237,1.07396657607608
83,83,0.946778826034592,-1.17711685304806,1.03118353426944,-1.53079091990534
84,83,-0.428640507761758,-2.28267174923712,0.371815521170296,-1.17478020142058
85,83,-1.35539001667467,1.57924653848468,-0.0411563976029132,0.643530061644662
86,83,-0.958236036299952,3.05478171468451,0.559962796673653,0.825958558460738
87,83,-0.886284201246732,-0.241144042767066,1.33708520944749,-1.31643909544133
88,83,0.169825211684325,1.7270658344474,0.0242443567552986,-1.31146603975074
89,83,0.0947728550632034,0.176775591581825,0.976222414939892,-0.161756102707393
90,83,-0.34111645394537,0.873346156290391,0.508102764687202,0.883625807479029
91,83,-0.268477384756197,0.757852330990912,0.687224740560551,0.353504029533144
92,83,-0.0354866992823504,-0.65440363367912,0.73891791900939,-0.699606497507492
93,83,0.198462466910598,1.17197881647886,-1.48512456857411,-0.520117796018396
94,83,-0.999521354629626,-0.0979733770747028,-0.0679813736068636,-0.0775455990173532
95,83,0.34316520177556,1.76008346424552,1.88278223346345,0.215941346369281
96,83,0.0286844199748966,-1.10488055647675,1.16456522976082,0.132401959073764
97,83,-2.17527273405366,0.625565999949395,0.188079440190329,-0.88910638468948
98,83,-0.28815997831479,-0.0119564150486489,1.10667909682336,-1.25841124700507
99,83,-2.78474643764456,-0.230097166115098,-2.8489956447447,0.268674096067937
100,83,-0.560626036931744,1.92025855398591,-1.09398527901389,0.553179931946337
101,83,-0.105311882133165,-0.610217203487863,0.0918225098871671,0.179210307003733
102,83,0.395694489840473,-0.778665627406386,-0.158727135298235,-0.401282995970238
103,83,0.215477519199966,-1.3054368593317,0.913778105028245,-0.150563964835349
104,83,1.88825853068679,-0.33500271957551,1.50320213242486,-1.54710566026231
105,83,-0.484276090971323,1.93264210964064,0.258772837989174,-0.486439663780682
106,83,0.783009202148409,-0.324311823249235,1.1102551166195,1.27245946606113
107,83,0.407446563537971,-0.497541978994733,0.0857700061732104,0.182073294212913
108,83,0.515545691458166,-1.11002003277896,-1.42483498938439,-0.38159711866051
109,83,-0.391999546635809,0.127896042528622,-0.169977996822334,-1.40083528302623
110,83,-0.933862425292278,0.667099070202949,-1.2075256631419,2.82061525151976
111,83,0.379208767941374,1.45648509748945,0.633566763188999,1.10312956162087
112,83,0.45431786624464,-1.43020870165915,0.103477636203852,-1.39645890718751
113,83,0.867176624415728,1.05650970853707,0.0985504444929857,0.238530378770557
114,83,1.38525114660151,0.992776325279978,-0.10739208061002,0.191945956877774
115,83,-0.0612548833632996,0.327956898263568,-1.47081147557488,-0.675594651015586
116,83,0.336104005875493,0.733475436115549,2.19344342163354,1.14107146151507
117,83,0.211354653727542,0.646963892832871,-1.31358078172008,1.9903857315494
118,83,-0.110100166962193,0.48282026469405,0.669222355390241,0.491074899800589
119,83,-0.221708462114988,-0.91404565890529,0.462010346053878,-0.786214986278466
120,83,-0.770435314308071,0.216041372112851,0.925118716292504,0.602442607767765
121,83,0.277960584792214,1.05259614139914,1.14796094969631,0.0495588013677291
122,83,-0.484159824646461,0.475943578138642,-1.37411643327651,-0.0115582584042911
123,83,3.15702270916988,0.732821872125842,0.00363527864609877,0.253319342181962
124,83,-1.50083463105845,-1.7932271962023,0.133666385940224,-1.93455355488243
125,83,0.709754788354601,-1.06972967393539,-1.03242619277023,-0.0461687357735314
126,83,-0.36693701466444,2.40387864741077,0.324371017272711,-0.20303325533765
127,83,0.33766562672879,-0.439008812074821,-1.16229709086693,-0.633245709106072
128,83,0.907882908839565,1.68980999936689,0.928153333279551,1.95274824340002
129,83,-0.115556450625524,2.55234988060948,-0.238159170798812,0.0470750008698013
130,83,-0.105861474545895,-0.566003917523322,-2.71098570601166,-1.04219421907516
131,83,1.92399508934447,-1.3003850057896,-0.781077224422616,0.306582788113537
132,83,0.599136812521888,1.9480093124311,-0.274689618089485,0.167078863914556
133,83,-1.18446626614082,0.474813205509373,-0.638370291849811,0.52768497852902
134,83,0.163395856811038,0.166462382870564,-0.425543731858158,1.01397499748491
135,83,0.554711639984496,-0.0797828554724045,-0.706076385936933,1.27732175766425
136,83,0.924117954289929,0.194536456458864,-0.241095932394946,2.32347239866745
137,83,0.461945316192969,0.573794017875003,0.851152337173849,-0.0516603733006669
138,83,-0.326601685548311,1.61274545616903,-0.722444097700661,0.673195037631982
139,83,0.579919822808746,-0.800090862044767,-0.671533903666327,0.963538810552973
140,83,-0.113338931607309,0.252925916439718,-0.130164591758305,0.661142480516188
141,83,-0.100059861001557,0.59336411599298,-0.134142774843586,0.491282452989259
142,83,-0.243189990570012,1.74989447357791,1.05364759919221,1.34766219840402
143,83,-1.57105930618089,-1.04305378533528,-0.279049303268308,1.13570009725177
144,83,0.388029761735641,1.44413227302572,2.970625544285,0.381360768781008
145,83,0.414450812072435,1.72296959286159,-0.245361768331268,0.267959494653454
146,83,-1.18937294665797,-0.242893714168865,1.75722754887093,1.08892057645819
147,83,0.355804571962327,0.528418520740775,-0.343893312694547,0.853499914849056
148,83,1.1960140448195,0.156601342317755,-0.636109613799261,0.456332187272796
149,83,0.366030739221326,-0.338113999195217,1.42659996232793,-1.95138053199471
150,83,0.415711573820466,-1.72798976811551,-0.984636847372955,0.18336367134276
151,83,-0.41125611451891,-0.176558437478141,-0.628929212639575,-0.0870422492556506
152,83,1.09370893410109,0.0639242948746041,1.40672252931746,-0.383957215877072
153,83,-0.516367238580296,0.807600663238719,-0.746605841944652,-0.758414122236253
154,83,-0.462204635786404,1.31492813791518,1.76143396336583,-0.109889582672628
155,83,0.836478829886968,1.30393295114074,1.1741780963003,0.88496825589395
156,83,-1.24594381496782,-0.708476770295639,1.47472445213947,0.532310267364809
157,83,-2.28976453558499,-0.495614726809022,-0.199901307381682,-0.426093655963054
158,83,-0.50430094194173,-1.18859131640649,-0.398822371880888,-0.846467109170927
159,83,1.87794688150647,0.149006025932096,-0.795378611071811,-0.555002459937601
160,83,-0.695770180012877,0.750098622178657,-0.0367468283108491,-1.29405197962606
161,83,1.93229037625517,0.795368986706585,-0.51126606119418,-0.783704302492927
162,83,-1.11476032272558,-0.496993465679004,1.04614025011938,0.795854732728057
163,83,0.528538164297962,0.263286588081562,-0.276658752781785,-1.09190358198997
164,83,0.328026740139519,0.0883016504665886,0.513724341271316,0.174323114572055
165,83,0.0652005916270044,-0.206432540609228,-0.110864325549119,-0.640475362578476
166,83,-0.285526889235233,0.992915132963465,-0.122240520821794,0.981279595959117
167,83,-0.770296105974685,1.22559866954403,-0.600662679912031,-0.954355346938871
168,83,-0.0888983590715279,-2.25090040957517,-1.54775953470787,-0.29084482162449
169,83,-0.200584000585675,1.55151224833698,-0.313674305416984,0.487476906926842
170,83,-0.0144372740990101,0.922848350652583,1.31722230222448,1.26582774135715
171,83,1.62364962608132,-1.19388882485867,0.970424504322591,0.915424304878407
172,83,2.57145333345808,-0.85132398562625,-1.82670357690663,1.92163585418559
173,83,0.0808080431129895,0.835095614762666,-0.692979199517776,-0.248246715874497
174,83,-0.40561482056066,0.165446892316261,2.26576220711786,-0.479514525251546
175,83,-0.327060596888811,0.0888073777431178,0.764027679595219,0.311586543794263
176,83,-1.16619226336347,-0.368891602396964,-1.13876027590153,0.748401780173552
177,83,-0.51345087581772,0.35031075066042,-0.642703277343572,-1.18096936094446
178,83,-1.21513705333718,0.0593984131569454,-0.802262654804218,-0.38308682113232
179,83,-1.92686068605938,2.1516439407456,1.08138096861575,-0.16211515020223
180,83,-1.92779053429502,0.474271187442115,-0.869617970372084,0.0191738201430285
181,83,1.75898204483199,0.925698284782473,-0.643106922774945,-0.925939414710848
182,83,2.07166924146929,1.88829162331068,-1.39279332004616,-0.0758225605502083
183,83,0.116942037655728,-0.0266547725813736,0.0726979681272723,-1.03207876909101
184,83,-1.99202270399168,1.0419574995049,0.480525601676052,-1.31460483225971
185,83,-0.862653651355282,0.614531597105513,0.795236365232334,-0.959165000970317
186,83,-0.0705198005047408,-0.485327498885772,-0.762117713332826,0.933929663080675
187,83,-0.116730386764034,1.0424364840157,-0.96022096707723,-0.0173191687548727
188,83,0.336387381612074,1.08622161832012,-0.555174049637485,-1.21357060274084
189,83,-0.439155913784247,1.04159563155604,-1.47128361535514,1.65847357715869
190,83,-0.875704186441573,-0.39852769294532,0.92996020028356,-1.0030330713271
191,83,-0.632406212991216,1.16245486327728,-0.306067961389052,1.00436425026507
192,83,0.0593180109110464,-0.34081849692444,-0.297267114139941,1.89663100629909
193,83,0.314508349169018,-1.54986903450461,-1.44321561428905,-0.922303997596125
194,83,0.244475744637642,-0.443207085860987,1.85515688228159,1.61131377464308
195,83,-1.05281969890825,-0.732896086170142,-0.178928236992171,0.642040662199377
196,83,-1.21983160852135,2.10696544140868,0.689524516327795,0.796344779564741
197,83,1.00499420954579,2.59714588276368,-1.44864268972577,1.08509988746309
198,83,0.549861635320802,1.37379546799575,0.678767428973552,-0.462590430066121
199,83,0.223209358033387,1.36976902805046,1.11485068667527,0.771706060864834
200,83,-0.114036899694447,-0.194096708457735,0.238791681306038,-0.247591243831348
201,83,-0.725824525996116,0.952704792321877,0.764188779708637,0.195346959666773
202,83,1.00267066407708,-0.474631584877527,1.51744797892255,-0.964240578632472
203,83,-0.816667601064922,-0.14991641636175,-0.218879882340599,1.61635363346004
204,83,-0.231072631279183,0.0147836909350581,-0.882496132806093,-0.632537227962787
205,83,-2.29618607661024,-0.473593617791138,0.527836694556026,-0.119519959816707
206,83,-1.73406302070166,0.810160503362343,-0.795356563740556,-1.86303825500886
207,83,0.546573166928802,-0.995297282006934,1.4756945613245,0.508552073594602
208,83,1.46481806628007,0.141768832761251,0.848684234019575,-0.449033109536597
209,83,-1.14366282357306,1.02716178068453,0.345038319772892,-0.438520317555929
210,83,-0.521735780664956,1.12893821588605,0.931306617508385,0.226264279903201
211,83,1.53121201233189,-0.0885189235104051,-2.27845752751899,-1.43313221161922
212,83,1.19770837897404,0.244544562463108,-0.410862999975109,0.0745777057514948
213,83,1.23335711280819,0.251178029111785,0.505957455259759,-0.0442361758244922
214,83,1.27648105203348,-0.585445820026539,0.0874701158000724,0.442841380462328
215,83,1.16566234079036,-1.47847161652725,-1.31737235791649,0.780691041337856
216,83,-0.676237882235082,1.15695123150863,0.377729892913999,-0.821806329733566
217,83,1.59582771601611,-0.862131599928523,1.90889311559277,1.97735000832891
218,83,0.675744008933922,0.123525730219279,0.532523678660725,-0.721988943285784
219,83,-0.973260786594663,-0.164893119997135,-0.083673127334009,0.500318138184834
220,83,0.324826160583335,-0.521771134672889,-0.373101922936918,0.930590540586662
221,83,0.178553236686442,0.651953002607554,-0.0510309764414109,-0.17909391469745
222,83,1.31829638727585,0.791705085012699,-1.06309140217238,1.44078585060398
223,83,0.0807034468475354,-0.205693786253868,-2.44361699014441,-2.56148940011032
224,83,1.2901772857392,-0.176262812087866,-0.425997412485061,0.321327284490394
225,83,-0.266290507801527,2.14392473102872,2.52326577522451,-0.48928277750324
226,83,-0.441421843881528,-0.726013219968228,-0.91529831699873,-1.07002391210405
227,83,0.600782548547689,0.472004525299243,-1.03551080221232,-1.34261629201294
228,83,-1.24302329881872,0.388980426122119,0.100424934335497,-1.11834983904144
229,83,1.30669984192816,1.27384048987615,-0.283231944193362,-0.52343948378159
230,83,0.160724182684487,1.11048836258781,0.65099834201891,-0.0763510573882321
231,83,0.475391224153647,0.419449176284348,0.525347234562175,1.41510262116462
232,83,-0.604008363115864,-0.626064990656596,1.08786299159173,0.161522568615831
233,83,0.909250319838483,1.47090420452722,-0.63691377805007,1.13081394204544
234,83,1.90100004398674,-0.294461125210676,1.18657617089097,1.72858881104296
235,83,-0.103827959161879,-0.517023632667231,-0.705912115757348,0.303270421768185
236,83,0.537818687764501,-0.585577993408075,0.210286174018153,0.0411928892089195
237,83,0.832237917369469,-0.295298524643164,0.0638450438882245,0.914887769071791
238,83,-0.169310330304161,1.01498904066746,-1.49626532361583,0.350375260385848
239,83,-0.208927867664098,1.10502962678298,0.191130801081069,0.268114210302812
240,83,0.529358455455097,0.301520039757434,0.867624851300158,1.4563507711855
241,83,0.167301317683415,0.195593070663749,1.12831453507353,1.41697272400519
242,83,0.375421098412595,0.119903454711713,-0.530957616444315,-0.101462176465909
243,83,2.17503649441944,1.56324591955943,-0.434695978895592,0.446430224005605
244,83,-0.175802075868991,-0.568496003928616,0.166012017476463,1.38335610652066
245,83,-0.287468674295377,-0.70229968236755,-2.38287148348703,0.767431794003376
246,83,-3.17167105768656,0.627601228254189,1.38524902611756,-0.536836633769153
247,83,-0.79366220506361,-1.10060201820788,-1.69833915179817,0.552334022716453
248,83,0.631270681999115,-0.157181989085237,-2.10388870361214,1.11926297458164
249,83,-0.0230730621547235,0.584923269452617,0.993595506863284,-0.303507404347201
250,83,-0.497214463996814,-0.654626322930494,-0.413596958377415,0.64893202084683
251,83,-0.192464269048605,-1.19203185051893,0.822393324685353,0.747034505677297
252,83,-0.308627646130015,-0.184316902623221,-0.854874818001954,1.28557839509947
253,83,1.10495799654941,0.943873538843003,-0.0859011306878862,0.800676716560831
254,83,-1.50258890982271,-0.0346642294808679,1.05754126885556,-0.659407826837331
255,83,0.594261096239631,-0.355531149535261,0.48466293579235,2.7078150628511
256,83,2.22792170888627,0.157308837122014,-0.84815095202649,1.11264298224602
257,83,1.96383822129656,0.678738735974874,-0.225617688658709,-1.55876746921431
258,83,0.47990689041396,0.0956156041847411,-0.125744427705244,1.50398654569218
259,83,-0.105555916624029,1.60717100288421,1.05427381514527,-0.0938637815206495
260,83,-0.538531619417104,0.014163119636811,-0.895978905725481,1.79211586994744
261,83,0.94111981377063,-0.235010753279807,0.208004834018185,-0.773544417604251
262,83,0.546674357570609,0.197883690743844,0.00789180697396037,-0.32630821250491
263,83,0.661333846275868,0.607184469075837,0.0336281083883172,1.23873856609406
264,83,0.0955163988874986,0.310290041324575,0.150502113469197,1.45408550001673
265,83,1.56416747496218,0.151087734673652,-1.21961661662476,-0.403800512428363
266,83,0.646140550181948,-1.85640758612818,-0.712125757488066,-1.60994130044389
267,83,0.401088434653893,0.665755699907453,-1.57614178426865,-0.470556569942798
268,83,-1.40101877660491,-0.323208532752143,0.112634992248799,-0.0279893648588264
269,83,-0.313634191797838,0.750685121520793,2.14993883194565,0.710041189380949
270,83,0.510295263880776,-0.780107647825552,-0.389475877178682,0.440057328707817
271,83,-0.211405348417985,-0.659660060758065,-0.615950440087454,-0.758011107903388
272,83,0.0252640496255443,-0.0270584140242558,0.609393180366366,-0.456042289231268
273,83,0.1459223742803,-0.429619531883287,-0.569274696807947,-0.215137089377397
274,83,1.83451408367898,-0.858740224517646,1.10658583152603,-0.516643513170562
275,83,-0.376494214700854,-0.481714411023746,-0.567254338554546,-0.0449089090016942
276,83,0.127562561929043,-0.151678773191443,0.793589253231392,-0.8924210388444
277,83,-0.523104864906456,0.826559977540642,-0.000147697770038715,0.150219157743958
278,83,-0.245910824864814,0.0284016671167757,0.282414143900284,-0.928543634163821
279,83,0.645135441788235,-1.85315409236152,0.769053897629977,-0.739633142184001
280,83,0.353558669600959,-1.03869365042934,0.85206422333443,0.73412706534952
281,83,-0.102673165374374,1.99709916823108,0.92390942513563,-0.815117627998033
282,83,-1.04132179503053,0.58801599013989,0.531818313556438,0.600067087796224
283,83,0.399681183854106,-0.996416556946732,0.338710755091989,0.380753151734235
284,83,-0.357296170771066,0.518345966468441,0.638151513649804,-0.429492764571828
285,83,1.99391994060485,-1.08568053593877,-0.362071629756646,-0.450085549665792
286,83,-0.991125837926879,-0.775709226139784,-2.33865513077755,0.5471183900048
287,83,-1.55743551067325,-0.6901828111129,-1.78473425505236,0.650008632294527
288,83,1.50083153336297,-0.145524831078357,0.0363334249850864,-0.777584250135678
289,83,1.22155016418088,-0.178796213132937,-0.875059819548315,1.01421168829043
290,83,0.406439540762365,0.416947340374482,1.82190205965397,-0.812917717487243
291,83,-1.59648237192537,0.494513593865511,0.513362950823027,0.524821287027547
292,83,0.0382700289385134,-0.639132267308825,0.0590922433041245,-1.2359291776813
293,83,0.968579983072255,0.165258515217723,1.10773557268997,-0.595318529903407
294,83,-0.138890453475712,1.27197792808544,0.157712178172908,1.07947876149522
295,83,1.37577711235003,1.29467906512539,0.697372775080714,0.64092476924776
296,83,0.25847408203389,-1.4501348851012,-0.248455298593333,-0.357027574944822
297,83,-1.40059398137406,-0.719543043376248,1.05419471169162,0.63946549461702
298,83,-0.318373366634359,-0.268827585852761,0.319866175077417,-0.6714213634276
299,83,0.806085156806612,-0.74964606025338,0.0253860918373157,0.891720397605213
300,83,-0.549274938499348,0.0994068073880074,-0.139744363542378,-0.041561441026841
301,83,2.18636270902991,0.629742559070986,0.327305131326701,0.307418109569338
302,83,-0.0967543597439544,-0.370516379408641,-0.705080773957172,-1.46838268324135
303,83,0.00433204206562659,-0.431170284484614,-1.20050875135819,-0.382307760431955
304,83,-0.0530075084323188,0.146029935107344,0.575717320536161,0.673994922416576
305,83,-0.806235402443447,-0.884592744602557,0.321859054921027,1.21633379985764
306,83,1.58229049983051,0.765905295636704,-0.0653735618907177,0.851475838617323
307,83,0.728426536926399,-0.0577393185748336,-0.882824520654729,-1.08619079433925
308,83,-0.366605120842631,-0.403570506264352,0.848420825302111,-0.331868653705037
309,83,-1.93492535607518,0.578763020889687,0.866887301763524,-0.762113880642354
310,83,0.158799058313533,-0.96389132434334,0.311737878964146,-1.08451927548551
311,83,-0.0505992256691547,0.559401901299734,-0.838025684851268,1.35652163729831
312,83,1.23871777980419,0.05361568020937,1.85032603949313,-1.28162353119542
313,83,-1.13187094129156,-0.234884681365964,-0.264269763810829,-0.582720696456456
314,83,1.02214658181492,-0.183330736927319,-0.977842773335152,1.72962214401395
315,83,0.431982891153274,-1.03012367706338,-0.639992994873066,2.56665360681485
316,83,-0.916338073323343,-0.0501946918655116,-1.18029589151835,-0.0544389730603484
317,83,0.0415526459231971,-1.9366434264122,0.734267227004866,-1.3243753170905
318,83,-1.79864583185764,-2.19293071203627,0.258563999757128,1.30857969954829
319,83,-0.275861900162052,-0.573683572686178,1.02328741495374,1.04698774904081
320,83,-0.387717433885633,0.875247258057877,1.78549304884949,1.93065656827241
321,83,0.274072705927793,-0.483090451089642,-0.973112733996356,-0.141999330904812
322,83,-0.466680524035363,-0.606960405069882,0.219912481144463,0.126775617209328
323,83,1.19228309176349,1.21129606110789,1.65806524487861,-1.04384233886601
324,83,0.42353325932834,0.505627375775759,-0.837481664367229,2.20754375374584
325,83,-0.641614884076675,0.774460100786249,-1.48422244549855,-0.928584401880199
326,83,0.248357666875067,0.525443009037623,0.491746865861123,0.171358066719138
327,83,0.434398436081564,-0.0126957542049917,-1.41153229364244,-0.261113230889669
328,83,1.14586376175688,-1.90722077014804,0.706575785720484,-0.125945159505445
329,83,1.8287983893651,-1.92836942383035,-0.922071790178671,0.112128150360852
330,83,-0.794049897127187,-0.43228513483125,0.0942240825069853,0.187719323960843
331,83,0.661323310653131,1.15764528711437,0.578678313082714,0.885686372270657
332,83,1.0418422866891,-0.218309301528954,-1.78996290258879,1.35287680598818
333,83,0.806223531046343,0.0516709379679311,-1.86108675346642,0.522430224866582
334,83,-0.368250161674693,0.044476777963968,-1.45811899717087,0.354627055637772
335,83,0.277356891151975,-1.33464118262319,0.188809048311222,-0.939463122120082
336,83,-0.828610615544315,2.00798614399372,-0.288288649410206,-1.39235456035745
337,83,-0.910360453439407,-0.0974678402373177,-0.763144578387157,-0.985152609319526
338,83,-0.96912934679813,1.42587945881232,1.36440786985143,-0.211823848635235
339,83,0.263376916495862,0.496909524666287,1.67168159773087,0.812768797699589
340,83,-0.0792497584511409,0.0553422309528432,0.191733949309891,0.755276446556228
341,83,-0.347855245023774,-0.323488439084976,0.611772871332493,-1.33408405151926
342,83,-0.514918425689885,1.48432413241092,0.866279860994304,0.695602736142649
343,83,0.597055089764163,-1.04311516418866,0.14556891195701,-0.734554072144358
344,83,0.0709432009901386,0.381345738354051,1.02768020138664,-1.46136999524669
345,83,-0.952129127626984,-0.62881764608962,0.404239756769885,-1.84910889857071
346,83,1.07517695671798,-0.634622609655181,2.52352419823567,-0.808893803498831
347,83,-0.462238654887278,0.0268057031262971,0.555638384241709,0.491328993064489
348,83,-0.695699593659137,-0.0671332164383056,0.306904150490946,-1.8555912235447
349,83,-0.699821769751781,-1.71459736460435,-0.135952019717602,-0.399763150770339
350,83,0.133306538140433,1.25322021495463,-0.118489038779255,0.861850345169457
351,83,0.790847083512806,1.56671013573647,-0.626520138082919,0.697596377818986
352,83,-1.1811578843495,-0.122284801259169,0.16653376890461,-0.823993787537037
353,83,-1.31503056770416,0.344862675423577,1.94264458124397,-0.260064347612447
354,83,-1.63646393329085,0.562860012134002,-1.00138655199265,0.475297880919144
355,83,-0.223254306169404,0.0710712013518231,-1.66895514425275,0.010751690578184
356,83,-0.491820953632053,0.749173568734947,-0.0033279766531441,0.138321800150786
357,83,0.755181774129306,-0.203468257105405,0.429386229222978,1.61179226372676
358,83,1.25497429029636,-0.737929985226953,-1.19003517276164,-0.837004413627902
359,83,-0.909779144843522,0.33021636317462,-1.35893681490387,-0.163336949740162
360,83,-1.49341690956898,-1.70674249043694,0.827317483657264,0.447384239199914
361,83,0.65194078163012,-0.444841235116601,-0.217225970247551,-1.21406193392512
362,83,-0.0905926074832227,-0.805253306139613,0.790740850425559,0.74628715731023
363,83,1.19443341463273,-0.901636637503376,-0.0231587584765877,1.06446114196512
364,83,-0.250090187044001,-2.50278182494122,-0.312616275707573,-0.983706137803109
365,83,1.0955155153559,1.01124205449212,-0.388546646822747,-0.35189751703177
366,83,1.22326440337163,0.0792552657119948,-0.300519316123336,-0.802517392283663
367,83,0.371613996247318,-0.379488670460174,0.446951361655492,0.644741187597237
368,83,0.0883982285289561,0.416411059086903,-1.29650898949396,-0.215519541279914
369,83,0.251168206935538,0.930202269158806,-0.043295565812404,-0.361805159850248
370,83,-0.400249686575642,2.00195615398897,1.97140196924497,1.41371311294378
371,83,-0.75449101081062,0.532007004467253,-0.593778676438265,1.08380836465848
372,83,-1.17422745218608,0.632394699049111,0.108451403198119,0.740473057449641
373,83,0.786015567170068,-0.399995965024586,0.113347449363906,-0.585602105157524
374,83,1.62824512865096,0.335677859168323,0.459951920940887,0.927997279816027
375,83,-1.90853473833269,1.64721904679672,-0.668807671375943,-0.138118768916584
376,83,-0.353708869734536,1.20431716280772,1.00960879020839,-1.06427922884616
377,83,-1.84708860980526,-1.27500315497416,-0.383979678373572,0.441081148359424
378,83,-0.794166951799342,1.87602084623929,-0.175306367344598,-0.665648985711591
379,83,0.516338675298464,0.225208481116893,-0.205194356603002,1.23799111665923
380,83,1.61174384130273,0.670100446670922,0.65684483529057,-0.733797526989777
381,83,0.197123648131769,-1.07237702648853,-2.77656312266754,-2.61328205944204
382,83,1.50025485760526,2.16731701290202,0.621673872590663,1.52292785711572
383,83,-0.0135340926334994,-0.464099327312128,1.18947724381096,-0.789025193942066
384,83,-0.965060765984746,0.700624347192532,0.826574950627698,-1.42467532102346
385,83,-0.642034735144118,0.525124633628578,1.74725129506993,0.565139580187944
386,83,-0.31778418762432,-1.60327559687148,-0.523194176551206,-0.095088330337866
387,83,-1.03778673228929,1.10424229285992,-0.395373848045824,-0.0359923326158435
388,83,1.9705477541138,-1.03452262193913,-0.699528413338325,-0.787964207499742
389,83,0.181194907472207,-0.0831943675216218,1.40540887363326,0.972387429564714
390,83,-0.570018728691103,0.315156011542956,0.344975025659703,1.94434455399452
391,83,-0.435037527752296,-1.34440634455991,-0.0428167515650305,-0.150066266071231
392,83,-0.163061165702833,-0.263838423969916,0.0365306916438472,-0.0874780931138373
393,83,-1.14707576109091,0.588030069507568,-0.052601030226601,-1.48923315440768
394,83,0.516129337857304,0.142675465080539,-0.934782854934514,-1.21744354480806
395,83,1.07198556304085,-1.90573463106715,-1.65923883260221,-1.32674324151936
396,83,0.644308769836201,-0.293088786040442,0.893994264526574,-0.324600244064302
397,83,-1.04697946769437,1.50259469721245,1.49058870564795,-0.945406297871431
398,83,0.987497089954967,0.577298364892609,-0.432040958047247,-1.9384890492961
399,83,0.405672691378609,-0.77806667020793,0.199684225572932,-0.832721753723002
400,83,-1.01751995994572,0.00850854293415476,-0.974528740005842,1.65286315329095
401,83,1.29409559936639,1.42505254511725,-0.0767735851930028,0.186044072329154
402,83,0.214267596653868,0.277107969045886,2.11815792794285,-1.84436637155771
403,83,0.635534725020938,0.642228431097016,0.832187395669162,1.07686550960525
404,83,0.16120291583979,-0.998822936334063,0.014113169291464,-0.12845236782379
405,83,0.860333925163961,0.587749854795461,0.374492480104184,0.176024786501381
406,83,0.465318639784836,-0.481391948976539,0.29618843288173,1.50745688263354
407,83,0.162085801275713,1.02325160271524,0.898923792974104,-0.255525988736942
408,83,0.70049289985389,0.943736276388612,0.122508671726621,-0.852205248138878
409,83,-0.31028987076935,-0.496097659008675,-0.874620603886612,-0.254841423756036
410,83,0.52468583765209,-0.489238922398781,0.516019095913934,-0.751591713925025
411,83,-0.885571425664191,1.24575287490978,-0.769969554698995,1.3580354173364
412,83,-0.771655556416628,0.522130990377366,-0.71569669227826,-0.0693371129488838
413,83,-0.725581939858753,0.0556741979114222,-0.417688076902199,0.268008908881167
414,83,1.14585717398543,-0.481982932521267,-0.783109284165401,0.315509153208398
415,83,-1.15340306802016,-1.05187636672813,-0.152476712148933,1.80514495499337
416,83,-1.87988684174895,0.681738421009279,0.296211227164679,-0.0622595804405453
417,83,1.58063160929713,-1.44670862670103,1.59722255819458,-1.3259788613677
418,83,0.644157104841201,-0.403460605498318,-0.532833686040268,0.853864105763172
419,83,-0.696231834029752,-0.602174251425966,0.171211533964575,0.681548006850412
420,83,-0.73864221972015,1.46531400440562,1.86198295586672,-0.592108002336516
421,83,0.698947118787979,-0.895059870188738,0.273826986598142,-0.317786760654177
422,83,0.164729290430134,0.168757609019975,1.04611765251008,-1.11882988388513
423,83,-0.349814943509178,0.13362202806108,0.242886664063437,0.273534458935191
424,83,-1.69290978114103,0.900903471969696,0.934696610474498,0.601357396087599
425,83,0.28616233187037,0.514779250406414,1.9622096029312,0.977734878991371
426,83,0.219338080756166,-0.696156651762216,-0.679049031075053,1.09547676226762
427,83,0.0277028570895211,-0.0361415728228782,-0.0845445785071907,1.23554931320538
428,83,0.161791095716155,-1.6205312182931,0.299117293146039,-0.798614646827288
429,83,-1.04077826311257,-0.0666579330713821,-0.266162556583602,0.141370612193068
430,83,-0.472259900996261,-0.307197028162869,-1.75079113976627,-0.747407867580497
431,83,1.4563495225081,-0.0327658131209616,1.21671521807913,-0.247639439248225
432,83,-0.338057048108603,1.06654436857813,0.532485412024219,-1.31257178931163
433,83,-0.55096683821699,0.0127835554047611,-0.470769156682996,1.10286674262715
434,83,0.918855550941523,-0.451237087470905,-1.98252021516463,-0.460135911358799
435,83,1.00471359891958,-0.857976953762522,1.16921109320623,-0.979219252590341
436,83,1.18927196919162,0.337316267530617,1.07686782887888,0.0734248149536499
437,83,0.840048795774931,-1.32066123486141,0.661387792940261,0.556417273260021
438,83,-2.66629337233929,-1.25451406298701,1.48102096205346,-2.83088469356827
439,83,1.08104218092304,-0.268687258497062,1.41935463936639,-0.0136138689210436
440,83,1.72052328322031,-0.331127152782428,-0.127800261649735,0.833824400575082
441,83,1.41877437306787,-0.200667301644484,1.10426691160639,-0.981653170052857
442,83,0.224221112178867,-0.281572177997986,0.827851267540322,-0.829068871524347
443,83,-0.109859212465389,-0.0434618252606334,-0.465945076766606,0.364848914692855
444,83,-0.670994247426197,0.105146601918858,1.13056788479102,0.62089489515851
445,83,-0.337661495866685,-2.57841029607623,2.22924449112548,0.195226552483686
446,83,-0.737385009379969,-0.820652838452749,-0.408165953175182,-1.67633180351746
447,83,0.832178240460179,-0.393347070660817,-0.303531581449615,-0.29751078733853
448,83,-0.738994478724379,0.167461025733345,-0.80114987162347,1.21812425973907
449,83,-0.557015330031876,1.58960837244542,1.24275827242116,0.504031417701076
450,83,-0.383569718032339,0.0687176218476379,0.935741570287804,0.429281835712813
451,83,-0.955714056033366,-0.161855915476155,1.40053063379583,0.194364211158363
452,83,-0.353617997886683,0.429460366917367,-0.402848233408074,-0.73020561988215
453,83,-0.0314014771753336,-1.04243572187974,0.227243114701766,-0.168328999801864
454,83,0.0894629396162815,0.777214965056952,1.56590030834328,-0.686838082725178
455,83,-0.451838143063617,0.1842428090575,-1.38882577987267,-0.0210965658300639
456,83,-1.81603164140877,-1.10632150625283,0.326458185852884,-1.59501167600993
457,83,-0.0453360149649406,1.40178547958896,0.651640506586672,0.652200122066637
458,83,-0.579545916696322,-0.159097944492082,0.19471058088145,-0.673868501787615
459,83,1.11382070373974,1.35402640492819,-1.69611369725525,-1.67253816981606
460,83,0.372504394752093,-0.405273982410918,-1.18218350931412,0.0630792758026685
461,83,-1.37476099662278,0.928910313784811,-0.766991880928327,-1.07746327942807
462,83,-0.598246583651048,1.77763481155696,-0.595958612120257,-0.420347468407184
463,83,-1.49935863664478,-0.421481331883969,1.0188974806473,-0.117907417238284
464,83,-0.668488705244971,-0.0305535790989951,1.26808872004178,0.747643034624966
465,83,-0.516938174737437,-1.31860568655191,-1.92043452420595,0.67962727260019
466,83,-0.451837689612128,1.33759668647097,-0.983292966148702,0.568321502507025
467,83,1.14888019787929,0.289177229562003,-1.52926256527492,0.197964127153908
468,83,-0.159776653434108,1.56790914936317,0.310401039158871,0.71817159501893
469,83,-0.793399462151936,0.500942351453959,-0.0632307632366746,0.917695395330235
470,83,7.9345109994178e-05,0.853127688318626,-1.1604772179241,-0.648500386405665
471,83,0.16579977292727,0.836751701884329,0.680114888153529,1.35230158310381
472,83,-0.0788874388967279,-0.484332910240676,-0.051650970053148,-0.00868794844386982
473,83,-0.588995632489875,-0.794338388920033,-0.282660840320076,0.387600252360894
474,83,0.537598430638706,-1.02057340672324,1.82292003854549,0.716894877005057
475,83,0.643756916660346,1.69934791857301,-0.804260491226053,0.072080071593292
476,83,-1.05818355774806,1.13722524703873,1.15057470131761,1.7035148405065
477,83,0.0722860802713075,-1.0554692834927,1.19035103366989,-1.19722985756508
478,83,1.28950966691209,-0.793491784570739,0.637744236349174,-0.265861286997064
479,83,1.73008062798119,0.948382235001405,1.53730936996048,-0.699154293465356
480,83,-1.35183487900727,-0.967953295321245,-0.105654840942689,-0.699724045658298
481,83,-0.551712876179555,-0.590351595514147,-0.654231526620074,0.410503202797799
482,83,0.777781225828265,-0.292486128926558,1.67756152570095,0.550857322712857
483,83,0.470964861028628,-1.41691498875518,-1.89630067912789,-0.0253422599263716
484,83,-0.0876142517269392,-1.81831210818538,0.361205240338489,0.280122595450074
485,83,0.0535257502797354,-1.35403931078224,2.66961942587433,-2.10978560715706
486,83,1.2100628659613,-1.01916504207365,1.36768410394858,-0.97982194364898
487,83,-0.325563649201333,1.71527668343135,-0.169865615562047,-0.038453040999526
488,83,-1.49386575751987,-0.195137876206303,1.47668117146487,0.548679761233728
489,83,0.778562334007415,0.213702555141314,-1.53243518123589,0.838976932669887
490,83,-0.495071640664987,-1.44191019879028,0.56464672616543,0.28712839847623
491,83,-2.48757464442079,0.274996319222833,2.19642454661569,0.809153551776156
492,83,0.764686665192502,0.328313643674602,0.606587327497042,-0.883198748899825
493,83,-0.451440016017373,-0.738281359449216,-0.347231828721511,-1.11898653850322
494,83,0.0663033021519596,-0.293293815193622,-1.01282779307446,0.542219254910295
495,83,-1.66281376943438,2.60413363926696,-0.44678215649482,-0.316787527119221
496,83,0.634077224037354,1.61575085121924,-0.296544815600023,0.455666609876137
497,83,-1.52699657762666,0.701573250612043,-0.853005942619207,0.319394019137221
498,83,-0.62088246735031,0.697401809589814,1.4296699105951,0.803471761151372
499,83,-0.633982225527676,0.741990869599255,0.0604467103809223,1.79933387774535
500,83,0.390824094356161,0.648740713723668,-0.12208801200302,-0.653319090078895
1,84,1.43402928617344,2.09622753401824,0.188304601110785,-0.282966134538793
2,84,-1.15605979238147,1.41704223621716,-0.0983407912179909,0.838445496533003
3,84,-1.53317364103379,0.790464014491253,1.17475013718486,1.28714538660028
4,84,-0.0401712076237428,-0.37825457251814,0.85347855038065,-0.905658234854392
5,84,-0.732301758107884,1.2863275500175,-0.405944059571095,1.39095550476474
6,84,0.877214834969418,-1.44051274601479,-0.479683539854508,-0.335549360444635
7,84,-0.398352816281439,1.2145009110803,0.196413913830022,-1.50196239121646
8,84,0.539990723376888,0.238451140113191,2.22495378701628,-0.475421002753893
9,84,0.164084227902951,0.0222549587802871,-2.08466124752868,1.56267406630729
10,84,1.4580102022628,-0.967582051419159,-1.05688991161365,0.0173838336816071
11,84,0.267190367547189,-0.839328778851955,-0.0931080837901263,1.69631493892254
12,84,-1.51556100331612,-2.08936197109572,0.624326918292763,0.536738125923104
13,84,0.416323532568176,0.159559956438753,-2.20851096144062,2.23425790376366
14,84,0.570899232878997,-0.0637339154994204,1.10386210190851,1.26001150026253
15,84,2.19110374235805,0.766903769404772,0.0997535740580852,0.168495980416332
16,84,1.86580074112832,-1.78371891089636,-1.64895352994218,-0.111485408414997
17,84,2.11472408745739,-0.955091012907789,-1.00710818189767,-0.354797923425404
18,84,0.0797715217458217,0.040676012907719,0.283348951291277,1.61973285539494
19,84,0.616952325345614,0.0778045156801657,-1.23374738167345,0.946111202978406
20,84,-0.568710874085484,0.532398079315841,-1.10214376115003,1.09167892639248
21,84,0.076167966800422,-0.993939571607654,-0.555945210503508,-0.424122292486722
22,84,3.11519584382763,-1.34522858461577,0.0274777481756722,-1.03917676559186
23,84,0.54757949347867,-0.698866171067023,-0.390573898506266,0.0235442911449257
24,84,-1.1433162443416,0.512033637219371,-3.37619574261052,1.29947143188994
25,84,-1.16928181348388,-0.812198702731864,0.168794848172612,1.19250996050165
26,84,0.985575526057328,0.88624507053196,2.30356100172928,-1.14537584706098
27,84,1.99574346379918,-0.84148745979975,-1.17594101070169,-1.00789559240079
28,84,-0.54186077202432,1.05310973267153,-0.438944586493416,0.0891809945561299
29,84,-0.371307806649557,-0.0510581060116525,0.767169877389951,0.730651446880566
30,84,-0.881285939178263,-1.33378000217335,-0.202626182852864,0.772406430020997
31,84,-0.738374608924743,0.657117417429642,0.422153640183404,-0.985838767977993
32,84,0.886491503807089,0.656556404875118,-0.588892158548716,-2.19009313291335
33,84,-0.23115072346859,-0.936338740556782,-1.88704548942617,-0.0814237672203445
34,84,-0.47849623374733,1.29884323494075,-0.286946886436111,-0.192704120209345
35,84,0.112490883371906,-0.346615730553786,0.763887721130644,-0.514526404583618
36,84,0.54356835499845,0.49386936407479,0.806298841491923,0.868219425004681
37,84,-0.824982788747618,-1.06278861786447,-0.574105019656481,0.540238185426036
38,84,0.509031145904335,0.0721902757278163,0.469866942546646,-1.0145976330007
39,84,0.957411229049231,-1.14466754526679,0.186123013004565,-1.39940436890576
40,84,1.14607863398679,0.869243550915141,0.306642406137081,0.732142553861326
41,84,1.30557577331174,0.777761308322538,-0.330660024672733,1.55635688892332
42,84,1.33901322802616,1.49193467803648,-1.06506140259428,0.0767038913889118
43,84,-2.07245368712052,1.04963971561518,-0.226446694379354,-0.881209319686441
44,84,0.464581218255499,2.07937216756573,0.575247888068343,-0.860594660783573
45,84,-1.96101339084379,-1.28557721071112,-0.588607327118987,-0.650081591896653
46,84,-0.205689585768741,0.46240038435334,0.168332254080842,-0.0492751076097872
47,84,0.738495113136106,-1.85889720728026,0.334852810374543,0.10894428558773
48,84,-0.256199242384085,1.47536476604004,-0.75350574599578,-1.71777201039976
49,84,-0.146228798397372,2.10437996683877,0.581284010258996,-0.542544940422585
50,84,1.37466498758126,-1.21148707960505,0.702266619949447,0.646361221927217
51,84,0.209726190529668,-1.60355735523292,0.460459528734871,-1.04861345235875
52,84,0.509368200513896,0.652558800483414,0.031993978734598,-0.80534900875581
53,84,1.17377994496586,0.603065449656591,-0.405992845020976,-1.30714802788771
54,84,-0.0039552110843479,1.60917885282324,-0.781123279394305,1.25836819989234
55,84,-0.86947822064528,0.00371832781621634,0.291458920155027,-1.53446013293297
56,84,-0.981035740649395,-0.432579856953271,0.379663943403163,0.803283234276946
57,84,-0.771277486860348,-0.31547608110276,1.95441758690928,-0.547758365912936
58,84,-0.545672638203484,-0.432497005259884,-0.802221738675131,0.0296383611213915
59,84,-0.179231061789668,0.400056253179822,0.903422296793089,1.00205049361326
60,84,1.39982492787961,1.32271790504159,1.24164175826082,0.047411937919708
61,84,0.732913026180969,0.622280774393805,-0.197790492372278,0.378026014351106
62,84,-1.62146304962498,-0.907368821949874,0.834046618462928,1.0617918249684
63,84,-0.814270429359003,-0.568659434958288,0.0401884693109802,-0.299551969786421
64,84,2.35529216498324,0.512156641965627,-1.20435568757316,-0.410630761339231
65,84,0.0710367994510677,0.991832008494364,1.4354704964441,0.171767351748481
66,84,-0.895108423043187,0.414667183781559,0.291906818661565,-0.0771665956638176
67,84,-0.859875089775591,-0.823337150537733,0.662877934433801,0.150317220342309
68,84,-1.85442864846273,-2.65501714963948,-0.407497625821068,-0.902977742448774
69,84,-0.225601416744109,-0.60683619861995,0.639732756539219,-0.985049660685951
70,84,-1.27371918162058,-0.2465758953191,-0.423589245945863,-0.326761696524662
71,84,0.450574165894329,-0.739888521090251,-0.353183190721721,-1.33383186148545
72,84,-1.56968416531086,0.387528028084028,0.0133200075578419,1.60346586920205
73,84,-0.400651982968701,-1.63454706611222,-0.893219190946185,0.379357262234511
74,84,-0.740709523488241,0.824808585666181,0.203112713192914,0.956489576825004
75,84,0.0311443127503483,-0.628397190303783,0.288831655864896,-0.36004269768152
76,84,0.987706980308593,2.27530776847437,-0.85975583866084,0.623637318989763
77,84,1.85824750335575,-0.34008681753957,-1.22805612566649,0.863750705487193
78,84,-0.0101502985284035,0.165825192222352,-0.184942389876379,0.35260978094517
79,84,0.308727016229236,-1.54044332942709,-2.65999294472222,-0.19434248458005
80,84,-0.52457961884637,-0.5194535773495,0.270096799303497,0.408442727253434
81,84,0.046063716741121,0.164870063442687,-0.0352455659660265,0.464545645685041
82,84,-1.07454138568421,2.31900579116787,1.91435707329943,2.17638150240768
83,84,-2.39372091457374,0.469480210689881,0.493178376963784,-0.510713866198303
84,84,0.888890589735977,1.22728999876817,1.6777409697029,0.285560180426121
85,84,1.32264350351263,0.180626666193739,1.6618498073446,0.0921132810488258
86,84,0.472140137424903,-0.774538235623652,0.0272870583170349,0.169309447258583
87,84,1.11964525671144,1.69799026775597,0.388504689636901,-0.19447682475153
88,84,-2.19631196921494,-1.62647195661762,-0.787914850370369,-0.714100721997617
89,84,0.463284844184001,0.955805415962435,0.804451319248544,-1.08827335702585
90,84,-0.459967204246992,-0.0824686729526221,-0.409225315526856,1.15500616848463
91,84,2.74443794958372,-0.714305732744546,-0.617533125843796,-0.467366755127121
92,84,0.591251947926739,0.528675150562084,-0.34210474231254,0.576330171702985
93,84,-1.60502833477367,-1.5400101091516,-1.90519553423633,-0.452040008367127
94,84,1.44495566809318,0.969399195445083,-0.566278440092577,0.5661010981236
95,84,1.2839261907066,1.04835723222443,-0.530305324574256,-1.49095203827253
96,84,0.517991704494551,-0.557910434459215,-1.01976825848268,0.999851171966219
97,84,-0.592877815725435,0.836732971141575,1.01418692695964,-0.132515686110877
98,84,0.81714265232324,-1.8023605349905,1.47751646249607,0.743360407225027
99,84,1.45884464747249,-0.39741921951965,-0.733246133948223,0.898640801970997
100,84,1.42487138893553,0.288584248016483,0.505794812024177,0.169207039824099
101,84,-1.62114767419121,-0.549201252454972,0.183470852520235,-0.0611728058149153
102,84,-0.713470848821844,-0.405171182773023,-0.589855985527879,0.904736005286372
103,84,-1.04940092784258,-2.17520160331258,-1.88339108889305,-1.19757084809402
104,84,-0.114236226490495,-0.0768499038068556,-0.73123003222481,-1.49234161149502
105,84,0.0136636138423555,1.39288875502563,-0.55046193073096,0.618788894526303
106,84,-0.24250884069355,-0.393143148217521,0.747960941467356,-1.2547179324327
107,84,0.894730221817422,1.44495188575539,-1.51123392172641,-0.119363905677735
108,84,-0.163358813635494,1.06595597806227,-2.37285253204327,-0.0609901949786395
109,84,1.34536025774023,0.210845541249486,-2.45237299497391,0.377419943659135
110,84,-0.910229272514705,-0.365318427294627,0.573313474480881,0.12535641903638
111,84,-1.73037945946037,0.560349332621296,1.00791262559982,1.9472668459715
112,84,-0.180455190929706,0.602725860973717,-0.459471832260102,-1.33922927108499
113,84,2.35367394021722,0.140102047106446,0.231882404075855,-0.70694829259275
114,84,-1.83193332120474,1.42954751832162,-0.150055102284067,-0.958573508691348
115,84,-1.09550973504179,0.661852322179405,0.835827048332133,-1.87890494717463
116,84,-0.437254220689814,-0.780221945130818,-0.364372473223173,1.09870026305356
117,84,-2.04323320410438,-0.889939297865642,-1.92994005719533,-0.631720438417478
118,84,-0.63480423733744,1.18519363969452,0.213995747014861,0.438114479042039
119,84,-0.379330311246844,0.262213382088154,-0.209433752174703,-0.116212426226321
120,84,-0.354407575896609,1.64830793579615,0.675158089166404,-0.898520409958568
121,84,-0.0159196670417271,-1.11120865453901,0.746697942737965,-0.328851609901752
122,84,-0.116052080289743,0.847285839777079,-0.870311008390516,-0.491125627224782
123,84,0.642650707835938,0.625460865914263,-0.354131916777504,-1.95738236615321
124,84,0.381825551664949,-1.74107359900738,-0.453679654058099,-0.0116108321983687
125,84,0.856477523512961,0.759903110988971,-0.852814128168453,0.597265639752674
126,84,-0.13350011425581,0.376748287087074,-2.23879318264821,-2.16329225852553
127,84,1.38290720399134,0.18213892312177,0.537503334408161,-1.14756528526657
128,84,-0.682316634587128,-1.39766524193568,-1.67000529556696,-0.462334697950295
129,84,-0.389486569757808,0.951482355782715,0.0496287766237229,0.396674835519394
130,84,1.7667219158327,-0.885414325027774,-0.682903653045704,-0.107920861506908
131,84,0.512633677419905,-0.45463946911441,-0.350145758100944,-0.0966918735985388
132,84,-0.635877796098215,-0.267312323245926,0.584952226527332,0.534188253018609
133,84,0.19131668542467,0.388793884824455,-0.979500728849672,-0.435265616519773
134,84,-0.896075109211792,0.841280348771366,-1.67539275971821,0.231265570119278
135,84,-0.279314787128256,0.691795137747896,2.27218683730538,0.440633570926615
136,84,-0.376817759485009,-1.0291329882963,0.807174255692771,-0.126176455978069
137,84,1.3487351294049,0.369289213883168,-0.0897226407425215,-0.00997525144073412
138,84,-0.511162166734199,-0.180227487684498,0.0277238382915954,0.136548068033203
139,84,0.495829437750824,0.00349678043407503,-1.46930101236911,-0.139433667359155
140,84,1.58692126441383,-0.454258783903106,-1.07322111981315,0.224045581172677
141,84,-1.28091883996037,-0.207684002709897,2.82735918994716,0.342438673622309
142,84,0.590124535884911,-0.766811768373134,1.48782131057904,-0.253524233948266
143,84,1.52925492615142,-2.20802442644088,0.766688733093953,-0.580935272077289
144,84,-1.28387421875461,0.208942957004068,1.68615354750513,0.931280493480327
145,84,-0.864548380474916,-0.302635325326185,-0.251166170861003,0.261987418398969
146,84,0.313210724165269,0.434618834524635,1.12675373762528,1.5740099789845
147,84,-0.26679191498734,1.12633804068907,-0.993947953549032,1.2023229118408
148,84,0.143322700305073,0.934686987730799,-0.708632964330703,0.32953533476231
149,84,-0.00178835676331088,-0.986674139901637,-1.13528103207208,1.31463896472109
150,84,-0.403178818236436,0.977923091766657,1.24009786266528,-0.421965109081706
151,84,0.68529672059393,-0.0413988124860134,1.68675648295453,-0.847252191609232
152,84,-1.00162561921854,-0.997530577223139,0.0171590900396464,1.75357276429974
153,84,-0.142697386348587,1.00353876055475,-1.66149180859501,1.47403847287368
154,84,0.12171922286857,-1.73505664114427,0.527495217235283,0.927171666575863
155,84,-0.467097527855661,-0.241898224387751,0.0384336572388212,1.27720578658409
156,84,-0.314102892716095,-0.202230894113416,0.0671366223944665,0.233354260239994
157,84,0.232915949187559,-0.484656400760752,0.111380501336855,-0.620797006610068
158,84,0.190810093164419,-0.268344951923229,-1.13628427279442,1.17033805808876
159,84,-1.37111336168017,1.10187137466969,-0.149352508851097,0.103085243769847
160,84,0.992901354735276,-0.129357326364909,-0.30229454727245,0.623053760150899
161,84,-1.00391552004192,-1.35867057760528,1.00049015824111,-0.783443101181047
162,84,-1.05125699744476,-0.352825344548906,0.0521707671983805,-0.0466201712665183
163,84,1.41768977990818,-0.174558576313342,0.520873849050304,0.791854824254168
164,84,-0.419228650865513,1.11699038793862,-0.518501593531815,0.747779420184066
165,84,1.94463659407498,-0.0962364217847879,-0.209545076841701,1.03108299028723
166,84,-0.98773878442613,0.704236048194522,0.586689709274561,-0.784614929324662
167,84,-1.2534253288252,0.914376427185014,1.04302717504891,-0.076456942519997
168,84,1.04048781089264,-1.23982860812588,0.730551883332253,0.333727032599919
169,84,-0.486650455461673,0.982113640940282,0.909585012245153,-0.828082638366175
170,84,0.821455721774559,0.295448474434136,0.206763326978093,-0.300149514104658
171,84,0.297898515640387,-0.00883021965370993,0.159781736182517,-1.30437167931764
172,84,-0.320687655680865,-1.91134689683605,-0.122801573480955,0.784244822547584
173,84,0.216286224954184,0.277148780824459,0.452791020109579,0.170763957639139
174,84,-1.02971472079002,0.172880403335693,-0.507849344598481,0.0389176373803525
175,84,2.01141958278132,0.238092401530862,1.16207445735433,1.90837224174594
176,84,-0.888910562058405,0.654789962465486,0.356232950203337,-1.22015627051904
177,84,0.54168484695194,0.151233517148127,1.00519222151132,0.841001411601141
178,84,1.01274725794417,-0.765897850543643,-1.17621945191086,2.16102601886876
179,84,-0.540243673119597,-0.823991643054742,0.233612785785794,-0.806536491297179
180,84,-1.59645349452452,-1.48380483449283,-0.381358725615722,-0.0961301304360445
181,84,0.496626615074846,-0.816780390813347,0.887857287766392,0.460170505092572
182,84,1.18899690439919,2.33365136203092,1.61709436696144,0.467222972712939
183,84,-0.453770078094251,-0.705415594821637,-0.842622790819205,-0.326592951302568
184,84,1.01905813730177,-1.02600811464969,1.16495769503244,0.736816252419473
185,84,-0.682970574878039,0.05755582913777,0.412530275841372,0.497676078847578
186,84,0.827793139421259,0.160159392445061,-0.228818980157533,0.356740620573535
187,84,-0.555234724935944,-2.68938915846153,-2.36615713978706,0.165546838627176
188,84,-0.891200914666395,0.556921972900624,-0.471846219508851,0.371504554666051
189,84,0.532302049330943,0.526831113240617,0.568185869109695,0.250137954546584
190,84,-1.48636902331047,-1.09303772573986,0.131087140409764,0.157338622540571
191,84,0.417379690856191,-0.145433930889453,-0.316252962851052,0.638715066614284
192,84,-0.922250238974214,-0.179285299823146,-1.10701568894128,1.07217792055341
193,84,-0.635668411834753,0.424775456101916,0.440723155569334,-0.585222525214012
194,84,-0.56085982990743,0.85928968795335,-0.297237187338654,-0.795581298977745
195,84,0.0468572096097446,2.16079001261392,1.06119385942795,-1.14340678731782
196,84,0.561592054394268,0.886094272654426,-0.163069557100867,-0.627679563270785
197,84,0.331559421368035,-0.191423688381097,0.321581536893781,-0.536292892232822
198,84,1.72426758024751,0.232971494284335,-0.386302436287804,0.250433568214693
199,84,-0.498766932946732,-2.59696817708833,-1.58290894997761,-0.261430814131058
200,84,0.295334110148913,0.535828901366754,1.20213254319336,0.443924459192444
201,84,-0.431209125812939,1.62547184266985,-1.18392561013025,-1.38330219816848
202,84,-1.27358329825171,-0.404444764615744,-0.706067422837667,1.77814548201369
203,84,1.53541781100943,0.0899483527356797,0.724227444605183,-1.82866220676244
204,84,-0.446671070803378,-0.751175646051805,0.915752400464434,0.25333901416341
205,84,-0.0261000220530973,-1.3611370616001,0.27486435265623,0.830136041150455
206,84,0.422121433504161,-0.645593102710212,0.848162692390926,-0.103596513117459
207,84,-0.482045364629873,0.467258891389689,0.227741817933745,-0.666103612210344
208,84,0.461802123228113,-1.63571294035469,-1.37643066085782,0.324141263472121
209,84,-0.555788720352145,0.271919562880664,2.35531262444422,-0.126158528053378
210,84,0.0518202257085058,-0.123111381358129,0.422725818546429,-1.2040951749692
211,84,0.224160217895456,-0.300811441861417,-1.25064979453147,-0.974073123115599
212,84,0.803425924556321,0.0597229231835187,0.426343919408321,-0.134953450426999
213,84,-0.812771211994937,0.507779923979921,0.200118924167504,0.499342634705565
214,84,-1.12472636195572,-0.0643911112627387,1.66730374296683,1.87050520885141
215,84,0.233208598491679,0.00537918077263322,1.57141717453935,-0.141962239231873
216,84,0.691291663395009,0.715829632239499,0.463948776899034,-1.13075623442362
217,84,0.0100913595177661,-0.603638888443645,-1.4718322595324,0.170312070855625
218,84,0.195841700372554,-0.918186320400206,-0.838313553678098,0.178635363514665
219,84,1.71481238257028,1.25726312608666,0.128052679430849,-0.100215233430897
220,84,-0.631396827749092,2.70410330304354,-1.13532812261277,0.901287870279385
221,84,2.15925170811827,0.308299589958243,-0.101032088793749,-0.504286458393752
222,84,1.10815483341702,0.675895525513727,-0.793390814411882,-0.547611872890152
223,84,0.604564076923203,-0.567431682294654,0.862768937033809,0.711219492720005
224,84,-1.59736720386751,0.239605138985157,2.60848632087304,-0.376664747977311
225,84,0.254429794264163,0.47860146687447,0.729266201497487,-0.842948010987001
226,84,-1.00721184214467,-0.917574703197603,0.202129956196639,-1.83239211816932
227,84,-2.05751019532682,-1.12023585543042,-1.32461627002097,1.08275724746012
228,84,-0.822785286126354,1.1288324295871,0.177120824079873,-1.07128460274561
229,84,1.43757067854462,-0.178928669319135,-1.1394110978868,-1.09836980026992
230,84,-0.148675709003493,-0.450563436583074,-0.398281819205971,-0.316723407479478
231,84,-0.828598056020821,0.233840888380111,0.864533981077063,0.348404989688104
232,84,0.266687641462322,-1.99908552474157,1.21408265622032,-0.29648181960198
233,84,-3.00191566453528,-0.521994276290764,1.23381717043745,0.265374368339201
234,84,0.882455745970727,0.783728909511041,-1.27543250056414,-0.543331763740124
235,84,1.18918695764378,-0.123394356388845,0.933047590187747,-0.180599630268794
236,84,-1.04874018978072,-0.575078307776187,-0.844882872923403,-0.0284438523356269
237,84,-0.855722061928065,0.214548740850366,0.174963954260885,0.155481794716091
238,84,0.746818527456172,-1.07701971196519,2.04969039470108,-0.179461987834107
239,84,0.163972288893761,-0.627658639036996,0.581142795300452,-0.82635462073528
240,84,1.28508278423663,-1.38178435866993,-2.66916058460456,1.73774745934349
241,84,1.01702450271962,-0.182080899724332,1.23452436768013,0.175369741797887
242,84,1.06482925879239,1.09524766406962,-0.587374821132529,-1.15211610651315
243,84,-0.601812110618446,0.695429419312269,1.77477104210927,-1.61230390353473
244,84,-0.604855570321689,0.245659661096535,0.893874225308211,-0.513417645181178
245,84,0.262603441902545,1.03063591462847,0.107297311446595,1.46038856100818
246,84,-1.23186886875344,0.468350987482209,-1.24905046641411,-0.890433608647417
247,84,-0.554518677709472,2.41010991382094,-1.73281009234551,-1.55706395969396
248,84,-0.980729911848472,-0.834093097692634,-0.685854089518055,1.85890577623574
249,84,0.491109571758562,-0.0928802960985449,0.672144061303089,-0.0430055193405355
250,84,-0.142631445812628,-0.599548227857203,-2.26557357935501,-0.343434486698563
251,84,-0.1833602566789,-0.730068820708054,-0.026526168574304,-1.22805187997058
252,84,1.38501623547942,-0.906235874355252,0.808517214294275,0.609204868984103
253,84,-0.457184242236816,0.399899562671183,1.51552279087693,-0.219019981290428
254,84,1.34495821484242,1.04574590872553,0.836585731246507,1.20901663772167
255,84,0.986439191806255,1.09536679587466,0.883413574100096,1.01602965162359
256,84,-0.687631858307974,0.828336624379509,-1.98515632315245,-1.02544861990886
257,84,-0.494518768323791,-0.192772104207295,-0.440457566581053,-0.307401444105629
258,84,0.459623101595939,-3.01170690094936,-1.2365436769511,0.324703775859843
259,84,0.259604680278509,1.21881363907847,0.754651273866953,0.445179455598237
260,84,1.33940144144808,0.495792486366603,0.686714625839146,-0.0506536645203069
261,84,0.00868104161719817,0.595793905730701,1.37144342646142,-0.388439799742188
262,84,1.75017127215128,0.497301133032632,-0.181242980167018,0.89921335944358
263,84,-1.5049820917822,-1.21568012149444,-1.72056287514306,1.13620655758191
264,84,-1.68948200328038,-0.780882143816349,1.25948335013344,-0.345804313633335
265,84,-0.53773171047071,-0.75049576130158,-1.36973986296429,-0.783902300246081
266,84,0.168195487322248,0.24132202744509,3.00073160811573,0.54715647359447
267,84,2.38656488832693,-1.70794338447356,-0.630710312301708,-2.65671125948607
268,84,1.17483458492994,-0.554484072057255,-0.756465439113272,-0.0059514256486176
269,84,-0.0338513678540108,0.84085652780864,0.024790082683482,-0.431890297443751
270,84,0.199429601842674,-0.407511405407247,-0.726220711495474,-0.353935922225294
271,84,1.28771419541934,0.177367412356749,-0.0540694689954797,0.873940661397053
272,84,-0.433432745125749,0.938888571975184,-0.00817695327700407,0.0223258998345422
273,84,-1.29307217822341,-2.203085000295,0.268757511781309,0.379956805756436
274,84,-0.07223263292419,0.520589358725767,1.15738378257385,-2.05798599077192
275,84,-0.91988745302484,1.76273494982834,1.17431002081293,0.881533287806955
276,84,0.695934602450796,-0.0819777532822145,-0.471803566868427,0.335143729462841
277,84,-0.843823698528068,2.75415784347194,-0.131169915377367,0.790241394722387
278,84,-1.35603964834526,0.321674938819073,-0.669362550248378,-0.243082881975667
279,84,0.13266909362088,0.0109961861833494,0.307465770230859,2.31647267407666
280,84,-1.18593228922805,-0.508015438644209,1.36059946168842,1.33425725224644
281,84,-1.21473660862184,-0.496514979042184,-1.07905059257868,0.842617193219696
282,84,1.45781834244533,2.94563316416921,-0.317840636433819,-0.840487587928765
283,84,0.994744704462345,-0.690538601951654,-1.58855311865241,0.264126590419191
284,84,3.2522254173159,-0.762126833082287,-0.625236798279028,-0.486228521237677
285,84,-0.911841383944649,-0.102675260818764,-1.55284102848785,0.390864815872338
286,84,0.106377850606253,-1.22511659430304,1.15572127146536,-1.13212393611414
287,84,-0.28280160826504,1.07663074343863,0.280706764334519,0.151194320689907
288,84,0.954499085341083,0.578212613147677,-1.91866942356555,-0.204145041838722
289,84,-0.448615938814971,0.663486247155905,-0.348909555030881,1.19496518209536
290,84,-1.60384228395084,0.823357352185142,-0.656738746786506,0.303154926500672
291,84,-1.4340208429687,1.98777981406969,0.841879928993459,-0.922851952691973
292,84,1.77395181622142,-1.00548549269964,-0.715210052652417,-0.0112739418010423
293,84,0.0465174317948698,0.453742543720568,0.758437759061066,-0.180021806046115
294,84,0.354359550660748,1.55185901926839,0.382007184466539,0.818965162685634
295,84,1.86751613747667,0.637213886315576,1.91854242232207,0.330798211297382
296,84,0.810210340279099,-1.24633312781753,-0.451600751311419,1.54711688062442
297,84,0.0808058530744248,-0.464436518715566,0.819482223392353,-0.743924174449213
298,84,1.05225034087932,-0.536974973123728,-1.13228883582002,-1.08666826455488
299,84,-0.429583210836821,-0.556990407569891,-0.0371836465702887,-0.743244404926445
300,84,0.693019680561561,2.52980822395288,-1.41774712603213,-0.0958906419188787
301,84,-0.801264544409556,0.142232771884274,-0.115209356897885,-1.5127355542157
302,84,1.26224863506841,-0.590820185581383,-0.00879060275425263,0.122160743885606
303,84,-0.601389027528162,-0.518677674312567,-1.15970586337872,0.139349923132825
304,84,-0.29839995092102,-0.840962705302418,-1.33479858760622,-1.03477322209418
305,84,0.320821470303824,-0.852511940113574,0.676788091969601,1.45932744763836
306,84,-0.08004095477798,-0.662053793932795,0.0161757017820992,-0.643424437790059
307,84,-0.0783765027896099,-0.374736751724567,-1.01173428817683,0.972894794993249
308,84,-0.0749050991589457,0.759697830822542,1.1138703615908,-0.729686985002882
309,84,-0.138026211724356,0.0782942693508834,-1.23029992657988,0.0738646644990413
310,84,-0.748182531493794,-0.558198653945523,-0.449746097921513,0.883339613945312
311,84,-1.59395968442836,-1.93623201610593,1.47588229844564,-2.39996889394044
312,84,0.264558918868406,0.931205395363528,1.59438653914007,0.357750918074368
313,84,-0.39156646279668,1.25776727393916,0.223755776682742,-0.939572373186629
314,84,0.798961519703821,0.135058681684023,-0.275968552058384,0.600157223486095
315,84,0.699080949155513,-0.791516072807716,-0.442665714824997,-0.272677226290484
316,84,-0.2789911839761,0.888351589004324,0.123856497340036,0.0534492501667242
317,84,-1.39776166259899,-1.28620815782706,-1.20952112374099,-0.499005142941116
318,84,-0.0415467556824385,0.391759556687996,0.281102338335415,-1.01335878606431
319,84,0.818563661919596,-0.013721028631942,-1.18227643683781,1.18715829783411
320,84,-0.22030347745944,0.825966753645082,-1.75755098972336,-0.284280211132982
321,84,0.983600960816302,0.444920978296146,0.081768138274956,0.292282469625848
322,84,-0.385397405095144,0.652836928020919,-0.183332236050065,-0.240410884585798
323,84,1.93873840920975,1.94664938862878,0.659113320253773,1.20583735896846
324,84,-0.558092383496411,0.0208404543053963,1.17614669204752,0.725091501182594
325,84,-1.17670950303397,0.104336560969459,4.57013644905158,0.0736573033115769
326,84,0.862699324107276,-0.788193371279389,-1.49293125742842,0.495012624580307
327,84,0.482911118288354,-2.01215569604283,-1.2004875504755,-0.0607705122692809
328,84,1.9660952663056,0.961171924174765,-0.568939859867121,1.50532521895548
329,84,-1.62933331350824,0.295867830866179,1.01606112751489,-0.0708045476837171
330,84,-0.363934922300889,0.671985439515868,0.433316381807691,0.908680235816751
331,84,-0.129802916641941,0.450593866685072,-2.294381351504,0.137943723233427
332,84,-0.872895106134335,-1.45925265816659,-0.303591609420857,0.203312522570825
333,84,0.189340293357162,1.59400655543185,-1.13948760487295,0.298752704498256
334,84,0.878913064213353,-0.13641628941816,-0.991335709364622,1.48934427975919
335,84,-1.00650658787653,-1.91022062265552,1.46526808720296,0.620588355186474
336,84,0.229889598122895,0.488858201026155,1.9596195958629,-0.476507121065593
337,84,-1.24615664137003,1.5730022195134,-0.454735072247619,-0.502757506805826
338,84,-1.07548097495754,0.107079528947649,0.120275742812447,-1.29116811497328
339,84,0.0417576054278692,1.06868317361907,-0.402848899602215,0.523788223392078
340,84,0.671547309820793,0.463770037176332,-2.22023363175681,1.33208978250082
341,84,1.0451575237131,1.03508803559141,-1.40108560316417,-0.989355687984444
342,84,0.607730679628446,2.47319213080347,-1.15319310934795,0.971006411782334
343,84,0.676296462041966,0.506453016436163,0.198348775319985,1.30711454386244
344,84,0.598965621172668,1.07440742296087,-0.0431637073229793,1.59208676611889
345,84,0.692574765227472,0.615380398017096,-0.393078229950224,-0.868112474380685
346,84,0.563021600431663,-0.410713546409924,-0.406447770903227,0.128459938584423
347,84,1.29073545168219,-1.26093867866708,-0.272473512839685,0.565734203911584
348,84,-0.21701631727068,1.34129923461711,0.394767367184359,1.92396907574942
349,84,0.645503559731995,2.18225712427664,1.87020085631219,1.28963836483557
350,84,-1.08524804778771,0.744922070953755,-1.11197834740927,0.571490169430728
351,84,-0.762901376439658,1.60325596000375,-1.04972745267024,-1.13159028782575
352,84,0.769444840316035,0.0397477136208829,-0.70325023587014,0.0821584471693361
353,84,-0.606343774124289,-0.681447129940261,-0.0432737651574133,0.405352660157896
354,84,-0.3996107099169,1.49909561893939,0.417563705993605,0.553123041738394
355,84,0.348852064408826,-0.536483316191776,0.360868357313317,-0.0308130059958847
356,84,-0.469405822645689,-1.41532551434639,-0.195485183131806,0.791932093214957
357,84,0.264480635259294,1.07711947748154,-0.611499757323883,-0.600839532413029
358,84,-0.70071860074825,0.819287386442489,0.165971858735084,-0.132210378059464
359,84,-0.475336735714816,-0.0853871842879723,-1.6266545864806,-0.210741613524173
360,84,-0.691915018670374,1.66807141392993,0.0215114868896681,0.920705492952914
361,84,-0.0429565663131337,-0.156586354026096,-0.771402105893633,1.09570535431669
362,84,-0.223457947377946,-0.419203052998207,-0.770910566759495,-0.489305614925046
363,84,1.03030720234896,-2.36417699753574,0.0884059735254358,0.356888577434072
364,84,-1.33572546720261,-0.462622173699604,-1.99781983410641,1.19050520709568
365,84,0.243658277009821,-0.0502667325947442,0.0733038809408746,-0.218538872104991
366,84,-0.375314783741519,-0.905931616192073,-1.07877749503769,0.246183012607672
367,84,0.756948767858463,-0.709377843293509,-0.746697360385183,0.560955926578024
368,84,-0.696895390487939,-1.14594089136521,-0.499257213410324,-0.487389614663393
369,84,-0.438207008040946,0.237167908239177,-0.245073858071201,-0.381394653284632
370,84,-0.212987355032055,-0.00371406140653467,1.0451518003765,-1.21816676357962
371,84,-1.2210813807264,-0.743342277441889,-0.201387429602651,-0.720650146032361
372,84,-0.680699772750338,1.2697945431548,-0.511914829509046,-0.733575155658416
373,84,2.09135267166526,-0.985236109474437,-0.334261945971195,0.699594192482519
374,84,-1.88190247094969,1.44744466208943,0.852379845414409,-0.12477463511647
375,84,0.155273353303721,-1.01512149427182,-0.371222304742696,-0.764120334777114
376,84,-0.844165283454978,0.737963494396782,0.824318499386627,2.09587110054287
377,84,0.941625698834044,0.604023102321135,1.85359538667348,-1.15328464625724
378,84,0.574454222534067,0.122853302094974,0.280416505613354,0.781579694539106
379,84,-0.96821206640053,-0.0143004615919267,-2.14354508600299,-0.829379027717988
380,84,-0.606426860295903,-1.11593316950705,-1.41785782339398,1.39512719023081
381,84,1.31067644090194,-0.707526497292138,0.353637781935342,1.44833018689926
382,84,0.964985012729152,0.487708030067042,1.03239121521843,0.285039639054979
383,84,-0.690930750641442,-0.530979100983411,-1.37817375527302,-0.680671314164224
384,84,0.595180385631169,-1.14491102842578,-0.422909923666203,-0.547873676512579
385,84,-0.553495994564743,-1.63467793022052,-0.648694353856266,0.466532382612651
386,84,-0.505074785727161,-0.661305251121288,0.368226788351541,-0.0690514309886981
387,84,-0.321899105967791,1.28931288959983,1.31906801875462,1.99967079154746
388,84,0.592637601541307,1.65752980747993,1.37195660398653,0.503539510780504
389,84,-2.58514735574538,0.306913604164024,0.80802406801201,0.434050029365677
390,84,-0.495320854857785,1.23014141199569,-1.23013071264458,-0.425503591734462
391,84,0.00266368094600806,2.37032911986773,-0.212242100115963,-0.184487085955087
392,84,0.737228741120952,-0.604659174829221,-0.772014666670882,-0.392461391255367
393,84,-1.01985148396876,0.519169796605608,-1.25018118251248,-0.0228584108145887
394,84,1.00221341957286,0.892077372636344,-1.12212149023447,0.0812310031511343
395,84,-0.0543375074679866,-0.384313558914355,0.040932184460925,-1.30001515835223
396,84,-0.717497329022927,1.02404332448854,0.86478847323545,1.24721445850947
397,84,1.07860930162661,-0.93115167491622,-0.747804734450581,0.739301745755297
398,84,-3.19357709449903,-0.550744012875939,0.920062730185978,1.6464940638438
399,84,-0.927388911888642,-0.955444035127771,-1.48185925396047,0.835929328156343
400,84,2.02352354231927,-0.46792361200512,1.17819429456383,1.20052154073145
401,84,0.037901511129545,1.43509686290196,-0.496422190988168,0.421870286555852
402,84,-0.337784361413137,1.2050096810202,-0.892445547597496,0.318975621475674
403,84,-0.251069445779334,-0.0260271279980395,0.035626188717443,0.0989860644019726
404,84,-1.59278963007691,-2.86771576285797,-1.18560876837396,-1.08303920778879
405,84,-0.233687521121745,0.529265763864738,2.65312808952404,0.0451955980295511
406,84,0.597365046566575,-1.19976125378729,1.67569959058953,0.0647273968653684
407,84,0.445319350865319,-0.890255587068196,1.18339776758888,1.82118604152524
408,84,-1.47933435060686,0.040738654970916,-0.417824507603536,0.600162805439204
409,84,0.184000856417191,-1.82843599236726,-2.05404053753178,-1.15577055183981
410,84,0.708074565433738,-1.15816238348464,0.713905322930442,-0.0391018014299552
411,84,-1.17028487366233,0.269421937204712,-0.666697030107521,-0.905619583146123
412,84,-1.64437884984923,0.268340649205559,1.79523614850709,-0.198718754866822
413,84,0.62131320513228,-0.725348546299709,-0.694025664571525,0.147694711990719
414,84,0.373595996910751,-0.191584537499122,0.434594772028241,-0.93917256250448
415,84,2.11416290181001,-2.08981189241828,-0.0188712791664898,-0.654851467834266
416,84,-1.14752558522197,-0.828193460426865,1.78132570867842,0.670110630071636
417,84,-0.735362893553126,-1.7744182829369,-0.405939400987083,0.879885941608816
418,84,0.470359680954316,-1.38503134942148,0.349339826744083,-0.419285391209213
419,84,-0.384185012721081,-1.03763954944158,-1.52525814581047,-2.03288392479331
420,84,-0.420106065245856,1.40236000050853,-0.49880896036175,0.547693154836952
421,84,0.338981509619496,-0.29289269483215,-1.22509106219767,-0.0860557752667139
422,84,-0.235116328504599,-0.0399016070203476,0.427896506157859,0.817559430207842
423,84,0.222891972605143,-0.56548294362812,0.592057943291642,-1.42037452010762
424,84,-0.796436619947164,-0.501962171958851,-0.774242422526849,1.07653370503056
425,84,0.101108687455739,0.331291729403215,-0.87624682478432,0.0251223410656506
426,84,-0.831492484493047,0.403948613022605,-1.21346843841717,-1.18322237109121
427,84,-0.349431844796005,-0.172872261403413,0.392438567320729,-0.286599309231147
428,84,1.52731877189586,0.476466540549294,-0.0319225183866115,-1.46504269117721
429,84,-0.437066549052301,2.48300321070507,0.637144964443234,-0.831271106198415
430,84,-0.34854468704176,-0.563398881444728,-0.474696625975111,-0.521427702191872
431,84,0.733388485091096,-0.383425849287815,-0.0786992489743244,-0.032090194445019
432,84,-1.73408868157253,-0.00296689644313489,0.677706694029059,-0.601331008981549
433,84,-0.992137871401639,-1.44044622917124,0.0119883934122871,1.7814340677274
434,84,0.316064917117438,0.879838765884118,-0.542861551009141,-0.571740765582961
435,84,0.793037574318054,-2.22523810471832,1.24061444433397,0.383790416928502
436,84,1.30996617426344,-0.277333345675294,-1.29264233272425,-0.547785861208381
437,84,-0.610796049239011,-1.42439354207924,0.489402521456457,0.264906109336698
438,84,-0.0404149336824869,-0.645088869911194,0.590001797214943,-1.21079369586614
439,84,-0.581856592452133,0.671089445403092,-1.12560552682591,1.72775008858657
440,84,0.372145534808776,-0.700345087378871,-0.304345438286233,-0.854965296315343
441,84,-0.647488141590626,0.0671933377712484,1.7618093549939,0.891487265894599
442,84,-1.46094548319312,-0.782305524036158,0.97612697824426,1.16789822721058
443,84,-0.921819130669503,0.437325279886628,-0.676811593932465,-0.555968342852367
444,84,1.52138977180642,0.780743226599415,-0.579037625597401,-0.257444230194879
445,84,-0.997432644138384,0.0657960425523347,-1.24046977876339,-0.96890148205743
446,84,1.27876859117658,-1.18661806474894,-0.357791670516115,0.684759652968682
447,84,0.686824492364813,-1.36063657918264,-0.0684436910995151,-0.578337586848446
448,84,0.0400328533477733,1.56423643858574,1.41149303243668,-0.788827005636139
449,84,0.964609689861372,-1.37752278382169,2.32809546568412,0.220164399799138
450,84,-0.260559062514011,0.264810961686457,0.376823526785877,-0.870274361762862
451,84,-0.0703340922764625,-0.924460416037064,-1.39081338900586,0.234903291015348
452,84,-0.905197265472301,0.828721105827834,0.302847067822055,1.44267588560963
453,84,1.1949857814191,-1.23418098912813,1.16986169232873,1.20068601420789
454,84,1.11238460575604,1.62383206504459,-2.69202356053404,-1.4388757823165
455,84,0.994029507301831,-0.96985399637158,0.261514479575784,0.055390570262327
456,84,1.7934619211557,-1.18742784549236,-0.437485288382584,0.325714732477854
457,84,0.72403309921305,0.351980650595143,0.896490477084522,0.735401045198562
458,84,0.236257415183508,-0.0478948798293812,-1.66448045198521,-0.161901015650988
459,84,1.0465953608547,0.187651573408579,0.0977441645270194,-0.281180745407812
460,84,0.364229867632113,-0.934281226916561,1.30729797359552,2.01051568378771
461,84,-1.59267684599245,-0.414045856301437,0.293887112964569,-0.172037036512345
462,84,-0.532265640582952,-0.275196440836525,-0.932405725845073,-0.23854567141303
463,84,-0.199347265597069,-1.00247131720719,-0.279352154603565,-0.353970415786589
464,84,1.83539379084306,0.516370559914395,-0.277920282620198,1.54250649694769
465,84,0.822169472377151,-0.983693255809536,1.09213708368418,-0.0300243331997306
466,84,0.131502077041375,-0.576268775066329,-0.238996350336962,-1.51175265085556
467,84,-0.443270171942214,1.62764148435876,-0.989689496975928,0.396506752842942
468,84,-1.09447807489098,-0.846815103980662,-0.480515134434248,-1.73196565880561
469,84,-1.33099348628568,-0.550261089123082,-0.630751616124445,-0.286107481798667
470,84,1.98514574157167,-0.283202089942942,-1.42490991491834,-2.08227822707438
471,84,0.905377749709699,0.223126905306481,1.25600288224868,-0.422643662217346
472,84,0.171232724753561,0.37265120474345,-1.74726109846897,-1.01212781118123
473,84,-0.291987023719637,-1.28729594444566,-1.80127301925177,-0.159500262635438
474,84,1.263313856514,0.36258922055964,-0.410692523573139,-1.43482069890659
475,84,0.207608450434751,-2.11743154224272,0.339735654848287,0.0268956608841172
476,84,0.185476260297124,-0.83596896525618,0.167417030792775,-0.0572644947827674
477,84,-0.776430370828909,0.231109115064434,0.00848236534021474,-0.892186489610957
478,84,0.262186999772073,-0.504506469760135,-0.39546605376494,-0.435535001400529
479,84,-0.122227027037498,0.0210617862559741,-1.09061734312983,-0.149489958111753
480,84,-0.814898457387012,0.644723656328246,-0.109042519894748,-0.458375035468007
481,84,-1.85719314011798,0.450101063095911,-0.667870772914533,-0.0829196822307546
482,84,1.79545316881624,-1.56364590690478,-0.490515108139866,-0.56898772820091
483,84,-0.538617822953638,-1.04284366375179,-0.292971771713636,0.08221251229382
484,84,-1.58233235797696,-0.540396359394053,0.706734204912297,1.1783561627234
485,84,0.909010172042583,1.95181305906458,-1.70464957420206,-1.37037791087956
486,84,0.355598371908087,1.85623126942694,1.21233512715568,-0.610496887147904
487,84,0.118555722557666,-0.105171500137038,2.69044529194901,0.457432194958069
488,84,-0.134841333173849,0.629683626583514,0.184651075100396,0.483614600330737
489,84,-1.28704444661203,-0.587667958120363,1.13927788219664,0.105375745597551
490,84,1.25705388185509,-2.40315547584887,-0.147213051169608,-0.973338798963402
491,84,0.0826882035105824,-0.848548721779572,-0.380313351781876,1.57310791609924
492,84,-0.127546046131626,0.11004066956288,1.24915465636957,0.357769242870156
493,84,-0.0997197018545238,-0.484096304823668,0.511480396417342,-0.815945512197984
494,84,0.00931718460896944,0.0619817182036711,0.58378831011097,-0.338403965520495
495,84,-0.187318538141811,-0.488609759449041,-0.252462008958343,0.275346985011011
496,84,1.2217981256053,-0.154352333454475,1.00671731296155,-1.62268136344014
497,84,0.282361109813719,0.0166539388953431,-1.10709464878305,0.953033138489032
498,84,0.123321974196774,-0.115527302187304,0.0432829066913163,-0.778319686500028
499,84,1.03493765516874,-0.0902853327359205,-0.0486915360194753,-1.70604528346891
500,84,-0.313420147542148,-0.325413994436216,-0.242982258104674,0.786711941806986
1,85,-2.09430041918245,0.941163550962052,-1.36581395954362,-0.21402855933761
2,85,0.908102923298064,-0.426046235067502,0.328974021050557,-0.580670496414871
3,85,-0.877930017614622,0.808661834852643,2.10977121621229,-1.66707732768009
4,85,0.39875034157746,0.227866139504045,-0.307939347495461,0.544685488673745
5,85,0.151683742565249,0.505394269458724,-0.363813910270546,1.89236372264764
6,85,0.778037636598205,-1.14579267332379,-1.70162458817909,-0.284255464697436
7,85,-0.317021134701222,0.558844919118488,-0.0998432908298966,-1.48776016892892
8,85,0.127621587193141,0.181458729320903,-0.558592095794266,0.286807084396454
9,85,-1.28635488921743,-1.01808700064647,1.86325171372514,0.977811393602084
10,85,-0.292179028441549,-0.0807902252020617,1.11306229604177,0.335543639646692
11,85,1.62153716249468,-0.414243721280635,2.48403436007149,-1.2549690627385
12,85,-0.160029678546512,-1.15719003232464,-0.494675093079971,-0.0750021877490609
13,85,-0.770170133086702,0.240729389026112,-1.40615029675826,-1.3036509301795
14,85,2.20679977945733,0.0211439958897078,0.343747623848518,1.66791592097024
15,85,0.942287470029997,0.18088999035396,-1.1468807706998,0.828743627807725
16,85,0.892075284162068,-0.187063497748066,-0.328417485160421,-0.409938244769879
17,85,-0.810813645297017,-0.359154948195589,-0.864926270279109,-0.0679310309950053
18,85,-0.0603061646006238,0.657767389392498,1.50969699205104,0.223745490855865
19,85,-0.969787540631078,-1.33453879817177,1.91337873073387,0.0637469345066833
20,85,0.618036712452171,-0.314175143558035,0.097332159315402,0.574130067015516
21,85,-0.135267255468334,1.03562735751676,-0.262938061133205,-0.902715527669672
22,85,-0.79359642443549,-0.0261770703756988,-0.583197128112154,1.04974076987228
23,85,0.381123736413219,-0.740568864873173,-0.236769035158157,1.82027882308505
24,85,0.0340315074874649,-0.00892660415725074,-1.21653853162156,-1.03042921194996
25,85,-0.205749417339069,0.800300140872961,-2.12480626130289,-0.878112524715087
26,85,0.576646149479062,-0.358954825233085,0.958988721073527,0.379720705851193
27,85,-0.0166939882817668,-0.50873535832551,1.58090458832118,-0.769979724012637
28,85,1.28984394346341,1.42277277487298,-0.0946642591146633,-0.109954213405899
29,85,0.289357840660853,0.0694341802078648,0.0176253195066187,-2.44632054504823
30,85,1.50328257165491,1.9005097495048,-0.53461140554021,1.25124559892297
31,85,-2.04742873982315,-0.793768139473671,0.669700655188442,-1.06776534188494
32,85,0.172405745184931,0.718519975904784,-1.50455679799242,0.876000786853746
33,85,-1.37521522673331,2.14909528747543,-0.785335804124361,-0.205769171014
34,85,-1.2563947042041,-1.35162812572231,-0.0851405718770678,-2.19955342356767
35,85,-0.544183270735392,0.387763050343513,1.68254225091276,0.602996342975902
36,85,0.318457421733673,0.363624135012367,-2.43984968112799,-0.220876081292906
37,85,-0.720629200686143,-0.233536885161909,3.08860167074455,-0.645310987746958
38,85,1.23373021882567,-0.0621750566575743,0.057353172343168,-1.08372565210446
39,85,-0.911794443154354,-0.179075493148613,-0.734472784047191,-0.336454176808395
40,85,-0.822998193697566,2.25248984691183,1.4702100282618,-0.939485036859901
41,85,0.137547941067843,0.35710261817189,-1.50206645871996,-0.771272663974829
42,85,0.918709881546369,1.24479556527334,-0.0573693079624728,0.323589490312588
43,85,-0.758550578778376,0.546765701393277,-0.940191150002011,0.245188700754376
44,85,-0.707292838151365,1.17251360659147,-0.490641325933084,-0.351956336481326
45,85,0.834753031380328,0.324390457881937,0.893254863600911,-0.181746634684031
46,85,-0.882360027825079,0.843867206282645,0.0649476900849285,-0.645412000777032
47,85,0.64116104629568,-0.889950243953777,0.606217660519978,-0.118871023909897
48,85,1.37934055892187,-1.06262240497585,-0.879967437925663,-1.48946608232995
49,85,1.56028585689519,-0.074365737705502,0.866925497230999,1.03221538925308
50,85,-0.33889735980144,-0.313339446654597,0.665350395436747,0.133642060076654
51,85,-2.54012586035298,-0.00536274747796486,-1.38962023246117,1.45959493487205
52,85,1.20762884277982,0.225085822627202,-0.363846355028642,0.536571315232326
53,85,-0.152457515796458,-0.625684047774708,1.16199555424767,1.21741986904905
54,85,0.509149748484381,-0.914570683660267,0.213416643107807,-0.508312842323455
55,85,-0.833433827700657,0.970629117326509,0.388110690603794,0.36820618449132
56,85,-0.879156368461783,0.445531366129112,-0.761704668449493,-0.386334460618995
57,85,-0.904724096066682,-0.862136697660025,-0.857143738384167,-0.697303742794007
58,85,-0.98189076044439,-0.523923492435308,1.48532325727748,-0.386450581419827
59,85,1.53363041702189,-1.68711119666021,-1.18589776990303,1.31080394413976
60,85,0.47120410164817,-0.182168588373991,1.45772594323297,-1.1596408062791
61,85,0.342878531497763,0.393851303655559,0.804545642774401,-0.7970256354169
62,85,-0.104952108833633,1.96293151094999,0.076642696563402,0.72966253270905
63,85,0.513454979623932,1.71371687298945,0.265068236566524,-0.689473376876806
64,85,0.805657471937184,0.937973940905036,1.43213534159734,-0.920118274427385
65,85,-1.35169155104283,-0.287287069332319,-1.54993693735176,-0.841819273551252
66,85,-3.10394776050636,-0.161945814405303,-0.801540706567806,-0.642720328945335
67,85,-1.58172368920413,-1.40691697383844,-0.73258314082175,-0.264166346552535
68,85,0.590370697541109,-0.114671071463175,0.311434695637584,-1.41568999252974
69,85,-1.50828700193675,0.435413810477671,0.710707164317291,0.648543222914177
70,85,1.2304862077789,0.605989994056403,-1.35430165671919,-0.0387896652321776
71,85,0.388785641030064,-0.228734029183621,0.928875273215345,-0.625711234254129
72,85,2.12169337317223,-1.48880978685036,0.0812325754276935,0.472154030317835
73,85,-0.434886385301432,-1.10687202679742,-0.212881387841367,1.11817666188128
74,85,-0.561612910510607,0.13607540815525,-1.13183131115008,-0.0635090215719604
75,85,0.820700199787348,0.330917625620675,1.03193434302177,0.596235140298757
76,85,-0.971940401764166,0.301390803978886,-0.394074504606582,-0.456549502069228
77,85,-1.42026561587769,1.80340548044556,-0.702745819954498,0.730987447727575
78,85,-0.0598573772997435,-0.310259058169682,-0.327249688911892,1.71739252044716
79,85,-0.12295420783477,-0.414240930692353,0.50034262034577,1.26317141339727
80,85,0.671928715724124,1.88822083761538,0.890422986956606,-0.440743788168197
81,85,0.0844715216983967,0.587098598109603,-0.286501647798621,1.30868453751418
82,85,-1.12391685076077,-0.75015501951358,-1.01409943296942,1.14295681874547
83,85,-1.63990580254556,0.715978663563544,0.953600128079138,-1.34286540654484
84,85,-2.8589504023439,-2.64864925053615,0.272289941635695,-0.190252007866867
85,85,0.56125296033183,-0.508842088660299,-1.50383444897285,1.27083323721351
86,85,1.00334121973138,-1.64314397728862,0.92768081465581,0.244615834322958
87,85,0.13712172493127,-0.381090893988714,-1.00194210250957,-0.746035808030055
88,85,-1.41360410283225,-0.942109759416948,-1.99780569431417,1.22362765319401
89,85,0.0308764073222259,0.544620409572613,-0.974700664735451,-0.921405103035426
90,85,-0.419456382395515,-1.14167529849512,0.397923209161634,-0.448215902660792
91,85,0.643871312701408,0.153965509150142,-0.159327836828134,-0.192062269935722
92,85,-1.7242177207037,-0.570354410179022,0.457064844801602,-0.884973456509919
93,85,-0.551700861805186,0.555171600706109,-0.540997322981191,-0.797243175684195
94,85,-1.15309983035857,-0.574950994309886,1.1001799218481,1.77782102107704
95,85,1.40523234465822,1.59980063827092,0.809677255031115,0.884072792013103
96,85,-0.273515887512544,-0.534978746936609,-0.140679666736325,-0.261364297901309
97,85,2.86106561828574,0.581235612883114,0.558667467124259,0.232785159484244
98,85,0.0422242072823003,-1.2461966444907,0.948425794511,0.185493520366383
99,85,-0.608455555289955,1.02326459855536,0.430951143337571,-2.24451812046844
100,85,1.46522483749936,-0.805736985038242,0.0798131491285089,0.338244802726897
101,85,-0.995103613834709,3.30654586073448,0.865681708760561,0.864610284823059
102,85,-0.015956179804925,-0.118934234310053,0.570321205225653,0.267502166586908
103,85,0.482608639732277,1.96449338072853,-0.355274197808321,-0.891291717780354
104,85,-1.5718409412327,1.15504867051735,-1.39603461733302,0.981244951250899
105,85,-0.605719124530109,1.75024717373041,0.620032426320816,1.27862509460251
106,85,1.41549606197414,0.210495383876779,0.123202584628915,1.18769970925769
107,85,0.426304392591299,0.976963328689464,-0.916592307452677,-0.719552431660456
108,85,-0.218734745055836,-0.543392592300102,-0.899454352810097,-2.26126991754536
109,85,0.899583469575787,-0.567872179416821,0.401831569466544,0.517833260042842
110,85,0.0230925652515603,-0.902689997561468,0.58788964554183,-1.18075186955078
111,85,0.700188721439128,-2.13062633845688,0.33877869244454,-0.447960360587159
112,85,-0.747727674260234,0.234872603397472,1.38575321092508,0.172342612901585
113,85,-1.23721968983969,-0.41693197027825,-0.602787632636839,-0.10121268830232
114,85,0.822193733071163,-1.4957936620764,1.52457890283283,-0.814035640467312
115,85,0.115779096757522,-1.60414564685025,-0.0312610854025711,-0.663186417933813
116,85,-0.0279463211545594,0.0190553157420646,1.25471023824931,-1.07202428511933
117,85,-0.865824693210536,0.280373223558191,0.635173861785951,1.42636792826537
118,85,0.356293289782717,-0.471230797693876,-1.38108098239961,0.381379604062647
119,85,-0.0356092700192373,-0.78549327543471,1.299469809531,0.709365217741459
120,85,-0.451437006646485,-0.458965959129822,-0.536546670584459,-0.708749335159839
121,85,0.523982935725141,-0.586638651267645,0.0849775857745777,-1.22884261253468
122,85,-0.84235849820423,1.12679532522383,1.21952781388777,-0.114890793671742
123,85,-0.405952270126751,-1.96486439754013,-0.478162871411287,1.74832011746163
124,85,0.525131794594551,0.553416853792525,-0.109702999264556,0.0681645669790453
125,85,-0.258331510925062,-1.69436311940203,1.32074292779058,0.398986708627935
126,85,1.0058432889425,-1.72553617649017,0.833517464699261,0.158937007383545
127,85,-0.283211548473209,-0.244599745180442,0.0849047983759158,1.34117246005275
128,85,-0.518412312966777,0.642215120359062,-1.95610091411483,2.47850168089601
129,85,1.88645233660566,-1.40668531996127,1.62193504910547,-1.45527700019993
130,85,-0.737767520720572,-1.45696857845426,0.472082293745182,0.556805433234911
131,85,-1.23731042034543,-0.253113478484995,-1.81638071390065,-0.305384325716386
132,85,-2.61483623860927,0.842477651066388,-0.806031921041336,-1.21966710216628
133,85,-0.295868083941551,0.839745650662055,-0.353970985355998,0.231857575928474
134,85,-0.707073654806686,0.964172585682016,-0.516606040905097,1.4200152922572
135,85,-0.672697425387825,-1.20432427168391,-1.33399474172399,0.846032425745831
136,85,-0.263909408591883,-0.0278258557395308,0.380831011373951,0.682173435406377
137,85,0.297496837522168,0.186828062819226,-0.272298468581098,0.271306723302437
138,85,0.438538850136395,1.60882288720473,0.960803798175655,-0.074062762523313
139,85,-1.11116404550063,-0.982249044606336,0.65625260385497,-0.0326517159886883
140,85,0.89566285636206,-0.628958982481713,-0.191212058294975,-0.275329701135061
141,85,-0.289992373303651,-0.531814057864292,0.888663935793438,0.647687272168796
142,85,-1.20343008776623,0.330010146887817,-1.63300142410947,1.4352206726589
143,85,-0.124551212278853,1.94764231037593,0.511667565307014,0.70361324427057
144,85,-0.697075402003151,-0.162011834016753,0.994423545621948,-0.267457002178486
145,85,1.08191253022055,0.740680268537325,1.03270683501203,-0.502308479936829
146,85,0.71789597579764,-1.46509860319438,-1.34710351410962,1.01372988773744
147,85,-0.113876672116416,0.008755762208834,0.649641800977121,0.277698820648677
148,85,0.223057361199769,-0.426307364874259,-0.682220720667476,3.76170083128147
149,85,-0.575100338726387,-0.308744372156097,0.821741090481161,-1.00283548217797
150,85,-0.12500587023123,-0.358016901407995,0.557626804240781,-2.18232932919148
151,85,-1.77313596090735,1.1250651248758,-0.201846718680739,0.758683109529613
152,85,0.472572834520258,-0.207354457879366,-1.38372887871854,1.56200904209104
153,85,-1.12474938667526,0.786873247223008,0.755655012769038,-1.93857634646932
154,85,-0.149315720380102,-1.04247375132833,-1.06994690842203,-1.08459455940184
155,85,1.52240446815701,-0.262329745939383,0.138508386132552,1.82313319395537
156,85,0.0282498354007949,1.15209753411741,1.0824356445476,-0.394887884943391
157,85,0.87022533987814,-1.10072344796526,1.23215664403122,-0.475169803125078
158,85,0.492338752148521,-1.54867958358974,0.345191886024792,0.216043387558739
159,85,-1.13680317520046,1.10515181454799,1.52169884258809,1.25879501346201
160,85,-0.963765769214121,-0.42917929278173,1.21884229366121,-0.00610799866800335
161,85,1.08047699784443,-0.177704386218172,0.0311987752045769,0.587423712878305
162,85,1.10828487464012,2.27839893128318,-0.428306096919866,0.0867937875198458
163,85,0.105224059922425,-1.24685269918227,0.193367322049976,-1.37557593053706
164,85,0.815778244813689,1.19929945760438,-2.2947676893132,0.688231874178397
165,85,0.325823605750354,0.871524271048067,0.000173682215229996,0.991632354075545
166,85,-0.688782467395601,1.44037230612189,2.65987345737651,-1.83818268904971
167,85,-0.544580634972184,-0.14973403755165,-0.893525318009911,-0.872442242128142
168,85,0.780163640355131,-1.31115552379372,-0.313052765261811,-0.487373285188762
169,85,-0.697028415782215,-0.52204541609217,1.02572630754688,0.22681015531633
170,85,-0.315404793691321,-1.12469554206396,-0.0237252405635897,-0.888225807734733
171,85,-0.189546103730559,-1.02696835006596,-0.671023293612344,1.48834830206945
172,85,1.17745695392272,-1.3686549833594,-1.57845764211226,-0.182343755498814
173,85,-0.971242712002946,0.705144436015181,0.0701831900632472,2.13904082011169
174,85,-1.15688421196313,-0.222854629037846,-1.16476630981189,0.626526936820666
175,85,-0.15469510358243,-0.519113084900154,0.987159201900692,1.17952141776024
176,85,0.795094758501947,-0.855070100339778,-0.667751079886742,1.65750764907518
177,85,0.469906861396614,-1.41598323041788,-0.17504351614184,1.19827922266352
178,85,0.829118735594565,-0.884741484510957,0.198802654902173,-0.0663552833702365
179,85,-0.443358449388726,-0.581644692439463,-0.0682641221964742,-1.44200593529807
180,85,-1.59125705804381,0.603314672104248,0.367826877367181,2.62152671539098
181,85,0.388238075524548,-0.176459349755446,-0.0657900202723757,0.247772801239033
182,85,-0.675943262834608,0.302818144557794,0.480995871843275,-0.186466928260561
183,85,0.324722192309199,0.885889235501908,-0.0245122834721868,0.418184145020581
184,85,-0.763180260879142,-0.0258850868574556,0.596652807435519,1.17316492393016
185,85,0.225125121924133,1.19795403093009,-0.675288782902403,1.3895830335147
186,85,1.09350438944777,-0.39055548069674,1.00891976239118,-0.410379694665753
187,85,-0.434710585333737,-0.599893936195441,1.62475446818894,1.67264273275276
188,85,0.0355719606679436,-1.19731196210055,0.395265499040734,-0.239756437151028
189,85,0.675802230051262,-0.431193743991619,0.0112530208511515,-1.78628009295567
190,85,0.324270116805094,0.451041091677179,2.97136484479569,-0.974785266291813
191,85,-0.923964178225757,1.43252621740028,0.015792781702223,0.662796123881658
192,85,-0.685328441415489,0.751140369351929,-1.09363968878462,-0.0940761011582521
193,85,-0.346704296279694,0.811735672716906,2.15824744513302,-1.30846321376805
194,85,-0.210366621361283,0.529613582186849,-0.733463045030355,0.307154437268015
195,85,0.199946272481683,-0.56091226467698,-1.07506869182363,0.122322551330595
196,85,0.442534402639007,-1.25888332349243,0.855867125523913,0.145322167081958
197,85,-1.21118880637335,-0.647489227714656,-1.53061694042674,-0.173623184696207
198,85,0.686235376543831,0.895778846256847,1.83281033171829,-0.383261100886597
199,85,0.621352676097564,-0.164935621662461,1.77841796384359,1.15081996359235
200,85,0.451786774552224,0.232673856275303,0.316397700817817,-0.53453818178105
201,85,-0.542528807492924,-0.91792748737318,1.4303859758505,0.346133520091481
202,85,0.389597964041287,-0.928225410951784,0.951221322175593,0.911415983668545
203,85,0.753339125790718,-0.410617593407095,-0.000209409613350236,-1.78569559028823
204,85,-0.0390449024474106,-0.0978524858309212,-0.253183315097069,0.112605521248581
205,85,0.162056344040593,0.470025198919003,-0.633460753841484,-3.1155841741967
206,85,-0.286588310092384,0.0798446774252128,-0.565887924542484,-0.878028608123091
207,85,0.291257121978695,0.771928633985561,-0.0621450845597422,0.0201426759986743
208,85,-0.202814415163077,-0.756730480492129,0.397955071184174,1.78176048947004
209,85,-0.0877952382011265,0.920272648738234,0.113701847845944,-0.495542401884644
210,85,-0.279378298199469,0.363462254541072,-0.786709038718392,1.8590799511555
211,85,-0.823636791178665,-1.58621531117395,-0.693073163945423,2.15197684941085
212,85,-0.335486559356978,-0.00785680119158699,-0.0937258703857741,-0.476224113051233
213,85,0.197772265302237,-0.130288638327871,-0.0854675382939841,0.515281368612995
214,85,0.0508503989833758,-3.13647654131175,-0.628452683546447,0.422564477611338
215,85,-0.678727064227849,-0.768635757599852,-1.61174115927887,-1.95819664633654
216,85,0.74293711935861,0.742408399133255,1.35715258871251,0.782527127917186
217,85,-1.36024998663098,-0.0862917496622984,-0.0952210619115424,-0.11378468412394
218,85,-0.859623848005804,-0.710250706961164,1.61441341879115,-0.384758588185149
219,85,1.58325356895709,1.21202589778893,0.656380102057566,1.01756095073408
220,85,1.24802900641933,-1.38394449604911,-1.00488900590334,1.01229504919399
221,85,-0.311428885395379,-0.0722561886846551,1.92547562941094,-0.92821969216585
222,85,-0.599809351658046,-0.040593232046783,0.225231992233471,0.0669987867414717
223,85,-0.352442134088792,0.024926531285745,-0.699152176819726,-0.90510044065686
224,85,2.09010887534851,0.43705091397714,-0.0622303130553926,-0.569838365901051
225,85,0.299850697758127,0.130372064717361,0.459688085877228,1.30330044991496
226,85,-0.161033114893503,0.478783945620339,0.906627470741832,1.38854486908732
227,85,-1.18366362905285,-0.402033421237816,-0.788097116478176,0.20399809210589
228,85,-0.508698840304281,0.820894999800634,0.304352181615581,0.3607778966622
229,85,0.602916722769476,-0.0201274483948706,0.740703131286956,-1.28078080015142
230,85,0.071097269740805,-1.61897833768266,0.575831592343956,-0.430375530254882
231,85,0.251191133558224,0.711798188825463,0.286392903389093,-1.18685820918459
232,85,-0.186048686917063,-0.462824982248104,0.973599822148174,-1.58114044210579
233,85,0.546994348047205,0.969629814368103,0.474088565174501,-2.59173005154397
234,85,0.840439044292794,-0.755104578978791,-1.14892788499672,-0.274167499440046
235,85,0.386105921416669,0.720743441421815,0.67850537687962,-0.880788939499356
236,85,-0.0346440414932448,-0.493528427220024,0.696080634866869,-0.888040906264521
237,85,-1.98956059556209,-1.48156272262394,0.229103146421387,0.801847141538812
238,85,-0.644045076431301,-0.255749574380726,-1.12643088178963,-2.51057476288695
239,85,0.0223671855452952,0.175230929878032,-0.0939378763574756,-1.62014800432041
240,85,-0.822857155175272,-0.387367593691017,-0.0960414676906022,0.873985365228927
241,85,0.414224735153514,-0.800623137024589,0.43148982186777,0.0643566322822307
242,85,-0.300944653787407,-0.418440405059895,0.0305567339446752,0.997691813117816
243,85,0.77589512920162,1.24144973087568,0.746402440399376,0.583789191025479
244,85,-0.829577491927414,-0.5007458248835,0.616913178740163,-0.75350596147659
245,85,0.171975520421634,-2.19646471067096,-0.300819832319096,-1.01375687411665
246,85,0.856260733532533,0.975727102272301,0.394852134734994,0.212439753366658
247,85,-0.520451851237761,0.443404504049646,-1.37082840515453,-0.339496522811252
248,85,-1.22128570631982,-0.950400921544771,-0.707530353224427,-0.113624142685013
249,85,-0.64990548248277,1.61384819942407,-1.88237577437992,1.1181168668048
250,85,-0.65196269848721,0.184005259734042,-1.82385151111489,-0.0749845510123466
251,85,-0.665075035062985,-1.82585005807271,1.86559673446641,-0.792580574741551
252,85,-0.725743569341639,-1.11831420828009,0.512847470085488,-1.78536496905457
253,85,0.286986705482629,0.354668963373757,-0.86069745501903,-0.339887387089653
254,85,-0.121032420983965,0.131163737968564,0.295200046675929,1.05461022667964
255,85,1.96705118993948,-0.612499623275302,-0.322716704532423,1.34850737306368
256,85,-0.317558917255541,-0.346107835167062,0.286745833348346,-0.72911015154288
257,85,0.340915117061144,2.1696428504922,0.396423050088077,0.441905542563722
258,85,1.6566380096557,-1.23126115603764,1.3239794870974,-1.04578883918302
259,85,-0.725064673836772,0.100858175626532,0.77883624987693,-0.399196722022333
260,85,0.604472952208241,0.701946507431888,0.849467023985709,0.39706063858014
261,85,0.157531084734033,1.94507185731893,0.224347219195515,1.34321307696556
262,85,0.397335324719672,-1.78544471766442,-2.04122195528624,-1.26039096130128
263,85,0.0594288719949825,-0.205278405060812,1.41489246095124,0.562463506925703
264,85,0.209472260026523,-0.888862054798429,0.745134340520869,0.396812062803949
265,85,-1.43500644601304,-0.896975934985284,0.0627748560797983,-0.273189979333791
266,85,-1.32471124927531,-0.424181951314825,2.04999395568563,0.182024299017142
267,85,0.238304755799945,-0.633823583632016,-0.0249745836109654,1.25937545214586
268,85,-0.744123753673723,1.81709727705754,0.366025272466485,-2.25064779933693
269,85,0.133413220014145,0.329589265464894,0.137658240031673,-0.509575010642562
270,85,-0.836022951190343,0.51965409403677,-2.06007905167185,-0.504148596725928
271,85,-0.626938001498176,-0.924344882961751,-0.531974630069511,0.628644796840677
272,85,-0.117333077882763,-0.508127795534262,0.73986373926028,-0.643703586134482
273,85,0.791757832914002,-0.619722769158692,-2.49231338996857,-1.6536036868408
274,85,-0.186741557499223,-0.655848769475923,-0.400373933214941,1.18659221906113
275,85,-0.821265332106031,0.159117939355162,-0.155213050523642,-1.62013373662734
276,85,1.74426113718141,-1.45369196338236,0.964283792295479,-1.28535900804729
277,85,0.7675327919248,1.00264684933694,-1.47292254194815,0.554949726492939
278,85,-0.440449860670636,0.48518320464436,-1.87780514161577,0.66329766900215
279,85,-0.498314631612473,0.853356235075917,0.499426554324835,1.00482085546332
280,85,-0.195787904909914,0.994733724491074,0.227822761440514,-0.0665716205407676
281,85,0.776525059552538,-0.333305478335191,0.61147969756424,0.620826243135287
282,85,1.5209693985699,-0.468965145417062,0.623247815781675,-0.377203765917511
283,85,-0.814328378864384,1.25214464225585,1.37295855639929,0.164937979308197
284,85,1.71448789759059,-0.380737074177508,-0.139347321719381,-0.616730872412744
285,85,1.16601208499221,-1.40306784888614,-0.180865061499181,1.18884648716013
286,85,-2.50537709286903,-0.914682454961814,0.842418265041527,-0.680622438539024
287,85,0.993222988230751,-0.42027401647935,-0.732580146579828,0.158126375184638
288,85,-2.79447765788533,-0.68878815836554,0.289236651788055,1.28088511029879
289,85,0.12062763550061,-0.13044120576271,-0.193761670687887,0.328950279130599
290,85,-0.362125753357295,0.243188255095288,-0.735019937621967,0.339800236422822
291,85,-0.0633731171331968,1.63828284448807,0.800631354179353,0.316802350358962
292,85,0.642765623230004,0.737609694222677,-0.0373579842206481,-1.16667948570541
293,85,-1.22699558427999,-0.379297331232843,1.60841033812163,1.50565089531183
294,85,1.14873840832303,-2.22124922844923,0.0445247585656261,-0.822427241131902
295,85,-0.0114725918200594,1.4825192647044,-1.62923489043352,1.5776049311399
296,85,-0.706880357319911,0.102462615481914,1.70476579239109,-0.697891296090787
297,85,-0.861120787079248,0.210336548221423,0.799820295127234,-0.72703616641546
298,85,-1.10328207594532,-0.859475686922582,1.25941567188195,0.47778617523125
299,85,3.26136670347183,0.87958631978183,-0.337051120501091,2.12492009875855
300,85,0.630461480426623,-1.20310692206629,0.949692231696782,0.568879534904283
301,85,1.3763610989868,-1.0697970094538,-0.235504123585409,0.177219294324493
302,85,1.35729332718377,-1.65374570713683,0.99427107204825,-1.02068139977111
303,85,0.966021299959137,0.00770259687017283,1.2294714649071,0.484144562453837
304,85,0.969671634989006,0.0189683997360204,-0.249522590968949,-1.20889527801918
305,85,-1.07268857766671,-2.23505639973896,-0.913426252995165,0.0095497499696809
306,85,0.439932049142565,-0.773844416672361,1.84077796663281,0.19291463982638
307,85,0.106738506870796,2.07862701139905,1.0199114336038,-0.458005637123084
308,85,-0.434462391162768,0.825932033222642,-1.19410122923063,-0.924649461596229
309,85,0.383053241921879,-1.10280565661077,-0.828401594287234,-0.183027069303053
310,85,-0.34032218491363,-0.105471335938679,-1.53756974983295,2.13075229805504
311,85,-1.02518722512709,1.15635716702528,-0.0222345348623994,-0.136184026028847
312,85,0.753975553398847,0.656830314759149,-1.63375004097246,0.881394818594494
313,85,1.01824895263147,-0.164365383732529,-0.101870725391748,0.0186534120889793
314,85,0.256560266878752,-0.707587549156962,-0.475050351981104,0.369006975996522
315,85,0.018102642745585,-1.76796987389892,0.40720367934055,0.315161145449906
316,85,0.621318284609386,-0.939605992485397,-0.90342194698883,-1.62201367199962
317,85,-3.27936929003266,0.455227355590243,-0.674931132224303,-0.18841248206083
318,85,1.57610519933702,0.313149836705948,0.759387710395945,-0.0406723065162844
319,85,-1.7714673950304,-0.75974828356341,0.0303540273492669,0.217496276024549
320,85,-1.55926491393013,-0.594354870207413,0.283277822105786,-1.54208686609042
321,85,-0.582039079266267,-0.729815748151932,-2.27220664209968,-0.147871206841308
322,85,-1.1809317315083,1.98282916379425,-1.14007369186469,0.767179917736031
323,85,-0.698162296528108,0.598096861676365,-0.666003811751047,0.202637576223076
324,85,-0.599144835242765,-0.760681641848704,-0.126702884712259,1.10854625663228
325,85,-0.3462729538716,1.40345517856702,-2.45393982956709,1.0813470093507
326,85,2.16049083832818,-0.437107203611918,-0.056887202071878,1.46863753242289
327,85,-1.35039709168971,-1.86019278823649,0.68664067244746,0.333245992614571
328,85,-0.473124841471811,-0.819052062680757,-1.40481937238067,1.22091425597801
329,85,-0.160697917892969,1.05117280741991,-0.83583966591866,1.09983094938812
330,85,-2.08402250704926,0.652400059700451,1.68180833510799,-1.39676220100363
331,85,0.384831354534649,1.4601451977891,-1.21162458671267,-0.442303851248233
332,85,0.944351756468043,-0.345991647777052,0.247491266511564,-0.486708438670678
333,85,-0.370040140345883,-0.29491546724793,-1.53994606388566,-0.0664863045117548
334,85,-0.677425758649073,0.43097536964348,0.471800732763024,-1.02208831681243
335,85,1.21266148821401,0.0483619235953451,-0.00865354761940313,-0.772567140128631
336,85,-0.0250178980711512,0.433181867137258,0.167047038017363,0.420460283608997
337,85,-1.39749143734281,0.328287095929352,-0.13606001609982,-0.0748617905197164
338,85,-1.46029887548,-1.70492442876818,-0.624299405898715,-0.631935091339873
339,85,-0.8331140753224,-0.0881878782750044,-0.992196613347896,-2.42792687950686
340,85,0.853686957658356,0.58950796388946,0.750157834877959,2.01017613767984
341,85,-0.384883385095268,0.748795325470565,-0.300869171617481,0.072099686876522
342,85,-2.21591938157882,-0.209673050678052,0.376997144194874,0.86288454299756
343,85,0.700212778538186,-0.00792832746285352,0.0228764993744226,1.50009997966492
344,85,-1.64388953436363,-0.259275473392651,0.60619123135394,-0.211252655556706
345,85,-0.0976715982904044,-0.558548981006137,0.813865248443807,0.905821096029531
346,85,-1.41462651097755,0.119165413897324,-1.70481452215221,-1.26312303497772
347,85,0.141878456455943,-1.03061710099162,0.476924531455726,-0.0915174335156489
348,85,-1.19524845708487,0.851282658924691,1.59881457317358,-1.01568472995534
349,85,0.824395426817507,-0.384419771044441,-0.118581422620422,-0.386987517838688
350,85,0.257268493895784,0.049161831586122,-0.143972801697213,-1.75007878808723
351,85,0.287019490275264,-1.46980647503143,-0.155359093128579,1.1108238634627
352,85,1.75020208739405,0.0343255448574219,0.725319787702796,0.352438593147325
353,85,-1.53998278613133,-0.525906246540558,-0.099951612121253,1.69418269143836
354,85,-1.22006042209804,0.685977986294222,-1.25081987505873,1.14663160355595
355,85,1.14754915045756,0.0161544717229056,-1.23609569198692,-0.281053930693125
356,85,0.304942972007475,-0.310630434477701,0.632825604514566,1.03852914737889
357,85,0.877647726904351,0.247369513618529,-0.372226894423506,1.28734926842496
358,85,0.640699023594733,0.176864622474852,-1.06644596452969,-0.140228207786145
359,85,-0.287137321283416,0.99473379484665,0.80907805586566,0.0645383770314313
360,85,1.38777747262231,-0.255148520303765,0.449045471126129,-0.0461509813371874
361,85,1.40523129876656,-1.71146665322076,0.890238950778409,0.265484933913731
362,85,1.39146735769233,-0.173866309094227,0.196091252868966,0.714412405819037
363,85,0.0542952888360253,-1.07833129601976,1.19303782277444,-0.0904734926385952
364,85,-0.427315082223069,0.67480126850971,-0.764805635364913,0.18515668634092
365,85,-0.0697213236877018,-0.375380774215129,0.149742419883289,0.1799888888955
366,85,0.514554338262562,-0.947459967794224,-0.133651106926476,-1.18863491231296
367,85,-2.10764333011773,-0.304018983377136,0.891644765516262,-1.08699021054529
368,85,0.911322056555674,0.573237529776991,-1.6754441667869,-0.548023315871237
369,85,-1.75473098761177,-0.518115237192467,0.0579348279356703,0.386556149654869
370,85,-0.51937669035814,-1.04717333152718,-0.280399985057518,1.63996975304975
371,85,0.941737570970332,-0.0543348035250425,1.34283778905444,-0.311551323488354
372,85,0.976215157984839,-1.45271104982212,1.7751962327859,-0.791312460701142
373,85,-0.715312037708014,2.12939904043492,0.63488307023869,0.0173848507251407
374,85,-1.09391218315416,0.127935704849165,-0.328334657199677,-0.352201604659213
375,85,-0.206406569559838,1.01330221302803,1.49500122823536,0.148022073627416
376,85,-1.0772592759344,0.860127953862692,0.213169137354278,0.0328717172685098
377,85,-1.54142024785243,-1.88249029300492,0.539065849338182,0.318210280603584
378,85,-0.0361725839542641,-0.139329419679663,0.696135511656269,-0.245755939284338
379,85,0.454033896104494,-0.122269986619393,0.363184753567096,-1.8243620949885
380,85,2.06535803832731,-1.75755144533068,-1.94468411172442,-2.48657703277305
381,85,0.921857469629117,-0.451815896082987,0.214875479385055,-0.248245723946245
382,85,-0.635388609560058,1.41575873886675,0.779209414676771,-0.958104750909365
383,85,-0.503826750333002,-0.00625181317452903,1.22700463513219,1.03512795242894
384,85,-0.873644395260783,-0.47712781380368,-1.23854331079494,-0.520366759982624
385,85,-0.182502250550286,1.64283858153941,1.13297059516145,-0.385189368534654
386,85,1.58268195709652,1.53126930146673,-0.519751748164957,-0.335321884284255
387,85,-0.855753474698327,0.157626720967882,0.0639106995180917,-0.611419003233017
388,85,0.0452174127106642,0.732247362330883,-0.151848367552774,0.0658695932393715
389,85,0.0691045954240253,-1.67286845967855,0.667308673894673,0.686607172291998
390,85,1.55015801152283,-0.0775462599658974,1.19245129482442,-1.22301178502923
391,85,0.0505618753632652,0.0704098256807212,0.194149835072579,0.0198631842159189
392,85,-1.54330453361367,0.232040588434717,1.39389028991081,-1.32136059676972
393,85,-0.861325584432604,0.951363360076961,0.025358065985807,-1.28736451084249
394,85,-1.83751092645871,-1.23808774272494,0.807798900631198,-1.07642533274372
395,85,0.864006325851966,1.58576520974733,-0.531912071499384,0.0589762314589271
396,85,0.521818479920766,-0.319576395304924,1.13990843147282,2.09406995291992
397,85,0.398759830142206,0.106416580938549,0.688109930751759,-1.84121887561625
398,85,-0.111130474259085,0.530885389115279,0.0787008321068221,-0.434470214638504
399,85,-0.377418942876042,-0.883644808804574,-0.670342448112592,-0.815248417201222
400,85,-0.34121472489975,0.507136658914785,-0.039040761183768,0.034837955517119
401,85,0.204302195563068,-0.785826883940697,-0.574998652841436,0.339484417814044
402,85,1.14747810248721,0.449538135306299,-2.63279541996645,-0.860541497135848
403,85,-1.80895724012526,-1.30900369482595,-1.0713072804666,2.0060488678267
404,85,0.862494132457044,-0.658414293988209,-0.571511630763185,1.3420476156714
405,85,-0.654385953452051,1.28800639397672,-0.0523953502601649,-1.3982209011358
406,85,0.85816202481706,0.528696770433754,-1.29651990660642,1.07131218885451
407,85,1.14291052081611,1.48894079125806,0.601584786885479,-2.67208613625469
408,85,-1.17160147111047,-1.55670279111671,1.0626235469627,-0.898436686889386
409,85,1.27150294109972,0.295534305400207,0.488620756948364,0.510379847779728
410,85,-0.943371421217147,-1.57467682004936,0.376060283890086,-0.774863648554101
411,85,0.515954906678815,-1.04954668778768,-0.486509999017948,-0.740386134323004
412,85,0.473219051609847,-1.72887988485533,1.43863674313735,-0.167518244544092
413,85,-0.0215519448190874,0.907489449900964,0.663130024207455,-0.521514649031687
414,85,0.0459298422522046,0.0679389420825136,-0.712612766541406,0.048423018317871
415,85,0.368911349230133,0.561789589985685,0.177233031616845,-0.582920572576196
416,85,-0.77617567908399,1.67052031489604,-1.27073323845739,0.469877743277071
417,85,0.406745428014284,0.0827220138509152,-0.668881010262713,0.557943314134787
418,85,-0.727859586662877,-0.644938336008065,0.0198970816611073,1.33560041050766
419,85,1.21275120090476,0.502240705678864,-2.15645529890604,-1.29453291019703
420,85,0.904998803036637,-2.19403596805191,-0.106801507100026,0.4970700394925
421,85,-0.988819854531124,-0.941779814710291,-0.143079847570296,0.150892552486115
422,85,-0.865125477643997,-0.466553741543153,0.174671646416279,0.672966373750162
423,85,0.471524505472495,-1.09194226091722,0.144843801985389,0.111440738699009
424,85,1.11468208941356,-0.14672328768654,1.39986750850019,0.124983587373629
425,85,-0.833123061114115,-0.196891077445048,0.52396695582755,1.83956379607169
426,85,-0.0954342672640832,1.28771585659206,0.316200895370507,-0.774790346030855
427,85,-1.49707385172611,-1.24172584621483,-1.18820609888126,0.324387711414749
428,85,-0.85868091230885,1.15328886142035,0.103657253541781,-0.961723353449932
429,85,-0.119600582431965,0.765086968145927,0.231337704164917,-1.43056319602527
430,85,0.105153916222996,0.191725820737467,0.632115883209512,0.77548793605694
431,85,-1.62546336335211,-0.348697375022076,0.0639404347395869,-1.58758773073395
432,85,-1.03630476730073,-1.05023996903029,0.254665466737331,0.0647655170594064
433,85,1.4707373756519,-0.567511402589109,-1.11410807633751,0.623990747908109
434,85,0.526421675136469,0.590192390117778,-2.25939920565839,1.58134921026038
435,85,2.26709005551791,0.511328341486484,-0.637370559013665,-0.233062855593381
436,85,0.00377237853584313,1.54811573784858,1.96031442664536,0.474925879099994
437,85,1.50852798964275,0.534748707413817,0.0748052063977746,0.650844207099123
438,85,2.04557737396381,-0.000225000633991388,-0.401271911008792,-0.226803272361748
439,85,-1.09080263660793,1.24958514268841,-0.0300330809259384,-0.442071801886639
440,85,0.40679841426077,1.18576766391225,1.21282254421632,1.41982714707809
441,85,1.47246667374436,-0.181057945310696,-0.885312881396498,2.0291170747632
442,85,1.46384623667449,-1.67061647844221,-0.605198070237972,0.221995205950777
443,85,1.10244966681852,0.464937216389691,-0.657882634165204,-0.776242156689478
444,85,-1.16405926026735,-0.398755507349895,-0.259808770436406,2.13841668161099
445,85,0.174032935487367,-1.21736847377086,-1.093310506634,2.86153196434795
446,85,0.164756527665578,-0.178075127325593,-1.3260123177581,0.719691577413938
447,85,-0.649252779155074,0.468993214142273,-0.10214732774034,-1.80101605327817
448,85,-0.619097881025651,0.422465257555083,-0.367763762799074,0.911682871749758
449,85,-1.88440358459518,1.22942067215851,-0.405587630213287,0.305206936699902
450,85,1.23917657729461,-0.70741330391428,-0.220539097271365,-0.0421094012317543
451,85,-0.304779797311923,1.41457108937283,-0.367946846898425,0.0368452954434961
452,85,-1.90196354287419,0.213130572708957,-1.30494178622427,-0.227245497456149
453,85,1.46250955266395,0.0157266175739136,-0.0842156408976762,-1.57482425855686
454,85,-0.066321977837584,-0.473472194991,-0.357338800564591,-1.15961477616348
455,85,-0.228363713503238,0.427672888714766,-0.62351216388955,-0.63897643113212
456,85,1.03339554329058,0.246299466516358,0.423763795268033,0.946369589978523
457,85,-1.1076518254363,0.800460082427294,-0.388325303421493,-1.92730590863266
458,85,0.976080179345367,0.0996226912950219,-0.396458453648274,-0.293304546869484
459,85,0.765500807624772,0.086829151753026,-0.0430314156712296,0.347643244158206
460,85,-0.322183222581984,0.257292779850842,-1.42273257656795,0.23319805419245
461,85,0.544483036933857,2.04229540705897,-0.0769937729540369,0.063204254962607
462,85,0.00242831524938691,1.1617892661068,-0.298392237570421,-0.344707007703324
463,85,1.77920771926096,-0.333882060665774,-0.598327548476994,-0.136861803852389
464,85,2.17248779310084,0.767689767725451,0.822402668359414,-0.66001051649623
465,85,-1.66573590054522,-0.4025485561361,-0.242011088629184,1.23076594810321
466,85,-1.01395347630398,0.375775864552688,-1.97805381409182,0.867530186394782
467,85,1.25075763779418,-0.509213902535377,-0.550879920384182,-0.391501390561763
468,85,0.169610691420186,-0.107331253579191,-0.64398309335311,0.614176400269092
469,85,-0.212480729347423,-1.48991836877667,-0.864634907041507,-1.17857688441438
470,85,1.17988964535442,-0.450064303217916,0.571050124492308,-0.0442351962149587
471,85,-1.30740757946891,-0.514306871382384,-1.02053221276237,0.233020904424078
472,85,0.583104517108506,1.08177273558058,-0.687244159965926,0.944503437663067
473,85,-0.640266722845259,0.762438837232223,0.46603057135821,1.34227771756147
474,85,-0.381428784761884,1.12731695307766,-0.734860448330269,0.256311814971151
475,85,0.051278279207664,1.12793144811774,0.427643764239988,-0.814214124204963
476,85,1.47171669926166,-0.367996588571592,0.364032136058835,-1.62458149070064
477,85,1.56083450645716,-1.27427669810488,0.44917895354405,0.0254857299969196
478,85,1.60884493499534,0.184739085487444,1.16539316842143,1.13648389266677
479,85,-0.738423322793297,0.272969777896008,2.06441263646465,-1.18231372094859
480,85,0.155232321785703,0.0655415175176331,0.531951250599554,-0.122331859982053
481,85,-1.78396923405294,-0.167780061794125,-0.164063457705346,-0.455356443897681
482,85,-0.351562347487493,-1.29157923489683,-1.17957580599261,0.322997807974647
483,85,0.101415584630933,0.245225845828214,0.782073804100481,1.00100251785564
484,85,0.277754181118007,0.731453620847624,-1.36228535936348,0.93993460483396
485,85,0.333671846540222,-1.2807450597157,-0.661557717488466,0.948547118705251
486,85,-1.41747919939077,-1.38967595413571,-0.402425414989925,0.0359868548647637
487,85,-0.0781511282205712,-0.518853585065234,-0.389607606263067,0.838039232383556
488,85,-1.26532752752172,0.362432540389805,0.546076751000406,0.0396503244452204
489,85,1.713844825133,0.281596804309057,0.276972650748188,0.708809381458396
490,85,0.262770921860604,0.117589978657291,1.68603623990635,1.02892626760176
491,85,1.50269361336487,-0.222486341774185,0.00201042812659924,0.140138913087861
492,85,1.17421008796642,-0.646738012280764,1.73637153140929,0.34563228768085
493,85,-1.14971335076161,-0.674732869604268,0.687139558647942,1.54944295918985
494,85,0.294170120476042,0.335900110355955,-1.05472193918797,1.84194918401132
495,85,0.396683666130169,0.612795019313475,-0.414588569671328,-0.152042770428643
496,85,0.680340696966393,-0.175497050266868,-0.221519732701794,0.588828978779096
497,85,1.28811322472734,0.371831064309681,0.245733330743234,-0.145176518154085
498,85,0.812521188436144,2.363446876796,1.5608812023581,-1.06269344346041
499,85,0.135237589977896,-0.700383008618812,-0.776636079330881,-0.483281974904692
500,85,0.789752438050621,-0.214225010767742,1.38751562824671,0.876099127554703
1,86,-0.208546421003593,0.0504117529236304,0.353589403700787,-0.136431947959454
2,86,0.914408489891803,-0.256493962293895,1.95615588634284,-0.588521506123986
3,86,0.149041313677038,-0.415283636992539,-1.42053746977922,-0.292358932991935
4,86,-0.519721884606377,-0.350817316310847,0.546054907915982,0.372793248602128
5,86,0.40589383546043,-0.856681495514627,-0.820437731912618,-0.904426027125439
6,86,1.87533004073002,1.00763933496794,0.955940460020617,-1.17083061586914
7,86,0.709357471554474,1.4149850982953,1.1006605702432,1.37102329857252
8,86,-0.0599644564841253,-0.514438087338512,0.942555499670534,1.82514503526084
9,86,0.99457741342538,0.295227445157057,2.15142168150769,0.327146625797828
10,86,0.720012303186183,-1.01098259367349,1.15367621040109,0.820601233042015
11,86,1.58725339849949,-1.05798212848342,0.318975390426632,0.126537997627817
12,86,-0.605904422864951,0.0701102278133313,-0.10207679574672,1.89816006343333
13,86,0.839491557728336,-0.730896171056073,0.47209202874925,2.20837054493705
14,86,-1.50484166179717,-1.31096974673448,-0.578498980191855,-1.50894914117689
15,86,-1.37462442936829,-0.301888915606678,-0.899953737220703,-0.0731466117951673
16,86,0.318934993160832,-1.0493602069259,-0.116220360275171,-0.196311946739279
17,86,1.08025351947834,0.206170574777546,-1.08108742799503,-0.720195402558878
18,86,-3.63280099501672,-0.449053289159112,-0.0961601947297581,0.654456588798278
19,86,0.852873667335089,-0.342301144337948,1.03971873772388,-1.0317283617216
20,86,0.815322957430766,-1.41965354009025,0.00620690230388649,1.59331022725713
21,86,-1.28869217408507,-0.224550025688157,-0.445095705466458,-0.61991134356757
22,86,0.460036720778954,-1.94490116960459,0.412401971082015,-0.665405822183487
23,86,0.131133745179438,-1.88168645828961,0.00413725826974085,-0.0570561100408209
24,86,0.0636803420703122,-0.157078609125905,-0.856981932268981,-1.2794466681235
25,86,-1.56847631919225,0.944492180656894,-0.773045878097053,-0.191419746539668
26,86,-0.844546030098679,0.670189289833174,0.548040122379068,0.12759759398177
27,86,0.554964053936479,-0.419598348459366,0.508108629457059,1.48800487441257
28,86,1.6438193315817,-1.57097191575392,0.883166430533336,0.0853343941727081
29,86,-1.0339207177811,0.237893592577126,0.231876823125014,-1.88523223596484
30,86,0.0371749261710396,-0.402311754420962,0.367290362453335,1.43220918635675
31,86,0.571468990815071,-1.16047433079745,0.53113433900445,-0.443246645557892
32,86,-1.72404760081574,0.213404173296166,-0.347530124737793,0.468722146395511
33,86,-0.689513937471794,0.57096680443465,-1.12718068096476,1.2522098141222
34,86,-0.832604452823184,-0.30498121558122,0.281071501878288,1.36433149059929
35,86,-0.155155096517164,0.288171301879468,-2.00325911018373,1.03109226367311
36,86,0.270481181407402,-0.500116854798138,1.28518536734402,1.98281390811907
37,86,-1.00028922706938,-0.0466476789056312,0.233762865035311,0.63186549889561
38,86,-0.696311458286137,-1.080551321662,0.0267094469579014,-0.501461442173262
39,86,-0.805672508704195,0.701248946929915,-1.59469182529522,-0.468860405091454
40,86,-0.606202201265122,-1.08931497259702,-0.605541595529777,-1.24060894668296
41,86,0.329048799527429,-1.02380918398141,-1.11221418896893,1.44908283940052
42,86,-1.53158725457982,1.44867799167746,0.766835428590554,0.506385786299031
43,86,-1.03469859607406,-0.163488515609071,-0.12156391336673,1.37403135520993
44,86,0.641425070588306,0.444656023742519,1.37723470219485,-0.524661546495836
45,86,-2.81665734966519,-0.232972098561773,-0.212277663665968,-0.931620787727898
46,86,-0.933361861752074,-0.436298626546936,-1.14729797452675,0.570637283876712
47,86,0.975291813797106,0.247897702618634,0.886405411362425,-1.13713989930985
48,86,-0.339253664034958,2.00778173513308,-0.187598451360984,-1.20833896331882
49,86,0.559583867141098,2.04842252427271,-0.411422209682557,0.593539331265633
50,86,0.547650860235467,0.48592403101955,0.52359946464863,0.53175183151328
51,86,-0.999782065333027,-0.770982062484036,-0.370617404227327,-0.16854570211417
52,86,0.407421834403258,0.0850908260767102,0.835954140527458,1.30596938083147
53,86,-0.155564097368027,-1.64090368508463,1.89493039713241,-0.314350166878637
54,86,-0.0516219789939037,0.174555007951634,-1.39698465318864,0.105951613338815
55,86,-0.086558643932917,-1.26217955698853,1.10723072215357,-0.137658757997592
56,86,1.53930009724078,-0.292748158035962,1.4958202679601,0.169741570059501
57,86,-0.851293897799755,1.26202070328935,0.69781695126023,-0.128546106916361
58,86,-0.0705985512517069,-0.379466437799931,0.821202412543319,-0.757573733390899
59,86,-1.07298704686192,0.0782802897470406,1.53075447231429,-1.30344203513869
60,86,0.442595488090652,1.55046922599338,1.46081972631115,0.775490250582321
61,86,-0.145921896026886,0.340956757599004,-0.595641498043736,-0.513809428101985
62,86,0.717265212567844,1.45614991325285,0.479177830872157,-0.869111769643671
63,86,0.166979152415186,-1.17771860086083,1.27587944500988,-0.421299158501308
64,86,1.32270198975187,-1.09864778671083,-0.0797163680850558,0.397263234208519
65,86,-0.152371708148837,1.33780079048923,-1.61502758369412,-0.147460684712091
66,86,0.440081739469138,0.129161425728224,0.582165783729405,-0.578696810063325
67,86,1.51731226568373,0.885569354110447,0.0658377362608423,-1.27148105444698
68,86,-0.0503274833286765,-1.10308610569486,0.694473288766351,0.4856173279233
69,86,0.579074722165716,-1.17531111530419,0.025576042677247,-0.989543375855804
70,86,-0.457374386030878,0.630530390213455,0.450295932341082,0.426836845616363
71,86,-1.31645691088219,0.330675090908852,-0.668862770374563,-0.190314119106783
72,86,-0.557556628982256,-0.372772948057823,-1.01400439256891,0.420241147443605
73,86,-0.527933566096295,-1.37967111624419,-1.40031149799093,0.339164678146984
74,86,-1.28799429786858,-0.548133990385798,1.5318593073026,0.34733540400471
75,86,1.27821601753269,-0.86828092902364,1.01467782620562,0.76739778823223
76,86,-0.712274630500153,0.468822643410345,0.189015931681783,1.9996246860094
77,86,0.211206836480046,-1.80196949344408,0.0411670577796328,0.147577977802556
78,86,1.56625596678816,-0.893639776476859,-2.18385478416385,0.796133257107095
79,86,0.304039999803553,0.419515306436469,-0.470079829683094,-0.746313859804334
80,86,-1.48294006143329,-0.165021335694591,1.76192462356826,0.560340745999258
81,86,-0.974242932321045,-0.0547930023651484,-2.84123126554304,0.42056000703148
82,86,-0.528001023583434,-0.752431067657794,-1.42021080048643,0.935201050439131
83,86,-0.450133256034321,0.469640584104059,0.0634959916180308,0.0912003676960688
84,86,3.99352646907441,-0.392622376373196,0.567599993198295,-0.647689192343159
85,86,0.21600062925707,1.18945954079272,-0.940751049999561,0.0531973540656395
86,86,1.0990940905371,-0.703670271422898,-1.58972216432928,-0.127999926755118
87,86,-0.741977470387313,-0.0172744934412554,1.26318262763079,-0.409871220684603
88,86,-0.5743926846222,0.835033916409017,1.84895955089382,-1.8912169588212
89,86,-0.517995876657168,0.348663481306843,-0.745105348512387,-2.66446082660842
90,86,-2.24601349890077,1.16509360856497,-0.0803972045800838,1.55376125702757
91,86,0.763165055965131,-0.545452957759204,2.16860068928863,0.536245290393686
92,86,0.189141483999518,0.0911374079315841,0.54637208098659,1.61230035095202
93,86,-0.318816520351492,0.803811446193924,1.26274425915459,-0.723806154997678
94,86,-0.541715016531472,-0.590450448925076,0.024160685579425,0.921569979978749
95,86,0.874224578639693,0.475991399298831,0.445367596987111,-0.679990176312933
96,86,1.40401817599714,-0.97277999910186,-0.755371088596055,-2.53351509787162
97,86,-1.76553118158172,-1.16144709597478,2.0353706333016,0.359754341478249
98,86,-1.50902196653391,-0.404394991599108,-0.597330017658682,-0.191969925248522
99,86,-0.818133865012603,-1.76857173117482,-0.84967087509162,1.52268180647894
100,86,-1.61821077724476,0.404592922185198,-2.61223219790055,-1.26052433208069
101,86,-0.915966821751077,-0.349146711326621,0.0809714651520427,-0.448027885452936
102,86,-0.464307808567297,1.74663364399119,0.0305187420464894,1.19730402179131
103,86,1.81979079802444,0.648762712864661,-0.296663691865714,-0.224167865512542
104,86,-0.24736099487965,1.91459725484613,-0.372228537794021,0.0486086248045322
105,86,1.17516071237824,1.03525747922138,-1.50851410730712,-0.800682412029451
106,86,1.06207288427091,-0.418579952993499,0.778547795576014,-0.868634226337289
107,86,0.889919348507177,-1.3647585812122,0.382811361489297,-0.309827423381493
108,86,1.84806074677524,-1.6046727953694,0.336896612647204,-1.44079714077189
109,86,-1.39041804760344,-1.4656228710744,-0.621833934073898,0.0812985835466503
110,86,1.59516743122181,1.10293860375771,-1.26000727738128,0.195916339100795
111,86,-0.757554778971971,-0.540404112787925,1.53276594981541,-1.20195526179673
112,86,-0.326517466720852,-0.423144204449049,-1.96586453014592,-0.1356841522353
113,86,-0.685431494653873,-1.22870084234733,1.2008704635073,0.232668076220548
114,86,-0.656258899425255,-0.650290831333649,0.898815712145029,0.57682660003327
115,86,-1.133195748173,-0.865961753183225,-0.541571219677198,-0.720440667362072
116,86,0.579215414137458,-0.500450132160176,0.472256761824496,1.38812263392151
117,86,0.0130837134083963,-0.77153176913577,0.33364391676228,-1.75821282125979
118,86,0.165714837236375,1.25473558818864,-0.1348780354828,-2.04837120741928
119,86,-0.931045193979486,-0.331704161933923,0.581945453730086,1.27725921289717
120,86,-1.20248045956998,-0.284816884704471,0.763518871141761,-0.104071882389545
121,86,-0.813134959515778,0.906727367565531,0.84397284032055,-0.404200295316499
122,86,-0.758022320034325,-0.329560850675685,-0.490760722690691,1.08128026095355
123,86,-0.306866415230227,-0.83072535889851,0.824115516620681,0.704302157035394
124,86,-0.637320443220351,-1.67596667059821,0.716400041188527,0.477149621270139
125,86,-0.984785541994706,1.41658055924559,-0.317172833508104,0.453404083440992
126,86,-0.36635094005515,0.661344070468356,0.361501420760026,-0.292084200775414
127,86,-2.34380742997019,1.56392316149663,0.519548413561097,1.96494940220506
128,86,-0.675798625020241,0.696944060779272,-0.806075028121536,0.399344802250812
129,86,0.133390611061969,0.321616001218122,1.01697218461435,-0.552141440712036
130,86,0.446310219401784,1.57106731167097,-1.33784266031504,-0.866020092140926
131,86,1.00734087133537,0.258804773392661,-1.00967917959035,0.706768496028966
132,86,-0.320018148617258,-0.651205479031295,0.297584203247748,-0.848186662331368
133,86,1.59191144556704,0.334158222468925,0.185276490963508,0.854941225626481
134,86,0.517800959727907,0.655361130671058,0.0540584311832615,0.200263126054717
135,86,-0.204948312634332,-0.0373759162843811,-0.139224515018757,0.886076898868627
136,86,0.176199712900631,2.69619006330617,0.635923652732412,-1.45341388485471
137,86,1.0714709999968,-0.77303595500433,-2.42360309573468,-0.521716675438386
138,86,1.44567014477572,-0.897811351853624,0.287843729628671,1.02536615092418
139,86,2.80246216911847,0.79892870627933,0.441485184178018,0.920365235038322
140,86,-1.39421154412496,-1.8515594107705,1.60782902343758,3.08784332960108
141,86,-0.217419860089415,-0.219075514365497,0.527472835694553,0.850102753923725
142,86,-1.8810114352689,0.558978760894019,-1.02052910948009,-0.041849250674228
143,86,-0.249717360849649,-0.197677270905781,1.92728901748232,-0.0840922865708445
144,86,-1.36484677270848,-0.039608331346956,1.25765465143878,0.505372697978685
145,86,1.22114340320981,1.01006173375604,-1.15138049833494,0.416871619665825
146,86,0.81211758060237,-0.0842742383535719,1.20952254831293,-0.0666194878222144
147,86,-0.331361538931163,-0.106518784891202,0.574565725444934,0.238795674606084
148,86,-1.77023558593066,-0.728321221607141,1.07658273227777,-1.43845077873815
149,86,0.829412742473926,-0.540712552463434,-0.753189603969996,-0.20738607605586
150,86,0.223697112518657,0.652640957547441,0.626318682865058,-0.578464296713278
151,86,1.68916297670763,0.33690475081731,-1.34579941742937,-0.229318906007578
152,86,-0.185881966538778,-0.363533110377179,-0.0926604051678945,1.74375468118238
153,86,0.0190174188134099,-1.17885805781822,1.51097444273765,-0.38347019354353
154,86,-0.100912224250722,-0.773334500339782,1.22989719829398,-0.434552021065527
155,86,-0.564329599366281,0.0312060754696519,-1.82951405283864,-1.15674920721405
156,86,-0.610155722867118,0.184488720283047,-0.921536013292801,-1.43640252933235
157,86,-0.00525140438888565,0.307427894486251,0.621313151926317,-0.571961879866399
158,86,0.425648125327825,1.65031393999614,-0.783660228331432,-1.88984361355528
159,86,1.28478150583893,-0.0926612403460993,0.130758671892558,0.302922820081121
160,86,-1.41342190429101,0.615115661541584,0.859969852148578,0.669268475779822
161,86,-0.97983582899526,0.956295392879795,-1.57987716988548,0.636923786440542
162,86,0.0964293622307221,1.3240659858008,-0.503609547340067,1.23951335963931
163,86,-0.925504988939568,-1.15163060919183,-0.270676106853612,0.377050907464288
164,86,0.517824136110976,-1.4795218828759,-0.49016874581168,0.846048192487286
165,86,0.382293149634176,-1.88527280459831,-1.08684376612418,-1.63407032057216
166,86,-0.525372389060962,-0.428078120494616,0.235063141676973,-0.0894332924710227
167,86,0.151072345278914,1.18037620977949,1.2049486533731,0.480219411765227
168,86,-0.672939037605117,-0.0354609328401982,-0.335981030584089,0.325912056798155
169,86,1.33179751497554,-2.44883094461963,-0.112661273201489,-0.0834824555772116
170,86,-0.955119750845872,0.244902919484155,0.883224095319161,0.333170128582205
171,86,0.279783879610837,0.0754513655137224,1.28844215445818,-0.512787990441945
172,86,-2.56229324723519,0.897556469398883,0.823938531248597,1.12614245071913
173,86,-0.722066127458126,-0.126062688006033,0.620657504020603,-0.81888527761133
174,86,0.900890046052139,-0.307411454847656,0.301137118508584,-0.618665145011474
175,86,-1.49879213946072,-1.03977359617946,-1.36031393298941,-0.0509574140094587
176,86,-0.0917119697254922,-2.27232742583905,0.100559948449504,0.615752299447496
177,86,0.599032769938158,-0.725741568287323,0.260110879319284,-0.288958006262914
178,86,-1.41404106541554,0.849694600609811,-1.24367304097801,0.814106247903886
179,86,1.68251863952472,0.845943006334897,-0.729167795124427,-0.723246801087786
180,86,-1.8712868852501,2.5699548484111,2.04565351546676,-1.24410830714305
181,86,-0.96571597785575,-0.335474548600395,-1.51404521150076,0.286727242357645
182,86,-0.865199920467438,1.00164632066108,1.22620993288222,-1.1912637194948
183,86,0.412458261132544,-0.29767519300637,0.451531077219032,1.22661217132564
184,86,0.16704305995682,0.382938054354995,-0.590714508402467,0.641521069796255
185,86,-0.906868179893234,1.21497707093752,-0.340396329603047,-0.987344812237504
186,86,-0.606083782606159,0.404102827817032,0.476029859709152,1.4226154174842
187,86,0.623302952498809,-0.911599858174606,0.254556209622844,-0.495947170321213
188,86,2.09647237395646,0.898011808177687,-0.498100035506989,0.282477155310988
189,86,-0.728924539334434,0.70286897493251,0.0663134325847084,1.09045116459058
190,86,1.39874411602345,0.987653838630301,0.318448907985636,0.258486728901557
191,86,-2.70269499646795,-1.56269276250112,1.04355371358452,0.95148695063254
192,86,-0.395251125445187,0.095436764992253,0.268460593539715,-0.639994895083223
193,86,0.178273860557775,-0.00761344871250547,-0.554884210116571,-1.11732537695828
194,86,-0.93001391655562,0.295326458564992,-0.538147047660456,0.749914771033931
195,86,1.77487913661237,0.109947327228112,-0.204626956828997,0.649083385628635
196,86,1.02971274082292,0.941497189620176,0.333170842489432,0.38064718712619
197,86,-0.818145491859891,0.279886233494093,0.466992376746049,0.0811768542534389
198,86,0.331545392151851,0.211860995155362,2.52365772887963,-0.303153692664452
199,86,-0.281569069906672,-0.335694342088899,-0.535514311489149,-0.683725007102405
200,86,1.95344908500607,0.133331122855723,-0.0674732672635773,1.50809658921894
201,86,0.00839455622310909,-0.316993013864004,1.41404964522536,0.594911572201029
202,86,0.914857920309599,1.5196142470899,-0.693095540086835,0.101102224567162
203,86,-0.405496540265017,0.427736187632325,-0.00210951783295085,-0.165046041745188
204,86,-0.869905167107595,-1.60209595834353,1.39795306795158,0.259658043700507
205,86,0.554791025987367,-2.15608664735567,-2.44463434004474,-0.190359196671516
206,86,-0.728953302766056,-0.664242117386632,1.53161336353948,0.174760965041533
207,86,0.47003995092123,0.950408531307129,0.319733615036677,0.159509623850705
208,86,0.445951444247324,1.53001725043302,0.986368275060917,-0.867905267573585
209,86,0.696169591635045,-0.730105835065947,-2.03265617629437,-0.125928520571866
210,86,0.583417465897765,0.55547051131698,-0.904193471293507,0.178565701009512
211,86,-0.604125193582975,0.362444457156794,1.73438286538734,-1.62640400527508
212,86,-1.02683023176079,0.116192602454509,-0.405173172196147,1.38674546743926
213,86,1.88296481969164,-0.48820613998421,0.443359577299286,-0.159127892662344
214,86,-0.190221887174627,-0.537499936212875,-0.766265088482942,-0.0989245715668403
215,86,-0.30547940947294,1.13970486151784,1.28661257264267,0.312337799482887
216,86,-0.0976106004850361,-1.77399964509573,0.0255419528507719,1.03525084239415
217,86,0.0960786253422735,-0.089415289499787,-2.20252716741034,-1.37134665610046
218,86,-0.333955915941773,-0.00310135008011114,0.442984478308181,1.11879283960787
219,86,-2.16210095532906,-0.428360172881278,-0.330419190393701,0.23263973778086
220,86,-0.361171827810355,1.85266117980541,-0.796810822785829,-1.59125089343144
221,86,0.280230636804677,1.51318023373898,-1.25352088787089,0.958105844847738
222,86,1.06047550873263,0.349436905108616,1.27276516826454,-0.865153405402848
223,86,0.378572570012712,-0.717319388405447,-2.11957757099373,-0.323469199249399
224,86,-0.610933290191538,-1.80568617384855,-1.2204459230577,0.8992699383313
225,86,-0.541426594097999,0.543780912727414,2.2771982970183,-0.461912882564948
226,86,-0.48162299142693,0.858328590281673,0.0275694891357597,0.514403962394949
227,86,1.46325181379807,-0.530851538906433,-0.57372384875379,1.00619056172444
228,86,-1.72383483930395,0.0635598637094228,1.13359627387552,0.421611363815634
229,86,-1.76796108110005,-1.11563075388601,-1.66107916452401,0.264838274072662
230,86,-0.364267399524807,0.611063702914574,1.9321547002372,-1.13461590712889
231,86,0.317438790800531,-0.465574143475413,-0.824613834538379,0.888363663088298
232,86,0.302849085069726,0.835157651917286,0.14683788901332,1.37584000884488
233,86,1.55116819092837,0.936039159033269,0.522385845946811,-0.421117621263443
234,86,0.447648379492304,-0.0742220034645235,2.51401217476698,-0.0864613331004737
235,86,-0.0322114668886802,0.811129110657171,0.74434958944912,-1.84430419568116
236,86,0.475882543327699,0.409582731881755,0.214797334844063,0.241762939495597
237,86,-1.32295263317115,-0.774035042945345,-0.724498744795573,-2.06172774589774
238,86,-0.0523875601730085,-0.535239332855244,-0.99706418388053,-0.250206666941512
239,86,1.32373270022909,1.94986853808997,-2.26331879593239,-1.65458369056675
240,86,-1.00399157684207,0.782634325668252,0.848204731037161,1.02956257154855
241,86,0.238436368126252,0.412038233921197,0.558898122197555,-0.914003185041758
242,86,-0.635332274284056,-0.241027131123141,0.837807772628172,0.940325902360602
243,86,1.20749644474504,-0.0392959090553912,0.3997516302325,-1.11205005978054
244,86,0.702722455522233,-1.21188011130537,-1.06411327398807,1.28667147531288
245,86,2.02831164260276,0.621147698551237,-0.0246625607034115,-1.7199673240322
246,86,-1.58541598155364,-0.66179056344008,-0.349380484493079,0.66850384562588
247,86,1.64299500198194,-1.5276021235523,0.359831804889485,-1.15540135009517
248,86,-0.288937240349565,-0.57854642833811,0.641426246222793,1.27429769512323
249,86,-1.5444369032022,-0.28342608171225,0.623038587507666,-0.564127005207407
250,86,-1.3704428420299,2.22083387413166,-0.216174188830168,-1.10831271888185
251,86,0.34047760905254,1.22921829625435,0.852108774032701,-1.09775197511778
252,86,0.104663678879587,-1.09369776239476,1.49889408188047,1.70735068118162
253,86,-1.24853820662748,-1.59484680977028,0.147682841555559,-0.726025541981734
254,86,0.976404490592884,1.34663210740208,1.0289084866154,0.60854616375329
255,86,0.85264176075954,-1.25164976228322,0.734960312459014,-1.72287452154492
256,86,-1.90069673938609,0.510260182055764,0.102130344490217,-0.0609165243649999
257,86,1.52245166875184,-1.15250032344865,0.964263651725121,0.390356206047645
258,86,1.77240937877206,1.13572781008031,0.674604441281405,-2.33408157378434
259,86,0.698835511072801,0.227911021813165,0.0206887563738129,-0.0327781923545343
260,86,1.71688434848833,1.02593591329799,-0.782951607862546,1.3227741927921
261,86,-1.90506108119551,0.205170722013623,-0.868420782781158,-1.93626887151287
262,86,0.184885130014577,0.0213978828231265,0.0632064972383975,0.636372992385033
263,86,-1.53777397214703,1.62866532472964,0.459682717460844,0.446128019782637
264,86,0.453300619592276,-0.36577709941423,0.325729469803222,-1.31139257526189
265,86,0.389319931714719,0.372025263983009,-1.13641710853194,1.39202675715609
266,86,-0.306449820737277,0.512318209515215,-0.593480824187349,-1.42162778489842
267,86,-1.22134093406245,-0.489106517305221,-0.798531936264084,-0.736660809332414
268,86,0.784137690607531,-0.434163312317479,1.3432550819472,0.489642443673605
269,86,-1.34209244523499,-0.908976497983264,0.694630865759092,-1.4673663317022
270,86,0.268027556190302,0.167204218352396,-0.731066460882555,-0.308006877466362
271,86,-0.688115042596232,-0.077728809380778,0.669014752838694,-0.158633752622124
272,86,0.669918871904371,0.649418327942238,0.419334751190757,1.75579251417536
273,86,0.889741602847298,0.641383692953218,0.997125445812034,0.669176934568611
274,86,-0.196735681448158,-0.177884672138564,-0.706824474656193,-1.33973278111716
275,86,0.999988309339171,2.13792322039733,-1.16259327556942,0.277062515312955
276,86,1.72551068308585,-2.57186219872196,-0.48160272187073,1.61012072341799
277,86,-2.12981620621622,2.35997189372046,1.28033977903593,-0.255576611772375
278,86,-0.448574787583249,-1.05726834421191,-0.560552996702996,-0.94991609272274
279,86,0.806176332874101,-1.45164154497115,0.381864627081868,-0.29332494652938
280,86,-0.207128337405568,-0.988597592207278,0.251405983948029,-1.12602434022623
281,86,-1.76579146299085,-0.783110186156501,-0.737254617628773,-0.217812918658368
282,86,-0.380636142410159,-1.08575874133371,0.161260387309386,-0.271223158297886
283,86,-0.308852436024682,0.536509925414587,-0.544757201263518,0.991698105701127
284,86,-1.37200115192716,-0.457786738006481,1.05782413337413,0.806896222771085
285,86,-0.0643393739904285,-2.0835213961434,-0.422046498000358,0.798678955315816
286,86,1.24832319284231,-2.76938961225692,-0.843179026672136,-0.399348259629211
287,86,-0.817142595287116,-1.05001201333284,-0.783732488723171,1.05529954709547
288,86,0.103155171024633,0.348522015968021,0.457594401137081,0.140928767378848
289,86,-0.69882676619715,0.780777328542162,0.755826435243763,-1.47905911559922
290,86,0.170653882489728,0.679051895565812,-0.0630945981123154,-0.169870885730905
291,86,1.17465734628971,0.0110355754333101,0.631814459991536,-0.510237007424746
292,86,0.248259925064347,1.11691932699103,0.0271595029386771,-0.256232029284732
293,86,-1.20734171215717,-0.524254534192357,-0.286572402755153,-2.01156305061254
294,86,-0.757647740840273,-1.89588829666195,-0.122079132931817,0.915388803664308
295,86,1.41582002793984,0.121460607489055,0.686119597395433,0.165646184088636
296,86,-0.868992614443101,0.922337650895568,0.124147047373836,-0.0654219170466705
297,86,-0.680429238096943,0.410395749606242,-0.338528525007296,0.430015236726116
298,86,-0.865597835374862,-1.31548552851555,1.38288680196171,-0.866966710761604
299,86,-0.909804487011627,-0.0950324745273704,0.998736416969365,0.27576680719953
300,86,1.37954390813637,-0.123990019738564,-0.56894869339279,-1.2569888167577
301,86,-0.0513400751974497,0.628186076122484,-0.683077674556414,-2.06425295793988
302,86,-0.626409797810612,-0.763852670672031,0.339526351959664,-1.20833565781749
303,86,0.833775147799368,-0.183874037455783,0.491552870502635,1.00460527965106
304,86,-0.767633476148411,-0.491779894472877,1.50545042329772,-1.11175613619252
305,86,0.388170612368746,0.112111250079055,-1.25099867123215,-0.265149776928012
306,86,0.0153122411943365,-0.309393487706955,1.39063747292864,0.182431891883195
307,86,0.0403189094067438,-1.92522703284637,-1.23664545379923,0.113514663585013
308,86,-0.532277730656941,-0.229026907306069,1.12419839921753,-0.253871489850696
309,86,0.937290262801666,0.11020945411253,0.0556135145467687,-0.901239201657939
310,86,-0.292578062762495,0.396339040879068,-1.01152832349351,0.0160754936822951
311,86,-0.882873400363738,-0.58522419528644,-0.235923456815338,-1.87465175203361
312,86,0.700965038638091,0.488586372690518,-1.8222613129147,0.0830771111909167
313,86,1.85437809942626,2.44043418245694,-1.41828341199358,0.22995333102259
314,86,-0.446298675285501,0.25372977111252,-0.477056029486415,0.00694651151798257
315,86,-0.583151156452469,0.116260923443508,0.400103174145051,1.42466037329141
316,86,-0.329479860762305,-1.25970532472473,0.852693111482577,-1.63678076609807
317,86,0.431794006609418,-0.154905090730975,-1.96518876334587,0.117824359705567
318,86,-1.02714114526329,-0.527623869473316,0.756767024463753,2.538423245861
319,86,-0.887405228375091,-0.0924478021714753,-0.68423496852086,0.365281991243053
320,86,0.216278670101379,-0.222868556242563,1.51745621770517,0.451708191753852
321,86,1.34909573770589,-0.978689402233596,0.690482906347377,-0.789727183749464
322,86,-0.786478297277344,0.781471051877234,-0.348895074582765,0.553751183243964
323,86,1.36042152014285,-0.00883312087429481,-2.27471996514409,0.976922182812554
324,86,0.399316727604771,0.325138106567615,-1.29573232590803,-1.50648938218728
325,86,0.333820888826859,0.18037831155657,0.425924870467856,-0.123084431476381
326,86,1.89639323175179,1.11900928306212,-0.689245175109556,-1.29441335455155
327,86,1.4551383956289,0.220839392393492,0.585591371937996,-0.644074101703335
328,86,-0.357413618069488,1.0879221670932,0.283209182408678,0.135317649410554
329,86,-0.935567913930888,0.179708105370971,0.703548753737039,-1.35747063905054
330,86,-1.15422986856018,1.40929719655566,0.81744951072263,-1.30002436634078
331,86,-0.974528032753592,1.50908558855065,-0.347813345938972,-0.184926291778284
332,86,0.487722873779575,1.94920904744222,0.214253627196486,-0.11993116277756
333,86,0.981359823317316,1.95012642228096,-1.12452410554027,1.29977294647875
334,86,-0.43529395481838,-0.546155755789155,1.13649920182831,0.338042009198996
335,86,0.285416852309599,-1.26009023950174,0.635235712882904,-0.382724685499284
336,86,0.973964466484695,1.11097840459306,-0.382874059566447,-0.514118131692996
337,86,-0.120457864963568,-0.346680937678728,2.01394377199055,-0.290703199046917
338,86,0.259559028556435,-0.424448446723756,-2.78472221277679,0.858055629217876
339,86,-0.637371675481212,0.42440312385685,0.109497242565206,0.0148774302386638
340,86,-1.01731547474417,-0.619721901549792,0.406175154650303,0.721329395844701
341,86,0.0506161871031271,0.529675727113655,0.255409440381138,0.0930570299572317
342,86,-0.0179908338941998,-0.176439819110444,1.34061969943609,0.407361841882726
343,86,1.93496942208517,1.09218711171723,0.764770488349602,-1.70325093298983
344,86,-0.207700867793627,0.552723191491637,-0.461224861909172,1.2420467772303
345,86,0.133906550236727,-1.09529381369027,-0.884696998284479,-0.98821137131192
346,86,0.0144331930654767,0.172568599445003,1.5778886506378,2.14865283558643
347,86,-0.392682011988815,0.387488819289419,0.979780836649949,0.0699013622394829
348,86,0.68230375627348,0.792210783972318,0.936636001349174,1.02958280169242
349,86,-0.470577415886907,0.895884500665578,-1.56431132418329,1.07775168996691
350,86,-0.55508234339197,0.505359447871908,0.0806232208227432,-0.255512338487876
351,86,-0.188927124938828,-0.521240968650681,-0.745136700812457,-1.0931659238066
352,86,-1.5659438494531,1.18904602294689,1.19765422944285,-2.01698198765847
353,86,-0.730307445991239,1.70480717878388,-0.168414193646861,0.183311891614965
354,86,-0.921611540813249,0.707665585569951,-0.658932517641437,-0.563053774688901
355,86,0.435060584297519,0.0500551937947996,-1.25981966771456,-0.130452692889789
356,86,-0.237156301137523,-1.67138408924113,0.276189088007894,-0.484268755501423
357,86,-0.520805791174813,1.23490637575471,-0.791660416361984,1.47994203120366
358,86,2.07304738021961,0.548893882231154,-3.00661303891478,-1.11510515346985
359,86,0.229314876349788,1.61194954696701,0.122483522879183,0.529753330285508
360,86,0.894350524952913,0.19770583060627,-1.19584506700208,1.86706398683923
361,86,0.111879392493478,0.395756570435801,-0.851683740290413,0.221785885519943
362,86,2.12580390490685,-0.571747158149711,1.85674740611388,-0.429556883337255
363,86,0.595413759749251,0.00906846162375601,-1.81549116597923,-0.92199081506685
364,86,0.563601477959527,0.236443661695248,-0.887816817609132,1.74759876163571
365,86,0.673868708960513,-0.82567932926507,0.505523278410612,-0.446532165150569
366,86,0.663112861533323,-0.137451228582842,-0.490081680318873,2.14337602329864
367,86,-1.01435441977038,-0.040418150359032,0.219748839363608,-1.21840419821088
368,86,-0.618046246537729,-0.383290351638908,-1.34415817012612,0.2025202219122
369,86,-0.837229213235428,-1.59153612837716,1.52065555575231,-1.75031145695634
370,86,0.880958785182348,-0.414230481446127,0.777923402372035,-0.451433481578612
371,86,1.84234578792818,0.375454283298993,0.183338832060102,0.573638514031094
372,86,1.0762117344082,0.965011724737653,0.288707199685524,0.879437381160405
373,86,0.927774668475144,-0.178771349517222,1.00238396626203,0.947957979265702
374,86,-1.59115242485282,-0.990742448970915,1.71839739046749,0.356219209146424
375,86,1.17434825779605,-0.520391226209827,1.20092471173671,-0.410769099374573
376,86,-0.516018410972069,-0.568663182991888,0.728350917297504,0.340948220914766
377,86,1.34591320326351,0.435411582473133,-0.724461153722652,-0.167157299974438
378,86,0.685433534131232,-0.381226174708931,-0.248939264449193,-0.790646300768451
379,86,-1.4851141729136,-0.180319876396532,2.44047713084315,-0.404639646071643
380,86,-0.682596359968443,1.37218400415238,0.911639406297219,-2.57119080902901
381,86,-1.14465349860236,0.715721612877326,0.603066788773178,-1.69710935026447
382,86,0.706206036466156,-0.101735477131332,0.529238821186957,-0.793897856216417
383,86,0.50403307781639,-0.498417931548972,-1.65044984873746,-1.21018489712519
384,86,-0.613881028728175,1.67299043281724,0.5834462967835,-0.353007700033797
385,86,1.67524584168127,-0.610087797198039,-0.397844186701685,1.13602881631516
386,86,0.468052062216362,0.629541124374797,1.00962055021478,1.28006623612597
387,86,1.08344320696292,1.73713559783954,-3.53488212034184,-0.240061350872281
388,86,-0.585508454063943,-0.0515292873978475,-0.874085024770591,-0.457219969364436
389,86,-0.955160522168637,0.801960107317397,-0.608107345069866,0.14628297200516
390,86,-0.219039182009648,0.858941680307104,0.131028953155721,1.52212671964843
391,86,0.0764507089339842,0.41069342016813,0.386138777474848,-0.490261714387273
392,86,0.897566666362456,1.42298876850981,-0.841066795170175,-1.3803733260463
393,86,-0.012166115420739,-0.781259725415674,-1.56349506227155,0.385462355150459
394,86,-0.884806573403793,-0.860420163440238,0.29146970437048,1.61281558536846
395,86,0.281655625928749,0.560291899901832,0.605323730582041,0.797060151608457
396,86,-0.413814212360979,1.9538557563176,-0.0776609888126884,-1.0568381324166
397,86,-0.748103200498584,-0.464476522851895,-2.14815094167457,0.0826801550427108
398,86,-1.92922830524748,-0.974948748273988,-0.129556412343798,-0.00279261345238024
399,86,1.24063347371505,-1.27485834556867,-0.738615171294382,1.13982574982213
400,86,-0.707328022522541,0.311722686444035,-0.347029318314423,0.48134512103722
401,86,0.828956878573457,0.596557857051536,0.184529550549042,1.64513085886659
402,86,0.745453797414785,0.270100543562064,1.59731700370991,-1.45292028749118
403,86,-0.530449225508942,-0.114278050785573,0.733742833755032,-1.55518635862085
404,86,-0.198709625477519,0.303860652931231,-0.371170372558157,0.0983516338841421
405,86,1.57832643388019,-0.232122150468458,-0.0426570302682238,1.1860570895905
406,86,-1.41265188017918,-0.101129167437645,0.379017184636308,-0.90598768296012
407,86,-0.624196307117939,-0.749092940799231,-0.185213106276948,1.11486216004992
408,86,1.24947830730482,0.0690617277454755,0.679084200803672,-1.04216746100386
409,86,0.530806013915988,0.898220415948181,-0.805343736872246,1.65248738624114
410,86,-0.368163639880208,1.9957393938599,-2.89556099940704,-0.303284643856055
411,86,0.863969326723083,2.47586170245526,-0.0975380374783358,0.523796613854268
412,86,0.0961833712817453,-0.0471841742342998,1.31609673410135,0.512374810889176
413,86,-0.143845429136167,1.39858593534499,0.813429162452261,1.11207057984459
414,86,-1.09424176805119,-0.859012614815756,-0.614222710151718,-0.133644675566225
415,86,0.0867223018445536,-0.704897160939781,-1.02170177635062,1.61508083273242
416,86,-0.397652100868873,0.516999081176429,0.595521156493038,0.640036266198015
417,86,1.61398850770529,0.26907559811698,0.956783057826494,-1.82737219479799
418,86,1.91733342557809,-1.25527374574924,1.4080534117834,-0.454779267163966
419,86,-0.920382674901359,0.318246842785898,3.00643067282022,-0.726226883671612
420,86,0.470534689182083,-0.483961697355295,-0.457161522910223,0.387341348153374
421,86,-0.904917594918685,0.328417755514606,0.141250990548943,0.734513967595575
422,86,-0.54282572602909,-0.084478042503232,-1.13822826101863,0.833817422450736
423,86,-0.824245357267276,-0.366734067358973,-1.63425254537903,-0.161075993654417
424,86,-0.160492321660416,0.507568945474769,-0.514258022112174,0.241573438277749
425,86,0.196577733496631,-0.282042740115272,-0.324912792409864,0.49014476369375
426,86,-1.03933033218121,0.634599386732865,-0.779858447383595,-1.08790700762511
427,86,-2.55516815887547,1.45198983186801,1.10904695622906,-1.22463852852317
428,86,0.407533155335223,-1.99559207725654,0.0937074548056866,1.15380165609617
429,86,0.292298787872316,-0.0917482969332111,-0.841775317645096,-1.11403876481123
430,86,0.237276600492336,-0.084346143040018,0.496703221414941,-0.546607065398766
431,86,-1.95541682365449,1.65207336571281,0.976742628594001,0.44834082605949
432,86,-0.548942989483356,-1.57558922598114,1.09642346785138,-0.724716731880883
433,86,0.248746641508548,0.731192000569546,-0.111928723535371,-0.457833043229264
434,86,-0.797683340062913,-0.704340345602522,-0.641988732362254,-1.43018841694469
435,86,-1.01162480959785,1.64668691581684,0.510151030919323,1.65930262151688
436,86,2.13760931905593,1.42104453205239,-0.0521428794788573,-0.525434442616721
437,86,-0.0807139154311024,-0.126172630938604,-1.79744328476906,1.14356876448721
438,86,1.6607209293171,-2.50167684573019,0.788797990397193,0.803816724341042
439,86,0.433655935675282,0.400884363118306,0.47988516080815,-0.517122406673156
440,86,-0.45813265193304,1.09830656399411,0.250437870102112,0.439722795477811
441,86,0.325769203231945,-1.06507074358264,3.00460315730429,0.108420425744159
442,86,-0.762359216329515,-0.431328713385811,1.99385966527065,-0.237470333099427
443,86,0.913762576262069,0.54512778469762,1.31871409950342,0.208062861367973
444,86,-1.62255859323285,3.39579431167251,-1.99365314529453,-0.762873415363448
445,86,-1.16438765645297,1.43442988981791,-1.15283457949559,-1.60021550840514
446,86,-0.0484527430000976,0.744783848597047,0.922696549743539,0.100283124915085
447,86,-0.71144124418637,1.05557014326877,-0.20098909487562,0.996916753238857
448,86,1.13540987371329,-0.616021669489521,0.00606201251318873,-0.141713102598474
449,86,-1.75140165763098,0.262457513326765,0.237569326709285,0.819252365673242
450,86,0.755737622602474,-0.299055971153454,-0.614708755933956,-0.354971340645523
451,86,0.427193940155545,-0.805592050118473,0.640734594060561,0.0839767110583211
452,86,1.57191203644224,0.0163074319465444,-0.432215062982152,0.767420583450512
453,86,0.0494391094611363,1.05391528290306,-0.480044536162813,0.243255652713605
454,86,-1.52057929795748,1.54150931087331,-1.47969259496914,0.1381654599238
455,86,2.46121500725119,0.770693509042507,-0.262293256919743,-0.81977725173587
456,86,0.372066908031376,-1.96950191793645,-1.5229147485389,-0.389907771167763
457,86,0.267802972353886,1.28261653173535,0.230091715620059,-0.77007807182533
458,86,1.24834103281798,0.275180474089954,0.168178543472899,0.588933498660774
459,86,-2.66296030025024,0.422717017204024,1.0552476183858,1.66242132455801
460,86,0.493221903772941,-0.0242228119161232,0.280562120249672,-0.0716459481054986
461,86,-0.518037092460707,0.560318043563184,-0.588781665907573,-1.6480540917134
462,86,-0.483663300795449,1.57382793887667,-0.374118225473237,-2.20045251759216
463,86,-0.779070002104874,-0.853679743538336,0.955433756543461,-0.0741344440979412
464,86,-1.66790490111482,1.01234346049115,1.16791579757815,-0.170255158741432
465,86,-0.344155843732534,-1.04134770526976,0.432532743432045,2.42567669766663
466,86,0.182411071330238,-0.585084922328135,0.681414599849451,-0.256998765049443
467,86,-2.68536068629216,-0.804921237984772,0.165143738607468,1.09132983888517
468,86,-0.399155879050179,0.596928452571468,-0.708653621016163,-1.05604620323195
469,86,-0.722613966122146,-0.0142281748105024,0.721111802967976,0.0158494904973526
470,86,0.77763915536537,-1.17195247469726,-0.32365006663688,1.51837913016092
471,86,-1.16964323565947,-0.119769154268943,-0.341667994365421,-0.724414228662356
472,86,-0.96989164102196,-2.05095724833735,0.0719800375341966,-1.87033161126007
473,86,2.20216548420797,0.557590430155718,1.25165342997158,0.347808085080005
474,86,-1.01166818488835,2.00738202885686,0.729742518691549,1.115313677435
475,86,2.31922523730771,-2.20691814310255,-0.115394553713753,1.09858977417575
476,86,-1.77256935210828,1.84330555686294,1.41458130256182,0.320343936417801
477,86,0.290785044891153,-0.91396710900261,-1.91808582055048,-0.135998277599154
478,86,0.579699356322471,-1.22350318411626,-0.637065739265243,-0.560923546270235
479,86,-0.496484613071748,-0.381309324346543,-0.215659995896316,-0.124811428903611
480,86,1.12834806463271,-0.0219683800781116,-0.786840624424629,-2.39135928789303
481,86,0.419837630860499,-0.0723750923954743,-0.562355191648413,-1.09044207559861
482,86,1.98184602093364,0.00781932887971613,-0.091172073022256,-0.182637046487294
483,86,-0.385311658429514,1.54206621639974,0.491552121386314,-0.69466616057624
484,86,-0.0853745673998064,-0.180728429455091,1.35869104624486,0.314158388948252
485,86,-1.94114197949905,0.30613312207737,-1.00463210332518,0.346149866872841
486,86,0.464403888241979,-0.525088066102327,1.1312793614833,-1.16556090317474
487,86,-0.457848519959344,-0.326406701936289,-2.2069304880495,-0.514348240460483
488,86,-2.52747266103526,-1.00247163679119,-0.134530374645036,-0.974284496449578
489,86,0.677168990962139,-1.05203046345178,-0.609350654637924,-0.483253766028648
490,86,-0.72600192061023,1.02522608202203,-0.477347813180379,-0.11799708514894
491,86,-0.221809569286518,-0.525947511579328,-2.93359715050551,-3.11494352184281
492,86,-0.409728605515916,0.384109778879141,-0.857530576921516,-1.26266533153851
493,86,-0.57646178484854,0.996629167707687,0.267947146278709,0.274544457757574
494,86,-0.300726541132358,0.524343902692474,0.232189885417927,0.937835582362613
495,86,2.31621779140687,-0.0208934111594995,0.315043163914793,-0.478506907746663
496,86,0.090287564435774,0.0877489723887383,0.701874359138412,-0.172084345402231
497,86,-1.21204966492553,-0.496429628349559,0.481752167407241,-1.34359584767227
498,86,-1.43652721983121,0.155678007014028,-0.501774138588732,0.854927436189596
499,86,0.525577495751185,-0.372403135203954,-1.31512455465958,0.582351150050896
500,86,-0.414982528960938,0.843284971673124,-0.719756311846258,0.0526794571878069
1,87,2.17404281825391,1.73989408819052,-0.434688768483919,-0.185139753087379
2,87,0.588065930493589,0.334012989728212,0.00807737137018354,-0.18143544409128
3,87,0.516574151740896,-0.288654698584052,1.19947962340398,1.91356114902726
4,87,-0.307361957317717,-2.98331941514562,2.33813037350753,-0.089648050902456
5,87,-0.570590250336315,-1.14870969343809,0.487339157944769,1.08625303275313
6,87,-0.672778211947627,1.75552481462241,-0.412372294659557,-0.227950301944175
7,87,-2.678067178145,0.405937908416834,-0.438932864535023,0.100128507831804
8,87,0.313020916817292,0.682356989414879,-2.63231712747711,-1.01089413027749
9,87,1.49060033499723,0.983679705868596,-0.443504271108913,-0.60480495635086
10,87,0.672469504695477,-0.320469454608075,-0.455815269007685,-0.187749106857741
11,87,-1.7922147612095,0.662695164491532,-0.860414115434719,-0.791416833940593
12,87,0.523499077213663,0.763987983459913,-0.121554574655043,-1.20058835084463
13,87,0.226797784626769,-0.547708121616286,-1.4756251876863,-1.6043166675273
14,87,-0.396423890292907,0.625061358657092,-0.522862858924814,-0.0868086881416052
15,87,1.23150612972064,-0.970418437203233,1.71444350330367,-1.60254609171434
16,87,-0.139455462018769,1.30942382144725,2.48340917171236,-0.491616302498672
17,87,0.0756271252559187,-1.24706806640707,-0.453783214300863,0.303384044598798
18,87,-0.194834100567504,0.0498780332681271,1.55207523002746,-1.72492743940404
19,87,-1.86011427720701,0.305396917505045,-1.23833866998708,0.283513686420329
20,87,-0.430352185416807,-0.184687612722243,-0.576313206093899,1.03475705069336
21,87,0.336988985868953,1.18836577506921,-0.605789000771834,-1.07306305900312
22,87,-0.202752533964453,-1.3896727075732,1.01242518803716,-1.52822843512169
23,87,-2.73870433265879,1.42591662215206,2.21680227090812,-0.53790714644551
24,87,1.6466562954743,0.602127009907623,0.824541890140625,-0.414459944366321
25,87,-0.806768850813291,-1.39847106002407,-0.384751819339633,-0.0788017186530974
26,87,1.12229133239509,0.791395953956112,0.476778139562105,-0.691490219459188
27,87,-1.9724795199955,-1.32394726132562,-0.541457023498615,1.05651452852234
28,87,0.467000517820511,-0.00860684911376513,1.26214595697705,-1.12768338637972
29,87,0.229543063551768,0.298155653962082,-1.67669229833072,0.0824118004347488
30,87,1.29920005780274,0.66743313987554,-0.622268435347763,-0.218407072185207
31,87,-0.908674687697527,-0.460903290751512,-1.66629263606235,-1.98639696934727
32,87,0.344464165851321,-0.309826355005269,2.26977299819622,-0.259375691031973
33,87,0.030674585074317,0.125022880973011,-1.42265382442393,-1.39263331796966
34,87,-2.21572595295586,1.15538088360933,0.110542529393118,1.0673923734796
35,87,0.320880574521685,-0.636159024643344,1.11341754321264,-2.36541753461153
36,87,1.28597691968081,0.17651875480697,0.500576030862862,-1.25027615295499
37,87,-1.35368120154879,0.757973997488681,-1.17889007799968,-0.100373881025615
38,87,-0.411745416829516,2.36944914505286,-0.508988259780317,0.594526393697955
39,87,0.145279433354478,2.19892868690863,-0.820536386382458,-1.00741310271956
40,87,1.2867702150654,0.640428540235629,-0.379337426681591,-0.168208391081713
41,87,0.16957394126768,1.06490142514567,0.11818829025692,0.721532436663577
42,87,0.238637720676738,1.36030015497505,0.591669266945839,-0.231822492034987
43,87,-1.17464845134178,-0.653013762286435,-1.02530081581974,0.0321288157412088
44,87,0.0370101683293401,0.972813538937831,-0.696339492837036,-0.361157704737042
45,87,0.120041599631129,0.762553881407105,-0.327711304689934,0.492317256647004
46,87,-0.0485793286507839,-0.592981945433871,-0.439265478148692,-0.991300754440692
47,87,0.00301843473618734,-0.876168178754945,0.0620949631419138,-0.150721551444465
48,87,-0.33980749455649,-0.578670528083927,1.03726281401129,-0.750721730153412
49,87,2.65047014479847,-1.51011740065924,-0.417846440189289,1.18147560325578
50,87,-1.11653138626869,-1.6723988644167,-1.11012993804768,-0.249269742983033
51,87,1.2044781426048,0.309668224765388,1.14530691606183,-0.453498978373467
52,87,-1.0305458495604,0.245152168648149,-1.05982456160116,-0.292093531661537
53,87,1.3807054051128,-0.524240761567129,-0.618128946665445,-0.144967209715279
54,87,-0.802675751083808,-0.184594513130019,-0.565895675868108,0.149212336915702
55,87,0.347686666291449,0.550011168545104,-1.46352091896262,-0.0488349122692092
56,87,0.510686009176852,-0.365385368959623,0.821817345302794,-0.484334760588524
57,87,-1.93459423751709,-0.371964644541027,0.571278970974676,0.715087796228059
58,87,-1.1120154304739,-1.27163005358907,-0.374026461310813,0.96375599442705
59,87,-1.03498305724563,0.622965510199924,-0.597878953148348,-0.0489372761914732
60,87,0.634619943307152,0.554221579160344,0.0905630606472219,-0.500509804500539
61,87,0.248730493192147,0.220450852354158,0.506678780941772,-1.68433813204984
62,87,-0.24089407101804,-0.0449537027242171,0.781004063932617,-0.584363782149437
63,87,0.51374823241056,-1.56266543946025,-0.151150107630718,-0.601109676522552
64,87,-0.0173658979763692,-1.67743351823629,0.63851153401603,0.353995595153947
65,87,-1.21673187210993,-1.59402216296124,-0.424764380302875,-0.750775250259619
66,87,1.48424111411723,0.199152505506069,0.412118959404142,0.665842986597502
67,87,-0.418081552061422,-0.949280970022101,1.35460048402992,-0.805954273337218
68,87,-0.40343439247137,0.57636284962257,-0.392294927865991,-0.0812152996230974
69,87,0.748279204748705,0.0351416757279217,-0.994202287885989,2.8684635239618
70,87,0.31062067130887,0.150192742537616,0.310314611771024,0.185086639972557
71,87,-1.01365202187619,-0.0976754297560467,1.08152536489743,-1.59602901170262
72,87,0.519056971522072,0.835105288249564,-0.799287629530358,-0.742889625830883
73,87,1.71321834212071,-0.932704502056911,1.10791787004982,1.38545414497744
74,87,0.764896701307899,-0.0575788910844627,1.22169537961419,-0.0420220374484083
75,87,1.19439585005669,0.552896392755739,1.00715980755082,-0.01456641593635
76,87,0.800230288939023,-2.32001782346765,0.0809681602015591,-0.111809081108939
77,87,-0.746670199715426,0.631256529871374,1.72518945692403,-1.52553759682479
78,87,-0.142805086573101,-0.538624930082444,0.103307638182816,-0.918147916321101
79,87,-1.63997710949031,0.373904431368545,0.454730090935697,-0.526117925528031
80,87,-0.710733941715636,-1.80074724840337,2.42079888473832,-1.92268992301993
81,87,-0.260483073129442,1.30722727198453,-0.330862057006296,-1.29069716192938
82,87,0.0588003418949942,1.21880472180268,-0.394020673705643,0.104090080827566
83,87,0.987193537345195,-0.415407311202665,0.0906619579291058,1.37757563644694
84,87,0.535578743721549,-0.525422587097518,0.145887409429444,0.576644634962126
85,87,1.84952283243805,-1.31018325069986,1.23372171340221,-0.189955469261259
86,87,0.316798034371824,-0.699782325976961,2.50653763507259,0.502344722473872
87,87,1.13789530280606,0.358006688191625,-0.317422449853401,0.13206111321641
88,87,0.0909299190541099,0.067761179125111,1.68323329481284,0.831818703568256
89,87,-0.0948106382262522,0.479118839994538,1.75124885798345,0.049875079508585
90,87,-0.672838245040722,-1.17315271294545,-0.0326652629781353,1.83922026851039
91,87,-0.357604953246183,1.22360686977233,-0.73602358058784,-0.613856344299241
92,87,2.02782023633944,-0.581236792181077,0.989089700435164,0.553211057324112
93,87,0.422813764933821,-0.887441900793123,-0.488125844942559,0.178511154830181
94,87,0.449358204654911,-0.748872828299124,0.375681981743911,0.0403916417734441
95,87,-1.03081891164809,0.888868156687435,0.241003267776796,0.139638432936563
96,87,-0.458065487378417,1.01894700008647,0.981737542892923,-0.832989494942979
97,87,0.300464794531814,3.00743980954224,1.15676448330215,0.4893455318438
98,87,0.373402538136615,-2.98574583758336,0.0199373361325008,-1.03159314681198
99,87,-1.73457841759902,-0.133381893621347,-0.897559421710807,-0.754002342338278
100,87,-1.75659660216311,-0.525654395375647,-0.025221548291336,-1.26670081875194
101,87,-0.844077225596103,1.22246536186804,0.667494510245164,-0.870114239722033
102,87,0.119694203738477,0.297211922786453,1.01981441156659,1.4776332134091
103,87,0.899092178782061,-0.476852519817932,-0.780247585654585,1.02331554919942
104,87,0.0758344651932153,-1.4813682226396,-0.084249139662052,-2.30732146516851
105,87,0.309478988272508,1.20505199054091,1.32438841851253,0.978932327733613
106,87,0.971321943681581,0.581277908329854,-1.1058026531895,0.542508244028548
107,87,-0.0225958324964894,-1.97678539021583,1.56709476552726,-2.47928931053259
108,87,1.70496708056917,0.207510627453858,0.93661773612943,-0.588950625300129
109,87,-0.382656550655487,0.807809371874671,-0.569474495766087,-1.4815048030514
110,87,-1.50027699280962,-1.47066174128989,0.11806458973304,-0.519610990022176
111,87,-1.73555963353897,0.519178399110687,-3.15425423142684,-0.147979375644101
112,87,1.02772435976928,0.882178950634508,1.63264186287716,0.543542951466872
113,87,-0.446426871617139,0.0932967164821052,-1.70368487940946,0.749789224529886
114,87,-0.510511500725997,-0.431548321695135,0.785647531750785,-1.04408450934321
115,87,-0.0702203706507426,-0.465023611748077,0.855208519566571,-0.131884467798526
116,87,1.30605548312932,0.407231412030174,1.0906761263709,1.78615582803124
117,87,-1.18551993186531,0.844084924672647,-0.98174638927263,-0.647352700513271
118,87,0.857059756453237,-2.07076232014312,-0.271538710954618,0.665582768173099
119,87,-0.315074066732319,0.602744018673766,-0.346367615736001,-0.0399279266089533
120,87,-0.412488845954782,1.45698950166653,-1.05518080197659,0.148958268743688
121,87,0.153543914938535,-1.4033539145786,-1.01046611051267,-2.80451583915783
122,87,1.17882684873341,0.55060700172596,0.513218059721354,0.588419847892157
123,87,0.0939488526195065,-0.477137084435537,2.49437274755322,1.00540351900426
124,87,-0.0174970082646718,1.94589134955696,-1.26322348441648,-0.992306648976253
125,87,0.778432301114256,0.93563466026723,0.174349057046252,0.537811510380675
126,87,-1.09436641341636,0.894012365481609,-0.021809220272712,-0.0769397652701692
127,87,0.792839237532009,1.43029728855873,0.15855432900192,-0.857387445114823
128,87,0.676171662776629,0.918039225118314,-0.385214883308721,-1.2442803817315
129,87,1.92395596113513,-2.47225361318665,1.05925325838349,-0.450716534979659
130,87,-0.582524365394285,-1.41735721192358,-0.754844683601853,-0.372578305686165
131,87,-0.964002469898303,0.0814136002236318,-0.35011365187939,0.69025458607478
132,87,1.36346414356639,0.963366827403535,0.370805664348097,1.39763776175343
133,87,-1.79452167750367,-0.887646842741394,1.55641301446956,-0.627239370996569
134,87,-0.253691084985126,0.161910322163535,-0.592841057164271,1.29070026435337
135,87,0.939488185162689,-0.36467531579866,0.883353331135936,-1.23199338119642
136,87,-1.29823802858602,-1.34778966462428,0.148481084180946,-0.0375764849428867
137,87,-0.0183702139944136,0.323975970511119,0.127998898937166,0.632762265486987
138,87,-2.76866086754807,-0.21339389887056,1.45591591273746,-0.740266210184529
139,87,-0.218844349306695,0.799213356992455,-1.58280762182563,0.54755345407194
140,87,0.36241736185477,0.433165472919964,0.180932012091623,0.452109419937279
141,87,2.51401445229844,0.326265619460011,-0.0437187611769227,0.110818865289473
142,87,-1.39977854432607,-0.165603081033981,-0.417786894232998,-0.193188472561002
143,87,-1.3304335302683,-0.343351252731227,-1.01208400560861,-1.34732455346786
144,87,1.07828642033212,0.0396679833210058,-0.715179864368237,0.12816550280097
145,87,1.78572669734151,1.1136318627024,1.62858418534914,0.735492986957389
146,87,0.399873946571981,1.45441713887838,1.29645300675216,-0.00927367519765574
147,87,0.504607010783291,-0.646034571543337,-0.299730069484753,2.58762462480459
148,87,-0.417452048086011,0.57583254746917,0.390830544710407,-0.562652311704343
149,87,1.16534653462997,-0.62331031989314,-1.20122228394813,0.924957140449036
150,87,-0.444784763652637,0.662057151453802,-0.380538623578728,0.585117819946411
151,87,0.0563465966356607,2.89108541376818,0.484065891055029,1.06460823953649
152,87,-0.704423987506652,-0.24758531798938,-0.712832140607259,0.21919148634697
153,87,1.04971783101938,0.138357164020442,0.186440699517147,-0.595541558555393
154,87,0.742466958984561,0.222554988592505,-0.326610350985027,1.45606003262684
155,87,-0.510162583239486,1.14528321361164,-0.853529767661357,0.24134057696489
156,87,-0.118772997641607,0.250052549549236,-0.38175578527888,1.44371646714087
157,87,-0.190998285452313,1.10968445322389,-1.37881317803156,-0.225261073313682
158,87,0.000235544770737867,-0.211114696047302,-1.33742583857635,1.57079695714687
159,87,-0.225429579487208,0.256773166575877,-0.0668122568331395,-0.201997600649785
160,87,0.494485251516127,-1.11149368945501,-1.79652644594592,-1.13297846137484
161,87,0.0104964473219825,-0.573193162217449,0.208856217972516,-1.69167879218146
162,87,-0.285701363522973,-0.122009413499164,0.217600281737468,0.299940815604112
163,87,0.393025901592409,-0.041113917405303,-0.168127507909166,1.12174031771561
164,87,0.0509276167725847,-0.087505454808644,0.391610779612108,0.178414559597627
165,87,-0.680134234762413,-0.139529573327956,-0.667188731516158,-1.7525007904092
166,87,1.81356890797065,-0.854670050416412,-0.997628611611542,0.136772747655148
167,87,-2.70547185726412,-1.16068771397123,-0.676308147817884,-0.339189998261149
168,87,-0.0141585717868744,0.699434035424519,-0.915046844637127,-0.601752269056903
169,87,1.72157112505928,2.12947167318911,-1.07158163304088,0.39178502151856
170,87,1.12424612630949,-0.624531758210529,-0.920131093543585,0.342479224074831
171,87,-0.60141450513867,-0.324218843799721,-0.101132722869972,0.0945921000600461
172,87,-0.192500313278186,-0.509323213548851,1.70843457182262,0.849473409464546
173,87,-0.0532537869843481,0.164098984816005,-1.65883562573202,1.97076482875699
174,87,0.358029391867304,-0.901370103503864,0.0568005326819423,0.43787293403915
175,87,-0.409540862863247,-1.66550249763701,-0.820296189824629,-0.334396904606602
176,87,-0.873426564061999,0.630617132819769,0.149445019801156,-0.405918467755073
177,87,-0.936417291701388,-0.848995117486204,0.125583079413468,-0.0890967222731203
178,87,1.54908805383628,-1.57075840149778,-0.657596176944488,0.137573938964734
179,87,0.426369048033468,-0.185638473017713,1.59669921682281,-1.26433793920576
180,87,-0.496974002489346,0.847282756706599,1.84925353305127,-0.503680076118105
181,87,-0.281671475927793,0.853946892137992,-1.31982025346253,-0.0559435672531513
182,87,0.0452937279993143,0.82894938321504,0.718023413956957,-0.483065004829497
183,87,-0.498222217215133,1.46394049096651,1.32329048514496,-1.28336893035277
184,87,0.135832589584498,-0.856082706283856,-0.594850024205376,0.816545886114533
185,87,-0.465125826193639,-2.04108533314074,-0.198527403623022,-0.743514479335692
186,87,-0.11540019551458,0.893858970602174,-0.390177150251954,1.55047162151464
187,87,0.464709348622603,0.943191784396008,-3.25043938545145,0.164273239839287
188,87,-0.313777159925089,-0.0999859613548842,0.898251187976951,-1.05194045840089
189,87,0.905660527023896,0.878864608083541,0.198600151904699,-0.737395874917745
190,87,0.566021431879884,-0.778425272275412,1.56814918758563,-1.15245853195408
191,87,0.605749780772285,0.421741601560293,-0.139409055127669,-2.71389553715853
192,87,1.41683995381091,0.418835526391329,-1.40722314068441,0.569259866646712
193,87,-0.00490049273549636,-2.02318300113434,-0.764612919489349,-0.277706414449113
194,87,0.363080883968849,0.667635618427885,-1.03861811516268,0.551113220342148
195,87,-1.55819183688349,1.32518602872249,-0.363301319376643,1.2299755481896
196,87,-1.09788511667986,1.6802871909234,1.17439921330013,-0.499106257365545
197,87,1.8298697668844,-2.14368119331899,0.819800450433067,0.872851207839498
198,87,-0.527634700156734,-0.2561532388208,-1.426206398231,0.63371598042557
199,87,0.794130222667839,0.696970734468891,-1.44656031722971,0.729964493786051
200,87,1.41021933885193,0.22986807399597,0.241805209725655,0.247331072408243
201,87,0.0412100645873406,-0.325692450963721,-0.364396053263226,0.0419051471036114
202,87,-0.9009941040443,-0.0098838874086893,0.0044542486212837,-0.34045011195332
203,87,0.957819934088049,1.75956037235383,0.443501611575308,-0.650519696518971
204,87,-0.556138478664841,-0.204972994314687,0.143235127380202,-0.537566193804962
205,87,0.0366969101308638,0.698498553725398,1.84060358114125,0.586007199712489
206,87,1.34206222156721,-1.48223031041851,-0.413076403781874,0.682821951523454
207,87,0.475695729331535,0.000684525926304388,0.0968006871654172,0.871956282918416
208,87,-0.638371444871016,-0.354329083475114,-1.73704500570284,-1.31292583750496
209,87,0.76257149224093,0.421161053175125,-0.469890639599272,0.179641735654887
210,87,0.793177941729322,0.0124115233691704,-0.0860367213297896,-0.681260299490513
211,87,0.559044755083531,0.644784116851836,0.119163804496235,-0.960574874868657
212,87,0.245591044277724,1.61643057924693,-1.02888106742352,1.77629736471665
213,87,1.45925029520716,0.577157803380721,-0.837587950237336,-0.0558446783335802
214,87,0.0388740316823125,-0.497347985071368,-1.56000479656022,-0.054934126034636
215,87,0.846531000110764,0.11880650048188,-3.14880269319381,0.862279092728318
216,87,-1.005421014061,-2.56489519615048,-0.841194371048872,0.774755110058956
217,87,-0.0910464724819939,0.639574570041026,-1.35939413691565,0.410360933090627
218,87,-1.34808753689805,-0.437819069588752,-0.164717331592163,1.01966195452206
219,87,-0.90648373576905,0.619104236781828,0.600693455338773,-0.106446905842588
220,87,0.181378573271779,1.43008539162441,0.782246307369777,-0.171946448188606
221,87,0.202770108779211,-0.797034163611935,1.03864859859434,1.74234543367409
222,87,0.0238771406809862,-1.06131670263644,0.913000721609257,-1.84630112954937
223,87,0.539248178973368,0.719070748032201,0.459273893656755,1.61240432626271
224,87,-0.0362990470166162,0.12695479527562,0.0852173065151561,0.11735784206406
225,87,1.46498077256591,-0.305987285278695,-0.400204343993871,0.921433377067031
226,87,-0.664415016928775,-0.585077361840073,0.118025907950907,-0.462710408022998
227,87,-0.235350672349951,-0.0495868878426722,0.725232486598237,-0.508393685005571
228,87,0.728678872644614,0.148061769210001,-0.965493367268589,0.340312819723965
229,87,-0.495140581156963,-0.37144738319835,0.802308863431866,0.129166621475334
230,87,0.455487840238875,0.558106850147923,-0.311301188514203,-1.05388287890496
231,87,1.58386936783184,-1.72582801144991,-0.227475101735286,-2.11973672939491
232,87,-1.23046518234993,-1.09973068922399,2.02292377619179,0.217680987551255
233,87,-0.0266047253076429,0.431643501295592,0.222404833023568,-0.714723076984603
234,87,-0.490240496557586,2.08212687862567,-0.130029593287436,-1.00643343810864
235,87,-0.226124940925231,2.10207600938692,0.315389264682114,0.205928477728348
236,87,0.260488078308644,-1.41794085036336,-0.00553184531552055,-0.461148019529083
237,87,0.642011579867552,-0.896832905116587,1.85075246381392,0.148573524725753
238,87,1.32516615243192,0.253598963922087,1.00334238867858,0.902134430269448
239,87,1.29868086345791,-0.390477021451874,1.56870688663989,-0.00982149921735767
240,87,0.482037926678439,-1.14567155710035,-0.406544991064691,1.99701188881016
241,87,-0.583726010655904,-0.932159013765932,0.816243474930299,-0.267041165681484
242,87,0.917346182746474,-0.687286077446137,-2.06508249871225,-0.438782799451966
243,87,1.18033900318804,-0.843442562063937,-0.279820974541348,2.19962709132726
244,87,-1.21804514240081,-1.603862747693,1.50008387299306,0.764610727753662
245,87,0.681780032681242,1.1597416320283,0.128604250693996,-0.658652467649649
246,87,-1.27666120579291,1.59192935252414,-0.503169427450182,-0.367033963370144
247,87,-0.839772179226864,0.811207103980766,1.27052843092759,0.745320923450808
248,87,-0.900979772507671,-0.0592791085018312,-1.02560372859213,-0.75133819502917
249,87,-0.225801533277681,0.474900100798637,-1.25653270492072,-0.248664627691752
250,87,2.05161645954902,0.85088885658222,0.42669489852536,0.210704905872629
251,87,3.26111429272124,-1.22812139686627,0.416928440799032,0.868972116273472
252,87,-0.127934305580162,0.0235817953007588,0.70489141160512,0.422505862214108
253,87,-1.08058934333934,-0.162957277446147,-1.37079220333303,-0.397693948961849
254,87,1.60006950139961,-0.53299873879372,-0.874372384486123,2.3804839840065
255,87,-0.885949623481182,1.01769134505789,-0.927992514005111,-1.26541817217357
256,87,-0.0615501680838371,-0.676652058504856,-0.568157096357362,0.594299203932523
257,87,0.752837329029727,0.900662868902148,-0.239886116068293,0.399832006601323
258,87,-0.715353649348063,2.13236359658021,1.1862954663318,-0.731570749930328
259,87,0.163257692533097,-0.651304084024663,-0.542077454046341,-1.59401428602959
260,87,-1.36506998557977,-0.376791962113674,-0.527707781124927,1.84823594216576
261,87,0.06832643643903,0.0659023555877165,1.27232096413664,-0.785511855023508
262,87,2.78634825049646,-0.208433055209777,-0.336037977421996,1.95774258870266
263,87,-0.798807390283721,-0.157898512251296,1.55533809508424,-0.203463805525691
264,87,-0.129309062022487,-1.00028064680108,-0.0710628958971034,0.149377436274159
265,87,-0.28537395700636,-1.86477370377715,0.244586130236658,-0.437564783145257
266,87,0.796105346726788,-0.0665440789113842,1.34468774059679,0.276349435234583
267,87,-0.687382967929366,-0.535868014137375,0.968314972388278,-0.709253284397039
268,87,-0.308308748526257,-0.494115442813579,0.683318686701682,-0.234656981871684
269,87,0.0610193035995068,0.289809582779951,0.490068436689845,1.20932306984541
270,87,-0.807627614181553,1.12253566731315,0.633463792841534,-0.113926196657798
271,87,0.595997449294614,1.05013871338476,0.316764449944034,0.12423932001771
272,87,1.27313100234985,-0.335070123637779,-0.302455471705918,-0.265709670638683
273,87,0.923598538181551,-0.589309082365259,0.234255767966661,-2.25089465702704
274,87,1.47475421810937,0.122955556707107,-0.250117176267455,-0.227119872381568
275,87,-0.538380565632808,-2.19684394710802,-1.47261025209062,-0.830793090898595
276,87,0.122325837173922,1.25649452813849,1.94851355603227,-1.09830520489574
277,87,0.423327669617192,-2.19740990415659,0.629782230851513,-0.0917726115556065
278,87,-1.34372005544103,-1.59658463856573,0.368174701822153,1.05041679559356
279,87,1.02841459980983,-1.25005080532185,0.536204757710916,0.558773350485723
280,87,0.150182090208184,-0.299081032563508,1.29764928301976,0.332656338253788
281,87,0.495378581111397,0.197197225112506,0.0952916760320262,0.0994644809585819
282,87,-0.738138999089261,0.837115722068238,-1.00974758647409,0.602659325989047
283,87,1.64644706484459,0.691351860908612,0.247277701364368,0.499169640149272
284,87,-1.72256823516286,-0.168855733166639,-1.33598029583419,0.853473577874669
285,87,1.1589338050822,-1.39733441842204,0.640173190917828,-0.854790968871375
286,87,-0.519452842380673,-1.79426438532568,-1.5496053463161,-0.831886625934297
287,87,0.328388631252042,0.269149454497385,1.23069197029466,-0.859665277784457
288,87,0.12009315164531,0.434765277142168,-2.6591585206999,0.285941583337146
289,87,-0.814319339619935,0.394132627521189,-0.996079463565539,-2.09838108543936
290,87,0.280283502616753,-0.648631840404483,0.140687991286063,-1.39723435574285
291,87,0.994098653570038,0.310953488480536,0.113117903768172,-0.203058273833355
292,87,-0.138456901709095,-0.684230358003307,-0.591108164545591,0.858577570417563
293,87,0.243797759255506,0.081127543228675,-0.682026689131601,-0.968989423493538
294,87,-0.822822503022189,-1.84526270240616,-0.50971150296737,-1.87364589061751
295,87,-0.477681468285562,-0.116145315344268,-0.89844735480434,-0.107218620828489
296,87,-0.886726227938958,1.20450516315805,-1.0843297687944,-0.209578233692272
297,87,0.42612226291461,-0.796244172259119,1.96948734634704,-0.974300849109552
298,87,0.506799451773573,1.85957192659029,-0.104010636438156,0.263711628895396
299,87,-1.35354459224197,0.232614297902923,-0.889856752174534,-0.917627556430595
300,87,-0.287033051362354,0.400140498268536,0.34337408061936,0.175146035950333
301,87,0.462546630364711,0.162409009908762,-1.53138253489248,-1.09013448543768
302,87,1.02716602776269,0.159720994788201,1.56812091542686,1.12203216007354
303,87,-0.331274442993825,2.00349733242768,0.914714886807044,0.348127241397127
304,87,0.539762547212144,-2.22791325115229,1.02987496306819,-0.822882507177448
305,87,2.26561116750597,1.00753222701847,-0.277113683389339,-1.32397256017978
306,87,-0.681029204504151,1.71366154559792,-2.4134060392665,-0.0829617178594885
307,87,-0.904300141190593,0.260578251566394,-0.220570800155305,1.05588932863975
308,87,-0.87598177770063,1.1280077543502,0.548170374251975,0.742123848873296
309,87,-1.15111428941918,1.50622074860552,0.0551889951455315,0.448367964513966
310,87,0.525196778926258,-2.67619547111877,1.26184298781731,-1.29355761556865
311,87,0.576894002807147,0.278649432636931,-0.119888965777489,1.7684141989947
312,87,-2.50504188720516,-0.784224567174133,-0.140901306854414,-2.27980048108538
313,87,1.33359101884441,0.116063858730755,-0.370983288821364,0.170420711318235
314,87,-1.72918225260124,0.00416371386402786,0.578810461587499,0.073690306176897
315,87,0.390296724711295,-0.587627422802262,0.532593894812928,-0.100056017964817
316,87,0.684730300561674,-0.0961633878137707,1.40998952238677,-0.42890125527172
317,87,-0.289201606674918,1.55607487193067,1.30862131941549,-2.30408132204037
318,87,0.772399559870236,0.849801367666558,0.315279288816535,0.0170754947871568
319,87,2.14453193162948,1.91734982521255,-0.513974831171916,-0.566199430724165
320,87,-0.320310193021727,-1.43773948819546,-0.55415443887139,2.08024753056614
321,87,0.0248360993452672,0.248325005105091,1.58814242460353,1.41749809131417
322,87,0.539364550249635,-1.39187635850542,0.0618797743903121,1.21412324791758
323,87,-1.71555717452126,-0.308436368798926,1.7289650979501,1.4447217646882
324,87,-0.829852122547967,1.24878015558058,-0.271054760275245,-0.800218067318737
325,87,3.20863810997004,0.584702594899945,1.50861415970593,0.8224169242743
326,87,-0.575086213922036,0.10683491684539,-0.457248443307116,1.86479601861964
327,87,0.304588325341945,-0.28603870913568,-0.670916977957367,-0.672027514475296
328,87,-2.67361775535566,1.3500998224303,-0.309874762103326,-0.608570649143629
329,87,-0.393672548127961,-1.17911478713622,-0.274009334379153,0.828829509042965
330,87,-1.23282366050124,-1.03497819296301,0.0739584569610567,0.860708361038236
331,87,0.9604950975784,0.875696225776524,1.24076285606268,0.82990267887421
332,87,-1.45879346217596,1.54833429264643,0.456226690136771,-0.849222997121779
333,87,-0.0226324925390705,-0.524189240455372,-1.60078815189419,-0.943314184828435
334,87,0.339470488144794,0.32861742782411,0.540203298619491,-1.27067176796717
335,87,-1.87455491783555,-0.173556405388291,2.22722836671843,1.96536752035371
336,87,0.41880525597531,1.07886613785343,0.125198231375538,1.6018851467901
337,87,0.734546518880513,2.12190016882531,0.283912010677905,0.184570530148311
338,87,-0.392784971737142,-1.15973961934921,-1.65761197272048,-0.638433997691706
339,87,-0.381792854887633,2.095482519856,0.0836869683484095,-1.73976900403465
340,87,0.549328370613951,-0.662219782034691,0.704256546506552,0.857509960835833
341,87,0.196566840410752,0.418824714337188,0.146502744425614,-1.20101624844753
342,87,-0.696439251744154,2.49144718096779,-2.02552295040869,-2.22080339933247
343,87,-0.432089064801059,0.793532135161539,0.106899363100196,-0.101549220650213
344,87,0.482442587628821,0.141409906223414,0.979405021873508,0.850369848317586
345,87,0.160928002718791,-0.652071710510588,-0.866847734177962,1.34325957168175
346,87,0.128312543636317,-0.672785539244563,0.239609673327741,0.167935497808602
347,87,0.771796695654424,-0.252432070373817,-0.551078527912713,2.44970112505234
348,87,-0.352574041351371,0.0276905740934236,-1.32064468544177,0.48017953763919
349,87,-2.88904597275541,-0.786290498208487,-0.613093432919072,0.625423316864408
350,87,-0.406345467253535,-1.76964852204879,0.498297601464998,-0.61919814826432
351,87,-0.964948020917254,-0.0912941182944137,-1.09081391810104,1.67515236422245
352,87,-0.427787163843017,1.80791980389142,-0.399328902386301,-0.304392795896931
353,87,0.197513808001149,-0.786121914183532,0.627330879818882,-1.75709142329976
354,87,1.08389703348296,0.264556967552127,-0.824158399142644,-0.543309156450394
355,87,0.28981448657488,-1.07795033316029,-2.31262454798201,-0.384548439370445
356,87,0.444614184312572,-1.71177866235799,0.0974254341624964,-0.746676053858355
357,87,0.00541777604288525,-0.513571583254248,0.334516734381617,-0.0541299431363051
358,87,-0.845644276643302,0.776977494790262,0.521234357153283,0.447380474508622
359,87,0.244218315378906,0.232617152880146,-0.101610700408291,1.31355334912305
360,87,-1.08268456074429,-0.234511773819488,0.29800719607393,0.328305017858087
361,87,2.00101220999511,-0.152815371552947,-2.09509206820131,-0.714391835672968
362,87,0.12041494082496,-1.06257705589186,0.473448518370464,-1.12322667900236
363,87,-0.749765336033165,1.67362907025792,1.30198606347631,-1.12111669379613
364,87,1.36239990663216,0.776120182756695,0.720463926668545,0.3069542616003
365,87,-0.510936113323566,0.856942687200853,0.213053352119734,-0.728499520930381
366,87,-0.174604123892811,-1.31184758047553,-2.26179353776901,1.42965795554053
367,87,1.60011870969241,-0.367613991795701,-0.414399029167416,-0.749180710056066
368,87,-0.526141692787513,0.866866512621261,-1.35016248530323,-1.02884884074933
369,87,-0.23100019684113,-0.659322062230675,1.39766158562853,-1.48793847232724
370,87,-0.448482606436372,1.14979791984393,-0.219717090818251,0.448926014722705
371,87,1.69710143923021,-0.747289099406287,-0.864127278121037,-0.412817978101169
372,87,-0.900407498629372,-0.789115188542841,-1.26126424874134,-0.513253985541869
373,87,-0.645116513645683,1.39897391977699,0.57992611672869,-0.119988666846622
374,87,2.26973143374465,0.260558116759019,-0.656730142915595,0.146924883082245
375,87,0.169354727237406,-0.734615546729423,-1.11378589124234,-0.745722599422652
376,87,-0.667830717364372,-0.389878891553519,-0.169699045053579,1.54851889951759
377,87,1.11280297732041,0.846349441994166,0.343990588955105,-1.74585870083619
378,87,-1.34735544122445,0.764606091413613,-0.48595796736741,0.0732184469792153
379,87,-0.972817323239321,0.0724622915931775,0.442421752802618,2.0327623743456
380,87,0.345066646379048,0.314530175694493,0.745554321573117,0.485541344361971
381,87,1.72253603727631,1.83625861498583,-0.612536646305702,-0.483853578470829
382,87,0.401461444301403,-1.91282825947001,2.08804454513592,0.707200231553692
383,87,-0.38074540411233,-1.29952326787347,-0.354893869742667,1.44551129447422
384,87,-1.35047041508822,-0.561744059316506,-0.919142975304892,0.416196627101952
385,87,1.48771126253329,-1.98322634886071,-0.672342661166678,-2.73117801885859
386,87,1.33329452949553,-2.67422305838425,0.687102169877575,0.762169379370495
387,87,-0.228083060016015,-1.0698211440638,0.575374397332425,0.276339042649826
388,87,-0.735755808927611,-0.854377071041827,-0.373181963021424,-1.09342623384626
389,87,-0.639097784530307,3.18648516683177,0.812865399220524,-0.0239813050266002
390,87,0.364365831351651,1.07100116401238,1.05933014295687,-0.035179394285993
391,87,0.448223954825362,-0.810710640572466,-0.360168297867955,-1.38243185034962
392,87,-0.139116449954638,1.12989356060848,2.8345871283422,-0.155986163107739
393,87,-1.04802345149287,-1.2517842770318,-0.137098928028798,-1.9024307345524
394,87,-0.17128771627708,-0.958085091408934,0.0499885070012172,-1.32611031717939
395,87,0.636222009861852,1.15458601892578,-1.5461300138156,0.362560770870941
396,87,-2.00684860375264,3.10735810208707,-1.05386356900249,1.55370278162212
397,87,-0.531525778134861,1.19292546061212,2.09315761829202,-0.279945502071815
398,87,-1.42861673093468,1.41205961236692,0.688369084278249,0.665485658448769
399,87,-0.301164458822592,-0.569922914839784,-0.22590951083075,-0.836292343873038
400,87,0.696545854000137,0.261368614447228,0.0575863443089724,0.645538240674527
401,87,1.58116379610317,0.33822274945234,-0.526750387525486,0.105637604577699
402,87,0.73240600166324,-0.319797307975132,-0.470444594342589,-1.37345974098088
403,87,-1.3095638139969,0.442200565485573,-0.0840729272555134,0.0379422805795487
404,87,-0.276706730257302,0.186845658174886,1.22011695948125,-0.0995961889317373
405,87,-0.687987707002874,0.221394423501161,0.438267328303105,-1.29825257046646
406,87,1.85843042156498,-1.12681920970493,0.924787492303105,0.464436628823693
407,87,0.740404780920336,-1.33730556083122,-0.739048765847746,-0.510273930179895
408,87,0.148442891625517,-0.175752248437564,0.91168933098667,-0.850124371666022
409,87,0.696406336789826,-0.338897263041739,0.309588297945512,0.698002748106426
410,87,2.01435269449998,0.0551544861178165,0.617836800180488,1.68402827877139
411,87,-0.153574781015627,0.739865570262024,0.490026238961118,-0.952707309614721
412,87,-0.883945349212294,-0.329486826606949,-0.826755254352389,-1.28309250602551
413,87,1.84612048739922,1.50016562871362,0.0578314316640779,-0.0707552341881454
414,87,-1.21000343385318,0.833107500752265,0.50672559245802,1.7600482480367
415,87,1.03087958179755,-0.611259561723743,1.04657191270705,-0.672842657316728
416,87,-1.39064517980497,0.53053732099017,-1.06279131577376,-0.911354248866467
417,87,-0.18092688118321,-1.60968905075682,1.44675022281302,1.18845225682593
418,87,-0.994690747742531,-0.0446258722156538,0.390824439886005,0.0280711267659765
419,87,1.1069717735933,-1.68978527724954,2.3921948229857,-0.838187261095315
420,87,0.209198495143802,-0.133175754921072,-0.64596649536793,2.27968681785598
421,87,0.0464768620072203,2.43444942161962,-0.0318109935376089,2.56485307846405
422,87,-0.0543481560365726,-0.692208115563951,-2.26348917661701,-0.488766773256375
423,87,0.257294314622696,-0.515380259003299,2.18065189710609,-0.752522456538444
424,87,-0.886221890853206,0.0124870632007191,1.7042116378142,0.607053617781493
425,87,-0.156337643585613,0.252267290990646,1.06188731506474,-1.19308240018814
426,87,-1.84517073610555,0.00880328328405976,-0.488937563694193,0.998301626871895
427,87,-1.06045729088074,1.78106812033271,-0.125577460452079,-0.73004147739547
428,87,0.104974355394417,-0.126165000627304,0.0975642069952332,-1.51921754134254
429,87,0.43724676444935,0.450962193223614,-1.23564113156581,-0.491173902148267
430,87,-0.242283540675608,0.270117228330941,-0.947315408886658,-1.63525532905858
431,87,-0.0152578861906564,-0.396425540889003,-1.02968384550213,1.21030797529587
432,87,-0.847031465177732,0.822802929768944,-0.284148162583771,1.08709986213153
433,87,-0.385517120233984,0.554721184513156,0.581497499581025,-0.704436686157395
434,87,0.428684501105085,0.393857571443223,-0.579238473460307,2.12484546035357
435,87,0.441202379588611,0.435543376018587,1.09547621053012,-1.21742453069573
436,87,1.36897728078303,0.0913548288653091,1.80092763321434,-0.263842324890646
437,87,-0.17711636618021,1.59718785270952,0.527488281089524,-0.616999083784891
438,87,0.187673558672509,0.991594673348751,0.394875219830056,0.432213425179667
439,87,-2.00240213064602,0.709422340365353,0.823620542409592,-0.630224644261447
440,87,-0.46532090524984,-0.443327531376007,0.915754287043723,-1.3573888569379
441,87,0.453031199812286,-2.10458050793125,0.331722513673663,1.49167240664928
442,87,-2.6469918258562,2.47561437970461,-0.471735324706498,-0.702743960031035
443,87,-0.721218113067302,-0.435348931432601,-1.5793841314049,-0.870568775938967
444,87,0.292985823740968,0.958429241333836,-0.88717306361229,-2.69955999582949
445,87,0.563356496272679,-1.0088859769617,0.77626705046538,0.867598123704846
446,87,-0.103920860194987,-0.430178947416185,-0.106519574387078,0.399681432680827
447,87,0.995043046375359,-1.03701948185125,-1.45855340300556,-0.406366774338166
448,87,1.75269205344281,0.608410941603879,-0.472557628671123,-1.3565053265099
449,87,0.127623577205583,0.559289627814562,-0.388459912904843,-1.5750849354356
450,87,-1.55727894342857,-1.35185914489053,-0.98416525660528,-0.531726458726195
451,87,0.136856188836606,-1.07635496079551,-0.441748581268152,1.08565661785258
452,87,0.00212537293863109,-1.63207572328143,-0.65413549491499,-1.72748859376653
453,87,-0.092476647946771,-1.53442533237286,-0.418323869262286,0.900310580016549
454,87,0.63616117547701,0.555419757841206,-0.373352120680814,-0.336459513956665
455,87,0.118903086122607,-0.839661758082691,-0.358373438995519,-1.15821251425665
456,87,0.382171247938705,-0.702809673670729,-1.35076766720296,0.657222015985318
457,87,-1.47936072438712,-1.68626619664747,-1.16912358244747,0.728033697596096
458,87,-1.13839601551423,-0.623734412994909,0.307615944685291,0.546111585876332
459,87,-1.79177533647397,2.46586204591944,0.389375396494256,0.451429913388957
460,87,-2.88404227178389,0.0290026580407755,-2.30577140490123,-0.287438393742566
461,87,-0.152261027314223,1.67220300509064,2.05143409798267,-0.209908722546333
462,87,-0.143159022120874,0.998928142317177,1.86374010283236,1.15347666164429
463,87,-2.68547018921034,0.625199101545499,0.538347398963786,0.00533660346106934
464,87,0.147333049061272,0.193198950227581,0.335675241048116,-0.398817237936208
465,87,-1.51661387409558,0.135045338485008,-0.542053533042192,0.959433467586686
466,87,-0.288311915525739,-0.602108658581276,-0.532110916322231,-1.02389241131297
467,87,0.32125461898689,-0.393321040069076,0.973121425469427,-0.259465176442072
468,87,-0.207787482185025,-0.182956626475426,0.361047738779697,0.340045805998156
469,87,-0.763564365671156,0.451616398558429,-1.27567575974402,-0.920448462469171
470,87,0.552088280659746,-1.17470515102032,0.357993022924947,1.60911527344671
471,87,-0.658513346903759,1.18886109492271,0.836186714082909,0.952500363108864
472,87,-0.717542200967587,-0.0339571929126107,-0.107428355910319,-0.750300032143918
473,87,0.600306879314384,-0.344771231663429,0.556278897954357,-0.778845392932263
474,87,0.263724391563165,-0.217130431335736,-0.61638665690938,-0.728054369170054
475,87,1.09312270317638,-0.808530316992807,-0.158309833110843,0.552838562536458
476,87,1.33805380569938,1.10205502535856,-1.51605872353149,0.0771282340264679
477,87,1.89178854594961,-1.86717354402857,-1.67082728541643,-1.12305516173753
478,87,0.562736365331133,1.94227871027692,1.94767447632849,-0.378370651251472
479,87,-0.854195585659975,-0.603192067972405,-1.92391716097517,0.406691971732212
480,87,-1.76092066211793,-1.85778868046189,-0.538070476472562,2.68981848457437
481,87,1.65736354619535,0.0612744430176353,0.283483020649144,1.60664444507619
482,87,0.0280175005009705,1.38315971943519,-0.428483209283144,0.645611353825319
483,87,-0.0235925284268769,1.42034030916777,1.19027683778149,-0.398747786512484
484,87,-1.39286538383938,0.442846510609881,0.1298620538872,-0.127345748897195
485,87,0.288443619094042,-1.16367142072636,0.0665529899285485,0.721536507868203
486,87,-0.296727176976168,-0.263298752879453,-0.60198570718919,0.0338371321434774
487,87,-0.380460507835407,0.78144514847161,-0.315642688574195,1.58491274619396
488,87,-0.883271956669925,-0.482972094809579,0.222686738356072,1.54822697194169
489,87,1.16210516247384,0.13933519334327,-0.690159457856811,-0.880275148699374
490,87,0.576862525663614,-0.357206393640501,-0.036790511413939,1.28992447641102
491,87,-0.776942284257312,0.792262365236936,-0.473175670980227,-1.70855587799808
492,87,-0.97598012338558,-1.26945908542619,0.34689007526196,0.794973771900541
493,87,0.182630959814654,-0.857636162839664,-0.165362046485196,-0.432643095171438
494,87,-1.19292221513124,-0.692141354198305,-0.217412431990175,-0.675581773727367
495,87,0.288538245725545,-0.718008654954054,-0.637054732438631,0.592286209608042
496,87,1.06732914873029,-0.855776473950437,0.00192735544437787,-0.804596352334048
497,87,1.32022106643511,0.63907760495836,1.10216439234016,0.288080532250981
498,87,0.398244190561499,-0.163364752553689,1.82684902806354,1.15930975570261
499,87,-0.652870749027082,-0.688140989301066,0.0722102070097094,0.0107792799695976
500,87,0.280028439053903,-1.38762556908857,1.46179940883239,0.363070473007277
1,88,-0.610300490549708,1.45611932154116,-1.5143937254133,-0.802681083416051
2,88,1.15405200094234,-0.185912458179075,-2.49899984995264,0.391139252569406
3,88,1.62612161163778,-1.21608742024939,-1.00556872604313,-0.89735547905047
4,88,0.45741214022965,2.35954716658621,-2.27456176669501,1.55542007351116
5,88,0.0807855568244936,-0.491860095551634,-0.630706194369631,-2.1400680123932
6,88,-0.0305830076439781,0.818918491538692,0.873305116152756,-0.242684987877293
7,88,-1.93913577865727,0.58390580472505,1.54812567529575,-0.379568766894068
8,88,-2.93731526708183,-0.826505859526642,-0.75872866927438,0.671860945221458
9,88,0.610764710583961,-0.127876802514529,0.0522780265439716,1.87512735726081
10,88,-0.110866334337392,-0.978326381285075,-0.345041907514409,2.10515498439686
11,88,-0.53318037642535,-0.919417571323152,-0.90595155555796,-1.20293587771171
12,88,-0.137362283805268,0.830407278951297,0.673319055486344,-2.37303688642241
13,88,-0.905003766814913,-0.497631282457803,-1.08201703005132,-0.719721511489589
14,88,-2.98408921745659,0.487138997212738,0.0974256583724906,-0.3264435624161
15,88,-0.514166473459268,1.2329900798275,-1.17336318046619,1.19055926166143
16,88,-0.300843437258877,-0.839021774818836,-0.799335419055652,-0.18144395781679
17,88,0.232777442532448,-0.389346265704072,-0.740964915399528,-0.620558725285215
18,88,-1.12591702550534,-1.61038070637706,-0.551982359246333,-1.84189800409064
19,88,0.535441728281595,-0.961808121293545,-0.478992076417794,-0.347570420836881
20,88,0.564773070625718,-0.522078179368945,1.02468181761578,2.54702561413475
21,88,0.182682689877347,0.885728866974546,-0.0342770189178994,0.432083534452255
22,88,1.41805323987503,-0.389507785388203,-1.1756764901417,-1.08483309789265
23,88,-0.371751636931267,-0.194818440323186,1.98050220090714,0.506821886887178
24,88,1.60731929952019,-2.06802893750493,0.870625617156887,-0.507933454619602
25,88,1.69195673430824,-2.11199117924038,0.627772061873371,0.486794133595989
26,88,-0.473551454402448,0.0092457005654631,-0.444675740833783,-0.920163975905692
27,88,0.434270936234534,0.314596105282007,-0.932241530641939,-1.03627731753614
28,88,-1.3332160117225,0.117012517562617,1.01817569623526,0.810704655402569
29,88,-1.19618089116595,-0.830172391363793,-1.31727535999419,1.16669089927831
30,88,0.0767130567011034,1.23764803636729,-0.735150627786622,0.482408772434772
31,88,0.558825116680295,1.43491555430405,-0.309386772965754,-0.0801794081146207
32,88,-0.402382367870214,-1.33086220631494,0.172172440402996,0.73431723622782
33,88,-0.821389186974683,-1.59044897987761,0.0245366096088722,0.765984754488362
34,88,0.375013026340523,-0.638502690524529,1.17935470050474,0.767490744174444
35,88,-0.0209684598821385,1.48656337636745,0.582600098760599,0.352440062405928
36,88,0.466025877808093,1.23749011726939,-0.616727286001167,0.121964821674812
37,88,0.111989420727877,-1.87578460552844,-0.600756041638118,1.52371313614169
38,88,-2.36850954713381,0.399042112426444,-1.22459997045201,-1.11431839593205
39,88,2.08951528101152,0.142501305203088,0.923277873919226,-0.114115219570384
40,88,0.121012069402417,1.79426619633718,-0.259922570026509,-1.72590386102488
41,88,-1.55413489135042,-2.01182899329623,-0.284821179982439,1.61497711378145
42,88,-0.159890597505958,0.884655620686272,-1.04835640807687,0.919397370512395
43,88,0.220876418030076,0.843198670768315,-1.02778240849924,0.537542925123392
44,88,0.994663844169334,0.0154950962393169,0.327098379231696,0.38189579040554
45,88,0.032768441306161,0.0990222393386465,0.576774460810482,-0.00468087030338464
46,88,-0.61088476792871,-0.999847576093835,-0.472094464777144,-0.541716891804584
47,88,0.068151025262502,-0.230806614463855,-0.190782881749913,0.275952588099626
48,88,1.50656395550413,-0.486445704780947,-0.555309174448608,-0.64730056606456
49,88,0.0933077638243092,0.826670854628243,0.4243477004282,-0.367106637416211
50,88,-0.221773024687057,-0.953077314398365,0.56629811142318,-0.805806167937235
51,88,0.453878993394918,-1.011869672591,1.32262082581757,-1.05725818032585
52,88,1.64314708593694,0.252939056953164,-0.902402782283711,0.314428212443881
53,88,-0.187577512863903,0.242878593640739,-0.0341642470010434,-1.14097808952645
54,88,-0.790023339115579,-0.0850029602451402,0.233608317312901,-0.7058686868616
55,88,-0.203032291006559,0.127540151700777,-1.1761809652921,-0.091534828255624
56,88,0.483830246428264,1.89989315577102,-0.593228921869725,-0.0153679053019386
57,88,-1.17849691333992,-1.37537370075648,0.145904626730239,-0.506207157516971
58,88,-0.656916702298886,0.367816245835797,-1.97309283454095,-0.0871097126105013
59,88,-0.0598787987195716,-0.852768951925948,-0.895051533803079,-0.570978647614818
60,88,1.06736476626406,-0.563052416970574,0.876529041037885,0.267138219552629
61,88,0.520674514411472,-0.668404070125882,1.14835591372722,1.28381662046909
62,88,-0.834321208496401,0.551242129559313,-0.444676821557703,0.816941361896971
63,88,-0.741960918955255,1.44379866936428,-0.952137329662199,1.75959028621094
64,88,0.338739402851802,-0.308334048687117,0.319525032667787,2.01770900483848
65,88,0.82674285189849,-0.637186906365362,-0.616069597726711,0.44215660375027
66,88,0.963765006387247,-1.23795121475219,-0.276074673073428,0.385713289096081
67,88,-0.329124957926166,0.0785985445710303,2.26318032783166,1.76972184677734
68,88,1.10513532130736,0.443535050490751,0.159208991086016,1.1323471787396
69,88,1.06541719918362,0.849006930665276,0.878341454299032,-0.767992853516306
70,88,-1.18735178495731,-0.639774315083889,-0.864722708890083,0.928670459068668
71,88,0.404127239937004,-0.536009755454482,0.0269162830583837,0.575095894014232
72,88,0.973213713927002,1.04964198488308,-0.898910300180218,0.0235319371596966
73,88,-1.362902103414,-0.243883686660302,1.64397597269679,-0.27412906443697
74,88,-0.877179311784077,-0.0492620404716572,0.447033258739289,-0.957666690067125
75,88,2.5005088997688,-0.716414119038176,-0.413917979694113,-1.81758138443565
76,88,-1.67861564832092,-0.799411870712852,0.494144147616422,0.129500087885019
77,88,-0.956308973802927,0.592675701151042,-0.114204150965058,2.2829484179489
78,88,-1.14174599626968,-0.0303313522680604,-1.12849555074151,0.205103444192223
79,88,0.459933651232979,-0.934991845448729,0.323455450382049,-0.196190910505288
80,88,-1.48005089372944,0.506387382188135,-0.695147067296235,1.48909660085664
81,88,-0.532937969636565,-0.648155756163764,-1.99889136443325,-0.440834159427788
82,88,-1.08817172709707,-0.600639955323461,1.15790708627002,0.872389351440206
83,88,-0.673545181405102,-0.804564759274464,1.6739841826917,1.38116606096411
84,88,0.836842856910362,-1.22731404010191,0.074913155069466,-1.22746460003925
85,88,-0.196265357607335,-0.396130005550483,1.03461179439845,0.83331216231598
86,88,-1.40593314826316,-0.256293054586918,-2.69544186902116,-0.0710208238934698
87,88,-1.37371067173781,-0.237279869605251,-0.517400183849122,-1.63579598116205
88,88,-0.0111898261074566,0.734722775713798,0.20912088311438,-0.439485680971628
89,88,1.02511272669647,-1.13452013367209,-0.566430515354413,1.3868597421831
90,88,-1.40133350374663,0.134821871078576,-0.998623806426831,2.28447093537867
91,88,-0.241964095371495,0.102627321082214,0.0281451726471045,-0.745139722946324
92,88,0.114010707432884,0.622636465802645,-1.20341744693768,0.236779376929738
93,88,1.94885136231438,-0.751522843684873,-1.78149372250896,0.160763463543234
94,88,1.10013329930839,-1.18218615974461,-0.441618280231856,-0.280764229052894
95,88,-0.926132895663764,1.20931171597547,-0.578089613026846,0.104313122551107
96,88,0.42799477367892,-0.25938839562952,-1.46633887373968,-0.589575514035427
97,88,0.450931183992934,0.220847520689785,-0.192346804110054,0.0160049066136197
98,88,0.999561852342174,1.40039206931024,0.344713946168556,0.896980323648016
99,88,0.180220746002933,1.07396467165311,1.00854845825705,0.470343606061903
100,88,-0.555130358436469,-0.590697930132891,-2.04926463397254,-0.467467543850355
101,88,-0.693755559043955,-1.24930066781848,0.117922688979677,0.379861056487231
102,88,-0.644279793822794,0.752256551773187,-0.951457476785472,0.0895207415223522
103,88,0.930412551208363,0.330374938635814,-1.81682563132359,-2.4008656010945
104,88,-1.1663992248313,-0.256780373066303,0.905250360944646,-0.340506231020959
105,88,-0.933099089095856,1.74283204865506,0.617290654827112,-0.541952287916929
106,88,0.00740193377778009,0.366311537994215,1.16326686127438,-0.0300969471356906
107,88,0.542663755971129,-0.68047017909107,-1.86373425802839,0.794023121444336
108,88,-0.467076934107059,-1.62498646864492,-0.410508655416501,-1.07863364315363
109,88,-0.168440124241142,2.01251796314997,0.96977952934638,-1.64828896256231
110,88,0.398026979243234,-2.83733408317821,0.0206876775442063,-0.870997726773263
111,88,-0.704701143716633,-0.525001070013821,1.85372046470555,0.390982886027872
112,88,0.753899234009882,-0.104484269096962,0.928467465698615,-1.05517482289194
113,88,-1.33786154194706,0.638538058835119,0.859695270759902,-1.50842213320249
114,88,0.489146671741179,-2.32433712858484,0.633477034786182,0.12490451850358
115,88,1.31263444425398,0.267709667035274,0.584925035922047,-0.160632923731964
116,88,-0.382542858903642,-1.65847169351928,-0.663414618990428,1.12787160375636
117,88,-0.551353073041654,0.658798103955557,0.740679109161276,-1.33648288828015
118,88,0.763750284379662,0.928655170603772,-0.319073620438076,-0.237121782284733
119,88,-1.99829519805529,-1.80175402720346,0.614782163142288,0.0155291349103329
120,88,0.0812727089337817,-0.276022794208034,0.752659478694988,-1.09721212836043
121,88,0.729737676086109,0.171747794534276,0.892372497905163,0.342381612625399
122,88,-0.0623947367518431,-0.269159546873438,-0.800473079336223,0.729435356224478
123,88,-0.646244364618226,1.01677614779927,0.552062980126393,0.352034953230209
124,88,0.473197746200151,1.81815672217633,-1.15559410163146,-1.52414362877108
125,88,0.556283694969083,-1.57117512916189,-1.13449368821666,-0.424516186904868
126,88,-1.18741409693268,-0.360423510197453,0.713016902791109,-1.04498654491757
127,88,-0.389778372722469,0.615824204279464,0.722240680337846,1.12258708094473
128,88,0.0674229842565578,0.901043507817453,-0.471065769213014,0.0685507228298591
129,88,0.681566761594436,0.559530575864817,2.13811798978164,1.04221156568302
130,88,-0.40604405264965,-0.745107542106064,1.85659329884839,-0.0459695865586668
131,88,-1.08056354178456,0.111680865523849,0.332010293169926,0.0724217987097526
132,88,0.120208416957959,-1.38813445432479,-0.394463997840896,0.212629588266951
133,88,0.514834504930508,-1.61202068871626,1.30210863840251,-0.390665465239142
134,88,1.02032372734737,1.65971493616992,-0.373014740974788,-0.341964310304213
135,88,-1.07375884073972,0.418732359558327,-1.33600757547455,-0.140019673495969
136,88,1.99199942394,-0.667073864229924,1.18430513840874,-0.173772813494287
137,88,-0.74256985116211,-2.67929091276206,1.36771999285982,-1.4806438473615
138,88,0.453267634895124,1.68716121183564,0.168703820589822,-1.07947227918834
139,88,-0.593157641950864,-0.0948766889532951,0.211653982671212,0.302074371359384
140,88,0.209505863438176,-0.0767908890570797,-0.205003407195007,-0.602583990061637
141,88,0.921945695186598,0.547749558603981,0.658700333733163,0.280565997871534
142,88,-0.607534370237161,0.22513239772076,-0.583010938473808,-0.868824648968544
143,88,-0.0259629281476242,-1.18268733547789,0.851638484951796,-1.1927479362585
144,88,-0.989672572250474,1.40963291716141,0.0465050763385805,-0.619671758977722
145,88,0.752825968415444,0.757404638984981,0.198750494556142,1.65941845960447
146,88,0.734070128981137,1.27070282435352,0.766196306374713,1.55692810038444
147,88,0.368241928744392,-1.73518360624241,-0.507636881462015,-1.13378293248764
148,88,0.466753021954936,0.156899121871175,-1.02851521823016,-0.509972067426826
149,88,0.344965747784149,-1.34444748164049,0.0705618779833314,0.256283905783424
150,88,3.26512799724462,0.412230898642244,0.539776532263125,-1.40435551268404
151,88,-0.964199519200432,-0.455967159394507,1.8590525911663,-1.58871993410888
152,88,-0.159783588526045,-0.172766319463776,-1.55973833939399,-1.82894027754107
153,88,-1.43193286158873,2.37907219308633,2.04954816305675,0.273054608191942
154,88,-0.789562962156769,-0.513817434985829,-0.0969523483084258,1.1600112300794
155,88,0.86919523751659,-0.370026568220503,0.126432602936248,0.387885730842049
156,88,0.626256318382705,0.683578249644378,0.811071010520207,-0.846618637146203
157,88,-0.396306214236086,-0.529727496265372,-0.622993344074891,1.07397363153637
158,88,-0.481120862271011,0.01459868869867,1.85162826853436,-0.871969842432977
159,88,1.49824500738529,0.162774820409896,-1.78099143171451,0.965810603489269
160,88,-0.185192285550897,-1.22220614824469,-0.460802021282503,0.107120584603391
161,88,-0.656954165331655,0.364081302006391,-0.926925745814795,0.732000949514676
162,88,-0.202092928619073,0.230326550323779,-0.322772601335754,1.55275222877513
163,88,0.445347295302802,-0.0705984153428974,0.944259323174207,0.138316823356808
164,88,0.925442572287168,-0.348419960354035,-0.327643121954985,-0.886406354765283
165,88,-0.750319456022863,1.61979461436904,0.649142269394467,0.918548734705962
166,88,-1.17758868959886,0.44995120831353,1.15114858442457,0.889160707425392
167,88,0.622471670447327,-0.265778436422626,-0.114840846275702,0.0317400522516901
168,88,1.69195443159729,0.823468897856051,0.330253656527491,-0.742977012840432
169,88,1.5148620199615,1.18130741723434,-0.20861380386177,1.45278050263655
170,88,0.851844458547898,-0.633893063735605,1.60669141935062,-0.676816327260008
171,88,0.0711184478102498,1.6152868460803,-0.654227824680221,-0.723977191758295
172,88,-1.83940702308919,-1.94953180968271,-1.36624025991982,0.00792560801463858
173,88,0.245378524507025,0.417983264155606,0.033749051919053,-0.216919820879513
174,88,1.2309357512626,-0.520169684936953,-0.135900786140299,-0.738797328585291
175,88,-2.19802365865579,0.362373643676718,-0.182685684139805,0.344365012914283
176,88,0.25245596856838,0.294977733633821,0.531424474508037,1.46485298724768
177,88,1.36271887120311,-0.0977309493623199,-0.739336227306096,0.749753212136587
178,88,0.450334133953966,-0.842376366319344,-0.980213771085732,-1.42794873102368
179,88,-1.3076838112511,0.626362383274294,-0.646879551260207,-1.38527963572182
180,88,0.673255722173116,-0.278734587438009,-1.06843388432935,0.576824218451052
181,88,1.87800253485503,-2.03486100309133,-0.386539722605439,-0.0982360639600088
182,88,1.20159324807701,0.0627189247704404,-0.064313820866167,1.15442616002797
183,88,-0.16976422027924,2.00840913861298,-1.06797253238634,-0.621494201850842
184,88,0.24044466179267,1.24063904604428,-0.212574677290163,-0.808239102630758
185,88,1.25634078319386,2.21895516595437,-1.30240470324977,-1.31942207884762
186,88,-0.316158565873688,0.601646205591304,0.578545540243403,0.708695148515368
187,88,2.00565268020432,1.34593020544917,-0.646810371603156,-1.8860662343223
188,88,0.12990534726457,-0.424697925613651,-0.695131077115634,1.57727906392153
189,88,-0.460063007776403,-0.399016340330596,-0.253548346973933,-1.23448307662518
190,88,0.568060204835235,0.928642763263336,-0.071697224987927,-0.596720819967795
191,88,-0.420877595099198,-0.835571692086407,-0.470733741136986,-0.0351212657530536
192,88,0.317312813817703,-1.18086577402143,0.905315592482408,0.723542737251058
193,88,0.0782439945991319,0.723400418644096,0.392033855129569,-0.629910071761201
194,88,-0.0386056634136139,-1.58147788325753,-0.303757607689632,-0.182335568036218
195,88,-1.62438764702248,-1.79111644732371,1.96803299367852,-0.84419514037834
196,88,1.63066015048959,1.37627361735473,0.1457581549907,0.418380023898971
197,88,1.86942516416172,-0.273188046186873,-0.15654889326188,-0.835668346955106
198,88,-2.19755955225388,0.123460521408023,1.5236132726493,-0.0199839200482917
199,88,-0.0329442857650971,2.06656126095833,0.51998338748537,1.7668932225595
200,88,-0.42145912137439,-0.708647434389517,1.79034999518338,0.973599238680517
201,88,-0.445471994353705,2.46217623317545,1.60988397226851,0.957580313176355
202,88,0.948474984125751,0.394786800058373,0.289104764916489,-1.95647766471851
203,88,0.456049580828184,-1.86043387627303,2.29420116406929,0.850539740844538
204,88,-0.324100475125841,-0.43307256091934,0.120562127006242,-0.914313631622274
205,88,-0.860769683406815,-0.0157585489318453,0.568941605487458,0.203061154999412
206,88,0.898408047317767,0.389441473522903,1.54415904049927,-0.322528817855511
207,88,-2.06024689379139,1.67111627525722,0.268643602561812,-0.16171984381472
208,88,-0.195635178025472,-0.214994430149691,1.32508728088847,0.207852133430139
209,88,1.90156081857388,0.421887791152415,1.01221566418075,-0.601979312569795
210,88,-1.54247672011612,-0.267725191386755,0.922107858738537,1.05311672676437
211,88,0.806618780981579,-0.824034291307265,-0.550099267616509,-0.696267134663739
212,88,0.348681910637187,-0.570673890601128,0.16932916936094,-0.750925713769494
213,88,-0.541100841441316,-0.066705668184457,0.327171681201437,0.039362519609155
214,88,-0.944726978287708,2.50908950803188,-0.323654169916202,-1.55083508655256
215,88,-0.95054048807571,1.15996323537147,0.548235212966959,0.838679387713914
216,88,0.894762971222536,-0.223733506516939,0.0347858841834648,0.737291682440828
217,88,0.623559743694403,-0.289952964994523,1.31667625491082,0.89838509655815
218,88,1.30455379426102,-0.0530630256512852,-0.0748936055452839,1.20222937043042
219,88,-1.01540782158543,1.09304747337588,-0.0325192544871316,1.02010471327787
220,88,3.08112607099318,-0.227949962020483,0.311376878994886,0.00433217367047051
221,88,-0.258129465793891,-0.366710082541277,-0.464015134542365,-0.966703586803052
222,88,0.752221287937346,-1.23599504751672,-0.0421220368828489,-0.350157310890716
223,88,1.69488387095069,0.437044240875865,-0.000337441280518431,-1.06878968064806
224,88,-0.399005548930428,-0.590920735375894,1.48644355774268,-0.773607977831187
225,88,0.124386273661566,0.540032387219133,-0.224112407231796,-1.30400178976518
226,88,0.141046835557255,-1.70575384526833,-0.497461555195191,0.23674784138728
227,88,0.46952439284753,-2.24940913874904,1.16228747518661,-0.671036915069903
228,88,0.206732509875751,0.952845203424597,-0.101050861348773,0.646766674340696
229,88,0.93072349382284,0.535642224968748,1.34720715226283,-0.444486716505536
230,88,0.850559288404292,-0.641767695703061,0.0261034674447783,-0.470106270760078
231,88,1.29291358358562,1.27813348815735,0.0124638897044303,-0.791130573779789
232,88,-0.315946158531983,1.20674906246311,1.86414585571585,0.565309146073108
233,88,0.37037704725584,0.698728738946581,-0.0461719671665015,0.174655365514381
234,88,-0.496804440911879,0.742428354789858,2.19252328543828,1.92729132805193
235,88,0.658759820895124,-0.496092100089222,-0.26901784169275,-1.08802981908187
236,88,0.183669426371737,0.0412045252811395,-0.316172526462898,1.0618691555568
237,88,0.520390714296065,0.525589566385396,-0.00743689200115985,-0.13778924960579
238,88,0.556477585043488,0.187096921305232,-0.526821403098193,1.02965471719368
239,88,-1.24192393678413,0.928918560030706,-1.52019048181368,0.365144382664253
240,88,-0.448316355936136,0.15586877603616,-0.0139906078926196,-0.199455855800755
241,88,0.201712945087135,0.767343782276586,-1.51740376100495,2.1568174672043
242,88,-0.0365464408478587,-0.0366449244598654,-0.328718464497669,1.48666638101679
243,88,0.533316488435586,1.47837702804529,-1.96448673693765,0.479057264505792
244,88,-2.47948989278234,0.60675267412429,-1.90747941409014,-0.87124173397023
245,88,-0.478061696036737,1.00991718924257,-1.03944051697735,-0.115140417233836
246,88,0.368558450573825,-0.0961424992219588,1.20885134286927,0.0655274998229858
247,88,-1.27763643074848,1.05116064010606,1.4738202704272,0.639779278786198
248,88,0.6829528383337,-1.45558813211896,0.188086250120022,-0.288610612255992
249,88,0.137247740308873,0.900392457284083,0.998371192247185,0.972321581925334
250,88,0.764726430514067,2.19918177973144,-0.153874149074342,-0.0171243874262141
251,88,0.368335589714619,1.53130074740692,-0.93249034122817,-0.179439181693278
252,88,0.27020751470249,0.440242160261283,0.341560628884844,0.100124278503255
253,88,0.129888527617419,-0.548350455532049,0.330167248265139,1.7062084498569
254,88,0.414639099033162,0.74111154972277,-0.168767241302557,0.488907204359552
255,88,1.74651281781102,1.8489550988795,0.379643489714088,0.0136531704321689
256,88,-0.725971440313089,0.421282998013248,0.404775132390637,-0.808546049637522
257,88,0.428658429661455,-0.261806402031489,0.227811344868028,0.550789972683124
258,88,-2.11053921792092,1.53775723020606,0.170211349878168,0.474312654951466
259,88,-1.24242665141731,0.577082541215451,-0.235932188540387,0.00558846481455874
260,88,1.26937827284473,-0.0116087128191664,-2.150057275554,-0.319271341421036
261,88,-0.648435691071352,1.22485934510502,1.46662589171798,-0.139694527737674
262,88,0.79201654379146,0.0356802086686406,-0.177941775278822,-0.388566201822886
263,88,0.0752192764400666,1.49768351506301,0.439089103842949,0.255825384021361
264,88,-0.375135400132422,0.0496816715008679,1.40211663171454,1.05246174678668
265,88,-0.988156732587325,-0.179726510376886,1.55266868819577,-0.481625600091637
266,88,1.38550137730938,0.00470405075843252,-0.0123573023138956,-0.759749495401254
267,88,-0.497734337258782,-0.507439889423208,-0.332387410177897,0.592629631704684
268,88,-0.499905849957623,0.413825354605516,-0.855365951924188,-0.556699544001536
269,88,-0.629751979692196,-0.00971010313420866,-1.25654203099579,0.984460629421702
270,88,-0.60882882678151,-1.62155336488828,-0.758264590028826,-0.116234741082973
271,88,-0.292863577597025,-0.0698359374515221,-0.316001420844299,0.544695572517459
272,88,0.364106696780475,0.353679868914271,2.02919847850881,-0.455098835853053
273,88,0.33178068651253,0.135006535127857,-0.456636904478968,-1.8972551562898
274,88,-1.54956029918541,1.00009430623833,-0.310917665473087,-0.469488496740088
275,88,0.855105053483941,0.801350330497755,-0.495234458274193,-0.63419681360033
276,88,-0.915834007860879,-0.618516644289296,0.361669309115764,1.55566386860425
277,88,-0.855070954766233,-0.625776352319935,-0.937864999949949,-0.819310680383958
278,88,0.505071976347194,1.07747720868893,0.217031166999591,0.51659056266362
279,88,0.72280174879006,-0.422239560736766,0.170249153381533,0.237280370275163
280,88,0.0373642073371821,-1.05760159750124,-0.906754728101862,-0.537991407499966
281,88,0.744873285488104,-0.99652940002688,0.244524802024047,-0.322325090784618
282,88,-0.418225702746489,1.01380749766384,-1.44496667660853,-0.123022156401006
283,88,0.0929277487499963,0.363139733772233,0.597438893297716,-0.207597922929027
284,88,-0.959767681588557,1.62489112516785,1.40716490164044,0.249124731236636
285,88,-1.18206793910596,1.07909906147972,2.19691227153842,1.49985464696645
286,88,-2.68351272397808,0.643050679378809,1.11142578371468,-0.699328071720224
287,88,-1.21588754977151,-1.75709735238826,-0.472023953700668,-1.06824906693589
288,88,-1.14706609618275,-0.533690882959056,-0.0597605539377643,0.687075049690704
289,88,-0.637682092910638,-1.19949796892709,-1.06085732778573,0.0561741133298285
290,88,-2.37850564521632,-0.404275286734223,0.515328353105601,0.622004164771387
291,88,0.739407098897919,-0.0236939123180061,1.99380704686112,2.59916651676451
292,88,0.265454201680168,-1.34398553280101,0.693484664932444,-1.00554292047539
293,88,-0.696099175371,0.669478782636202,-0.02406592476042,0.400922040873724
294,88,-1.54311691659536,0.535540913961547,-0.90529601550867,0.198604915685749
295,88,-0.822906905916958,-0.0274457772795152,0.00281911944704732,-1.42234360729469
296,88,0.439181996690719,-1.86635400258583,-0.803676374157298,-1.29843633862451
297,88,0.376644079672031,-0.38169495015676,-0.693642639921878,1.05446446736023
298,88,-0.544250292713492,0.253896222496736,0.782344776957062,0.082094475738167
299,88,0.114838992425764,0.439514990281916,0.625950134447512,-0.0888649050369996
300,88,1.3886292189476,0.875734971787708,0.636399479536817,-0.0248704700375336
301,88,-1.05285665464559,-1.52064908794401,-1.51116658848199,-0.147980533652971
302,88,-1.21706541938693,-0.0713904097965169,0.268808207529383,1.10812579998627
303,88,0.77821914361444,1.31355132173092,-0.434008448898007,0.475921728766269
304,88,1.27898702598923,-1.48599568501356,-0.337557622726696,-1.81095927944549
305,88,-0.53431303701732,-0.621960283547234,-0.954968027132065,-3.23691095478321
306,88,-1.27406685791409,0.440982360808491,-1.63002360337322,-0.765674359571994
307,88,-0.116058032415376,-0.856709531009478,-0.267346543286674,-0.898029357422623
308,88,-0.355588929119356,0.760720853076753,-0.640642003748687,-0.516455505776874
309,88,0.230416911572734,0.795672774163159,1.36570579932227,0.827853047746634
310,88,0.53380029269879,-1.40955188075136,1.26434691146576,-0.676123195933917
311,88,0.544600456917975,0.759479940494546,0.726426781850198,0.921871054181352
312,88,-1.65733450129918,-0.0299808455798201,-0.231068635818092,2.04673106335564
313,88,0.07112614573224,-1.55517297588545,0.754744656265121,0.591408259845061
314,88,-2.79401317248001,-0.277538831850044,0.0901518648986124,0.0489470694802841
315,88,0.56891626600428,-0.435708955887364,0.198132662999226,-0.247617796339902
316,88,-1.16537800874122,0.937213963944445,-0.357213033819077,0.736779793250482
317,88,0.543526292872478,-0.25421204758634,1.41926577091925,-1.13546232688534
318,88,-1.21502445364961,-0.935033457470148,1.04603696371128,0.271986477109573
319,88,0.992880819373467,1.24264539811001,0.595977521907872,-1.25854689605439
320,88,-1.41113704732233,-1.77900076423368,-0.00786070256223459,-0.953988124819723
321,88,-0.254902765497749,0.24517285023891,0.233048690362897,1.31353557593871
322,88,-0.0629057435533623,0.118667822226233,-0.532413981724519,-1.22351478689393
323,88,-1.42331590891065,1.11222918423265,-0.155345777112631,-0.0607806180673552
324,88,-0.414888482994919,-0.631019602615839,-0.0110972932029729,0.139826080130139
325,88,0.992323471713011,-0.556005183915741,0.334623158742671,-1.55074075074922
326,88,-0.74280168585181,-0.193541192603892,0.206702440906715,0.678035186346529
327,88,0.933562590200662,-0.400584316144443,3.22137731142844,-1.45934015591459
328,88,-1.16552979383116,-0.320520559062567,-0.0222378286024995,0.904766140810175
329,88,2.87005027462879,0.357667057448065,-1.5059794702822,-1.3089857667206
330,88,-0.923559498301794,-0.871841463633489,0.655864709191772,1.08061917310348
331,88,-0.938943915465624,0.0881008644454891,0.00704789211630322,-0.243964829586036
332,88,1.54971861638004,-0.408569018369416,1.81580621246437,-1.81264463666659
333,88,0.0418417472495194,-0.171843795327533,-1.23158782416987,-0.368101752079878
334,88,-0.71865156646037,-0.41929614152873,-0.246292849872051,1.52351667330563
335,88,1.37291233573816,1.59937047007566,0.947446998356957,0.140322613436797
336,88,0.927893782878781,0.260231780188798,0.0220516731066109,0.687859252230646
337,88,-0.930753234018754,0.749570765269553,1.67029257793016,1.26449886000235
338,88,-0.203912593333512,0.900192238635447,0.746203380070703,-1.01550266384472
339,88,-1.3210196201007,2.49371199969489,0.0770371297474267,-0.636194663752454
340,88,0.429294851591171,0.762346223589593,-0.65573208583073,1.02556530918298
341,88,-0.436335240331843,0.803473677874218,-0.824332377474553,-0.071469138472164
342,88,0.111924055658985,0.232635505970465,-1.03362707512489,0.521322342002571
343,88,-1.53974918002928,-0.635446281104866,0.389473355126091,-0.34601082344041
344,88,-0.803685838327431,2.13193820765313,1.71251695896526,-0.33673981387508
345,88,0.025914335481557,0.629133245294803,-0.562549851954638,1.06730249335065
346,88,1.12197998769289,-1.50016503346933,-0.436721921678082,-0.425586941230544
347,88,-0.0629334924555549,0.366844726190779,-0.54858356105722,0.584599531572459
348,88,-0.832304454701762,-0.627144580012118,0.534212358004746,0.027132058239642
349,88,-1.97092390633959,1.27500703873997,0.450569629734064,0.419413251593163
350,88,-1.53222850541248,1.33234380377391,-0.177790555112529,0.0671681534248279
351,88,-0.762255522976545,0.176316428930978,-0.853382275298053,-0.187478569320333
352,88,0.136239010005092,-1.26489512305796,0.441418963517034,-0.525214926392976
353,88,0.410844454415501,1.28904225947861,-1.50948408339796,-0.0608769705657121
354,88,0.186265470545125,1.40523989251212,-1.34727250657429,0.641245001641733
355,88,0.576500323914001,1.27271982233651,-0.929754790267142,0.428138075372923
356,88,-0.626092017003303,-1.27173178921231,-0.637532964306619,0.359915656762211
357,88,0.792589218937058,-0.287819329528358,-0.409494751927801,1.22280655671831
358,88,0.984204098019397,0.397476545492671,1.11053447736923,-1.72379316375277
359,88,-2.61909278832325,-0.429682360900221,1.06340506225126,-0.27126757791095
360,88,-0.289990790857948,0.906908436634962,0.0364166817040208,0.436772614249764
361,88,-0.9117033630789,0.187051241596241,0.420931177970387,1.38141374566517
362,88,-0.140728237213727,-1.01059282879762,2.64685262297974,-0.572388975474348
363,88,-1.64620436808548,0.606374942681698,-0.393620275046686,0.995511072705417
364,88,1.58802094252645,-1.12908042379776,0.645825938152418,1.84043803703068
365,88,0.83244725662921,-0.661123147751421,1.26738130487367,0.0817659621322029
366,88,0.00240812167724159,0.545095010369171,1.36507730552073,0.612232517754686
367,88,0.248902276204714,1.88642629368848,-0.0153994991522708,1.58611657090867
368,88,1.66920225462936,-2.26895777522418,1.32067081291969,1.4061880904348
369,88,0.00557380850367211,0.178236161295212,-0.486900148359982,0.247093920500409
370,88,0.257558531438764,-0.911519676455957,-0.0429833822566011,-2.34805625775272
371,88,-0.78299686635212,-0.0268332497276733,-0.504374694684532,-0.810504723630161
372,88,-1.1375020516973,1.51917135960379,0.705889241537196,-0.374539113072707
373,88,-0.103925052295768,-0.682293810178832,0.690263177683717,-0.274021063137135
374,88,1.05656785757923,-2.97040111639929,-0.799214412832525,0.193975439038944
375,88,2.09890308288712,1.33829416411167,0.132934656355141,-0.0521701873595513
376,88,-0.242335545024209,0.719401296681538,-2.18386891605711,-0.844584284206478
377,88,0.271709909881857,-1.47951229270716,0.609196933792601,1.04324040947144
378,88,-0.632296288576327,0.706756759089254,2.44210189111656,1.02134262835839
379,88,0.531014513630644,0.638138319793544,-1.3594188227838,-0.505494210694514
380,88,0.208287276858369,-1.02644571134567,-0.183110798889595,1.8671364393829
381,88,1.41570798856275,-1.35505376975503,-0.02593252486281,-0.134417646345111
382,88,0.796982897474838,-1.76148825499127,0.146705187540696,0.304294192061275
383,88,2.25175751187188,-0.95613751936783,1.22285936427623,0.842289474472978
384,88,1.00288486050481,1.06642895236602,-0.57319658772725,-0.966268757639263
385,88,-0.699383349823921,-0.627058073644887,1.70305705144152,-0.827580875094656
386,88,1.61779277382747,0.246314268461011,1.439676399532,0.273343826017046
387,88,-0.236686210169743,-0.622287461609303,0.813815000688742,0.99895713051127
388,88,-0.228234977926681,-0.543773729781519,0.620195000434313,0.230903329920539
389,88,-1.188475599102,0.939463804017799,0.61034732932163,0.746704082541878
390,88,-1.30758228375529,-0.880550227204652,1.10692154524999,-0.0214455942402349
391,88,-0.341098645831144,0.27979335216705,-1.21669647316379,-2.2249668550995
392,88,0.988274756438223,1.91124535359805,-0.312058692781175,0.293438919502664
393,88,-1.35169129705376,-0.202177240239129,-1.02102041687973,0.690740308751987
394,88,1.62792921577115,0.905562593247536,-0.239236920447289,1.09628396859766
395,88,1.18555771810061,2.03035886241691,-2.37827039951801,-0.497564330401471
396,88,1.0546977758212,-0.154895305101907,1.13051676320339,0.950335868847788
397,88,-1.6488050180698,0.181995993600259,0.46024880638353,-1.23272000960923
398,88,0.553956035370727,-0.0763727713750023,-0.23274016821608,1.62417816409453
399,88,-1.01219304579912,-0.429056577816229,1.79376988996494,-1.66550753892018
400,88,-1.4758130789905,1.18918068597188,-0.374641834135953,-0.159047917273902
401,88,-1.15077995455064,-1.26671777670461,0.971140819604703,0.93130079782585
402,88,1.99810568038202,-1.07630096923438,-0.660819567989175,-0.838506334178289
403,88,0.369273581125694,-0.493972879998743,1.42099358523765,-1.31381143056536
404,88,0.0337983638635617,-0.799375579993262,-0.520966217575619,-0.931531102912907
405,88,2.77973175327711,0.424594255570741,0.702073325838756,0.287493183889606
406,88,0.0912064134523348,-1.60848218813929,0.264976526777784,-1.31048110492272
407,88,-0.507745692221035,0.124343653629464,0.59351832047835,0.55196385214572
408,88,0.691778283821094,1.08921461230641,0.931207707019504,-0.0163983452626483
409,88,0.239758095604708,0.910985858579131,1.14443588924504,-0.883477501622693
410,88,1.36420448207154,-0.279565814925776,1.66528018019514,1.50317180194806
411,88,-0.184721373426682,1.50851997084002,0.808096490011008,-0.723280336134552
412,88,1.46260475677136,-0.0202261807043644,-0.0245839990608905,-0.0802437986096876
413,88,-1.49589520906902,0.908834733394951,-0.195485504968638,-1.35891367109126
414,88,0.953667257510018,-1.53189556121946,1.53448107380012,0.555091820823336
415,88,1.36704875689759,0.77695955294344,0.299314749311375,-0.313616204844909
416,88,1.16408269244685,-1.65630064734255,-0.00830517302700867,1.60582524700256
417,88,-2.50282143558303,1.60177037626448,2.07640961958333,1.78274913920547
418,88,-0.54244501087563,0.174316088080158,-1.9830350984207,-0.291113896564128
419,88,0.837443641187037,-0.797646357493282,0.607766317144294,0.689387616514497
420,88,0.255987852823307,0.601599851422398,1.60828961847875,0.591108102852934
421,88,-0.928723755481254,0.451832818684862,-0.0404955156643345,-0.233736411731113
422,88,-0.220998788849358,-0.417316340212204,-0.20452483045005,-1.58251434118528
423,88,-0.221414810313767,0.710909213587007,-1.26945615466049,-1.55678321135019
424,88,0.669912200914936,-0.931403440532875,-0.255419746024428,-1.86477514839362
425,88,0.405026624077537,0.683927764979949,0.21511042676849,-2.414095730524
426,88,-0.959328581007086,1.14241540829901,-1.01108752637783,0.202155425414153
427,88,-0.0502239204942053,1.05810435070932,-0.571874538488794,-0.388118255619853
428,88,0.499940050586789,-1.28751463295042,0.289042362935244,1.04123563426332
429,88,-1.17037980667482,0.174360535451457,-0.972382025328688,0.55222046827762
430,88,-0.270909394820989,-1.51088257725446,0.89056165970983,1.33597099080153
431,88,-1.65571847427927,0.515061799108723,-0.804818103024853,0.967862235442672
432,88,0.156681219248741,-0.296729258607101,-0.195375375515136,-0.499950092926104
433,88,-0.923300090497152,2.22873558856239,1.17523415101984,0.643925202844865
434,88,-1.84060195696818,-0.514373868669084,0.381827294562386,-0.389234651670605
435,88,-0.0753688973051273,-1.28569117445716,1.61466410849953,0.680355772529535
436,88,1.15127361908897,-0.589138591028138,-0.122984963527295,-1.84933660519008
437,88,-0.22846549570115,-0.382289839007939,-1.27836202069205,0.698242785237397
438,88,0.669861048103293,0.17340706629608,-0.616913935860694,0.709622581720479
439,88,0.464943394508989,0.027643899167649,-0.84188718064191,-1.41762841225843
440,88,-1.38952600344219,-0.877016844315478,1.68757936337152,-2.68188428905771
441,88,1.95440576797502,0.97639204397816,0.892377126339281,0.194700219439578
442,88,-1.41997625929255,0.454827057702258,-1.76833110679291,-0.0221826908591188
443,88,0.475990683386863,0.581708082269246,-0.524054877902958,0.324138485023613
444,88,1.22615365988557,-0.560882698750544,0.338307809767676,-1.00300977594904
445,88,1.13719709713348,-0.0903817286007692,-0.287791557883955,-1.39836360150657
446,88,1.41410198693827,-0.112417331435587,-1.54376748235759,-0.935280052047674
447,88,1.1140080962197,0.119656901898643,-0.443261911807219,0.41924451898191
448,88,-0.116830767025645,0.504850387131306,1.04120546679069,-1.0218097949302
449,88,-0.134729372767729,-1.62055734367643,-0.78396039456868,-1.18899397284073
450,88,-0.0153182630853065,0.366962952579551,1.5942384190534,-1.76814916838423
451,88,-0.189279534747709,-0.809208067797589,1.43839337389252,-0.400245737961022
452,88,-0.0476438542917653,0.537104857235789,-0.69628173630216,-0.338339447645841
453,88,-1.45198935228684,0.105352921312643,-0.238202228091451,-0.531580226790346
454,88,0.688717327407737,-0.802875487989309,-0.97052725610584,-0.518645879747998
455,88,-0.48335833787454,-0.0835723452165306,-0.319257559802537,1.46699545892907
456,88,-0.864783789180409,0.446606582907714,-0.379947308251427,-0.536217196288065
457,88,1.04575229372348,0.188805135052394,-1.60501916954953,1.41180277855692
458,88,0.0679711226857713,1.74474446374865,-0.319809292105934,-1.03486340060715
459,88,-0.347871145249837,0.338083918883306,-0.785172327331061,-0.223030524599036
460,88,-0.0668601235472256,-1.45869034476166,-0.0573830159176865,-0.432046565439319
461,88,-0.42360948344468,-0.859712066655043,0.155752438329683,-0.857754311447452
462,88,0.179701889050812,1.14913762837615,-1.41535427675046,1.69627832974741
463,88,-0.626782029559414,0.758239099263066,-1.47472483766126,-0.0346178955567193
464,88,1.08890563791476,-1.52417922174573,1.10772095632275,0.786734371193035
465,88,2.90041081283351,0.0866072609263323,0.996274738228412,-0.095394370802793
466,88,-0.0547058696555014,0.366432692192185,-1.80105541067813,-0.719780805588803
467,88,1.06191723286049,-1.22321768743598,-0.494842764679945,0.675780336596281
468,88,1.00948740578634,-0.151901290347889,-0.904591066784562,1.361799970724
469,88,-1.3367397894915,-1.41844377149753,0.129305262375051,-0.369540925048754
470,88,0.829062863297079,-0.88719086398408,-0.384831777355471,-0.352125382886064
471,88,-2.51739944311234,-0.127597716995522,-0.485126292251485,-0.241747211715078
472,88,1.87874028923329,0.640893500484218,-1.19904213699231,0.483735235517477
473,88,0.00151942648264623,0.0465014351680967,0.0493229942632393,0.205853982169131
474,88,-1.19282506751263,-0.638237392264917,0.196392717849685,0.858430432268749
475,88,-0.456874189185948,-0.780667815219856,-0.338985220772814,1.83556439491644
476,88,-1.00401492037171,-1.5122596377462,-0.250194678093864,-1.15578845728343
477,88,0.0897859790293247,-0.094448434020434,1.27341012119726,-1.04319064122308
478,88,-0.0966056283460511,-1.10537951698005,-1.47591254232709,0.0909127025371115
479,88,-0.490186566762923,-0.861045426220295,1.89459963010685,-1.68969701062802
480,88,1.58443095255721,0.123103507700601,-0.540603503964417,-0.976615056639543
481,88,1.75669537228548,-1.43462155222485,-1.75511806166372,0.19070808622433
482,88,-0.436579143285113,0.434794444867996,-0.914884923940777,0.872908724514579
483,88,-0.932192175068204,-0.56356950101887,-0.152075302947979,-0.189846138412644
484,88,-0.479635738730654,-0.186204034555804,-0.299900509650223,0.193174670915104
485,88,-0.701957092134703,0.773270430509575,-1.23963723088409,-0.847328163508761
486,88,-0.167732099062456,-0.361891527673592,0.337170524136872,0.539289137360311
487,88,-0.26370233170668,0.380399637189572,0.399988907847834,-0.678106353899738
488,88,-1.96703821204861,0.109068189880986,-0.380934351173589,-0.554208669058925
489,88,0.161051746955283,-1.07237720486249,2.84220469194843,-0.356675805363993
490,88,1.15732340993082,-0.678200998019672,0.173808570755988,-0.554632041121656
491,88,-0.309374966352482,-0.0338157645900685,1.26133666885327,1.04011755533702
492,88,0.805011833013414,-0.149535758699576,-1.52546754364164,0.218876085677546
493,88,0.0694638032714757,-1.47025072924036,1.53670589801028,-0.640896474124275
494,88,0.275444359279178,-1.18116539378572,-0.656136759173941,-0.274224967961097
495,88,-0.254037694091922,0.526127703103383,-1.21158405230199,-0.560525711906874
496,88,1.4599106994324,0.777690210285242,0.141232298463436,0.0783549987693091
497,88,1.93575120356008,-1.13684647094631,-0.71451006759005,-0.0568486651696297
498,88,0.835558960325856,-1.19124346029464,0.725613651791982,-0.249307419677978
499,88,-1.647650536517,2.47927206731445,-0.33240796243738,-0.461314382908501
500,88,0.241694753748899,-0.767277367904857,-1.23927318430428,0.709358022169145
1,89,0.140437139302011,-0.0286272871814693,1.12356093966633,-0.439605576415154
2,89,0.128334914027067,0.785724473137694,-0.00785933146231069,-0.394915015425731
3,89,0.386920257280213,0.817692969240497,0.0640629030255713,-0.265304269756853
4,89,0.638917186661523,-0.671560965121753,-0.789220216468291,1.38029714000481
5,89,-0.342164854391608,-0.416846156778105,0.045483136085012,0.750448295175617
6,89,1.10940968217972,0.886117194347635,0.367148616386513,-0.295202614210209
7,89,-0.675371217688327,-1.00646264121348,-0.311962945490199,0.147598477065435
8,89,-0.352506751418264,0.0590387527651692,0.123609931800439,0.341803583153657
9,89,1.07398553736453,-1.49857235858947,-0.333347015421557,0.714525211992976
10,89,0.69455480057421,0.0219366179499998,0.00346671870516816,0.0419818132472933
11,89,-0.195060759146841,1.37965904506367,0.588954919966814,1.66727350998488
12,89,1.05786925375174,-1.23495527251671,1.17591863320425,1.26005483124188
13,89,-0.43595996661855,1.86095937619796,1.09144884902708,-0.769446891798188
14,89,-1.23542027344246,-0.249146136000898,0.736470106133678,-0.545391425129721
15,89,-0.820270660793979,-0.186173731357188,-0.508294327205589,-1.34811238896008
16,89,1.27534880280013,-1.11540255782644,-1.11916640925125,-0.371400143465217
17,89,0.0406087269755152,0.774733554939815,0.782545770815942,1.80159539200242
18,89,-0.818567641799643,-0.345444824192758,0.854301911243304,0.845970582361062
19,89,0.683538537915094,-0.595531496974699,2.19306853743253,-1.3234325945467
20,89,-0.379536598662788,2.30526939543828,-1.74005041002095,0.0929613489539993
21,89,-1.92089310653678,0.768648379493118,-1.07381154853121,-0.310982699232005
22,89,-1.65120389590581,-0.679162212730596,-1.65398440061299,-1.33562878839737
23,89,-1.79815477145072,-0.764054087141777,0.692835635684736,-0.386356842131017
24,89,-1.97620486712565,0.746597065244029,-0.1186575770779,-0.877165446561429
25,89,-1.03919276270445,-1.20585972483985,0.872673150691118,0.21379162616534
26,89,0.291270643342375,-0.284413115389305,0.578953717277152,0.865176475203754
27,89,-0.793947288765902,-1.75732284669491,1.10028421364704,-2.09886523646281
28,89,-1.42480226200914,-0.478461237566627,-1.64260469018074,0.706387816267208
29,89,1.0495420274501,0.582497869462032,1.37283982261523,-0.997269786746022
30,89,-0.310020779459129,0.160279149006784,-0.7730716945804,0.0600826337893975
31,89,-0.140947581046533,-0.385346064001065,-1.02034465289929,1.07195073135749
32,89,-0.275532110240631,1.54203204531183,-0.352940152836649,0.454483450546357
33,89,-0.722235947534716,0.780819739234666,1.09320256603704,-1.23412541337488
34,89,-0.709711659274319,-1.04945252089531,0.204213150219533,0.190047252233132
35,89,0.592073774594981,-0.15771899503617,-1.09307096820778,1.2937183367158
36,89,-0.116369170648476,-0.398014041384311,1.25732228987545,-1.01124056090463
37,89,0.427123334408043,-2.36891083808287,-1.42037657863963,0.835920111310823
38,89,-0.452004372822534,-0.855623398487262,0.727990306325242,0.355842771815696
39,89,0.876236707794736,0.95011079675114,-1.42927301829606,0.0950241456910502
40,89,-1.72602880616067,0.313378244920738,-0.550682787787996,0.630413805876773
41,89,1.41538528155576,-0.555606354919982,-0.302442128780403,0.445522231160393
42,89,0.805562360373905,-0.550171431887328,0.613590222843985,0.106249440147616
43,89,-0.90755919314892,1.38108177528572,-1.25089710162993,0.226305085257653
44,89,-0.646762003175056,-0.282260427810744,-0.0445382372714332,-0.125698561913812
45,89,0.659864482942295,-0.0225851914696091,0.379642843882251,1.07226071794032
46,89,-0.579088609056324,-0.566134095442083,1.42477828777608,-0.613667009681395
47,89,0.139365916999669,1.01034487399368,1.55801664804449,-1.04673415647536
48,89,1.36212536860065,-0.0875937825037244,0.387472671960627,0.926154259125343
49,89,-1.52599574225487,1.30117582812554,-0.915360751570587,-0.371653440450375
50,89,-0.598747362284543,-1.06095618853881,0.765063130477843,0.0212847180794175
51,89,2.28772490312812,0.74591694767282,-0.413715401864233,-0.795747489468246
52,89,0.694508591895273,-0.351325539055521,-0.22862169391779,0.282345188610987
53,89,0.465925814788862,-1.00823307878188,0.372484175338876,-0.370952112590829
54,89,0.979657585393089,-0.754588388778862,0.402759532792384,2.29760727227879
55,89,0.474261754352819,-0.95684589705367,-1.71056916624879,2.59938339797529
56,89,-0.0892620836078828,-0.137864490325841,0.25039634925675,-0.247109387012079
57,89,-0.922722553856094,-0.0290028606327306,1.01747884549473,-1.40424426813099
58,89,-0.232454389109838,1.87040932054868,0.659883636377235,0.435935710700584
59,89,-0.0975619480251054,1.49063191451971,-1.23835564464678,-0.714687931419986
60,89,-1.09835015892563,-1.15298490387471,-0.12961502965561,-1.38455850439586
61,89,-0.756875502224775,0.031863924913637,0.811155875276644,-2.54203057767945
62,89,0.946555394526153,-1.29667347982975,-0.520961242551899,0.146611690651756
63,89,-0.229712863100169,-0.0802307011263268,-0.415430367246608,2.63829805022583
64,89,-0.160396342549424,-1.11323988784886,2.39259331745204,1.16366101019236
65,89,-0.750343493304131,0.767447054640709,-0.611539494091728,0.680073872304937
66,89,1.09458437645521,0.151140696779408,0.869336964338765,-1.65113240169165
67,89,-0.849819358806858,0.553750939298136,1.02445086091468,-2.04158640348133
68,89,0.0619292000616977,-1.22585352510638,1.1589042738431,-2.2151179413068
69,89,1.33430717923293,-1.62396509052761,-0.615128346699284,-0.722692870053943
70,89,2.11410873632986,-0.358144329496165,1.56015647917608,0.00384863488698734
71,89,-0.957350499408728,0.137364404980913,-0.122097855562318,1.58010671814297
72,89,1.41746168916457,-0.0397641875329734,-0.224720151436797,0.49564217430045
73,89,-0.374880810724197,0.622286281442532,0.784772662514166,-0.606538875018901
74,89,-0.381624933046759,-1.44299842505039,0.402037925139589,0.456995467350029
75,89,-0.213251888162662,0.903806424110831,-0.292988611730761,-0.194916382492827
76,89,-0.637578677093148,-1.97408422433639,0.175629997154663,-0.78612017427864
77,89,0.648904450107857,0.0872091376683156,-0.143290627182467,-0.683438725075195
78,89,1.47935980551361,2.44322011156816,-1.64110819713706,0.696648339462182
79,89,0.880441145067193,-1.1367787841312,-0.462036341414671,-0.392700083779769
80,89,1.26346724329419,0.77830717950327,-0.625372325391416,-0.463204009002475
81,89,1.03541104896569,-0.0796495562633519,0.945818251658346,0.819865290956218
82,89,1.35860631992274,-0.589587889982953,0.379180152176835,-0.85123974243459
83,89,-0.732887872358024,-0.167133810235427,1.05931004082664,0.395871726450745
84,89,-2.33903775245834,0.6173076934968,-0.0275177525602654,2.55739054684482
85,89,0.399050189623206,0.794203572911421,-0.34415484153708,-1.10898083149489
86,89,0.816262837903037,0.503806060066183,-0.269881479740056,-1.26237894633451
87,89,0.157290202464506,0.37944883895162,-1.46147645730171,1.77489843050275
88,89,-1.94128491821319,0.362457390216228,-0.979687891305295,0.31471233446445
89,89,1.97061858232457,0.0375551340818171,0.559604148178101,1.56596742431954
90,89,0.425825374018675,0.556775274558525,0.21085955637408,-1.55870765640251
91,89,-0.308569628395878,1.70439831847674,-0.87449565896209,-0.597987575542133
92,89,0.291610256801748,1.89603338324786,0.413926147668304,-1.16114365903971
93,89,0.581856551923589,-0.926228891362587,-0.463143500217494,1.84623668663849
94,89,-1.67539714026195,-0.405907855023402,-1.80934912418569,-0.905179688185669
95,89,-0.114053874808059,1.76855542828809,0.230697371456037,1.06222880236793
96,89,-0.181469763189217,-1.24710366809623,-0.212777215355724,0.334816134673583
97,89,-0.759803583299466,-0.494225676690236,1.08315038656696,0.404102479695466
98,89,-1.73543974770363,0.707156788875424,2.00583850105424,-0.329147751546234
99,89,-0.778303036955932,0.393726086894158,0.840259641372847,-0.3694139753788
100,89,-0.0644535638652405,0.601943408938436,0.78460876052399,-0.0640589528996344
101,89,-1.56700735382259,-0.173119869262673,-0.266409889954852,3.63311465077341
102,89,1.59264794445059,-0.214821644302099,1.54603602011077,-0.181219948037703
103,89,-0.904609040885607,-0.553259929592613,1.12499498220471,0.799716445835268
104,89,1.62363478672619,-1.89760747221202,0.988547884318125,0.249794229102879
105,89,1.1069429959839,-0.990124988716035,0.477031856258353,0.0778791633684816
106,89,0.0303727785585446,1.05768963172552,-0.838242574226203,0.501258406109086
107,89,0.579016107770149,-0.876007474368908,0.837957856041308,0.22431973943905
108,89,-0.00693754330704708,-0.501977767942421,-0.816298703060836,1.94700335513596
109,89,0.763955089348439,1.45896774538399,0.85186693832709,0.627265153736831
110,89,-0.732055211178455,-0.614965577526824,0.219206743600653,-0.369251833498401
111,89,-3.67835051280635,-1.46239845087479,0.691125671142473,0.505328949801467
112,89,-1.10450529180484,-0.532003884440188,-1.83359266078688,-0.295069712375966
113,89,1.00001572091494,-0.253741217817801,0.431377726782769,0.981823268696397
114,89,1.0326622043189,-1.16174156980697,-0.541225651225342,-1.24019488751763
115,89,0.598824406762711,-0.3484947145457,-0.29620373707315,-0.620645120379312
116,89,0.944749081023984,0.0317519426988015,-0.30557222680337,-0.603020303665642
117,89,-1.45844506610331,1.32651142197497,0.945148417583579,-0.449101014747374
118,89,-0.340671346540457,0.729092622040742,-0.494252806470051,-1.88255137502509
119,89,-0.196401367445105,-0.565631360190153,-0.339474164633105,0.652719369262007
120,89,-0.264649954562714,-0.430578588866294,1.48085102665331,0.290952431261117
121,89,-1.35327481357359,-1.30528694754221,0.109757214989271,1.19942762862054
122,89,0.635335804601055,-0.917681639349968,1.17841881506039,0.609504489356777
123,89,1.90084947378916,0.637128193644587,1.10866719590563,-0.264886956381553
124,89,-0.880998928865222,0.42334726600368,-2.25396462067181,-0.750091234197331
125,89,-0.380919264392575,-0.770723620866695,-0.215218255062774,-0.460405607346079
126,89,-0.898655733433171,-1.36426244554697,0.718059911373384,1.27665004206282
127,89,-1.18860702207032,0.730502906300205,0.12738060773969,0.120693385176985
128,89,1.33222799712683,0.184616435317222,-0.415768879088844,-0.927483631525318
129,89,-3.25548998930572,1.0547239811052,-0.15129745354422,0.204052694878542
130,89,0.0487099575408756,-0.231193854609561,1.00712019288817,0.327020687900672
131,89,0.997436945892113,-0.813564832223469,-1.35694055638671,-1.03167404742664
132,89,0.728150538050381,-0.462934344888019,0.965435750618929,1.88400658284672
133,89,0.281212381285136,0.443330443363022,-0.9859468296116,-1.13906263154124
134,89,-1.30560378975388,0.760081503839672,-1.55832541325194,-0.190914861266505
135,89,-0.645933559478712,-0.823646106469813,-0.122261235369658,1.14695700960042
136,89,1.00877153839319,0.400170975673738,-0.0052005777389959,0.738447059984307
137,89,1.44211192224926,1.00675274562468,0.140274296654671,-1.33387976430164
138,89,-0.617053233508072,-0.945573366248528,0.643655353718896,0.0228000445530414
139,89,-0.582313448835029,-0.74907055372911,-0.256318587808348,1.20487445288512
140,89,0.336093004296731,-1.77252172532984,0.730894675199419,0.108615814667896
141,89,1.1267476247544,1.65591262071319,-1.18206344793167,0.713527291908106
142,89,-0.330328134392295,-0.826204924631982,-1.5844476292461,2.82665411738562
143,89,1.1450498107094,-1.27428081465228,0.624927644226681,-1.5118844193921
144,89,-0.162063427673415,1.37781930655344,-0.614012717367408,-1.17723659505409
145,89,-0.0981860663620718,0.586492014547804,0.839420548807058,-0.224009172252815
146,89,0.314828089548175,0.299943731408722,-1.07316066916374,2.09109531808602
147,89,0.611912761000779,1.20353612731045,-0.267966392016578,-0.194075737033553
148,89,-0.284514415312514,0.187218175846046,0.101810530136246,0.953628955731539
149,89,-1.56345372985953,1.12263222991488,0.104318676691523,-2.93254689015841
150,89,-1.20309671420398,0.586047092572844,-2.03976674208943,-0.485854732947163
151,89,1.66933671167743,0.0754726340747108,1.42577890609316,-0.834576170027371
152,89,-1.29480913276519,-0.436171465301666,0.792256309703535,0.622208811908599
153,89,0.63835747429795,-1.27239687329659,0.688216320734933,1.51127231347779
154,89,-1.52277769474149,0.567924474102841,0.443277814403507,0.798557537702215
155,89,-0.594727347055354,-0.66495097873942,-1.78129317697023,-0.323594398478696
156,89,-0.746188926945858,-1.25882809964269,-1.06802100710686,-1.54229674947025
157,89,-0.971607156257903,-1.13472665277588,-0.104986378453268,-0.635632019278986
158,89,-0.249504827890831,-0.0270094448323441,0.649123985744967,-0.597658085555378
159,89,-0.863385887500293,2.76147840843336,-0.589978398097919,1.24869185746716
160,89,0.884231515771838,1.58943407671837,-0.253111051132476,-1.74209632436152
161,89,0.820857437547904,-0.856981373055633,1.40489427711314,0.0143537237993374
162,89,-1.60762641768554,-0.249016525618581,-0.701267820910613,1.02560767138423
163,89,-0.072312318593036,-0.355800595983547,0.305298305362913,1.07000325467031
164,89,1.15556836680999,-0.0575347746666875,-0.45358124804611,-0.692420604494957
165,89,-1.56103410405058,0.880211426518386,1.91673206868393,-1.50467408964439
166,89,2.08113082927739,-0.705185989102384,-0.923284297658153,0.717522792501759
167,89,0.18775194179882,0.858751744115325,-0.156153818046818,-0.263796179166802
168,89,0.767357813829375,-1.42395707993063,-2.94884332256968,-0.502078442835307
169,89,0.698083106720125,1.61027361734599,-0.0527313796356322,0.309394148431758
170,89,0.543810930019955,0.681435572042441,-0.146334984032734,-0.219751968130111
171,89,0.0752828581678512,0.425781138719908,0.825081025172255,-0.805224380057043
172,89,-0.00680499482297447,0.960715636354711,-0.860623858808431,-0.57153550976974
173,89,0.151349182930694,-1.19373017084206,0.51780437446903,0.841840062032102
174,89,-1.3496877403757,0.307355364301177,-0.101062565698424,0.714862099167518
175,89,-1.55561694307628,0.901474676928014,-1.02616976038296,-0.615119482975144
176,89,-0.78864126932391,0.0602479536588886,-0.644106971154915,-2.02151352968743
177,89,1.4343131294125,-1.8403158454188,-0.490691549200327,-0.533001159518712
178,89,-0.22097475926411,0.861314829138749,-1.06528134694376,-2.14688438555996
179,89,-0.482779467797107,1.52528633141683,0.462153163569261,-0.888678665919424
180,89,0.322610459246435,-0.521052277256821,-0.702435391348364,-1.71529215515328
181,89,0.27859783253266,0.0783668260249421,-0.64223966534018,-0.761229032973016
182,89,-1.4243804068278,1.03841004317216,-2.18413380176323,-0.651684585437288
183,89,-0.896977118997075,-0.641186381692838,-1.45090019755446,0.905323119056347
184,89,0.900694451647341,1.05288544371473,0.479814627908172,-2.31383108110238
185,89,0.559952292996106,0.873289163354494,0.50914221405851,-2.62714573193066
186,89,-1.64256286657526,0.18941922603707,0.34767105962353,-0.422204841869149
187,89,-2.79269710590667,-0.163059401392018,1.3412931482562,0.351040698421117
188,89,0.16682772156075,-0.13465158009343,-0.635913888268344,0.881750737126729
189,89,0.389061653578513,-0.217780066069655,-1.53495120994261,0.517720077089032
190,89,0.862694837938243,0.917615582568599,-0.0309650167620789,1.34244415610076
191,89,-0.839368674900286,0.0654232184428767,-1.09267852095812,-0.915757885544915
192,89,-1.07380120150586,2.69039098895759,-0.682212941692927,-0.411649406890748
193,89,0.950262344275131,-2.36068834799457,-0.94579050843381,0.671388878952692
194,89,0.0191670127030113,-0.709022190255846,-0.460856930053928,0.397348549020509
195,89,0.239917291771568,0.111082677390537,-0.0430615297303496,-0.837284268900974
196,89,-0.139247287728599,0.489247309256462,0.182188251044146,-1.12061836822119
197,89,-0.00540501163044268,-0.471169206324101,-0.250702849859677,0.18968630095766
198,89,-0.135505128352278,-0.825424155738471,0.227876483389988,-1.36253664636033
199,89,-0.567089699744626,-0.574352422204292,0.342131079721417,-0.649147553139341
200,89,-0.414810197221758,-0.0112783112862615,0.808712451394057,0.350696687029413
201,89,1.53659871703694,0.276007249833885,-0.137747706736726,-0.345914195135395
202,89,-0.727284369960154,0.534621375847123,0.551014129191134,-0.301488506155638
203,89,0.745484996090299,-0.52845284984269,0.0701828028022888,0.410619898986706
204,89,1.39519657979394,-2.42705393524945,1.76338089961243,2.59080451807263
205,89,0.469747852543084,1.017397795843,1.68468857314608,1.05195053162923
206,89,-1.01145932862137,0.236402857306649,-0.066579022622268,-1.04026400747882
207,89,0.863706870173555,1.11608716269306,-0.198394989570546,-0.174886834078658
208,89,-1.425126592422,0.0853952788454597,0.921504503395841,0.149898180691738
209,89,-0.177332996647811,0.155919738525795,0.228508275674759,-1.6876539185373
210,89,-0.26850464764316,0.503686920557611,0.383905879307145,0.854573964744336
211,89,1.36221570393295,-0.178606955983733,-1.28291344636074,-1.70047621387844
212,89,-0.700313884103328,-0.607082315110346,-0.705016456782893,-0.955564655089088
213,89,-0.631866488127802,0.948787517299645,0.711443793909739,0.949746815039235
214,89,-2.02718956210492,0.147212271219988,0.45808076223498,-0.499450021169539
215,89,2.28082547804385,2.31820758640694,0.185360385588404,0.000625890488354083
216,89,0.436199875468658,0.623800356751293,-0.754401181872884,0.0989280620786844
217,89,1.16679798770524,-0.50262155041023,-0.535063133164462,-0.235163539326847
218,89,0.301249860924299,-0.173917532825385,-0.488085429541168,0.352542386242813
219,89,0.853078056884743,0.547082652684964,0.320344533746275,0.839064325392762
220,89,-1.46260360326884,1.73864585981547,-1.2461546175368,-0.67430179919729
221,89,0.791934921225942,-1.49154165424653,0.540164996703938,-1.08251015264298
222,89,2.0766444209645,-0.944283501930124,0.721259416317501,-1.14127087395887
223,89,-0.812290250950193,1.23859186074344,0.706547616876692,-0.829345786575265
224,89,0.134256887852707,0.0390415629319592,-0.644691757975407,0.596737742180558
225,89,-0.286186726304619,0.0304610585247256,-1.83764311198614,1.09878422412103
226,89,0.911775592190172,0.687673200899549,0.399125316139629,2.02109005397966
227,89,-0.762300295356142,0.379651642246255,-1.59591889180863,0.239513317207115
228,89,0.766550045653402,-1.85293326741907,-0.627730298464261,-0.889271184402305
229,89,-0.711958142104859,-1.46699597745321,-0.531936158120583,-0.667549218792774
230,89,-0.0533483714920262,-0.240190783377645,0.546831020021464,0.0436727966841264
231,89,0.614144423909338,1.43503274063021,-1.45537432034612,-0.501714352820861
232,89,0.296125668442657,-0.275308578734753,-0.263195850513962,0.588871944065238
233,89,0.799292303008027,1.46789555645168,1.03193586284109,-1.07404305246987
234,89,-0.338636026033432,-0.256929588075966,-0.393906845278235,0.88763698029161
235,89,-0.637871067298486,2.04412412717663,1.35271416863097,0.386479717012647
236,89,0.665336024592378,-0.90637881296189,0.22611715593932,-0.923429026652896
237,89,0.902295563309843,-1.19809519143856,2.01291942096727,-1.3556805823632
238,89,1.36058678349944,0.513243470384009,-0.630683317548241,0.487688305010015
239,89,0.827994807119396,0.818910386936612,-0.73050752774477,0.0407001849662449
240,89,-0.815399518665846,0.672356454156058,0.159173913882114,-0.18076827141851
241,89,0.170004495596317,-0.556955723891713,-0.785861365289824,-0.767880722214079
242,89,-0.238883602967843,-1.53432606834561,-1.48443445698402,1.31078032518164
243,89,-0.793268307655336,0.0630819942664745,1.03248771393641,-0.968572003254286
244,89,0.970030969397062,-0.441046539347305,-1.27623327217547,-0.814444900764492
245,89,-0.1051014364118,-0.875852357096637,1.6170508930634,1.7303452111698
246,89,-0.168187965809261,-0.696957759485908,-0.630244710220035,-0.925898683079609
247,89,0.326699345468579,2.07339230114865,0.801296257693133,0.318396703824271
248,89,0.895763610068686,0.482579977420543,0.278877532553316,0.333991025856902
249,89,-1.12787133985693,-0.875842955183483,-2.20714287867457,-0.616407501350933
250,89,0.196141230168572,-0.608869559145122,-0.945867211789669,-0.617379259696549
251,89,-0.674446273799195,0.637199213342629,0.366941521759187,-0.489661699230078
252,89,-1.26170520441648,-0.606630862238796,-0.124527112805032,0.618436598838295
253,89,-0.989877397385747,0.847361445982825,-1.27663921312538,0.21419158840848
254,89,0.932593104752358,-1.3815267998605,-1.3375182753962,1.92489314731659
255,89,-1.31182590822188,2.16317376916155,1.45485417028512,-1.3453871837125
256,89,0.653031774653915,0.561374892802293,1.73480530175123,-0.606093540857554
257,89,0.289291414336577,0.633628748211276,-0.055834756648998,-0.274545865125433
258,89,0.362453730591171,0.337817465970566,1.04327457050909,-0.224754036600802
259,89,-0.196466285286538,-0.0109123824866499,0.494002606400934,1.36947650637305
260,89,0.3563934636222,0.739341461376803,0.221414568452099,-0.664219444902428
261,89,-0.320174332354548,0.175828415430152,-1.74340814642853,0.714658888304443
262,89,0.620030183624525,0.0145061188597508,-0.428101941540086,-0.159768703799369
263,89,2.23231658584615,-0.0627520301647762,-1.84067344344612,0.550643908535927
264,89,0.00370703783767423,1.71499598386275,-0.17551583280354,-0.635149471589939
265,89,0.720855205735639,0.281649516811211,-0.326851930930467,-0.462070959066606
266,89,-0.776890881619231,-0.709845494971297,0.363407855879963,-0.50602904413923
267,89,-2.16177012040527,1.75511870402585,-0.309383077496272,1.24886475410175
268,89,-0.376737729858631,-0.413495247942053,0.354287529712412,1.8956773288278
269,89,0.456322183738784,-1.07710621471949,2.05938637766049,1.63617243432614
270,89,0.362408654688242,-0.589051145030233,0.202962579359925,-0.0489606683519983
271,89,-0.417108942904392,0.934042276256877,0.175769790605989,-1.19895402193873
272,89,0.591931740454381,-1.03167158584541,-0.520719105314113,1.5134012191629
273,89,0.119898367097142,1.58967871910897,1.10782534156476,0.444521635012008
274,89,1.07259594225919,0.44425327576166,-0.140698343659695,-1.05497368386411
275,89,0.70370703535998,-1.09885742864569,-0.399583547050722,-0.996155620908844
276,89,0.218863636214424,-0.333528287172045,0.312621369960967,0.0402977046073889
277,89,-2.31147770711013,0.387143627305858,-0.147639837909612,0.910727314190259
278,89,0.314876948726596,-1.0880265660456,0.782235844955269,2.62321972378742
279,89,-0.54105387556791,0.123898861323918,0.498515120065789,-0.165804820393896
280,89,0.295801939883593,-0.879422262937736,-0.419517693473424,0.241874910861611
281,89,-0.888419202673702,0.361051059891922,0.241965055756022,0.402594800467967
282,89,-0.106085885409413,1.60297923956197,1.27989812900395,2.25457750800504
283,89,-0.703490215823163,1.17419172194918,0.442484210366376,-1.39121446705131
284,89,-0.0929546081617917,0.416312630533514,2.05646692715745,0.497135606348675
285,89,1.22190433213988,1.18884904845879,-1.30347318130448,1.42070207769795
286,89,1.29944519681073,0.420048612232515,0.270841970200852,-1.98134436141308
287,89,1.12936194503267,-0.106240562125317,0.840142423355718,0.664095459594663
288,89,0.243569582081149,-1.17599826999586,1.3574078725059,1.04098942848711
289,89,-0.0798664214259183,-1.51300175056383,-1.82025635789637,0.503730801843616
290,89,-1.46073700249292,-0.0575748228156171,-0.935134913299475,1.81568244204085
291,89,1.62333293359283,0.414492474083915,-1.72654964312728,-0.355385413281456
292,89,1.08022068789051,-0.785664365897784,-0.190979750838608,0.666331320091335
293,89,-1.25210511433304,-1.08215427369468,-0.318942768443705,0.9044465339092
294,89,-1.16355226982822,0.0809773006581126,-0.69700917321256,0.433243379915818
295,89,0.160767235218754,0.924417486686664,-2.00759887207841,-0.572427921204974
296,89,-0.0126397316181459,-0.827577697064227,-1.19168649630006,-1.50680158363904
297,89,-0.0255436844701592,0.0752408296133469,0.00339845022485926,1.9172549747965
298,89,-0.69943817320648,-0.457536983955479,-0.118081949695824,-1.61344647577844
299,89,-0.821810353454919,1.42726129270898,-1.28577538107582,0.951165331627996
300,89,-0.554237051993659,0.346190058610908,-1.56712805887457,0.299159137967886
301,89,-0.444264020756591,1.28488903246499,-0.395906330108695,0.777480388091224
302,89,-0.13177246756242,0.409199757468441,-0.58392634405187,1.0945605619647
303,89,-1.82829911581239,-1.83821584656574,-0.0950060683571902,1.02314953185054
304,89,0.397456449642011,-1.05479654492468,-0.372310961384715,1.22059235803008
305,89,1.13678036028624,1.08011490998741,-2.05246846337695,0.288209660887084
306,89,-1.55885911122372,0.330331164269551,0.0616962306605912,-0.0501454793286059
307,89,0.0142451915542409,-0.847309456282022,-1.22429747420423,-2.12670681204204
308,89,0.0197012901742557,-1.2093086453332,0.450414519439788,0.208462333176078
309,89,-0.107073248644059,0.581401283673374,1.15099019854609,1.34677766110768
310,89,-0.926882541061414,-1.71737304842483,-0.966817757926219,0.121386196972758
311,89,-2.01476702572588,-0.515933444655321,-0.196798555309042,1.59228431117098
312,89,-0.450642885498836,2.85416815788573,-0.434285562757222,-0.430932627051118
313,89,-1.36971417963253,0.281884544397208,2.09870542870995,-0.0601010184776351
314,89,-1.7230807605581,0.806313014187142,1.10782146849822,0.411977852648377
315,89,-0.148105819328347,0.936591925151029,0.199160177505967,0.738060922441237
316,89,0.114219571188596,2.0253714516448,0.209254731804602,0.449404097368116
317,89,0.740210837789489,0.972157305908993,-0.36602273592126,-1.06900733383971
318,89,0.614710371214232,0.0611111839624665,0.987428635683056,-0.149958693333356
319,89,0.478101897572227,-0.100862702964462,-0.412337412713163,1.27121764065378
320,89,1.55637746218272,0.27317940225608,0.598862250093488,-0.424897234808188
321,89,-0.275460391807892,-2.20150318178665,-0.593578268436924,-0.530820550854522
322,89,0.808863595639894,-0.110595036173344,-1.04275467093978,-0.614709710608571
323,89,0.706105164561526,-0.579879902336881,0.112615281559213,0.145380063325252
324,89,-1.13437927956397,0.813277494650293,0.994920010335293,-2.00650338911546
325,89,-0.720126558809987,0.762791558593616,0.300800883615595,-0.87557055581883
326,89,0.32651161372601,-2.0093884541175,0.836333034789146,-0.11385803251846
327,89,0.662612100047079,0.603353510734602,-1.12680352655918,0.28062363451783
328,89,-0.488057304429962,0.61568128791653,1.62400609835756,0.458162903348925
329,89,-0.882697091427035,0.571626895834219,-0.333380975979444,0.606223853901188
330,89,0.994847226116299,0.861886741177261,0.495456883858162,-0.764236921345304
331,89,-2.17129456491495,-0.511980258013322,-0.0883335781901547,0.0152941146035778
332,89,-0.0430451501856196,0.505173050980625,-0.832434563042755,0.389809272066009
333,89,-0.285688726633584,-0.876920008020355,0.472511629451104,-1.55622555654555
334,89,0.717910220237481,-0.479200366386166,0.677031947803496,-1.37176538553218
335,89,-0.0357227396060966,1.30913073838595,1.30670842748753,0.153555399880614
336,89,-0.705627426875872,0.803981573700502,-1.03892391800352,0.114868982363786
337,89,-0.34479465929157,-1.3900692423444,0.5718816595214,-1.53167113431761
338,89,1.14876008274602,-0.0167255323626064,1.25221615101139,-0.796856370053315
339,89,-0.0279263978392974,-1.47088365666121,0.980871196095572,-2.37051261107045
340,89,-0.513344808588034,-0.126133934082618,-0.719745714756755,0.206526148664528
341,89,-0.606090019572168,0.675076976652853,-1.02810655336302,-0.422164931407168
342,89,0.745324615109172,0.955018120995048,-0.0936806737245492,0.608706670795022
343,89,-1.61926343785585,0.865305687428919,-0.83386716136938,-0.999623995868103
344,89,1.76637878370973,-0.450276967191184,1.10758705813423,0.528795647473352
345,89,-0.469427634548499,1.22608176859739,-0.073901151499771,0.823499542831458
346,89,-0.0300071966950985,-1.0723173393666,0.168273371302756,0.675488936305264
347,89,-0.101160908928899,-0.320896556772396,-0.788934921732055,-0.360771746751834
348,89,0.530991434766528,1.20931341077954,0.536701992767845,-1.08301896794619
349,89,-1.10246911746911,-0.183360946206848,-0.599926350717268,0.369525144027522
350,89,2.39233905591789,2.47478338819676,0.57491031498151,-0.485909032697461
351,89,0.382756280956736,1.06591102172974,-0.444799939658937,0.508335851664296
352,89,0.53158450671018,-0.771643561749137,-1.01072642409384,-0.068202275741154
353,89,0.476074462620157,-1.4533429429798,-1.16403984166969,0.544866058392891
354,89,-0.403038860330082,-0.290420340834259,1.5103089083213,0.630146476639603
355,89,0.711699079075065,2.11787022666103,0.236060360016479,1.38117300189115
356,89,-1.68021957300884,-0.18051656067276,0.153348871008469,0.15143505380053
357,89,1.42846283970687,1.32889187988351,-1.61020161787184,-0.487033714338439
358,89,0.590512258924309,0.686204947620557,0.0540376313874955,-0.119117631430103
359,89,-0.0750681764088829,0.225519346035945,0.230061007561075,-1.31427876187819
360,89,0.411605695160726,-0.783285902270124,0.398127632273573,-0.0689136980414326
361,89,-0.291278267075357,0.909559538578585,-0.131677788829728,-1.73473793116719
362,89,-1.89300789767828,-0.973434314199113,-0.0987368768978398,-0.897358758421575
363,89,-0.496306073729867,-0.742407111476084,-1.00491961015573,-1.64766165626249
364,89,1.22122279931207,1.44121671393532,-1.64529652975078,-1.32264976607248
365,89,1.76139843006575,0.689525200542478,-0.630036797065541,0.039676838692925
366,89,-0.607958627744621,-1.00089033063807,-2.1343936003657,-0.715979748469609
367,89,2.44157453159222,-0.285150898058883,1.4299831437523,-0.143986527752999
368,89,-1.48671983901531,2.30417732336913,-0.0514277956670437,-0.251622994911731
369,89,1.43868318883622,-0.675790882923131,0.260532035154819,-1.44945511642725
370,89,-0.476074507042268,-0.417071602733225,-1.44435096769229,0.415391719117258
371,89,0.91465583245226,0.115039290916408,-0.315612671845293,0.396792768928481
372,89,-0.965615030299342,0.335116157759995,-0.103445511035886,0.827481416842995
373,89,0.812343497929314,-2.26036214556357,1.0793179062658,-0.121806901177702
374,89,-1.19242769857148,-1.34394618814666,1.38122225141896,-0.976747536377905
375,89,-0.815091522634629,-0.307514935092231,-0.105408163050666,-2.90687351527552
376,89,-1.11211014375338,-0.624970864889951,-0.104860034115431,-2.02462273534452
377,89,-0.483160960500934,0.353694708284435,-1.10722739811514,-1.40456633880479
378,89,-0.386564229009657,0.623908227870784,0.403556070650401,-0.414817964839555
379,89,0.315659024316541,0.29786189788597,0.0438432517827701,0.897143344109319
380,89,-1.9660970049164,-0.227393524180508,-1.35810729217084,1.66841084605007
381,89,1.22696371886455,0.0523852011786702,-1.11305830485291,-0.0249752459429137
382,89,-0.859444583842535,-1.32175808024821,1.946750379974,0.785013137466031
383,89,1.41054181163213,-0.478636242389351,-0.00543892070103521,-0.717146822337323
384,89,0.729183207325762,0.0901513815039997,-0.853263177183342,-2.13796446798145
385,89,-0.500154078795635,-0.42055297493798,1.48033817088683,1.62380063129276
386,89,-1.12895279563425,-0.478775285942898,-0.990714023838269,0.599443970410585
387,89,0.686411274848131,1.16529793728577,0.410549808460304,-0.36733203462909
388,89,0.813013961629205,0.477258003339615,-0.87730936988998,0.736753153411435
389,89,1.13938747263018,1.73799229928674,0.544705441493159,0.220542667825798
390,89,-0.161446574874067,0.860941220307098,-0.101685931234033,1.86277488245333
391,89,-1.0591409893066,-0.421650987054762,-1.69845773152077,0.718965632653412
392,89,-0.0241988266688277,-0.205211902953047,0.233334469234979,0.0326317625644939
393,89,1.10160385198868,-0.214390281339861,0.853069488746392,-0.921043150372357
394,89,1.46118486781198,1.28199502585308,-0.653991193533762,-0.884573603233713
395,89,0.462066201785693,1.86501422934362,-2.18045149703557,-0.044800047180703
396,89,-0.513074844043215,0.0892126825896374,-0.764944265899624,-0.437939821217985
397,89,0.314676090542456,-2.03815195092104,0.470447812370563,-0.512521715863395
398,89,1.66133807626193,-1.12368020899717,-1.25212025928045,-0.255249822202831
399,89,-0.652688323907145,2.26396841689781,-0.303074430055073,-1.16804350707033
400,89,1.21961676221733,1.92293671409817,0.512910489299976,-0.753100292045282
401,89,0.068421766471906,-0.315252422755045,0.993648980916161,0.702695563429007
402,89,0.617005434363899,-0.142963578019913,0.230962320876754,-1.9059026590215
403,89,-0.446822191777036,0.10104059464979,0.392288906985542,-1.04016464358372
404,89,-0.224865337670544,2.1868356733708,0.481541509673369,-0.973380551311542
405,89,-0.624097621111482,-0.864988469085721,1.15985049337762,-1.79778188729985
406,89,0.0367542780183528,1.74805263067962,-0.862165767277068,-0.060300442930509
407,89,-0.931432669241034,-0.735451907171533,1.28577806956332,0.549999535920384
408,89,1.17701431615969,0.737157741566543,0.761352990020438,1.84370409450951
409,89,-0.588900035009165,1.81948179738261,1.06050105619222,0.553366950945517
410,89,0.511414975962677,0.335329406570521,0.904082024922611,-1.43780474217452
411,89,0.876993666147166,0.466673231773315,0.852713631961797,-0.0161832545575081
412,89,1.91670153382745,0.815388246668664,1.19417022021876,-1.68514985454404
413,89,0.0532477824126,-0.530013103986816,1.74977329005296,0.944168182352521
414,89,-1.60706631294196,-0.708926022511317,0.551748785353583,0.793077764886646
415,89,2.52344822944548,-1.62063325563872,-0.677782773507517,0.31563964482873
416,89,-0.306409122654082,1.29822914362116,-1.78349756153699,0.198515999215354
417,89,0.589848438312788,-0.162566599735916,0.336544187681957,1.87319008497933
418,89,-0.779017296160355,0.0874287566594189,0.980860885703645,-0.442518157444136
419,89,-0.739626601404831,0.478967894283443,0.0277225253047788,0.715911039739178
420,89,0.484637480943808,-0.967104145707517,-1.40189262212876,-0.732981342227498
421,89,0.0300002766855964,-0.22255808596416,-0.836627888613334,-0.875586163743815
422,89,0.686644844070461,0.0717264156417466,0.0533077667413454,-0.218173172620998
423,89,-1.66819892274349,-0.15601466737889,0.392625026650357,0.177516228116268
424,89,1.67878852052949,0.984837437293833,-1.12445025113988,-0.53419481738011
425,89,1.01067266879408,-0.335791082598676,0.425447277468481,0.624608867963846
426,89,-2.9005754982333,0.338475086721131,0.737621505670716,0.847906652283832
427,89,0.68578011282487,-1.44391261003945,-0.324750074716141,-1.27963603263884
428,89,-0.474068611981231,0.896450102422688,0.545296718827639,-0.56635365240266
429,89,0.123313923530776,-0.533459739810678,0.0466455460563846,-0.608853214351576
430,89,-0.209192968490689,-0.23569575988316,-0.553129970655426,2.00091888136006
431,89,1.04805950933452,-0.906832917688524,0.174726897938331,1.11828469752923
432,89,-0.714268498941931,0.390649534273094,1.60720818982068,-0.541358960849674
433,89,-0.0463823425360843,1.33141196486566,0.7766772763865,0.484862349519127
434,89,1.37929607080128,-0.662437902019189,-0.976581300646783,-0.234003709433956
435,89,-2.11207707730983,-0.716059112141892,-0.00741504274341187,0.794715963669444
436,89,-0.25428865776187,-0.861463426589927,-1.71894981853186,0.724036949734712
437,89,-0.282326355960196,1.44385875305518,-1.16104379422675,-1.48410016279878
438,89,2.15748154245035,0.891095971907001,2.08868071349432,0.432512857769071
439,89,-1.15237441821278,0.837898345839472,-0.546901810256004,0.705030079832757
440,89,1.52693944973436,-1.21368634294787,0.79949446264599,1.32660773433953
441,89,-1.86562370430828,-1.34578466690566,0.0126504719044397,0.997628060233162
442,89,0.249377835540132,1.32307727983628,0.794218247152419,-0.734011238450652
443,89,0.645774242991715,1.5915552608993,0.651226176853203,-0.88243961985092
444,89,0.114700489779433,0.982467442271568,1.852348071003,0.255252955380655
445,89,0.623885186022206,0.306824665492287,0.00927987833826487,3.22068139826502
446,89,0.909254201069662,0.426473212498472,1.46289359513539,0.89918240641683
447,89,0.489169512513661,-0.880438112177847,-1.47401783007819,-1.18465710229587
448,89,1.4634820917483,-0.314732829905397,-0.171285298457479,1.07753367326053
449,89,0.391918844447353,0.427298039173648,0.505002917574645,-0.200640077308175
450,89,-1.72081447395216,-0.13202635469899,-0.666565612375019,0.61481839030289
451,89,-0.960165532733913,-0.948594480078789,-2.54318286679863,0.762594817942614
452,89,-0.79838164115738,0.161295854849606,2.40876134164846,-0.642150081280392
453,89,-0.0337207925900429,0.589083677031801,0.802375872938967,-0.98415186603288
454,89,1.42892405936696,1.25514284291693,-1.08254961010202,-1.30268894471759
455,89,-0.721165782767848,-0.180884369114006,-0.0931151889129533,1.57940347306845
456,89,1.05144487409183,0.212571099333114,2.71026087643488,0.435896449167508
457,89,-0.970750164770693,-0.0229947636973368,-1.06710792086061,1.22843790757089
458,89,0.32760534089616,-1.55912943875646,-0.033573321371573,-0.42994414938048
459,89,0.0812484783829015,1.02285590323703,-0.122151055764558,0.231273183816389
460,89,-0.113122747247903,-1.01428765157482,-1.19903689265792,-1.37526740284634
461,89,0.686705162125353,0.585765952685907,1.55341875882521,-1.65099606924888
462,89,-0.756977298611632,-0.170020028880099,-0.599106774536198,0.300240858328513
463,89,-0.696708750822944,1.43507874669022,0.784214324895211,-0.0668911080683942
464,89,0.993912238580262,0.876815394130422,-0.633672006370084,1.29217484165401
465,89,0.433578019929422,1.19342511153277,-0.72339164728085,0.698366790860624
466,89,-0.0468673000172197,-1.22946024293219,0.373337002079903,0.276276303133879
467,89,0.530938384974974,0.406703663037261,-1.98693368999301,-0.13686192761139
468,89,-0.0159956884874762,0.0538922980963068,-0.881546827527857,-0.608464419560976
469,89,0.835906101039213,0.0637185420058071,-0.289572946739921,-2.53109551700589
470,89,0.0162949170190301,1.70926057895014,-1.39775605461688,0.961486027318732
471,89,-1.40602905036292,-0.14388576894592,-0.86437556938458,-2.0414305043413
472,89,0.227260733658585,-0.0549405529069749,0.136225058395414,-0.177004713748878
473,89,0.57169168959204,-1.0020244774403,-1.44230179939664,-0.0166767570151883
474,89,1.01712285055035,-1.71427820523219,0.0167599835867711,0.344008038983549
475,89,-0.816797303443603,0.0567830130810658,-0.85380367095819,-0.748205787177985
476,89,0.113619434832519,1.02697026089195,-0.45103089397602,0.842045244340036
477,89,0.249664957830906,-0.696185942185198,-0.41888363589994,-0.651329491272229
478,89,0.409070482633559,-0.0967703373154612,0.0809668532887062,-1.07733633396414
479,89,-2.92298834665302,-0.597405847590318,-0.214237121325373,-0.829596889890023
480,89,-0.425771757404989,1.25829822607417,1.554738705676,0.24703096456299
481,89,-0.234089785619976,-0.185405176507628,-0.825315610665787,0.020510839461386
482,89,-0.759843486809559,-2.13583761014363,0.497719491379799,0.342113174594568
483,89,-0.312484050039134,1.09985187087148,-0.694893416428291,-0.9038734158377
484,89,1.69215006005976,-0.459245833443695,0.456821073772128,0.267655297007972
485,89,-2.54805022158043,-0.990276754001654,1.23599185060256,0.0367885708959082
486,89,1.34433242200241,0.816167243859919,0.924991297801512,-1.16197425979437
487,89,0.381795550314476,-0.165914846522199,1.27187713161067,0.762297873634016
488,89,-0.300435924034957,-2.84464197330922,-0.159983514469542,0.776565329085774
489,89,0.439557605819275,0.223565792959058,-0.20988248951729,-0.128562848220264
490,89,-0.0135206048704961,0.75135141071295,-1.81880240636505,-1.66408747206908
491,89,1.88663184511188,1.80849776790148,-0.462733837351113,0.724643438209071
492,89,-0.685061820457811,-0.59665116030022,1.68780868640105,-0.874162262544583
493,89,1.20149724538129,1.11763328602132,-0.393400310124848,1.16511776232959
494,89,0.093356559429906,-0.105089770814298,1.63826672151273,-0.0899540985553502
495,89,0.93566116342031,0.359448759512451,0.0498528434965559,0.28736166723655
496,89,0.097614703790369,-1.0207467263616,-1.21550001278519,0.77224272578877
497,89,-0.995389533980595,-1.10782192758301,1.30974214718264,0.675758009100199
498,89,-1.00213782953911,0.965269322415827,2.904980954549,0.193702122816988
499,89,-0.423932646859514,-1.48351386652043,1.55334413037252,-0.439893057140992
500,89,-0.454167497669559,-0.226287255298157,-0.0607494495740169,0.692035293526964
1,90,-0.212520314910016,0.0268690501282898,-1.33939393247972,-1.07648582453344
2,90,0.0806682599587394,-1.55717947930102,-0.121811434581487,0.0795705469010616
3,90,0.334216468365531,2.06053935904334,0.715559916633459,0.666733650448735
4,90,-0.395367768914811,-0.803733356384565,0.335459514032239,-1.66659609332826
5,90,0.973198558334072,0.997881670435937,0.287622465480233,1.39810631253886
6,90,0.285519725682854,-1.618313365288,-1.99998873170785,-2.66160761985948
7,90,-0.135070515919932,-0.770034006949293,-0.194697142447925,0.275196932763968
8,90,-1.19715898211671,-0.236749991794025,1.4178498815038,-1.94434160873248
9,90,-1.12272943473079,0.121074523843795,-1.94961218815131,-0.362196788913463
10,90,-0.182456533152846,-0.780333993868023,1.89190392373493,-0.171507002272018
11,90,2.31796848418008,0.291708225595334,1.76205148762302,0.622748304543958
12,90,-1.35114515681516,0.450719723792942,-2.2608907556912,-0.0878478542420041
13,90,0.914567200357438,-0.309003311102281,-2.01207597414553,0.707623646031114
14,90,1.50693174685342,-1.02627118967404,0.504342145595417,-0.548303228829818
15,90,-0.626481555785109,-0.418899473178067,2.28013682167045,0.624359007493121
16,90,-1.40201590768749,-0.379222650893662,1.16745870432115,1.59174362242839
17,90,0.109074242623668,-0.329250453804676,-1.34096444697283,-1.10438060103405
18,90,0.662102909634512,-0.257333744625222,-1.82605334487211,2.45754350948992
19,90,-0.444151030232358,-0.657877869350783,0.701515216538353,-0.0186756680964318
20,90,-0.0322129475570534,-0.400590057233559,-1.61747617979532,-0.966631075952646
21,90,-1.08137373487692,-1.21560709903236,-0.310456988557653,-0.615239597383046
22,90,-1.26257584465487,0.168989302541019,-0.413879579749702,-0.512811183264141
23,90,0.080356998146353,1.11232414086293,-0.25308485811543,-0.282064325282715
24,90,1.41895572248955,0.943150437941083,-0.202984848464036,2.00721899993242
25,90,0.252402073757174,-0.720475692745556,0.36637326269432,-0.568280528961429
26,90,-0.355746007653391,1.49120151607329,0.978217357168888,-0.0308463643452432
27,90,0.51201991557257,-0.906706577770962,-0.439256459284337,0.46456599065615
28,90,1.1077187369922,0.553201287732032,1.44807827632182,-1.76804716194213
29,90,-0.716459078018426,2.59638332316501,-0.97750804215537,0.666292264804853
30,90,0.942759301375047,0.0296271595099188,0.568704472104859,-0.321378667661865
31,90,-1.69211707115513,-0.640052239327201,-0.215957272042191,0.829129071619641
32,90,-0.251592368260827,-0.686506179595104,0.741037309326093,-1.87364987817591
33,90,0.579118553193761,0.0610425496042845,0.900943266578964,-1.1473631007103
34,90,0.529526474249269,-0.512329343087289,-0.759612759945579,-0.141568267187909
35,90,0.12688365671686,-0.249141222982431,-0.850083474213952,-0.705427680196693
36,90,0.14914721160778,-0.842288238168367,-0.574726532165448,-1.58886735571754
37,90,-2.07595214580754,0.427129757131304,-1.1593113744699,1.29482716441513
38,90,1.58966033603272,-0.729185723597544,0.808442903377373,-0.4767264138408
39,90,-1.5628289339271,0.840652822105445,1.38630567059687,0.203728430961307
40,90,-1.32182082112475,0.24301326561991,1.01125854898954,0.0214707180314487
41,90,-0.310600245382528,-1.45799546727671,2.09294381138595,-0.886323496754292
42,90,-1.21535252021132,-1.22270894064487,0.688427085354917,-1.23010143064468
43,90,1.1409345051582,-0.236478947482124,-0.666128465334801,-0.0344787548685354
44,90,0.57770126691306,-0.130177678021961,-0.331704827554809,-0.140841163109773
45,90,1.59397618270316,-1.86326865231872,-0.872220242887441,-0.137669652133241
46,90,0.660103598559265,-1.13180135256345,-0.507302882549259,0.007642961202594
47,90,-0.619503805927256,-0.327004891660512,1.83423366100598,1.18517476612631
48,90,-0.990271145246023,0.949628365183264,-1.2456612456758,-2.21762541280963
49,90,1.1242879303807,-1.5864885313839,0.267795516986054,0.327662872541743
50,90,-0.257701827238363,0.290029163921159,-0.814331910835227,0.878806781657231
51,90,1.05919280520977,0.836794732091974,-0.374185626730437,1.11339760408809
52,90,-2.3321183347733,-1.56130903392511,-0.570721317280807,-0.453616414174442
53,90,1.14144477592532,1.31497175943518,0.659942196734835,0.472292481484208
54,90,-1.27465006387021,0.835833632995183,0.224023343607844,0.388720606595874
55,90,-0.433228232677493,0.0158237863774047,0.189397459421053,-0.331793226039156
56,90,0.604418144503903,-1.19208644580793,0.693860499291032,1.18141248238777
57,90,-1.65042768289009,0.21394965109882,-0.528361347339825,-0.358212580930327
58,90,-1.0275502030074,-0.459166785974403,1.22331889775531,-1.73575996867555
59,90,-0.280359484679904,1.28314749300617,0.100365313759115,1.50460593460976
60,90,0.407499970867786,0.626578040041258,1.05241067348545,0.843626998408783
61,90,-1.01341635359439,-1.34881428799768,-0.428240110842971,-1.14053568676262
62,90,1.04361206914652,-0.091211133030469,0.592542819935569,0.724913714472298
63,90,-0.810844707284971,0.0237571829503106,0.0709327173318978,0.33711656333707
64,90,-0.168191080127575,0.158912927096442,-0.245335505618547,1.56157489974256
65,90,0.78159154732279,-2.28036018149574,0.614102262680359,-0.510010203039609
66,90,-0.280198515085889,-0.110237775936188,-0.113220345854841,-0.181786995072271
67,90,0.424466153611443,1.97712725591377,0.989843486938613,0.844005022649167
68,90,0.873175926721709,0.160869710223155,-0.758185976998261,0.176255584915481
69,90,-1.26029989929432,0.00828261735225677,-0.977808764790325,0.0322189451414361
70,90,1.2099569208372,-1.1245951724241,-1.57625682347763,-1.66347820209929
71,90,0.643995396127748,-0.404128016035799,0.377439873776445,1.21980389271259
72,90,0.791921773339657,-0.731735722917707,-1.10899972721594,-1.55448349667199
73,90,-0.102733824709988,-0.171644826538222,0.77949647752061,-0.953574004059906
74,90,0.161755497671252,-0.0394724249378707,1.10256548643076,-0.183825398698113
75,90,-0.523215364961922,-0.493850589794338,0.353584079456333,-1.09451465960967
76,90,-1.32137596553484,1.4595678559378,-2.35283623565945,0.127304486162585
77,90,-0.318390800924192,0.366957495827676,1.63226702468992,-0.00536080954554203
78,90,-0.0604017988433637,0.838055267060645,1.85623041305876,-0.0474121590484096
79,90,0.821220795152408,-0.622265876929136,0.302036039741831,0.864308344559333
80,90,1.07881316320647,-0.117066443836399,0.572883755377123,0.316116336154535
81,90,1.95788665466261,-1.74268808326677,0.575334604569896,0.492236448188742
82,90,0.0671029409788726,-0.558523295732361,0.963727349502258,-1.19094405057602
83,90,-0.398499865879645,-1.53800161262463,-0.79014844699183,1.16427010436958
84,90,1.48966811522726,0.290770386190402,-0.236091327794446,0.124090186936627
85,90,0.67924455058597,-0.34828717483971,-2.74827861573114,-0.705719372277758
86,90,-1.3504722916259,-0.846432303247864,-1.58017299337483,0.747025952731293
87,90,0.109286332949503,0.247455666550931,-0.0961009269205788,1.57674656471399
88,90,-0.402231144875427,-0.966686894973664,0.467330338042394,0.0719427087125975
89,90,-0.285262876556896,1.20755474645162,-1.6376607269072,0.531233102409665
90,90,-1.53371928882859,-1.00415476734053,0.557204238658366,-1.32036372112845
91,90,-2.38065025593869,-0.130250586393032,0.117674534362241,0.571438638374964
92,90,-1.74433288534708,0.170739259933485,-1.30936098107801,0.0831467183151289
93,90,0.919278252408411,-0.645427957196024,0.0994018549567237,-0.513658900806902
94,90,-0.175521255666337,-1.21947874429156,0.994451911472455,-0.591739643288728
95,90,-0.0778146192862978,2.60250035811709,0.562599468289854,1.2905087905861
96,90,-0.375232588162749,-0.215788278913332,-1.67469817135137,-2.68124103816582
97,90,-1.23542805073336,-0.0142212928098248,-0.327897201402972,-0.411081240547039
98,90,0.888549054455765,0.24749717646693,-1.72496049490165,0.611082271161388
99,90,-2.43880381203311,1.22902532393134,0.660296654591812,0.832519132767911
100,90,-1.4919335777044,-0.827391485219426,-0.370322758775408,-0.694855822590059
101,90,0.793465974735013,-0.913775071739647,-0.0382582512005122,-1.48023135378592
102,90,0.141411081298897,-0.0816729311798869,0.215409837506768,-0.150135590420472
103,90,-1.01479220138168,0.908797419698216,-1.0661431197939,0.648449245696177
104,90,-1.22440632098492,-1.11032831378049,-1.13191345140009,1.1209900483682
105,90,-1.72379526901185,0.225570239785477,-1.03158126159841,0.359990312090118
106,90,-0.47656977870077,0.926637015476277,0.573926783247367,-2.45075066673279
107,90,2.20097113622169,-0.075912133616842,0.361512312123144,1.25938912570598
108,90,-0.218732202486341,-1.54954652122924,0.790897223108599,-0.174182303301107
109,90,0.714730684104454,-0.503414579780291,0.0964032242525125,0.293980953062364
110,90,-1.20404303119315,0.0120416866011969,-0.19787467464675,-0.476722246769817
111,90,-0.0956274700103045,-0.838455567479504,2.31908851112716,0.192168835536419
112,90,0.525469180750277,1.61373095826349,0.402491644502633,-0.758749416287597
113,90,-1.85358906228681,-1.35743463434741,1.28386507502824,0.00269643813661989
114,90,-0.387776679962769,1.49987561514851,1.67227819222893,0.309831286110984
115,90,0.340853044245091,0.389732250289421,-0.208682724570536,1.66925729535768
116,90,0.0427270670371651,-1.81967040885961,-0.257001314279194,0.969077555414871
117,90,-0.148393093022937,0.046453111670943,-0.297998706262424,-0.68883101245057
118,90,1.67071639329813,-0.169686497968469,-0.0235301117289571,-0.871319049111748
119,90,1.35381252143247,1.23073363751569,0.407644384914284,-0.703386162148045
120,90,0.857447561591681,-1.79864431996047,0.205292694187132,1.57314444017085
121,90,0.348910551225084,-2.60470133484401,0.874448366504637,0.668400854872208
122,90,1.2277803415789,-0.435652519797997,-2.99425982882655,1.07144755092931
123,90,-0.00467670107053007,0.135463177113195,-0.34867587378561,0.514101879827625
124,90,0.139429512310414,0.617944608765559,0.286528101119509,-0.723097158690544
125,90,-0.017184353943215,-0.932253094538313,0.700142616233943,0.0572166295539088
126,90,-1.64625519929035,-0.243013796609975,-0.153284383341077,0.156072410080104
127,90,-0.47918071997241,0.834450379502779,-0.391455545429577,-0.0332707303233154
128,90,0.615851974289468,-0.620379332791807,2.26880595841856,-0.0515427467923937
129,90,-0.2719878813671,-1.7321632902796,0.229223123853617,1.17863865409322
130,90,-0.481362003770873,-0.504545945433232,-1.26330749179188,-1.22842302898285
131,90,-1.31570462797471,0.309344258414903,-0.448930651213051,1.93457256753286
132,90,-0.415221465972945,-1.56435207004486,1.530519972604,-1.21776840745994
133,90,-0.436693388506008,-0.871310637570676,0.0437992852379949,1.20033693396262
134,90,-1.51049079557525,0.397497963685276,-1.15345308641986,0.341072906575703
135,90,-1.89704017131876,0.0437463727432087,0.710949922926586,-0.944631880929288
136,90,-2.278997891076,0.00755076128853902,-1.14443009185129,-0.0303440522756367
137,90,-0.679127606379049,0.172394881681225,0.427563803979531,-0.271211389263994
138,90,1.73457646653006,1.24458771151654,0.431612839866779,0.660108601070313
139,90,-1.59277754499286,0.0954411090454661,0.265537227545189,0.551295019897808
140,90,0.68589436982509,-1.21589474273629,-0.118113294062518,0.192553669589823
141,90,1.04537508185996,0.0369616848002662,-0.17671765347303,1.64170639519129
142,90,0.0241468115177306,0.688916034316342,0.160783320879551,-0.196107540412682
143,90,-0.0671276449222762,-0.110391818269908,0.0538737709565259,-0.939187255641663
144,90,0.84872756579358,0.0772873171008265,1.4003982292049,0.785995427223842
145,90,0.145950929573481,0.909164604306412,1.0817519651061,-0.192756836148682
146,90,-0.462379876533896,0.923398892730716,-0.241198119338903,-1.84093428247486
147,90,0.662201575885768,-1.68985613114352,0.441802530728312,-0.362131147677435
148,90,0.231468399965878,0.360717816650206,-0.860249365126314,-0.0502155622979694
149,90,0.641806506219834,-0.201220308663061,1.77625776754209,-1.1711934560125
150,90,1.61244515461208,0.929931241394361,-0.541605114770506,1.78738406359236
151,90,-0.92722822780545,-0.0440072726901462,-0.339520064671401,1.42568295672056
152,90,-0.475097477390986,0.885901497480039,0.679649143172092,-0.632234680265709
153,90,-1.51310691231059,-0.933920688148319,0.281952744236295,-0.601758126151953
154,90,-1.46717205124409,0.144329219827865,0.0111004005068269,-0.788461210634149
155,90,-0.768872735335295,-0.275524354329772,0.333329965439355,-0.99151750282208
156,90,1.65231191572029,1.56331429618123,1.3263503060388,0.0337175750414398
157,90,-0.699986064432634,0.209842746431189,0.177990052078981,-1.71407794425081
158,90,-0.00666154188717571,0.676106897342174,1.157438713743,0.504098886065054
159,90,-1.15616202458406,0.845737672910792,-1.00784589499618,0.318948768346189
160,90,-0.149552976032453,0.53268575100036,0.706969514496718,1.21154633339528
161,90,-0.202964113061221,0.768192281028103,0.478763321748883,-0.251459754743554
162,90,1.12339367840871,-1.19841497097906,0.0577235990767805,0.567810626186103
163,90,0.291096360747486,0.705769663364844,1.71439960283473,-0.835504664815545
164,90,-0.190255208093604,-0.728134519298632,1.18156791272519,-0.430328941953285
165,90,1.20916024216482,0.0728753162073869,-0.701395748133544,-0.297873397011517
166,90,1.31297798981342,-0.0640002234484128,-1.97069995104893,-0.140007109013061
167,90,0.123035478989712,0.713891002820629,1.98012467999321,1.1815463891551
168,90,0.262425390138386,1.45134005865114,0.610201241517763,1.41163794018844
169,90,-0.0904429602714837,-0.717168844835612,0.99741779511005,0.0032808625694011
170,90,-0.745224132575478,-0.705093304908648,-0.200480971557148,1.41395732977666
171,90,1.63992391748123,-0.880071253097831,-0.213134322582406,0.827237358784846
172,90,-0.475920465138733,0.384699444507448,0.285101114101193,-0.838492686618768
173,90,1.43027112880249,-0.294921338321346,0.635088083513666,-0.472461948724422
174,90,-1.81942657035656,2.25542222445444,-0.80831188147165,-0.503816466689318
175,90,-0.510288290531037,-0.368574288175188,-0.246348160803741,0.141425328856629
176,90,2.99966917437934,0.778416556940495,-1.04893820410852,0.0732269658989753
177,90,-0.0632120036629622,0.644382413999325,-0.25160578640954,-1.66155892334191
178,90,0.837297803458186,-0.324381052008328,-2.25982317702464,0.426176381522239
179,90,0.353752936608026,-0.719056073852773,-0.719935021609265,0.849900147208729
180,90,0.93732906325674,-0.48057557348063,-0.315509342571056,0.00174599556563381
181,90,1.27010900309601,1.32292368457383,-0.30943694041753,0.0539786404378258
182,90,0.95135831483826,1.29881300928147,-0.464050246675555,1.17116185858086
183,90,-0.81040403421837,0.516957754148483,-0.097931889282395,0.299713789465666
184,90,-0.127753683064683,-0.441514004365315,0.265516133940833,2.73810320407443
185,90,1.0913690078528,-0.747351823407542,0.800817484944245,-0.320142295463963
186,90,-0.0665069496146536,-0.941726534339135,-0.315660112955683,-1.0038832160792
187,90,-1.14953963028195,0.928090061123513,-0.0286699603826058,1.26050573210889
188,90,1.19983957287744,-0.805713200899702,-0.432285851448022,0.586410987083305
189,90,-1.14028971752766,-0.170293213002545,-1.70812297608074,-0.131997811789232
190,90,-0.951877767157711,1.01164398910651,0.0186419367355529,1.56580741830451
191,90,0.748999744967861,-0.187105227870396,-0.335544772283202,-0.204236175695239
192,90,-1.56856749239748,0.299395632999348,-1.23029307733612,1.13483505996697
193,90,0.419913798990394,-0.200284211365046,1.53030619504152,-0.568269933401366
194,90,0.366560429289682,0.365064048359522,0.4910453570187,0.633040097844038
195,90,-1.9373578291188,0.211842434506498,1.1042865442829,1.32068118778715
196,90,0.845130601473326,0.776072236858493,1.48960330628984,-0.586901154968958
197,90,-0.694860737347247,0.734895871308143,-0.113231069047019,0.0829120782552209
198,90,0.785849332719512,-0.76763759260313,-0.0803680181173233,0.219585531639328
199,90,-0.9073185731846,-0.902683111466228,-0.329148190413477,-0.235187105036694
200,90,0.397340737919008,0.9743953384117,0.671059698619096,0.0211813747229155
201,90,-0.318916778306127,0.800327203008065,-1.00515500143118,-0.892550855531998
202,90,1.72206792224376,-1.5277484720098,0.105460407288582,0.263967386344051
203,90,0.134146387283494,0.70821389416425,0.513120852268169,-1.97759722028739
204,90,0.436568304432533,-0.738729720816744,-1.49318320848803,1.85074617730002
205,90,0.700919449241525,0.270752771038622,0.0845244013611633,0.890490424636576
206,90,0.484444580472597,-0.897794910138031,-0.670053945706773,1.46881676203133
207,90,-0.429891936643126,0.57652455078511,-0.294702151305418,0.604378541920295
208,90,-0.217446864932476,-0.44304661236534,0.996417344738193,0.61808713157556
209,90,-1.57492705696268,0.862314203453872,-0.558761346982408,-0.688417722948304
210,90,0.524849022207,0.697803742249519,-0.632034607765259,0.0192233143029639
211,90,-1.09678097380102,0.178915112113655,-1.03725409660446,-0.238488220493744
212,90,-1.84849585754716,-0.77207421796507,-0.244075203311997,2.44304978197852
213,90,0.21446546181771,-0.756181322912665,-1.46663531425008,-0.622145984101713
214,90,-1.44430430410126,-0.932026326608717,-0.113723227754327,0.235201018857904
215,90,-0.664657702184797,-0.140724418631133,-0.216859974326417,-0.0717413531499269
216,90,-0.21820076941189,1.14379495690837,0.428427905285182,-0.0597670418803259
217,90,1.77572791565229,1.24516731903856,-0.804468100321996,1.44144182183449
218,90,0.634553996313182,-0.213743004256924,0.144334546922868,0.529742602630276
219,90,-0.428528430845562,0.214473220906756,0.250119856763164,-0.570046373768913
220,90,-0.0495332889372185,0.263139320620395,0.266952724258543,-1.31912525512066
221,90,-0.205573862349571,-0.918580449294562,-1.06695109485443,0.391291684497679
222,90,-0.145497517038183,-0.109725426407986,1.31203621846537,-1.49402784516794
223,90,-0.285839446720934,0.163966232420814,0.109119913500433,0.586806433346373
224,90,-1.56556823216967,-0.577454087805912,1.0330325168558,-1.19223781214976
225,90,0.255026823244747,0.158669357184385,1.73542676770392,0.0705952459915256
226,90,-0.0344047349304986,-1.84510304378138,-1.64070733378514,1.63138999719998
227,90,-0.530415857941461,3.09247792417727,-0.671654597139555,0.138201336653675
228,90,0.0580524376274368,-0.0221705373986829,-0.11017264174801,-0.731326027140826
229,90,-0.127326867860911,1.60068311933132,-1.62883468840425,0.179078168975377
230,90,-1.2480264050183,0.936412705785355,-2.50612642236713,-1.38447846722637
231,90,0.766656467528391,0.730126387760893,0.224042246127467,1.33623612883927
232,90,-1.12471553204206,0.046375277833181,-1.62943344917787,1.40340869130009
233,90,0.221065858183562,0.0288243805476704,-0.46330436498291,-0.0849565766988234
234,90,-0.569877183945891,3.06476447258552,-0.797799152335799,0.563407710857964
235,90,-0.210518085847027,-0.890608421299387,-1.28097761011101,-0.239904221955856
236,90,1.7059411916328,1.98888939295498,0.444157915520511,1.08725809498244
237,90,-0.423017082602598,0.0862536231885698,1.03346586312991,-1.29795490388833
238,90,-0.134587235700793,-0.157127490402112,0.0808799330996726,-0.781129847528159
239,90,-0.656665479212446,0.479195085374555,1.72002657913495,-1.1576432415204
240,90,-0.215465517094678,-0.789807083121167,2.60440854349849,-1.94421738145644
241,90,-1.66893849757125,-2.56729410422121,0.201059717928088,0.929082199328794
242,90,-0.743749101413521,0.705965544982026,-0.401141066557626,0.115402003345341
243,90,-1.23075097154732,0.130171804817623,1.45309242466723,2.37758503855217
244,90,-0.455712678000898,-0.0246442549327833,0.0816739869291689,-1.53255128582628
245,90,1.33107623255837,-0.271923542351896,-1.04646025281872,-0.282809953846208
246,90,1.70880794319336,-0.15086084360917,0.252019513487021,-1.22174060119663
247,90,-0.735246421147754,2.65824873211605,2.7577549403543,-0.342736142391
248,90,1.13365706858688,-0.335030503482158,-0.672989518993856,-1.34072402079898
249,90,0.00690173563724247,0.560493951713517,0.157822683407077,1.32782755718235
250,90,0.962672944995129,0.573819636200465,0.148250984422761,0.650274364647723
251,90,0.0662196544874532,0.345893459684571,1.08913080428781,-0.645510537062711
252,90,1.11414761607868,1.44149519988647,-0.735704340131436,-0.0309413254717858
253,90,0.544029287101878,0.177829270453171,0.758708997676417,-0.0337074175946166
254,90,1.46310196699818,0.903597707517884,-1.49555763230901,0.103725239456358
255,90,-0.339621986402976,-1.08423699141138,-1.57694693049368,1.07421762716839
256,90,-1.74912362558698,1.16779569140477,1.092865137692,-0.288340377712032
257,90,2.23842080753895,-1.84910939086123,-0.171941689689921,-1.35170366858878
258,90,1.62065895926862,-0.741104454657337,1.68003582733605,0.543198991074241
259,90,1.00995842624922,0.628359145062009,-1.74210851582741,0.0466021925991336
260,90,-0.0815708040292587,-0.278255543380647,0.301288836251245,-0.231415531482728
261,90,-0.448747986413642,-1.16084922401484,0.421646320013731,-1.24756574980217
262,90,-1.42929835241198,0.385629665026435,0.321368167502586,-1.37833190256954
263,90,-1.54320156073807,-0.467563067583874,-1.31133762337836,-0.390520542161496
264,90,-0.444166311777251,-1.78327434618871,1.99038756664813,-0.959741104632345
265,90,-1.10997626086852,0.364272897511961,1.63192980870833,1.59441413425494
266,90,2.2822372270907,-0.563604040735746,-1.81223743374293,1.02421453104791
267,90,0.00294494974081661,-0.564158267237751,-0.168532983987008,0.442846824755022
268,90,-0.0228063034826328,0.565529383223664,-1.05284366361051,-0.0549169168119186
269,90,0.0506889493284444,-0.519463523809065,1.43909848613338,-0.600154600196423
270,90,0.962372323811994,-0.554205307901447,-0.700410342442746,-1.51851141002575
271,90,-0.442590329456699,0.383601417054906,-0.54209796325868,0.852975258935034
272,90,0.762153641468768,0.169139250031787,-0.0123127158006977,0.0697660891227961
273,90,1.941435062631,0.191035333993156,0.902428632590414,0.913415059386863
274,90,0.273080148733342,1.43362647046556,-0.962615094549355,1.24248992461789
275,90,-0.666496892092736,-0.238436137315096,-0.232701262894497,1.07770827060045
276,90,-0.33359050917314,1.21338611885815,-0.014155915810956,0.445859229680661
277,90,-0.114623378797246,-1.67869155437658,-1.53122400880392,0.75997462763346
278,90,-0.138726346983535,-0.617040272604949,-0.221557507590113,0.0911916699792593
279,90,-2.28968229132805,0.345798890081298,-1.6892015295933,0.269289528896542
280,90,0.379084068539491,-0.1285893152145,-0.335702713402361,-0.585119658565636
281,90,-0.613737642567468,1.6298091386209,-0.148516214338745,0.908943596688733
282,90,-0.747233086579295,-0.934339158068302,-1.80293291901078,0.369274769431453
283,90,0.519330832957194,0.692403948878815,-0.463726478905519,-0.565775154044047
284,90,-0.938819411401804,-0.936772155257734,-1.7147735081294,-0.991205430700577
285,90,0.225935509075885,0.397000561883699,0.602850416052479,1.0235011809672
286,90,1.98731441346315,1.80841356760671,-0.556408007205043,1.32417713120072
287,90,0.712834812179869,-1.27080927486939,-1.31489271126808,0.258745961600058
288,90,0.885183768519645,-0.524538940885328,1.837725273043,0.996023128738076
289,90,0.33544846371106,-0.3026509741199,-0.298070786169996,0.883287684542505
290,90,-0.307713072689059,-0.233936521475969,-3.06901045634326,-1.5190656021082
291,90,-2.20700859099416,0.426006243151565,0.524409545323772,1.48626181143831
292,90,-1.76484976040827,0.482066684915559,-0.281602853831311,-0.741123742823919
293,90,-0.554468288208312,0.788009389003564,1.02549319693326,-1.20186869301781
294,90,-0.922555623132712,1.4638537951112,-2.51606661871128,-1.12015048859712
295,90,-0.0334004513843523,-0.0969358753440404,0.0173314769172735,-0.892683683305306
296,90,0.563645812507303,0.160867739940227,0.107433432306361,0.0726627798208455
297,90,2.65929689291793,0.181405770382923,-0.185424583919163,0.886891125478798
298,90,-0.501785922336104,1.04161185577142,1.97323056730195,0.753534261308398
299,90,-0.431571154896279,-0.642953643414008,1.31501401604885,0.733086359633333
300,90,-2.18351530962301,2.72854144519119,-1.85010492309629,1.84191396099392
301,90,-2.48557302437472,0.320335626913766,0.42974567163841,1.47326794427059
302,90,0.345788308569028,-1.06228589242694,-1.76220623487325,0.0203326034169093
303,90,-1.81710981772878,-0.388994270403893,0.999719161331279,-1.196651947625
304,90,0.779085623855805,-0.907928250615051,-1.8594586421442,-0.722731130270327
305,90,-0.590105027265006,-0.690903449937551,-0.581598912905084,0.979720130634671
306,90,-1.01425754584081,0.41612384001424,-0.0729653583819,-0.0500399869818591
307,90,-1.46890613299966,-0.443063604943328,0.336028103915228,0.585482598217528
308,90,0.442606687287712,0.904778140189607,1.36646264876215,0.100875055231068
309,90,0.200361303143981,1.17862368511414,-0.821494682626087,1.35745605136336
310,90,0.16365948751427,0.56350933847791,0.833137457295457,0.419225877155332
311,90,0.291856968175878,1.16765471746708,0.515371000417807,-0.267702883066095
312,90,1.43291146807463,-0.780648496560968,0.429729346535829,1.27244990698892
313,90,1.2414366106881,-0.849724436300881,-1.43862298350744,-2.07492445936918
314,90,-0.7477417676143,-0.237698435436235,-0.257158623020074,-0.424091937486468
315,90,-1.01332879063347,-0.196683171635653,2.4810019389889,0.914111539012374
316,90,0.324411905348569,0.261131137934082,0.000657760369388839,1.25259151821374
317,90,-0.99005233477032,0.0559039442255277,0.63128018952388,0.843240841959595
318,90,0.521764899793751,0.541290466177301,2.06505489754397,-0.715045161496637
319,90,1.90440042936968,-0.68263111833693,0.911826964982638,-0.236860341710736
320,90,0.795227151858459,0.188446348586894,-1.92807803427647,-0.767438444229499
321,90,0.813171069816878,0.509574594679197,-0.0964431811200716,1.09895369631313
322,90,-0.475093039847075,0.941572698367202,-2.20619124284406,-0.597897557669797
323,90,-0.772546760928763,-1.61206530148843,-1.2773064263843,-0.825172362286621
324,90,-0.0937453551046471,0.247497886885739,0.0398864354632701,-0.201315885288477
325,90,-1.56265519159973,1.19004362150311,0.254060657900007,0.452107491855733
326,90,0.103815032073579,0.539024389656533,-0.383918407712553,0.10416257346204
327,90,0.561110742397798,-1.53736578978946,0.726606508601611,0.633896572045133
328,90,0.0565968073788136,-1.87857542589727,-0.0572274540669869,-0.38914126580092
329,90,1.39124457719354,0.355219487747093,-0.285104922095189,0.0954004962974421
330,90,-1.03968359970398,0.675513635579892,-1.22457402281136,-0.392373044920131
331,90,0.446693255619099,0.476183296367788,0.466990393538006,-0.708114244319508
332,90,-1.28027356040186,1.50436203028214,-0.265446624897075,1.48994719859345
333,90,0.149566387788849,-0.368741801780626,-1.06922321727418,0.0474272908032267
334,90,1.69985583791568,0.939965914143266,-0.0820170789059109,0.720391906518315
335,90,1.07157535381385,-1.16126445370714,0.266868702794243,-2.05879618745523
336,90,1.36341494929349,-0.317499455808436,-0.394815908274791,0.490806289923837
337,90,0.32748830506801,0.212831504676546,-0.58469418986075,-1.86611742346663
338,90,-0.0567760431960725,2.90325193005315,-0.483523689482435,-0.0567347421298064
339,90,0.188113870804711,1.09197060087224,-1.57089768256544,1.08139361464477
340,90,-0.167485847593761,-0.749450990743674,0.753505229197957,0.632288297568241
341,90,-1.69760600507284,1.89077990352746,1.82361776747427,-0.307812606337142
342,90,-1.13509653549823,-1.44431849590638,-0.18829901278529,-0.458681435934559
343,90,0.453251012408221,0.586027593921778,0.340619109321383,-0.509420160543275
344,90,1.99578351272024,-1.41856832208704,-0.323415595301609,-1.12326697353964
345,90,-0.310533041807681,0.289084599708501,-0.345920143871266,0.541899002373522
346,90,-0.724065519175565,-0.34153481593556,-0.357039459920235,-0.850748194017875
347,90,-1.23908447477765,1.23560163600501,-0.65639489958616,-0.113474918605453
348,90,0.0850287009996085,-1.31582536685384,0.212268575659084,-0.702158017910754
349,90,1.12659173567388,-0.486803450487051,-0.0576204755643683,-1.65271141309527
350,90,-0.458500479192988,-0.566372604958042,0.419178551432908,0.662129330588054
351,90,-0.168628839201385,-0.943759033430424,-0.463426172748116,0.565619261977975
352,90,0.512316969560271,0.280938592069837,-2.10853188009353,-0.0719178139452776
353,90,0.976019347904311,0.205363496219666,-0.146627321031343,2.01826491817662
354,90,-0.00778485750949905,0.718826551533968,0.376617122681492,1.45177140868645
355,90,0.232974819657793,1.1149467461926,-1.05958788037522,0.971041399019817
356,90,1.03029101995642,-1.30426185352387,1.53171855222466,-0.59178821400421
357,90,-0.637788503245968,-1.15638078342844,-0.624736010343433,-0.596588828179527
358,90,-0.575190756808587,1.4592217601647,-0.400588610226234,-0.321963019196038
359,90,1.78957306900514,0.0782564039756099,1.28086581595963,1.52238868985849
360,90,-0.945029672101193,-0.0362832858586058,0.885128055078296,-1.76815755507897
361,90,0.438869186347399,-1.39215169325251,0.729332854452741,1.64664375192309
362,90,-0.799050889339038,1.87300978103286,0.700082498977086,-2.58534348104216
363,90,0.339081148436509,-0.27927263371332,0.735641260717875,0.608118432531945
364,90,-1.12427255451637,-0.515538905229518,-1.6317236649038,-0.97571807635112
365,90,-1.6042611972444,0.338669647396295,-0.937836608645492,-0.0143543988254001
366,90,1.01450887285443,-0.790759750112232,-0.653451225913986,-0.238031952497378
367,90,0.124584547083009,0.884106474297034,-0.370335934282724,-0.417278861016458
368,90,0.312201900370089,1.05167433998143,0.792322492104854,0.312967941282963
369,90,0.143472804982,-1.49187568234368,0.48630935846118,0.27417882424934
370,90,1.47674590818972,0.246885791650884,-0.345212958697163,-0.255975153054966
371,90,1.67525026945412,1.25309915254936,-0.525480321682531,-0.135081815238421
372,90,1.8197476252406,-1.10661549340172,1.07646573439056,-0.0745461574300998
373,90,0.672330361030676,-1.94676506389885,-0.693462992314441,1.24174557089574
374,90,-0.0198217925730268,1.52831437778732,1.50319447561942,-0.69387534550316
375,90,0.628684766310624,-0.110014101001968,1.02060849120951,0.686670792947022
376,90,0.442238278660674,0.49350239803421,-0.631464605928392,0.20300972346406
377,90,-1.31837558850142,0.0429299813437174,0.0849845815584982,0.531725596516576
378,90,-0.947932570352384,-0.705562965216897,-0.503859180038464,0.211843893005558
379,90,-1.85647345112389,-1.40977331963958,0.105971706287761,-2.22300629320878
380,90,0.583248792883518,1.24714636302001,-1.60710442491593,-0.047317739575974
381,90,-0.232348260551184,-0.894078244584763,-0.934152390037659,-1.57993121965591
382,90,-0.149939156420991,-2.85472083957378,-0.418549231037535,0.337112430850509
383,90,0.256337320403966,2.27946587953699,-0.329061595015032,-1.96348011835939
384,90,0.224858954313995,0.0295332659128317,0.286921721824363,0.501314752801836
385,90,-2.49814196409336,-0.913123187055084,0.694097737880946,-1.27970123521746
386,90,1.27174630680776,0.551842084377587,0.253698353020552,1.27990906401863
387,90,-1.5851189748832,0.087226991712587,0.458643953966806,0.997310462469715
388,90,1.54530033698782,0.0865562862558766,1.06813720183672,0.15384266097487
389,90,1.30437479361374,0.322867337652841,0.228193957693875,-0.755848772965786
390,90,-1.38182455403889,0.664512191004857,-2.05715880876062,0.541472967459
391,90,-0.402446816888878,0.0856331951555632,-0.19874644298023,0.747783357712432
392,90,1.04673851609239,0.124381035477794,-0.0659273102182423,-0.84662069160712
393,90,-0.664223303882383,-0.631772420892716,0.34445298019612,-0.348514088802532
394,90,-0.842794770813984,0.34758421066008,0.455137196018897,0.0547686413658937
395,90,0.521663792887807,0.078151080580911,0.411745993187076,0.0148066600940497
396,90,0.35157805164004,0.893711367414127,1.35174544836628,-0.159848767634406
397,90,-0.149123905073112,1.82453446256601,1.82330231823243,1.33325315156985
398,90,0.0956307230013467,-0.395747723980969,-0.0427590017791727,-0.0987304789662662
399,90,-2.14912403042723,-0.743738164726649,-0.926292748470276,-0.165188939528728
400,90,-0.537952105137088,0.151553475196584,-1.39471726900414,1.69607601794231
401,90,0.00334871830319566,-0.417572031139418,-0.26303460565002,-1.60641159842044
402,90,-0.842698266348156,-0.633062017308962,-0.765466166938371,-1.54806806365631
403,90,1.08066152441612,0.658594090851618,0.0347053935660012,-0.146182564060432
404,90,1.3075933070286,-0.295416062161449,1.12293738343746,-2.13132559125597
405,90,-1.3607961044418,0.650320441686665,0.362723736007695,0.592447888990309
406,90,-1.89133400986503,0.597793302222119,-0.412164658112496,0.981400097211931
407,90,0.481042841686798,0.917364443497384,0.208249005984728,-1.10284568533974
408,90,0.0833412795340771,1.40286557446292,-1.85131898446958,-1.23487549269519
409,90,-0.325910154137564,0.144983559062156,0.353762949346319,1.33929584724753
410,90,-0.641346424931207,0.469659083157747,-0.72815833404766,-0.0382658077507004
411,90,1.28362529320807,-1.68882468857291,0.405938683640681,1.5839982642677
412,90,-0.172524533032041,0.146133051948252,-0.144589461227717,0.632192038672947
413,90,0.191478701903497,1.00124976273178,-0.144016655769963,-0.960800628976203
414,90,0.190526832994028,-1.21915683195044,-0.726734320595877,0.370035809212006
415,90,-0.61676817634107,-1.56573691316441,0.553429629531376,-1.11074377576832
416,90,0.801046126965958,-0.495400765563384,0.288898469346828,-0.198668676205456
417,90,0.664224970579247,-1.48334142454408,0.121494439431769,-1.76404334920649
418,90,-0.480186702236033,0.0899200002235368,0.158993248200504,-0.0509918772937901
419,90,0.249969484598931,0.128726468158968,1.4843368354576,0.748073426670834
420,90,-2.15152901362954,-0.173320062430347,0.554523887371772,-0.967206338035255
421,90,-0.891606808041186,-0.11816610069507,-0.420749171100234,0.508315633585881
422,90,1.13743318478854,0.263695026376702,0.266430873838514,1.44416657947652
423,90,-2.03408850404306,0.297685370621338,0.681914619240049,-0.0128713122278502
424,90,-1.72874354125083,1.12694797170095,2.03587132939522,0.734759106798948
425,90,0.29980358680466,-1.04091097590923,-0.201174224404255,-0.252665193784518
426,90,-0.79940576872307,-1.24509824346434,1.10507993083088,0.821770059351626
427,90,-1.70520652358961,-0.449615013498282,-0.516977609542751,1.34519126638564
428,90,0.0761525137266803,-0.620255141607961,-1.51620362213885,-0.380501290252209
429,90,-1.50322904255858,-0.784392478862516,1.01443511456566,-1.79777326765266
430,90,1.25598513555,1.01518378245476,0.559751437024763,-1.39766143749786
431,90,-0.537874290976096,1.95512382067779,0.302619453028979,0.334445296429765
432,90,-1.69457573958699,0.93844827560221,2.05466961040481,0.17625802150795
433,90,-0.506404553850074,0.626619028346123,0.00493590142646232,1.15364492101933
434,90,0.473190594614614,-1.39710378448259,-0.204936487377227,-0.864949216920168
435,90,0.816100306650702,1.08588108522965,0.0518321961225634,-1.10996327313553
436,90,0.492639934188227,-0.468261506979355,-0.641942994473115,0.300737438469019
437,90,-1.09834817334315,0.512445158046761,-0.254400568070413,-2.31344107554741
438,90,-0.256526630417455,1.46537534026463,-0.102090925312821,1.00915684593999
439,90,1.57062832336805,1.48571243380018,-0.398069344278773,0.220980565597063
440,90,-0.0895523168576804,-1.43947615488654,0.113058624918879,-0.4882585179402
441,90,0.760884095581514,0.11974888917279,0.101312896468161,-0.410377349983568
442,90,-0.655380262425144,-0.244876248605568,-0.395330024017671,-0.268487421812505
443,90,-0.75579954042317,-1.42797457237183,0.999606875108233,-0.733979532308401
444,90,0.683520493915201,0.916215003497072,0.54105313977036,0.748801969711489
445,90,-0.676654283691754,1.73243887704075,-0.619355460910814,0.952676862454254
446,90,0.895038921573354,0.417015211156654,0.054905756767662,0.0487813135147554
447,90,-0.136888836630867,-1.10632680832704,0.501315001125302,1.13649953063309
448,90,0.118594526261791,-0.618279082471961,1.90616195823147,0.137242899028544
449,90,-0.852748073762258,0.386045971754211,0.897231021624484,-1.48528758261495
450,90,-1.42414218769309,0.95413872908778,0.528560895062505,0.0933726388134476
451,90,1.49942448943682,-0.717184803617936,-1.29290137402917,-1.41215209649289
452,90,0.99023066649387,1.97188697148754,0.604836363395999,0.472147331214926
453,90,1.45885308755082,1.21185510872162,-0.312106998977261,0.347701222562793
454,90,1.12489678727254,1.91890267724757,1.88081799522561,-1.36222389909766
455,90,1.64587567329477,0.751781410477878,1.24241820968439,-0.767721098443348
456,90,-1.42535688517935,1.0025746226011,-0.781766951847813,-0.40236312399051
457,90,1.93262422943485,1.70646714824976,0.668028011829915,-0.627149391921876
458,90,-1.15932131008425,0.398631446109801,-0.816404316988566,1.2588432953314
459,90,1.36478163717222,0.193291365737456,2.28776755517347,-1.52186576480729
460,90,-0.102460452014459,-0.00237123743555081,-0.168948404442536,0.874822472396439
461,90,0.214053086363191,-0.798596398537473,-2.22196712234073,0.328410106267121
462,90,1.04013574921951,-0.989724860227418,0.271595251992138,-0.432187944689991
463,90,0.867756544541722,-0.904435995601762,1.0509697532089,0.476464222515312
464,90,1.17723385922347,-0.649291132497343,0.777812715108048,-0.20600577211112
465,90,-1.56858079554273,0.777379122922356,-0.728464199131762,-1.997571271757
466,90,1.21903748285736,-0.700404022055712,-0.506897113702861,0.499790174297989
467,90,0.0840786473847647,0.797147216075874,-0.601984676967314,-0.832498365654078
468,90,0.57462918322649,-1.10737467858112,-2.55635336937371,-0.472419924521144
469,90,1.13271571190052,1.1635473684363,0.034744270881333,-0.387136525996091
470,90,0.325790701026882,1.06959822800071,-2.18824552522719,-2.34303670933532
471,90,-0.730608238923063,1.0248439781547,1.16160978210747,0.0935566523799552
472,90,-0.765595621496748,0.913279951268809,0.833623671512805,1.23902586396475
473,90,0.101780650800346,-1.28095580315187,0.454804004738974,0.0656502909310506
474,90,-1.37224861866759,1.95904082582661,-1.02895413875534,-0.0843150077163578
475,90,0.883524934348274,1.29816558059443,-0.874319020357241,-0.563166974811907
476,90,-0.89674774401223,0.633115347599425,-0.911191005603621,-0.346166057237008
477,90,-0.927975345095467,0.270368537744145,-0.965226652605342,-0.0494230336884916
478,90,0.689101909358921,1.25787149238766,1.20895065819644,0.102086674490303
479,90,1.21900039207935,-1.3242453840171,0.0975489491285487,2.13586738078036
480,90,0.493046356123916,-1.0042154235677,-0.0248694827828495,1.94034637106809
481,90,0.866597718327891,0.578387119700729,-0.21770400048258,-0.308659002577747
482,90,1.53619215685225,1.14205827349177,1.32890870199295,0.00829018326030934
483,90,0.872375045274482,0.188311812569571,1.17348953432029,0.157483969445249
484,90,0.129856806786538,-0.775324930979783,-0.941762937453837,1.28275904414516
485,90,-1.17729532407106,-0.413173561457214,-0.206216827784355,-0.101310906028393
486,90,1.26340223767086,-0.39826006272955,-0.424736862568971,0.0434478999023101
487,90,1.08517375172926,0.978725191166375,0.459012924816132,-0.350221794475602
488,90,2.10899821580059,1.10784049863833,-0.296257638657658,0.328923332847198
489,90,0.478253211870155,-0.652141677006002,1.20456977282453,-1.44966672439973
490,90,-0.0204288646602621,-0.480621052184666,0.986745157395041,-1.43818605722748
491,90,0.046103537449377,-0.20252753773441,-0.805968720394271,0.238257539962526
492,90,-0.78997544233379,1.12772520574402,1.34020534788533,-0.758492534085552
493,90,-1.01393950073006,0.435492609967473,1.2309417955756,-0.0594704809736504
494,90,-1.00059142748844,0.302467112325178,-0.831296347098061,0.688803826347745
495,90,-0.650881098714666,1.29551306714308,-0.844467395369542,-0.170593637620778
496,90,0.516812082703828,-0.0257806618499549,0.558485308848245,0.568014625918103
497,90,0.16746083260433,0.572708795557674,0.202342972885643,1.07730136993399
498,90,-1.15382868963852,-0.440974757831851,-0.241385499930294,0.155709886779359
499,90,1.44215158540949,0.0252610907829547,1.55740951324503,1.12012627368453
500,90,1.74715532761028,-0.315256716850351,-0.0244682093722061,1.08575844669269
1,91,-0.718136884971205,0.319300994004216,0.266604966056844,0.286833126877478
2,91,0.818455337623781,-0.312163547078597,1.43730874688942,0.0524399636957727
3,91,-0.599561738623113,-0.980811258219238,1.15922886453541,1.97312002523969
4,91,0.268708202114347,-0.547261244648624,0.639003370400326,-0.864877789240096
5,91,0.100679444900888,1.4900281902975,-2.08298647450423,0.88021162281878
6,91,0.0262532513752368,1.23999486383082,-0.0491695812490875,0.315916935236975
7,91,-1.34393114756194,2.15072387353779,-1.52426921337551,0.388396359938481
8,91,-0.557810811164035,-0.542532505441323,-1.33983331813202,4.01547358121944
9,91,-0.28788506734116,-1.19766619226663,-0.0790472448943714,-0.575512170306113
10,91,0.0373616391044393,-1.47171110164455,-0.916220412519177,-0.705497396136091
11,91,1.11812486411556,0.187256253496017,1.36859661855028,0.187010686328315
12,91,0.0987910624452005,-1.16201106761711,-1.15756427013341,-0.340917009600141
13,91,0.357401918421535,0.919438909709015,-1.77241743900587,0.619971916574582
14,91,0.876010499841162,0.423345787874649,-0.457566703810936,0.361339889879125
15,91,-0.55747709231568,1.47338284419724,1.39046619119407,0.814895727234674
16,91,0.0371535349929398,-0.850274464712764,-0.301913301145868,0.5151350430961
17,91,0.405026252315874,1.30905740689819,-2.1290507559056,-0.394655172602241
18,91,0.773681969452113,-0.54613796882886,-0.543217172075903,-1.17552561608399
19,91,0.7678006977319,0.092006272184833,1.09496441898427,0.363165652871332
20,91,0.0607704801675979,-0.368288609556959,0.520208357428718,1.04505663151577
21,91,-1.85335460935719,-0.455607933873901,-0.67262141495062,0.0588490461086881
22,91,1.66139639488594,0.0553140238811757,1.06051175943135,-0.0185058892515142
23,91,-0.036208798013768,1.29847152676468,-0.549812040418935,-0.351827427032689
24,91,0.194824533546348,-0.224520793794764,-2.07503268572971,1.34992769287515
25,91,-0.246057417061418,-0.609502209399039,0.0403060621685186,-1.04018132184057
26,91,0.0724101248986494,-1.10669835449979,1.71360579842121,0.0693742294086194
27,91,-1.36232984271855,-1.34650279065012,-0.266574268611354,-0.0502228813573375
28,91,-2.79026566777856,0.177102505581958,1.90904553326736,0.749238686446401
29,91,2.38300848697169,1.14103363857387,0.0753832579452196,-0.98604605791483
30,91,-1.23475316453299,-0.481567170871337,1.12121103340487,-0.0035061867588819
31,91,-1.51470417824047,-0.951157815635474,0.623445369953535,-1.0155580616013
32,91,1.84438800874157,-0.129926998872007,-0.360294546530236,-0.242143626960675
33,91,0.284724583198933,-1.73404123264739,1.06276443393944,-1.72143334331322
34,91,-0.2275258297921,-0.501749772437785,1.37870359495197,1.95218581878177
35,91,-0.762236271047327,1.96302553220315,-0.197135554767036,-0.270471833252549
36,91,0.112962625971113,-1.18104766196269,-0.630601894906336,-1.58576769719234
37,91,-0.361795315109725,-0.564149803904272,-1.84078220500052,1.5462856518404
38,91,-0.408245906272536,-1.68279946670593,-0.349158614893806,-0.0350040281560427
39,91,-0.488559108436235,0.946543368109863,-1.02783712238807,0.520177701303808
40,91,-0.259114532131935,-0.789059767912252,1.46926047094102,-0.742419058261587
41,91,-0.791819838339572,0.0821417904428517,0.753841416039005,-1.14886966552124
42,91,1.40612974147408,0.327905957179712,0.189698416436415,1.1188611645092
43,91,0.0944597616630751,-0.781840009264131,-0.467104849236066,0.0663565327825867
44,91,-2.43821121235304,0.294994196771962,-0.180225713190186,0.381160417165609
45,91,-0.857020907944367,1.40221449357511,0.812483320334791,1.07847542662598
46,91,-1.03265439931775,-0.493902508006852,-0.171909617739997,0.950422834517927
47,91,0.031870648447273,-0.169946265752989,-0.407663592186283,0.838215807141834
48,91,0.559059048669612,0.277647645977605,-0.8853860684577,-0.525806934355386
49,91,1.29470823472565,-1.11430338900304,1.8425972203533,-0.287320105630755
50,91,-1.33700135536906,0.0575627144593609,-0.517531326401564,0.321581998874139
51,91,-0.246060351492661,1.7329638894242,-1.27376598612481,-1.35850587899528
52,91,-0.384103406187734,0.211117592079271,-0.86090310343594,0.62664145197506
53,91,0.346844699424631,0.140772186369387,0.225102790957743,-1.01039805253193
54,91,0.33331184865668,-1.83110028280534,2.33364794684548,-0.583569996760411
55,91,-0.906522100631894,-0.404489106030685,-0.814992559248569,0.823379964125002
56,91,0.765967899362225,-0.773993682071919,-0.101412693470138,-0.149072653764187
57,91,1.06997377931305,0.834636217619655,0.783026110251889,-0.712253388257323
58,91,0.114404678127802,-2.9167561839416,0.0345452459993175,1.15932215459379
59,91,0.743900581813801,0.933638326935924,-0.00693708337141217,-0.469754130067342
60,91,-0.163053103197258,0.286369475105428,0.274277560135632,-0.681442994534207
61,91,-2.10565017661934,0.961231680354743,-0.520161117370616,1.42567674111742
62,91,-0.119299829345373,-0.282973994145705,1.29966768178431,-1.62901050148709
63,91,0.923020865636901,0.687932056177778,0.147191591834666,-1.67964295069849
64,91,0.568388812199726,0.541650513520847,-1.39022720193971,0.57963575920556
65,91,0.085362273856107,-0.525564460321874,-0.177028167478494,-1.12063131506985
66,91,0.130961908891315,1.56248090146715,0.834405473757698,1.21622488386829
67,91,0.799681037783284,-1.00324901418953,-1.61437151534146,-0.545685971211325
68,91,-0.281578713168639,-0.614192088442195,1.74565681483848,-2.30430009674108
69,91,-0.723292091309499,0.770865737012167,-0.639299032043392,1.8776743979968
70,91,-0.232424845377068,-0.993148616048031,-0.16370480221146,-2.26823682088186
71,91,-0.41613380319008,-0.596451420685008,-0.195116356337959,-0.0476045657994209
72,91,1.47737062639305,0.309912290377613,-0.0217466865262322,-1.37901857021015
73,91,1.06309409475142,-0.684499780982599,-0.1191817792343,0.880333681623786
74,91,-0.295440448685244,1.74802758845502,-0.890023159817967,1.40774898992868
75,91,-2.38531438278562,-0.528125689881003,-1.02442448913777,0.641594533095861
76,91,1.10203369801605,0.0835522882569199,1.94351101836048,3.42464608560317
77,91,-1.18302582942443,-1.05229716586845,0.940942217155951,0.835417663657324
78,91,0.00439319309522267,-0.0634650752868483,1.30299914632007,0.25858335383512
79,91,-0.641081883077806,-1.14465397465249,-2.20602771038995,1.39013258618891
80,91,1.89909000667492,-0.651299100952239,-1.78136938875838,2.21772001146789
81,91,1.4745487302374,1.72381433500099,-1.63456841833541,1.63749978575607
82,91,-1.50381832442807,1.21188932471106,0.658107615669501,1.81614707232561
83,91,-0.667020755105237,-0.229554260887918,-0.0861579133507971,0.291401943261544
84,91,0.193680694629762,-0.267115698405017,0.114822860892912,1.10322079347664
85,91,0.181801295737952,-0.809693008923141,0.269345697774868,0.88876530778315
86,91,0.191414265166405,0.255642474912939,0.997035416748797,0.818411434196928
87,91,0.609632654140549,-1.44247242020558,0.824633595540648,-0.504875925312184
88,91,0.0667535353864413,-1.81636103411759,-0.422784205221191,1.61312237908902
89,91,-0.927645073843679,1.18101065865274,0.272414097554124,-0.372880221650897
90,91,0.240663272741832,1.51788579190933,-0.386361162437511,1.12473214173023
91,91,0.0849677667277158,-0.228815626741689,-0.818352065422528,-1.47380282146853
92,91,-0.181746063286479,-0.54611047460351,0.729111573515621,0.0447053804045063
93,91,-0.342809947143149,0.638543052982373,-0.652297114903311,1.30464964585798
94,91,0.972558540757698,0.941332673415164,0.145585113431155,0.143783442921296
95,91,0.105173623693702,-0.618182670810976,0.374974555931643,0.322049184392504
96,91,-0.874621650149483,-0.167722871139067,-2.11968181659181,-0.302874462609273
97,91,-0.138422632791195,0.175000860495195,0.220430563664143,0.0411532704478207
98,91,1.0752834541315,-0.204407120444419,0.0972704583086698,-0.796270481624508
99,91,0.778386426373061,-1.10954432361325,-0.691867609953569,-0.500773189398335
100,91,-0.630205228768535,1.65783208799561,0.968324854445814,0.588192070662822
101,91,-0.0312787342424747,-0.382289973043465,-0.731867064491742,0.292358036320381
102,91,-0.75185903352113,0.511580819986981,1.39351256340772,2.22020488893299
103,91,-0.924805185083783,1.06728080226075,0.87167229477807,0.44701308840577
104,91,-0.126281968983582,-0.977021685890248,0.882819005006434,0.392765501520904
105,91,-0.391852981921685,0.201032872123574,-0.493335519808331,0.361559362805388
106,91,0.0945656770787192,0.452875639813751,-1.82277906183267,2.54994023274369
107,91,-0.982898362031266,0.0996656344358566,-0.220483020066441,-1.01708137435218
108,91,0.732805383796693,0.200942767924757,0.894049397376037,0.0975834449901104
109,91,0.330649304908127,-0.732943445115931,0.64011962991101,0.874218825082524
110,91,0.838921115071681,-1.40588937328583,-0.129429875678856,0.69430387679387
111,91,0.237060669637879,-0.576418187047982,0.0677708610987275,0.614219502639336
112,91,-0.282177038660879,0.588571199134534,1.01550341812026,0.553871376542741
113,91,-0.863408212831896,0.323702223869363,-0.0227938782589883,0.617228108138763
114,91,0.15012530208366,-0.778908465010681,-0.657387246919964,0.776078864029763
115,91,0.861219302068685,-0.514303931196907,-0.230618753330622,-0.170286491347571
116,91,-1.28257749974754,-0.82125727330408,0.460518642680472,-0.937236888578787
117,91,-0.0323808686688563,-0.773480119261808,-0.522200644806971,-0.452943710749914
118,91,-0.279327526415721,-0.293324976080943,0.472238209675541,0.0725098801079043
119,91,-0.553859422030923,0.946875134218154,-0.822320530618495,0.167032543085959
120,91,-1.79161126485469,0.417363729364163,1.26840752448561,-1.10412537871645
121,91,1.09632452861814,-0.272267966967069,-1.03674390278142,0.430669848198527
122,91,-0.784739569696054,-0.221862164434299,0.248219192350423,0.299345934766049
123,91,-0.486913234578182,-0.431082163166127,-0.152081186985494,1.44093409840748
124,91,0.338175166509041,0.0441391243279663,1.35365877535712,1.27075373036691
125,91,0.0796711642671989,0.418187352410884,0.966262488996263,0.736146084155765
126,91,-0.728784122481934,1.44379849820359,-0.485454981312144,-0.386297309949317
127,91,0.658524342451236,-0.905845655156248,-0.675444587877588,0.512275869633837
128,91,-0.0440154189102036,0.311831076020895,1.40602910716804,0.160823715806623
129,91,-0.296920851822466,0.0260156346274994,-0.390738255281898,0.562078188046871
130,91,0.625610222882366,1.08725728634496,-0.796437162358891,-0.0288211195319241
131,91,0.583409129740468,2.30114879488317,1.39666344126728,1.30830619684311
132,91,-0.194781441644847,-0.0231308968454419,-0.404980440902482,-0.896114774740656
133,91,-1.14974050077956,1.18152412731459,-0.609394429196123,-0.844038181459287
134,91,-0.722105032983656,-0.655423755630149,-0.488486961880376,-1.24666968991332
135,91,0.914297796582836,-0.342513458546641,1.62020346466238,1.71760299293149
136,91,-0.884223634340528,-0.298828303540245,-0.258430450567302,0.87850342999008
137,91,-0.866772230297024,1.08968654130066,1.03479372631428,0.5980209505609
138,91,0.120334845928917,-0.283346831878371,1.51477116619721,1.07411611529887
139,91,-0.182702085843819,0.174854998931442,-0.491099071454858,0.408838153477407
140,91,-2.01426303551799,0.340588894940592,-0.625229412361461,-1.51139660817902
141,91,0.404830481050507,-0.346142094920506,1.58951786317459,0.26980357962238
142,91,1.53575182037598,-0.839524882029817,-0.093122644859207,-0.780204006229886
143,91,-0.468236682988505,1.41450864076262,0.168884169980763,0.41292520802675
144,91,-1.09640699977018,-0.186105491599956,0.24832321377573,-2.03089375221922
145,91,-1.43728540140253,-0.60407157824828,0.230968843689351,0.766442205246612
146,91,-0.41823403148605,2.04947221030135,-1.08635020745936,0.838862943423451
147,91,1.44525877826561,-1.36336324236981,0.494812831511738,-0.823056289418426
148,91,0.0324364257624541,-0.0115267236792152,-0.871753218173804,-0.451444490613456
149,91,0.490794107843155,0.688174734427731,-0.68187903601128,-0.424134291338818
150,91,1.08380816305324,1.42541390522148,0.462915173898799,1.76985478987667
151,91,-0.360265577395835,0.218971695231298,-0.297699375781225,-0.117217139977211
152,91,-0.205168494070024,1.22373078019301,0.128084171578582,-0.676502359864081
153,91,-0.473239976200327,-1.40869369079035,-0.00997282732616831,-0.823229172280436
154,91,1.07834915688772,1.41499693037461,0.896121742384825,-0.372740235972739
155,91,-0.575693884823492,0.27750504841333,1.28923327013087,-1.1688993412872
156,91,-1.91976600805228,-0.82651322188725,-0.82783331063832,0.544450989457663
157,91,-0.667971201301664,-2.31410378835002,1.0724700159558,0.537044101550373
158,91,0.649682185518162,-1.60143061999222,0.867977686219846,0.160721339386003
159,91,0.395315353379633,-0.13217447895031,-0.039110373789095,0.0902824220540195
160,91,0.582199550091406,1.2359548214865,-0.630500612291269,-1.03772472356793
161,91,-0.629274425518314,0.599773475973317,0.0992515962894919,0.164964100640186
162,91,-0.539195150520403,0.229855036445076,0.142473692080232,0.606817460748998
163,91,1.45619199523368,-0.53169078453545,1.07908292055544,0.617518802102872
164,91,-0.494494969204598,-0.365875271345213,0.367956141629271,2.83084835797048
165,91,-0.907079050686874,0.201217667713466,-0.0157270090487903,1.13867518480794
166,91,1.47420450778544,-0.411449241620537,1.17888746128541,0.423670939096209
167,91,0.690112336412216,-1.12447855298364,-0.862505143471504,-1.59450324723319
168,91,-0.137359262644294,0.37485218234066,0.574299520682388,-0.732896314275984
169,91,-0.473085846156205,0.562140729128627,-1.90037873527277,-1.25647057021868
170,91,-0.305644503621874,0.976967862133845,0.477654091062702,0.244679006475046
171,91,-0.100402150759092,-0.908321089508154,1.14271447738353,0.508608832383587
172,91,-0.957195734275497,-2.00743796772716,0.0423817829254698,-1.23129179529204
173,91,-0.319773244325918,0.24277313779722,0.96874391452786,0.829064530670693
174,91,-0.285441951966806,-0.720274210801345,-1.18961868405825,-0.0526276638286021
175,91,1.27011545411727,-1.09471227048741,0.421154137880835,-0.135825627715234
176,91,1.16542845963092,-0.309092756012369,0.138523875679143,-0.890848723809438
177,91,0.792601467299293,-0.308493564264613,-0.685078047969684,1.21500289980817
178,91,-0.409493306029755,0.27355964004552,-0.972725545301297,-0.426715463209491
179,91,0.0993693705399513,-2.15432905623759,-0.645547598035245,-1.53031733722451
180,91,-0.831660984809702,-1.48374034523959,-1.01158750754036,0.0457678574287475
181,91,-1.8037723761481,1.91754105533481,-0.384680910183152,0.773623650642859
182,91,1.20168474503578,-0.202562213320667,-0.461970810641642,2.11519028214567
183,91,-1.10385614904045,0.705166772848094,-1.55701200594945,1.9823752078981
184,91,1.4232279716392,-1.3061780738362,-0.660371385840741,0.847946409077744
185,91,-0.864253610824426,0.0574943782038809,-1.36726457083429,-0.19824835834692
186,91,0.531308941392134,-0.592816526179434,2.62766801052357,1.28062514588097
187,91,0.874850609951423,-0.120702693672884,-0.908247905847189,1.02126943767261
188,91,-0.0192790762422746,-0.687763857181646,0.403179759358599,-0.540168603690917
189,91,-0.349699765993311,-0.00663183936958161,-0.703173836355708,-0.911106229778834
190,91,-1.2305993284596,-0.551543343521063,-0.420639107335697,0.453341592348373
191,91,0.978206604366219,-0.855415353460017,0.577445354788141,0.540964723383415
192,91,-0.8827173473625,-0.289870972212101,0.719270875133547,1.00102908292581
193,91,1.2763563033978,0.371921956387242,1.14295871370571,-0.555878031046462
194,91,0.0364836037949421,0.121793465690854,-0.689195936682165,-0.621358228536436
195,91,-1.64182199465585,0.649433924809782,-1.14034035168507,1.83941820451379
196,91,-1.57997908290508,-1.02574765017681,0.549046825610027,-0.255664649175244
197,91,0.383728148178739,0.858452741119384,-1.59417199566124,-0.396960256090752
198,91,-0.88353595147823,1.67096061771455,1.08775560867002,-0.677699274648483
199,91,-0.381420038000639,0.401634679998803,-1.04866307012474,0.370724909857889
200,91,0.597329595390611,-0.935571588856289,-2.93097632549504,0.761887038415223
201,91,-1.20621226395211,0.947595356634961,0.149278105119934,0.776326394342383
202,91,0.394191552536606,-0.0163571514678963,0.453077033717476,-1.76601826186628
203,91,1.60138835475368,0.542846259899264,0.776080533711807,0.263534422826581
204,91,0.644279134769565,2.04784031698469,0.824957543117109,1.98809205415751
205,91,-1.41045373331998,-0.111749589245651,0.149966240301633,-0.178110517000975
206,91,0.507737086140035,0.350471367927703,0.0190042154672113,-0.237659330738889
207,91,-0.294391753903243,0.497450088845366,0.164176254703017,-0.604241372596165
208,91,0.532422725039115,-0.525013153377235,0.622877551183793,-0.0135935890576615
209,91,0.228172455470277,-1.72418095386546,1.05777590151603,-0.153897309860463
210,91,-3.08704393332977,-1.74323236258295,2.09118665777426,-0.371710261422292
211,91,1.63754892530177,0.857376171153996,-0.104695051796057,-0.194019778341571
212,91,-0.0263276967724395,0.105066779245505,-0.277460383557225,-0.39673620857183
213,91,-0.695414949486281,0.198649530422955,-0.234311146032703,0.443134846587692
214,91,2.46784656463816,0.0486682390125196,-0.405430672040447,0.441656316716564
215,91,-0.395220604961442,-1.50180023682891,0.504266365799182,-0.12646546286082
216,91,-0.857426247903832,1.04161174970531,-1.73948417102066,-0.150167944154352
217,91,0.384145311446759,-0.272893360569437,-0.443286026695912,0.341319351862958
218,91,0.281171307524074,-1.20594717479585,-0.787026171835212,0.393945549306964
219,91,0.643145842926723,0.0110319442127426,1.69429526819351,0.0703807333612547
220,91,0.433875072426114,0.346719708316748,2.14992749664643,0.702298371655266
221,91,1.14928377874354,0.00814045911639547,0.605630680173988,-0.350619486946545
222,91,1.46898863607975,-1.31434417956725,0.372376415545416,-1.07173565281086
223,91,-0.529411557042448,-0.426668507236008,-1.12037556779057,-0.584051561540947
224,91,-1.0881295097137,0.566468964728864,0.27519846535145,1.0898618047776
225,91,1.44833110319324,-0.236573595751759,0.732214094021201,2.34182894167073
226,91,-1.5348813695332,-0.191661394880024,-0.485392548497454,0.626926822451954
227,91,0.214780175800475,1.31543638369351,0.854123773628365,0.622638006741643
228,91,-0.427724137734576,0.293421070771672,-0.118801580745306,0.564733331124497
229,91,0.427487429066422,0.42722870550824,-2.38252532998457,0.408962913009669
230,91,0.756881745925875,1.45243521486781,-1.40015410183467,1.47629429658526
231,91,-1.13228263306851,0.330093941753101,0.946879424138915,-0.402568802129282
232,91,-1.35213624350212,-0.111025797140727,1.63494947160213,0.427980637661378
233,91,-2.68693016902425,2.77884701068448,0.333535800927033,1.50550589245792
234,91,0.299535662961427,0.453369475231094,-0.27841632497555,-0.177023135158887
235,91,1.11833490211377,0.130301581672913,1.88183005795906,-0.437428518010453
236,91,0.950329499338711,1.44159661269377,-0.793358366990598,-2.41167837287597
237,91,-0.108157597607472,-1.5120435485506,0.44484078415478,0.979847955813848
238,91,0.158680963165416,0.519123176031262,0.803901242610211,-0.720516147496456
239,91,-0.543705429300688,1.85287951898589,-0.450509260385641,-0.340957513045357
240,91,-0.926841071192376,0.37440524668307,0.438033945149994,-1.92932339864002
241,91,1.66034735547903,0.928926718810022,0.603402004621988,0.915590217949598
242,91,-1.12919858136554,-2.44931638594493,-0.462796814517735,-0.670171171945095
243,91,0.105376618465805,0.540362128498174,0.737828628946693,-0.046939733873839
244,91,0.900234942040265,0.484931097364332,-0.268661659620152,-1.12524615381071
245,91,0.979048985387413,0.675941905463197,-0.651724595375802,-1.10851833131437
246,91,0.0421742080652647,0.368853115482234,-0.909664471688735,-0.168131914960062
247,91,0.150002413410871,-0.535870301102388,1.93184019130632,-0.198295771469303
248,91,0.0360432709861885,1.19356447882521,-0.718382549314993,0.983912431439527
249,91,1.31581458159683,-1.15231294452142,0.415353540270061,-1.3320232966615
250,91,-1.17582847039734,-1.24308997929405,-0.95759643051452,0.89863191779406
251,91,-0.208125931811287,-0.120654447909864,0.949186084276533,-1.48974451275032
252,91,-0.30518393660329,1.15001803902929,-0.874570673695337,-1.33274677379815
253,91,1.26027773957569,-0.487933563473018,0.504261360527895,-0.487790777980023
254,91,0.0842584022452905,-0.534921386968006,-0.903219045614878,-0.0338328298666875
255,91,0.755391947920228,2.32519930275253,-1.67329445195509,0.858207991747308
256,91,-0.0292782232124479,-1.08537343029315,-1.95435024332153,0.608885819159503
257,91,0.442525108582434,-0.727338921613297,-1.24863805475907,0.636005344878552
258,91,0.0171079716914223,-0.331671579757927,0.689345941408891,0.395069769267658
259,91,0.182602889782321,-1.42788923308143,-0.434605896328764,-1.18579129551326
260,91,0.0921162814846631,-1.41326220674755,0.968097894824489,-0.194956222581904
261,91,-0.801648205095114,-0.846590092629728,-0.121710693132727,1.63601756713851
262,91,0.06994439441622,0.708309609241781,1.10537637335244,-0.144343855660039
263,91,0.445203537979103,1.318166330338,2.33025988846969,-0.360895287720948
264,91,0.732775792882285,-0.799982974648672,-0.805782554850742,0.349165542510925
265,91,0.898364262238982,-1.01191268220449,-0.205317181555731,0.122218662202303
266,91,1.51257272741724,-1.24887522320465,0.193934118861061,-0.25466759816532
267,91,-0.973720742048264,0.341180484790415,1.58203089451067,-0.326445344679722
268,91,-0.354475288330942,1.63209283732837,1.29352023096416,-0.287733514762454
269,91,0.571354823545234,0.692042564478485,-1.26421796690596,-1.13183199225939
270,91,0.318478318595289,0.912699607004158,1.11935940803115,1.01175398818114
271,91,0.588897124324339,-0.717948680930248,1.68388366058755,0.143933287150354
272,91,-0.260682382728328,0.569265438959724,0.664907406143558,-1.3820839072127
273,91,1.38986787296126,1.39932189215539,1.08239006940188,0.590394541026605
274,91,0.50762214912057,-0.595334444781285,-0.981251897960806,-1.98549426462367
275,91,-0.31728827390041,-2.45697980742666,-0.0536174740364493,0.955721643102256
276,91,-0.279358169376038,-0.829760260493261,0.607920509170195,0.47302505057245
277,91,-1.78366961534197,0.459847564484278,0.280450720153405,0.722899713680726
278,91,0.631561380931622,-0.466381529024619,-2.11219721307148,-0.774680064438785
279,91,0.346667168057831,1.05031763759587,1.15995121507868,-1.30288514451922
280,91,0.0348522042533706,1.31252868139341,1.27305311240409,-0.468834585542736
281,91,2.62812622339943,0.616582668530902,0.10463925658172,-0.917223471774018
282,91,0.124068700305817,-0.123712389841475,-0.689654649196506,-1.42871133724808
283,91,0.745785783849206,-0.477742656255824,-1.85611247924542,-0.543805197472626
284,91,1.51486828169817,-1.18606951972971,-0.0227869521248904,-0.0268822310924949
285,91,0.354666580728979,0.851552934060355,-1.77460496128266,0.205172277165214
286,91,-0.738063968393062,-1.73414415060573,0.984123914921406,-1.09210446852776
287,91,-0.587184752460535,0.163135715032147,0.0627193679632925,-0.0329888863637921
288,91,1.42849621002333,-0.267344620937843,0.752283428627881,0.221185210241381
289,91,-0.669495450214381,-0.328149228319698,-0.237384810595884,0.449702163494013
290,91,0.236418087821284,-0.408220721033513,-0.247389993300006,-1.05962553675459
291,91,-0.942266151500727,-0.561970538397872,-1.55686225452091,-0.124881519190059
292,91,1.00770806060075,0.0242590088120761,-1.23131167267564,0.43755256319018
293,91,0.85342482060054,2.17546755308891,0.685588072561037,0.569449935713952
294,91,1.30622666972627,-1.41420266803205,0.648425551142583,0.145113295148899
295,91,-2.82612853451393,-0.847020966482452,0.322938357850541,-1.41613747702889
296,91,-1.00151999300232,0.23491987057612,1.03532340809442,0.130139780870395
297,91,-1.66840738365386,-1.38492808639315,-0.343872427284271,-1.23121410859486
298,91,-1.64619283336663,0.0504128053629917,-2.1542920484286,0.900918377831554
299,91,-1.12848151193093,-1.45723647048883,0.597570245222273,0.0120467805445247
300,91,0.649680286451041,-0.141808225179965,-0.349933806036537,-1.74974120500952
301,91,0.754055805772955,0.456413942806246,0.395026801698478,-1.71549907936766
302,91,1.17865780695979,-1.07597514127684,0.437787759450831,-0.758294870852823
303,91,0.00463377365225137,0.331098669155954,-0.954427802275086,0.477907200373634
304,91,1.27650741527028,-1.24852607402066,1.20186405338417,-0.988182374203062
305,91,-1.32527861898247,0.85429676328884,-0.841290521656005,-0.267984631220151
306,91,0.0297186278787311,-0.395104705317647,-1.4677782228839,-0.531218371607058
307,91,0.889183610641814,0.684474949517402,1.79772592354809,-2.89259945709506
308,91,-0.317404938907823,-1.7943822266066,-2.10289385418319,-1.15286178747213
309,91,0.113818014973726,0.544564430801887,-1.56271673590004,-0.831770331584051
310,91,2.68475213478747,-0.421406859812329,-0.171013020587999,-0.442904339927078
311,91,1.49658921195813,-0.938386527217826,0.640342526209645,0.110677510030189
312,91,0.802577734970814,-1.3277949173495,-1.17382515376046,-0.560470508030508
313,91,0.578430513643438,0.420694840618651,0.188119007226174,-0.422394668159979
314,91,0.206262997722818,2.26509915917672,-0.255948007749061,1.315672592944
315,91,-0.144912907775713,-0.809733162742109,-1.473568847174,-1.3604368643358
316,91,-0.947697932479733,-1.93648490632554,-0.796955224779933,-1.28625088065531
317,91,-1.19908702260892,0.480749053164951,-0.79467936856648,0.273563703158831
318,91,-0.722525130780483,-2.24807192875293,1.34349590640064,-0.585848816987182
319,91,1.41867538294212,-0.94666511881823,-0.189654001012343,0.574562703834747
320,91,0.488427905982768,-1.07586340533649,-0.0492179523399966,-0.656946569740145
321,91,0.610901750835513,-0.48602037614819,-0.452413482346084,-0.705034234769347
322,91,-0.601448945405736,-0.47837565383199,1.65840925916705,1.1677148691569
323,91,1.56766157242967,0.0282650665049806,1.21805128194599,0.858051271211266
324,91,-1.7577769025326,0.310858673301714,1.58118359386014,-0.177307669602117
325,91,-0.653210694488555,0.713123889449675,-0.827270062486144,0.14722876469125
326,91,-1.49193609502411,0.446831796917482,-0.0194724023531911,-0.981685663231229
327,91,-0.305062209034119,1.08857050597734,-0.161516784392278,-0.270913747520304
328,91,1.46990091882924,1.40594145778558,-0.251295325095151,-1.01599848838648
329,91,1.05614095816732,-0.832691097845115,-0.724724005441339,-1.35440267675277
330,91,-1.16791859821302,0.22734862069881,0.539625053914892,0.352653231497758
331,91,1.47777978710875,0.251664694330917,-0.0318687995925756,0.222328133569658
332,91,-0.261964935511401,-1.18000787322057,-0.490334302351524,1.35095988135573
333,91,0.698424597549264,0.374978348959156,0.206275123194241,-0.175201000053732
334,91,-0.326780101182427,-0.47541560788812,0.0913694317205671,-0.734693426656906
335,91,-1.07232365052212,0.244064302892981,1.07695104205455,0.0811323297280533
336,91,-0.0710501578092389,0.25019757708533,-1.36081139029247,1.22546222431037
337,91,-0.161134398980975,1.37125735679097,-0.90003473597631,-0.217930565191091
338,91,0.288337390905686,-1.24269131110104,1.88436808410657,-0.18401505093462
339,91,-0.0132665870963535,-0.00979323405641086,-0.577514144543368,-0.366398715835955
340,91,0.503947478166076,-0.819435295208512,1.70718859758894,-0.672490655526329
341,91,-0.425809377807799,-0.513184898967371,-1.23046916369142,0.26477208927246
342,91,0.00536665312438007,1.02565394160299,-1.173689029912,2.85769238571167
343,91,0.866721911201579,2.70434367425472,0.410422974756425,-0.542613519829499
344,91,-0.964066757685781,-0.50782264298422,0.9715988587408,0.722397979604351
345,91,-0.375979425547144,1.41730275345772,-2.15906244292943,0.819831433439793
346,91,-0.296988533515286,1.05781651689561,0.720703455078924,-0.522748068592918
347,91,-0.73424459940413,0.360988254397817,-0.388148282761309,-0.363111052240507
348,91,0.826717273025226,0.920752510538606,0.302226479496306,0.195716867711978
349,91,0.616932879303161,-0.34836584479158,2.02993061657443,-1.31815655343863
350,91,-0.0749883188895637,-0.335191182962497,-1.14272837354567,-0.463882583006439
351,91,0.182197915616177,-0.656695356629127,-1.90825117535728,-0.90683948706728
352,91,0.239486351526335,-0.464221153656741,-1.36778419341497,0.451554372870799
353,91,0.731986229463615,0.148619586969607,-1.27014569941172,-0.545466134089239
354,91,-0.817667901313611,-1.39135547202522,-0.489898513303516,-0.76377761790407
355,91,-0.258542357502321,0.191116090242748,1.79107595773182,0.355251587972256
356,91,-0.711824348523469,-0.978153092166357,-0.640412089423014,-0.910118298734651
357,91,0.684193388003742,1.2791919126424,-1.20172512704742,1.84446017112045
358,91,1.39557105275154,0.593111146943434,2.36513261723377,-0.523606525891356
359,91,-1.52799422654106,1.15795464188485,-1.44016394452515,0.0265159345574565
360,91,0.612492392248469,0.788802245526037,-1.21554211214387,0.615289414172895
361,91,0.703753377358721,-0.647689513923256,-0.904274418195863,0.200274376765223
362,91,0.752774292407599,-0.770975601164221,-1.21606934431696,-1.64303715954204
363,91,0.569610056653889,-1.18069368095503,-0.993752422549507,0.374340735274121
364,91,0.211366442565779,1.18977477575019,-1.21886227408191,0.315992703561849
365,91,0.0149336522227092,-0.107085849977026,0.613380310994086,0.216855062152413
366,91,-0.0624734100902599,0.285202634826518,-0.767293177707752,0.0301488459247102
367,91,1.38710373544743,-0.399606801785503,0.558328799661211,-0.383135942197647
368,91,-0.0488113528863268,-1.29141769413735,1.08256858243261,0.283137887539233
369,91,-1.02920516089889,-1.49401000055509,-0.361561389408737,0.599838596866297
370,91,0.486798427488031,0.408243441210076,-0.375420139723372,-0.843412765430797
371,91,1.05297470435308,-0.939619743927574,-0.966475535120997,-1.37205726784011
372,91,1.11051223409104,0.794260697848133,0.693733821718761,-0.331705158244433
373,91,-1.81592594463772,0.662898954475785,-0.463002105201882,-1.9552217453562
374,91,1.49943326520156,-0.058923380178721,-0.0196784199265859,-0.709408011869561
375,91,-0.857777703805345,1.22445484055945,0.101709592391251,-0.0710015793028852
376,91,-0.0263967500793625,0.832298538215868,0.254924632359085,-0.738982305093205
377,91,-1.4193611728795,1.19587197472444,0.605878623271801,1.11264922541768
378,91,-0.968380458109001,-1.21055483390853,0.653089699195058,-2.00291152061005
379,91,1.2600387183796,1.11524006171223,-0.960189687506335,0.376539559673279
380,91,-1.58170062778623,0.92520505468041,-0.257651045436309,-0.760343208768545
381,91,0.584829324941717,-1.24886131469056,1.95228322999701,-0.125789311086811
382,91,0.492758153806527,0.457387288747901,1.38328309719357,-0.0768176148427489
383,91,0.604013405859964,0.0500472046596894,1.07356874809709,-0.274914989798895
384,91,-0.461185456203997,-1.67112169075002,0.427962791363932,0.290754425660006
385,91,0.349995962106107,-1.10961071343418,-0.920496671295963,-1.50845334832575
386,91,-0.264001830401713,0.320491490504372,-0.324640167974472,-0.847175685831165
387,91,-1.16186392057393,-0.197672447206653,-0.942827436782305,0.666766532538172
388,91,0.623931174353486,2.38973972766733,-1.43176028504081,0.985494781926507
389,91,0.289778739764241,-0.994551668533348,-0.280631569054859,2.75371732213619
390,91,1.0126200847641,-0.0809771807277596,-0.331522127861249,-0.223865665449869
391,91,-0.471525480827336,0.852141005592454,-1.39403613031188,-1.69635009886601
392,91,0.364830037424542,0.744531885643555,1.8890699244237,0.406418531293161
393,91,-0.902679825330013,-1.96142229092185,-1.91925009905153,-1.06474036343363
394,91,1.52042538289335,-0.581258895482871,0.268084274812872,0.498043687123292
395,91,0.662127485788023,0.0674954917001597,0.512764609014243,0.0916247471254184
396,91,1.12790294801212,1.51295374885617,0.236603709811198,-1.57158989559572
397,91,2.35153655590817,-1.6242071949236,1.324590437396,0.0709560742407877
398,91,-1.01934893475457,0.818025629122429,-0.717842570884453,-0.731262088149731
399,91,-2.39013183944638,-1.94174343366859,-0.366709712385621,1.37769733299431
400,91,-1.81687997799089,-0.545635291831157,1.55155554292523,-1.69881860358644
401,91,-1.1655422938181,-0.404740381975348,0.14136055877492,0.703840443975999
402,91,1.2648846496946,-0.293166507258652,0.0256830727985682,1.16103337606354
403,91,-2.6337616421391,1.48250026986044,-0.524156956324615,0.483236289791053
404,91,-0.597495219448614,0.469211979264998,-2.12618942129821,1.43105136010974
405,91,-0.605241695205662,0.122020403264041,0.389427347984382,0.263697075165346
406,91,0.32571457673894,0.119062298958549,-0.35923358731041,-0.897802673774864
407,91,1.58154158761867,-0.807125519765524,-0.166369008238722,1.466459183419
408,91,-0.219678308948302,-1.39582166298264,-1.75181467917041,1.46256364564494
409,91,-1.1211621399682,0.742069236648447,-1.20128570118916,0.345671258864955
410,91,-1.72352170922253,-0.25906251503351,-0.414841816490295,1.59070434478413
411,91,0.14566770536469,0.241041373625773,-0.0786961209436409,-1.29701767336428
412,91,1.14493293035478,-1.0658061285789,1.4913837002342,0.82040695335597
413,91,0.20379825409232,-0.72645952909362,-1.43913148769145,-0.269117354261772
414,91,-0.423710278505868,-1.45486019289358,-1.5762437288745,-0.642840355749791
415,91,-0.278081634835407,1.16767676457437,2.34252209955467,-0.313136315335084
416,91,-1.24227425614125,-0.844414027438653,1.66681865133555,0.497497489922245
417,91,0.213115904229207,-0.850866788389983,-1.41010077076312,-0.861866788484179
418,91,-0.588414019160279,-0.501401201739498,0.507763011204687,-1.5704216055345
419,91,0.119577042644666,0.770451219468969,0.927501659867074,-0.860722585689343
420,91,1.95686072398405,1.35363813186834,-0.0497310762852026,1.17571670987909
421,91,1.26900184704867,0.119563512589444,0.125015516934134,-0.307921203686956
422,91,-0.988951443974351,-1.08817942831071,-2.3020236205456,0.910098834146823
423,91,-1.8115914920284,-0.0909368306722438,0.30559944817433,-2.09674329039264
424,91,0.156284608648662,0.275175494027851,0.815381524730303,-0.655123681581432
425,91,-0.283532882424701,1.07057799597335,1.07306283777985,-1.89621757631768
426,91,0.114741288741865,0.315369057018676,0.18517799844101,-0.467801813323829
427,91,0.996621367698866,-1.04962095948217,1.41308784205116,-0.930629240619819
428,91,-0.821971160721237,1.3306319767302,-0.0703201176587943,1.07180995730078
429,91,-1.05098542497179,1.09146766276364,0.30716808564236,-0.126099246752811
430,91,0.467703249300305,0.68053787809508,-1.96852161766312,0.0693180697082911
431,91,0.632867211965846,1.01216290477893,-0.385810694649115,0.444224373181189
432,91,-0.245981292734489,-0.650918845398515,0.509652825598761,0.851365277680334
433,91,1.32768178114697,-0.86530169304631,0.28079132670445,-0.676614710196475
434,91,-0.850537370928023,0.644446471327575,-1.09684436422091,0.321396695164706
435,91,0.872881366353319,0.847955618379766,-1.21095199596659,-0.0757820768867045
436,91,0.744233126601805,-0.199344886024329,-0.0417198804890534,-1.20877651434333
437,91,0.722771451879755,0.884468576791056,0.338952443937764,-0.831282501251738
438,91,1.30523348389513,-0.777768157982944,0.555275311506494,-0.0636013844057385
439,91,0.369555290754426,-0.566822110110278,-1.09212920937636,1.01928510235102
440,91,-0.826936798840525,0.590039721756795,-2.21690575231186,-0.723560383711641
441,91,-0.00549016970720281,0.803089775935018,-0.836725362919298,-1.34161970445518
442,91,-0.377575881297342,-0.722838771628171,-0.354165763896358,-0.0281832363900139
443,91,1.11362870097604,-0.749906563410535,-0.877813074248898,0.715602953403501
444,91,-0.994176226095999,0.0577948274650444,-2.46744437684846,-1.56207671817856
445,91,0.182597905132131,3.01847759100652,1.37946891231594,0.931205688040046
446,91,1.37232707888261,0.80250619372417,-1.00507998013296,0.697663069865654
447,91,0.395175231995091,-0.983017934818634,0.952649007185351,0.377390046708046
448,91,0.92076313596237,0.436406318086243,1.28016419715484,-0.17999501151918
449,91,-1.03224797619157,-0.188561801327095,-0.251922338089974,-1.96287938262993
450,91,-1.18810442462469,-0.509287332301302,-1.06772222708376,0.503206453408992
451,91,-0.376494941445288,-0.474618473745711,-0.747022109880249,0.315464516487944
452,91,-0.548579713191093,0.181295680064647,-0.0828479712676222,-1.48820523520053
453,91,-0.171859437082398,-1.34006210756546,0.412618878142147,-0.536869824070427
454,91,0.634120809495223,0.638690000508166,-0.788109171111833,-0.969872862276268
455,91,-0.308620100807061,-0.768247304816231,-1.78964025071771,-0.985044659474751
456,91,0.0855034953980803,-1.03464412449243,0.31900816255192,-1.11625727619149
457,91,0.702114488242222,0.317957992322668,0.522025925371971,-1.4807317640606
458,91,1.19895952147276,-1.17845168982821,-1.48660804051707,-0.175337070403441
459,91,-2.4310553167491,2.055720102368,0.939939492232494,1.55203082607434
460,91,0.608688442830854,0.167892337682801,-0.54452532132347,0.678147104530303
461,91,0.976036173487015,0.146146255169061,-0.155742759030693,2.5469173602905
462,91,0.546911564232872,0.73338381662905,-1.63754407139884,-1.36988355398085
463,91,-0.0477607711408557,0.554449583392497,-0.328920109296687,-0.582122222794265
464,91,-0.404047670620647,-0.844390390901845,1.62153829086564,-0.752225150997807
465,91,0.248676625063725,-1.82216601418102,-0.137152201266997,0.797520232427464
466,91,-0.374015607756977,0.758842868130154,-1.59833468675308,-0.669746150623853
467,91,-1.69038464063937,-0.605883518545592,0.094098465423041,0.755759730883009
468,91,1.81238964922932,1.56503760261533,0.900035876040999,0.00106129207380657
469,91,-0.821994787162821,-1.40554475225786,-0.368684929414068,2.36717628172242
470,91,-0.297959664867048,1.85712626680225,0.18723999768767,-2.49597922755601
471,91,1.94931116644111,0.949989009167096,-0.061765889141878,0.666789969535306
472,91,0.18925252554683,-0.689196408559782,0.305419534708548,-1.23340011237481
473,91,-0.356621793396869,0.18956431939877,-0.445587450107636,-0.105062621512708
474,91,-0.611060587371494,-2.79084889523447,0.566959263967902,0.739411863279297
475,91,0.143801231453452,1.90818903679976,-1.05965898569397,-0.878462378489148
476,91,0.57675860754401,3.09731870414081,-0.503494403951298,0.996995091968102
477,91,-0.817911061687062,-0.984387862176016,-2.74729149992688,0.28685517332356
478,91,-0.204297362966347,0.430713432515543,-1.07563492282072,-1.66090155702713
479,91,-0.573449714880301,0.337048569592765,0.563518865314064,-1.32439755875058
480,91,0.451330208086794,-1.31913794267421,-0.193773804324737,0.547302448099175
481,91,1.11268193174262,0.638145327106817,1.05180866274448,1.68987884829276
482,91,1.30582802624021,-1.26044117354097,-0.124447964901334,-0.0255551061520806
483,91,-0.116395135597035,0.541744846486878,1.13400416585006,0.468212048197594
484,91,-2.10160546123126,-0.965652313874941,0.200980194414387,-0.15930310378612
485,91,-0.250521190170282,0.34424991294425,-0.767957591312024,-1.47889645503715
486,91,-0.0329951236861405,-0.466894503713815,-0.415973007851635,-0.562001709650833
487,91,0.226424797630617,0.0966850375579574,1.84405329018191,1.07760777603859
488,91,0.904521574651879,-0.160181415569251,-0.378695016505304,1.07492177879711
489,91,0.646664003606705,2.51674625488648,2.73463903786186,-0.714727525975074
490,91,0.733541138135894,0.541836242509144,0.236137545592592,2.35927096625546
491,91,3.23664129487724,-0.43900781098524,0.0392495604296533,0.149026513143544
492,91,-0.787294745741592,-0.0712879173625867,0.424555856234313,0.0269991122983907
493,91,-2.06274135141889,0.317302930995815,0.877271537682452,-0.105652381101067
494,91,1.55997637299812,-0.0619263335572114,-0.0313681418767638,0.585356349417529
495,91,-0.272344679340529,-1.04089943914142,-0.538351375471002,-0.708283674325486
496,91,-2.86303121150171,1.41759436458803,1.01920749810005,0.922168465948371
497,91,0.221889558803723,-0.197629121378555,-0.894318162112044,-0.686267186414421
498,91,-1.01439339322704,0.314613949005651,0.0982497641316807,-1.47827640348143
499,91,0.629590903327065,-1.24252672251759,0.123499152337698,-1.23417275937706
500,91,-0.843166517662849,0.857230165152431,-0.44661729208402,0.523483631553445
1,92,0.0407174446139657,2.19225989955766,-0.788448997922783,-0.309460847268824
2,92,1.72992448209385,0.544765126307502,0.119615129215116,3.12502153907373
3,92,0.0223433499148477,0.689898635356514,-0.0467436336028695,-0.379624464471332
4,92,-0.0774766401961984,-0.586447204557851,-0.962602316307492,-0.0746810666841446
5,92,0.430486845276734,-1.14947928299576,-0.230663744317055,-0.809258036054905
6,92,-0.64781910352604,-0.0274080396159528,1.03865538298534,-0.513149187009123
7,92,-0.53354946533492,-0.518573242027029,0.278412379888568,0.700861105531662
8,92,-0.372911540321019,-0.288073442317217,-0.844997805785289,-0.506985386967778
9,92,-0.958831571908257,-1.42893767619078,0.135203980653358,0.529520041453101
10,92,-2.31266308749655,-0.867099882139287,-0.034152362437913,-0.364356273221215
11,92,-1.01761646414784,0.969694290604964,-0.71145713444804,-1.89931592148114
12,92,0.22348007765941,-0.365480023807275,0.315611254612845,0.28168220323439
13,92,-1.03178354946277,0.754615724831201,0.877489367138417,-0.738849102220034
14,92,0.526763735042385,0.963213319952795,0.383393632227629,0.993449170658845
15,92,-0.129354531565383,-0.512457605670126,0.131373803366976,-1.09085080808527
16,92,1.01552391245793,-0.648037641962696,-1.02801198554148,0.51036220972397
17,92,0.279339458436287,1.0533596679375,0.515237489050156,0.0843314189085453
18,92,1.15774377734817,1.5522316542616,1.01306221379244,-0.228814555894764
19,92,-0.357658240175684,-0.477812541506817,-0.794185804724001,-0.576613054484417
20,92,0.0234731342896949,-0.905215971883827,-0.487849994907551,1.22713118024727
21,92,0.620720385997996,-0.548039908223617,0.142617638875265,0.731347872661004
22,92,-0.176678320925465,1.33844976225387,1.13269792795171,-0.573159375731049
23,92,-0.921394704154719,0.500260595394513,0.373174883448853,0.324353952328117
24,92,-1.89576252806447,-1.1128019076717,-0.693306778500461,-0.130667951226825
25,92,0.29411484637768,1.05484984668636,-0.305296360031614,0.44679140568839
26,92,-0.282191185002115,-0.770127292255452,-0.481609992790974,1.11542485591106
27,92,0.796965846022705,-1.38460938699232,-0.630253139759401,-1.39216624219416
28,92,-0.689102077454341,0.170195094831385,0.388062330803394,-0.373250325523233
29,92,0.175441512275655,-0.457196665867249,-0.304253383385741,1.90862056203361
30,92,-0.699669246529693,-2.07398868808912,0.298374947049474,1.03174180655966
31,92,-0.228797019280882,-0.170533695181093,-0.354196488310867,-0.644020232179809
32,92,0.67681905186913,-0.158833933388347,0.677785508755647,-0.987964677461246
33,92,-0.930268991070184,0.509775622739372,1.19423157220991,0.137608072439993
34,92,-2.42409679026705,2.17935013823239,1.48481271832195,-0.107797214311636
35,92,-0.660508912577795,0.649326426850742,-0.711714933694905,-0.136729319552052
36,92,-0.475752761807707,0.330033311664852,-0.101783064809678,1.22392107065188
37,92,0.671344118604073,-1.27249764327898,0.00487190382989049,-0.0429029448481984
38,92,-0.978926428102959,-0.841574645333191,-0.588123959220059,-0.922461216718794
39,92,1.48268824540549,1.23474380250102,-1.03969340612942,1.49342104690668
40,92,0.869147772018529,0.777395174536877,0.236805563855105,0.635241060816367
41,92,0.172477718835563,0.326803222741789,1.15036120079298,-1.63649348051101
42,92,0.432371153744558,0.195019583046427,1.96813096900497,0.126922484585593
43,92,1.52928271083065,0.938957002914345,0.376107930554384,0.253345075030244
44,92,-1.5756777907034,0.953436572289399,-0.331734709185536,0.894140849606164
45,92,-1.2996073004959,0.151101188408718,0.557763053209349,1.20412167202096
46,92,0.653483261144919,-1.65956674469706,1.67138907255522,0.931745890973123
47,92,-1.57131591256328,-0.114529764728138,0.418413415638663,0.588743036327573
48,92,-0.753792062731435,0.399950505487021,-0.253048233218727,-0.89479420317245
49,92,-0.222728244442973,3.39138518257437,0.301833275193305,0.94712865888046
50,92,0.120084613590798,-2.42962552061666,-0.704421708879943,-0.815597865436421
51,92,-0.270978939222548,1.85848891170829,-1.64253932919923,-1.68281711229957
52,92,0.303706157694999,-0.0467457790152026,0.0488380185667582,0.107795909143351
53,92,0.0750059314496363,-1.09530990710037,-1.16556797540686,0.338847531563021
54,92,1.66604832751773,-1.62542078120751,-1.36608068693313,-0.902729649648814
55,92,0.0461708339291086,-0.399311679526654,-0.0527368405046152,-0.41246897050531
56,92,-0.992909017581485,0.726121481363967,0.297562338543705,-0.10132807672446
57,92,-1.87068883045453,-0.927910925580088,-0.667240157667095,-0.792121847658084
58,92,0.750052056073349,2.11028904227445,1.10579294786536,-0.507795101716457
59,92,-0.472404974526454,-1.05275071709814,0.1321564004061,0.0107832204993849
60,92,-0.223261272170559,0.160715163685524,1.08213504545166,-0.379967413640483
61,92,0.442844234937784,0.0275072956083217,0.846238003803753,-0.77766553369587
62,92,-0.996926080389166,-0.386480775635937,0.273350846135815,-0.180495949005435
63,92,-0.143933786073329,0.0981060121437396,-0.288267876761287,0.532293299416335
64,92,0.236062594580961,-0.796276226469248,1.05110376470961,-0.976973505038696
65,92,0.923389836074771,-1.48663046501206,1.05377914085098,0.842008686432965
66,92,-0.23229875978264,0.926283980687632,-1.54938975267599,-1.39790460687186
67,92,0.101837335075168,0.496155586145996,0.806851696710379,0.644822219667116
68,92,0.519272003555934,-2.41743000372967,-1.34727834556396,-0.505970656873103
69,92,-0.0715343962355554,1.05448464308755,0.031428421603098,1.85021493207502
70,92,-0.190656114014895,0.515943424974767,-0.0637544552147027,-1.18622542981876
71,92,0.16088815950621,-0.112053636458987,-0.903968311659441,0.332404410929704
72,92,0.888221869174571,0.951583143819876,-0.188344687733399,-0.230144842004884
73,92,0.618754604395977,-0.643856324277957,-1.72397772987842,-0.0455857145920029
74,92,0.479650523222975,0.419080891647705,-0.0335897830350886,-2.10422389580586
75,92,-0.276402836719939,0.458749087009746,-0.0965008696583219,-0.0790326476114059
76,92,-0.756350966853068,0.610897708803812,1.52624932700065,0.773178279757297
77,92,-0.101708738948623,-0.0199903951128115,-0.257422206586046,-0.642335609239876
78,92,-0.614959281203654,-0.373139478633591,0.171308351881898,-1.28155684036593
79,92,0.57074479706053,2.77368167157625,0.146209487550439,2.11441684720963
80,92,-0.648441650700168,1.52772535950946,-0.509247437718912,-0.283075820752675
81,92,-1.80577870327417,0.363989537163138,-0.335653942258178,1.14171648401936
82,92,-0.995306800476511,0.0762321892432364,1.67336715956326,1.07430656122018
83,92,-1.00286914425581,0.0559144431767258,-2.50283840412858,-0.629631065361944
84,92,-1.39392041705733,-0.644684383964533,-0.459915473504969,0.0109122139903966
85,92,0.20648565323388,-0.234480169543268,0.107533959841153,2.26022480728315
86,92,-0.944671023686033,-2.63243015844653,0.396066762765542,-1.07073713820612
87,92,-1.34895642875024,-1.37332440749356,1.33264982111524,0.803504927005049
88,92,0.630703408396669,0.109588324845836,0.749681650909504,-0.699116568010244
89,92,-0.473091615521598,-0.373393020387966,1.10462580670393,-0.124002685237735
90,92,-0.470263532345187,0.58102624322422,-1.82029605920732,0.107514961351225
91,92,-1.2424486700696,1.54985893059612,0.188108222166053,-0.736126923739055
92,92,1.34083424798058,0.929867837154126,-1.04344457753333,0.69299333253861
93,92,-0.39270844476808,0.961018048589961,0.198460983464771,-1.1807232472018
94,92,0.547349003390191,1.36210270474176,-1.52468743990872,0.463213537294056
95,92,0.0519423906303144,0.566965001955708,-0.527237207478008,-0.707308371020533
96,92,-0.712873891927597,0.715377738188406,0.255411118605381,0.392462096102506
97,92,0.254768301170813,-1.3002401182721,-0.393444968979703,-2.16132366659688
98,92,0.241932623041585,0.270243152231687,0.669992756213653,-0.408399848795508
99,92,0.274392260584922,-0.629475518219774,1.23234592135744,1.09049590962299
100,92,0.452945432027038,-0.0709058760722811,0.223685971345798,0.0392089035736001
101,92,0.461981811743138,-0.0424882409149558,1.20806183950939,-0.346392658300504
102,92,0.211768868455973,0.901070721016683,-0.37650228794722,0.232198813988037
103,92,1.18681338394442,0.443512503775337,0.557621584222818,-0.783287841607866
104,92,0.505077530894422,3.19913587768115,0.743948586376309,-1.71691152643005
105,92,0.343120303035325,0.304853631027211,-0.187927142508978,0.340857146034778
106,92,-1.74058305577698,-0.223469938822109,0.0211263833003092,-0.776135600238256
107,92,2.10788192138325,-0.11034810267263,2.19116995181952,-0.267728955825262
108,92,2.29797123826505,-0.729594060041971,-0.446752308801527,0.738293035596645
109,92,0.024906370025433,0.908276415964771,-1.10416560887176,-0.607228194372169
110,92,1.21830103848174,-1.07190687960673,-0.143128321121252,-1.9132126380237
111,92,-0.329653675929375,-0.0198388467006,-0.397557883495933,-0.754202888594571
112,92,-0.262524617512536,-1.80145908849747,0.424983664515481,-0.98535409827381
113,92,-0.0690614350527128,-0.0630455660221937,0.0498202383940583,-1.72884601110661
114,92,0.8330207418558,-0.810524306590284,0.553873985692526,0.678062403460905
115,92,-0.815493686638278,0.826923046270403,0.686950942108608,0.739183927232872
116,92,-0.669648264115765,0.568935582295858,-0.539123372530805,-1.22128385265611
117,92,-0.146975753499234,-1.19121118341779,-1.73413663774858,0.194818895423219
118,92,0.698987415070647,-0.0817552405373831,1.0265642687237,-1.38582251057793
119,92,1.09470256737792,0.0682885655299869,0.608889272595785,1.7809779756388
120,92,-1.2716787370756,-0.910174655615736,0.113871327201282,-0.533286673340835
121,92,-0.235066011934347,-0.980884996833371,0.383890636192071,-0.670348987893109
122,92,0.473666711116804,1.01587202287427,-1.30832769373646,-1.09236113689695
123,92,0.307989281960833,1.45578863151245,-2.18716446898662,-0.911587286769395
124,92,-2.56708854190374,1.38840087651551,0.362370359535307,-0.118007042470812
125,92,0.0394450614546472,-0.598637850452109,-2.17315102454745,0.496141501826779
126,92,0.796396612456693,0.560291087270684,1.32696282022007,1.46766110003943
127,92,-0.365702434853904,-3.32333673321689,-1.72665526503872,-0.784706002334453
128,92,1.22570287441808,0.382013842638322,0.514669138075672,-0.233317589301344
129,92,0.439261233323541,-0.528139089243893,-0.256863330363051,1.16493471119106
130,92,-1.07788630329246,-0.202097689183084,-0.139579176446357,0.593730044099527
131,92,-0.0456578076056333,0.282426101696866,-1.05322460097992,0.538586957902142
132,92,-1.603556748928,0.112157844979361,-0.379372819132115,-2.0398693315291
133,92,-0.427261107865044,-0.60710985161192,0.236697963716203,1.23319404023477
134,92,-1.22856370154375,-0.0293477463009393,-0.486163132851437,0.152830951816482
135,92,0.279847908656158,0.792132675661581,2.01379628955396,0.241912373814868
136,92,-1.8959610419651,1.18609208872713,0.805481208094662,-2.02167662499213
137,92,-0.854333372843107,-0.0370093352884288,-0.0398070272548578,1.60206229274713
138,92,0.743766974762611,-0.994669123116525,-0.934142255984273,-0.226639237150244
139,92,0.774805088246714,-0.293030926894397,-0.890310009638427,0.470309827954071
140,92,0.310260736775885,-1.86361677653597,-0.029176889569073,1.12935501420037
141,92,-0.219488038154607,0.615177540561129,-0.45987242651135,1.57723622204954
142,92,0.750196959926263,1.05742909758843,1.12949006239948,-0.64436755201385
143,92,1.12577616505653,0.398391963781899,0.77071947662694,0.170214206123667
144,92,-2.46995890799526,1.6635523943019,1.06435576403202,1.06445924213549
145,92,0.0881160507783929,-0.793063125858531,-1.02700146347163,-1.27939213538876
146,92,-0.322832057332478,-0.846543481974664,0.853875903316648,-1.08032978778983
147,92,-1.07537293400175,-0.302286833405474,-0.0935121439001981,1.10555708633433
148,92,1.04636939880225,-0.0658037556724378,-0.651564242538275,-1.33009158449877
149,92,-0.893789330684644,0.806841069152991,-1.1471258563123,1.16146314602496
150,92,-0.32409215218486,0.790004433230021,-1.23935282746978,-0.182224425979127
151,92,0.158470716447745,1.12573068819108,-0.444563454942883,0.363599227032058
152,92,1.29487426013043,-1.37759178910806,0.360354064996012,0.764814324597521
153,92,0.114778895048211,-0.39786057005342,-0.585815943662513,-0.214215064335847
154,92,-0.488102369728474,0.660423168430971,1.91656604341871,0.781058314410183
155,92,-1.3870914885428,-0.627107592587977,0.0235223206447302,-0.215004354295201
156,92,-0.683913451559651,-1.66862360978578,-0.283298306427719,-0.887843377417498
157,92,1.07410510954632,1.24777832222078,-0.278288932582551,-0.240411353259705
158,92,-1.10675861913389,1.26570977697986,-0.251045564656808,0.0600930148989536
159,92,-1.24128397924745,0.772057327658602,0.0943180488171647,-0.485458030393263
160,92,0.129148310505851,0.40299941085309,1.93868782420218,1.26121825401049
161,92,-0.213101005778744,0.456224838156963,-0.306784516539472,0.441209371996237
162,92,-0.126913699864345,0.751578430918491,-0.640768230466089,1.24338461612268
163,92,0.725807222782743,0.193726163211181,-0.12290660881298,0.907491050359694
164,92,-0.557568295459279,-0.518223360080318,-0.248958132814337,-2.03280554146181
165,92,0.684483984481795,-1.12704506845348,1.68777432900487,0.242315371932876
166,92,-2.53651931118283,1.07992560568251,1.30136378509165,-0.434176940607822
167,92,0.132247106324711,-1.46467985663554,0.302282209398356,0.523376040472781
168,92,-1.37393272871526,-0.56692396328435,1.83581707195606,2.0392860239172
169,92,-0.0598531606353056,3.45260246379268,2.07397778742179,-0.199943030522838
170,92,-0.575665014427226,1.05970432569381,0.494651437858687,1.30745642894286
171,92,0.164394910701512,-1.04725758192536,0.498867632550379,1.53105184053402
172,92,0.620811727266433,-1.89710806138574,-0.879684479288624,0.50295876587152
173,92,-0.852968504690344,-1.42416415197139,1.05628735945779,0.601877570162123
174,92,-0.4501804852671,-1.75814848640039,0.00280260670892136,0.142108964101892
175,92,0.613518504363706,-1.48284417081458,0.00266365824290451,0.623151456181808
176,92,-0.66585967532479,-0.135891891750099,0.172532847094072,-0.52391051902684
177,92,0.0593350734654396,0.988855757519871,-1.05280814657146,0.00512978878500287
178,92,2.23976397762059,-0.124637132184441,0.198015033854407,0.358139795820265
179,92,-1.17417511674963,-1.06946604083069,0.471398810746233,-0.806243393364592
180,92,-0.452079198720666,0.0427897976579309,0.391831038950797,-1.12293750767493
181,92,0.474050148883128,-0.730863268760613,1.52715009157113,1.6101677745138
182,92,1.35152330509033,-0.462721058726437,-0.288554211918296,-0.993781068557476
183,92,0.627761102415528,-1.04297426551572,1.61902886758437,0.639153569677618
184,92,1.24803154187403,0.0495957625123745,-1.1933045370677,-0.610286625534003
185,92,0.587329200095473,-0.828022234970558,0.860403506741517,0.601327374894077
186,92,1.14304478106028,0.719421142350686,-1.00399523544291,0.408652878527578
187,92,1.57641753136344,0.433664527056606,0.0243224906138265,-1.63623707458272
188,92,1.6476821247539,0.43006829733175,1.42143482341469,1.11196989821439
189,92,-0.397633798382764,0.918693527087321,1.12147564971949,0.0761827711005889
190,92,1.66240324911753,-0.0723899213079368,0.78483987165504,-0.452377464386931
191,92,0.613981595505566,0.119739712511846,0.201323986991539,-0.390483534908815
192,92,0.663624772931479,0.0413480671623273,0.621600958874379,-0.472634464124393
193,92,0.47483852052333,0.200513908064072,-1.29710298121899,-1.52106263939666
194,92,-0.942486276309241,1.06699986941709,-1.00771012263661,0.729027644866865
195,92,1.23718117254443,0.902712539454348,0.650770022989846,-1.54878665081361
196,92,0.530276657336523,-0.100050367598118,0.863306552058919,0.310568421670024
197,92,1.15245451298355,0.16433064597272,0.209414577600833,0.270708201084651
198,92,0.849301307291405,-0.496486857413975,0.295816752605422,0.121650738757517
199,92,0.169212439365113,0.136592391271372,0.0934116265586907,0.235891601136261
200,92,-0.690493499736026,-0.608137641135936,1.31152103327888,-0.609099823059752
201,92,-0.625639644136279,1.04785691749374,-0.704375196456501,-0.711934616652339
202,92,-0.655093350475406,0.599341991044891,0.125935258068047,0.849079896289769
203,92,-0.942698875567896,-0.699278696466438,1.07099975804197,0.998479970357202
204,92,0.607264730841185,-0.776176857710231,-1.81124962634868,-0.0639955504088852
205,92,0.0635772469858713,0.350088232501534,-0.879450767487506,1.16006701207973
206,92,-0.731496829227483,0.321968865861591,0.0846200120453487,0.667545913791246
207,92,-0.358911023614247,-0.625902634692966,-1.4991676444439,-1.34003468729967
208,92,-1.02165631025735,-0.512366287244773,-0.729048207181392,-1.24282561942501
209,92,0.677448253894996,1.94882646781002,-1.2424432015907,0.377145898909767
210,92,-0.664146515286575,-0.367699607404854,0.878224846153225,-1.01261561892163
211,92,-0.744043241481976,0.186601258634834,-1.73476318783924,-0.674283415796231
212,92,-0.86936318211234,1.89619676621052,1.07620563704107,-0.564558752580937
213,92,-1.26591272833423,1.02622537649517,-1.31921302574028,0.831629042840935
214,92,1.33472438580371,-0.783558054742873,-1.04136819479332,1.032920780983
215,92,0.188595183502722,-0.655664063658139,2.45629919360935,1.24054012085099
216,92,-0.262335530197928,-0.495131028843675,0.682757084784574,0.664591324697742
217,92,1.15978837387258,0.363471233526067,1.98305432012367,1.1028523470407
218,92,-0.231499264541173,-0.896130057348392,1.68930115589797,0.16499560786967
219,92,0.503631632742436,-2.92349880127666,0.60073641402897,-1.07769816103447
220,92,1.24503971956382,-1.01399616196624,-1.10811990395339,0.334820034044836
221,92,-0.325227793923649,-0.787531390542896,-0.377834827697428,0.842641473388859
222,92,-0.712303279974765,-0.244898701713905,0.367392183489794,-0.243579696905854
223,92,-0.420656417805951,-1.86276180975612,-0.174937374583378,1.5992325982029
224,92,0.48577298593249,1.35923492014663,-0.648459992404501,0.605551869532539
225,92,1.27841826130805,1.26872237160017,-0.0491469305757755,1.23580125036208
226,92,-2.15167067276307,-1.41509065893555,-0.14063178829496,-1.7361815997801
227,92,-1.19038578650984,-0.843651216658254,1.12255963759617,1.06664285334136
228,92,0.184791235400638,-0.709214316307642,-0.0413414018634548,0.812360893560842
229,92,-0.0750661302251385,0.789872343378653,-0.84683213545308,0.296437253241095
230,92,0.144152016904964,-0.604318670115506,-0.0227596458628629,1.01743687502211
231,92,-0.523836284696738,0.77810809571586,-0.232217637913206,1.36074195491735
232,92,2.24816015611546,-0.293142532670453,-0.572248283793416,1.09935706416943
233,92,0.975251119989454,-3.51436389946406,-1.43160438747865,1.86391705528303
234,92,-1.70842114839575,-0.874361955478224,1.18736495982559,-1.02891030216091
235,92,-0.265744175765795,0.408531417379917,-0.813920412095922,0.836375418311077
236,92,0.362563328081035,0.204787464615377,2.56860756485868,-0.04734318247594
237,92,-0.474529641560875,0.389874081680652,-0.256246830543694,0.443332253661777
238,92,0.405840045309933,-0.997825849240641,-0.0818078304714978,0.00988992752916506
239,92,-0.581920301538393,0.796441263955412,-1.13971005819796,0.742828102536537
240,92,-0.96795783126913,1.28202560226622,-0.499095607577906,0.662551914717343
241,92,-1.40901938670071,1.25165454815496,-1.25673823666604,2.06424198424576
242,92,0.220402989193335,-0.566715833660342,0.808234973392893,0.400430125162012
243,92,-1.40708040979584,-0.396408914500153,-0.140562207879816,0.578403916944799
244,92,0.342674820634247,-0.317858619937394,0.635155733533535,-0.32626097620094
245,92,-0.154889049874764,1.52767313838403,1.44041998255912,-0.573964192773011
246,92,-1.22069871328858,-0.320726383002467,-0.152797291426309,-0.735545076129698
247,92,-1.04568691659762,1.70659669429839,-0.246839908449882,-0.588960637473419
248,92,-2.4177545734464,-1.63182689022291,0.696988609255992,-0.102989262112856
249,92,-1.63762396437165,-0.18956500524428,1.23979439561634,-2.11012297686498
250,92,0.691869157294345,1.557727927108,-2.02346492511394,-0.951713936497659
251,92,0.523145710669866,-1.20985815621222,0.406459225733041,0.820187913679157
252,92,1.86525561445417,-1.5171006316964,2.08144228059738,2.00389773804738
253,92,-2.01679787201514,0.515778799727552,0.776427500260477,-1.45709939420647
254,92,-1.24602892671855,-1.25250933922048,-1.62611093949667,1.56324629857628
255,92,0.251135608070177,2.75669912385872,-0.540950918963555,-0.167900071916821
256,92,-2.60261275003646,-0.275530686209614,1.15384138395843,-0.40433313954943
257,92,0.319761777023341,0.278190590954774,0.175565759322273,-0.707440580802957
258,92,-0.343355434206225,-1.3702816879951,-0.291857051887932,0.803634034772407
259,92,-2.43782485897609,-1.57491757163073,0.181706918274573,-1.04732762783037
260,92,-0.233158512642363,-0.968336289105097,-0.204593390972771,-0.212133438898685
261,92,0.899248273113816,0.437488578716279,0.0852614120126032,1.70258175029758
262,92,-0.860937907263949,1.82182907518274,-1.47390814009667,0.707468320581016
263,92,-0.684070547111639,-0.770135251465633,-0.301079483648938,0.788121472799456
264,92,0.26047836910704,0.0256124336774349,1.14486386744163,-1.72265628616104
265,92,0.0901188423905834,0.992037032816461,-0.15703789291296,-2.50106907455429
266,92,-0.202685576509079,-0.679577255118636,-0.634187367137848,-0.382511810348044
267,92,-0.356191458069351,0.564474649467518,-0.291958636573387,-0.0500526921611501
268,92,-0.504253057896187,-0.685342671729346,0.669378733698096,-1.3053781983457
269,92,-0.0753117207670461,-0.967815423895725,0.772716559243702,-0.241307453234006
270,92,-0.712972416086958,0.170368481552607,0.0399162553854341,-0.432085855640477
271,92,0.0678964439058487,0.0451271240115268,-1.50805871798218,-0.513135441415731
272,92,1.16988456300331,-0.177362230402027,1.19620841449512,0.0107074980291858
273,92,1.76520535066521,0.622447877235206,1.1000864979968,-1.27500616505778
274,92,-0.996357158955355,0.743613061295683,0.506891413295612,1.57903808758241
275,92,-0.545885322129561,-1.50113967545533,0.830332075322614,1.43262728649381
276,92,0.922794833389192,0.836480920882645,-0.31609921604903,0.266835305880232
277,92,2.22013663827723,-0.977692429240424,-0.143355352330784,-1.02290414770582
278,92,-1.36857247005026,-0.357734176283125,1.76018996227147,1.16733283149963
279,92,-1.29428703440528,1.35394510339257,1.46593624684903,-1.4672731802824
280,92,-0.460932163030354,-0.0630974524496267,1.02782400392968,-0.710709984363471
281,92,0.477756368123972,-0.966685179788499,-0.273403438707683,1.39963128831158
282,92,-0.395716691299412,1.50299153550439,1.57084764046528,-0.597766633944121
283,92,1.48999950423224,-1.07355275588437,0.79239646625883,0.735616337166696
284,92,-0.91380113832084,-0.533107470676918,0.313513405758101,-1.3431274523553
285,92,-0.499181473720783,1.35111970282972,-1.6623677434391,0.664935951630967
286,92,-1.61926470553703,0.888005984892137,-0.0465586234916967,0.588856294012373
287,92,0.605557856950647,-0.54422945231626,0.443286966992317,-0.307388834203831
288,92,1.34353834066607,1.09196242447023,-1.08972650052385,1.52528081703668
289,92,0.230133551868377,-1.69304036170022,1.85443582341004,1.39733337891458
290,92,-0.379566800988405,-0.741061067033254,-2.54159577201642,0.50146248419199
291,92,1.389339193583,0.952498802163814,0.343986369046744,0.0865535347137802
292,92,0.260393186231927,1.17624801040195,-0.595517633319505,-1.49117650061779
293,92,-0.929271422903178,-0.103750988815616,-1.24384073099446,0.974328624494393
294,92,0.287323145709244,0.745130012938251,2.03501797480806,0.148814988000784
295,92,-0.652575462836725,-0.173641582585706,-1.19024058324578,1.12580255534089
296,92,-0.395700128841217,1.44218809822121,-0.836300123654743,-0.676716673835214
297,92,0.528155871045802,0.0641425381377036,-0.757196923946101,-1.62912053909048
298,92,-1.07209667221886,0.8613149191853,0.916298072620194,0.0331191277408289
299,92,-0.945050901869887,-0.599160869966077,-1.13193991051939,-0.98301916905729
300,92,-0.478294771055727,0.0048211084391148,-1.23387470469273,0.281535331033781
301,92,-0.409174039107629,0.176060708668258,0.813662203520101,-0.344573831565955
302,92,2.857038527416,1.15500504398778,-0.924047569773007,-2.74923344431211
303,92,-0.97083979521058,0.453216736479232,-0.648098508253277,-0.368525477346483
304,92,-1.30936059570805,-0.110725539039263,-0.023955127899568,-2.34910428365426
305,92,-2.05850985778705,-0.699926186029608,0.633056408640966,0.967262451222084
306,92,0.429556773878639,-0.476579385481961,-1.02915005078246,-1.29098779294997
307,92,-0.443038454653079,-0.0743368944407425,1.88437405951787,0.0998873126084927
308,92,0.0745151309799276,0.103438128337651,-0.229998264990074,-0.847730550942334
309,92,-1.10999110116525,0.582939202160438,1.02470113774725,-0.438373704152561
310,92,0.524134379718906,1.11069780804164,-0.556271722708988,1.04601283594393
311,92,-0.354665798009952,0.391694192032109,-1.94685083293245,-1.15264347130861
312,92,-2.02748171081432,-1.5389450731555,-0.0611878450832583,1.48240228650441
313,92,0.845004437909017,-0.177018227734744,-0.0650920321166848,-1.14879709760493
314,92,-0.686727476202251,-0.129621338690349,1.60358666764828,2.69913324059929
315,92,-0.0679360918657683,1.2437234312802,-1.09848979672349,-0.979361302118098
316,92,0.2524411091722,3.13089038181365,-1.09587391055683,0.0473071197727824
317,92,-2.19245151301431,1.15955675587656,-0.742836258689828,-0.00547208877814069
318,92,0.985335095392428,0.300141207509316,0.847515098594182,-1.0888653338047
319,92,-0.636326007336188,0.817004767928853,2.01454645430741,1.07237363616139
320,92,-0.314478331181706,0.752428777623081,0.259415325383236,0.0896344150797125
321,92,-0.387954414945329,0.430901889432408,0.597380795916697,-0.256980578426309
322,92,1.76833567727478,0.493040601036492,-1.00069620289931,0.159634806808783
323,92,0.859847288175562,2.23843695396621,-1.43978519274973,-0.426374126254567
324,92,0.747182622564185,1.87140197715183,-0.188859636257796,-0.525168256912311
325,92,0.294741320721261,0.219868148798487,-1.40386017117807,-0.903998927260355
326,92,-0.546221069638277,-0.326531703926164,-1.81493023794842,-0.488143315001498
327,92,-0.673640409358846,0.682378150795362,0.0802835209360001,0.800471598825637
328,92,-1.88632952642494,0.0014185984778074,1.27204470336998,0.0474120176014744
329,92,0.134481445794027,0.165107083996704,-1.53966765472093,-0.301968475051224
330,92,0.802278634092364,-0.220769963073981,2.46556322305283,1.27762192270851
331,92,0.026012648248221,-0.0724370280479284,0.269090928216531,-1.91231777068426
332,92,0.29943046522807,0.126962290824324,0.34834256480802,0.31954210081958
333,92,0.587348314271335,-0.438188638271485,0.638770412394989,0.769680462317523
334,92,-0.0649863680525889,-0.342544474572912,0.380753737924144,-1.53352947663092
335,92,-2.04632879693964,0.637553950414757,0.56507037228074,1.0209088429704
336,92,0.428194768686049,0.104262265185585,1.58970789897279,-1.9368354411646
337,92,-0.160248984132745,-0.776772181956355,0.350302668177706,1.42253556164606
338,92,0.498360244426579,0.644981844168657,0.63366897717198,0.0786149308702048
339,92,-0.0469666634501281,0.20420879575531,-0.308723058676413,-0.113884289458438
340,92,-0.860551424141019,0.463300975012167,-0.135330042935177,2.25182479115876
341,92,-1.8941017357989,1.34816513542163,-0.973397063701288,0.601580319161353
342,92,0.0408566910241917,-0.285287873052418,1.19400124578193,-0.90938002042817
343,92,0.438945673688468,-1.27918306507142,-0.154895148286808,-0.129025216654023
344,92,-0.189746321941222,-2.44679740338816,-1.03494791434487,0.245977946700169
345,92,0.431460760059612,2.64821831280149,0.253347547341666,1.32317855622844
346,92,-1.23280165971312,0.975280005366542,-0.403140770603019,0.2772701241636
347,92,-1.03422528770412,0.0804277518440775,0.768844806854156,-1.17851794018939
348,92,0.672983481113979,0.238224562593164,-0.562050635060999,-0.520934881227961
349,92,0.470113530490568,-1.32181644145585,0.0116840695257201,1.13410895653062
350,92,0.376218783766418,-1.04433951954928,-0.0531663954269871,2.02543832250685
351,92,0.0837310303244217,-1.20586794328291,1.16718882006202,1.2955914980041
352,92,0.284227157688531,0.241908483180886,-0.371022015409158,-0.270579338509855
353,92,-1.39728736262422,0.102931168081452,0.94973025957616,-0.715245759310645
354,92,-0.817573851728779,0.785553935951442,0.753341357253904,0.135773303724474
355,92,-0.500344094983772,1.80573796620057,-0.797277419788688,1.07716720827014
356,92,-0.874180777805753,0.601479655076706,1.65568540818014,0.297004105119097
357,92,-0.851511178509648,0.0823916905956876,-0.876483375609326,0.589145952975329
358,92,1.33755407504792,0.799143535177222,-1.22098793269658,-0.547256280221882
359,92,-0.352087999269932,-0.816274567593803,-2.41577630707868,1.07921650800911
360,92,-2.46873719642926,-0.638314838195268,0.352420475286142,-0.443731708285011
361,92,0.365248466549017,-0.272437194254212,0.758178648371736,0.318920240929025
362,92,0.664883015440608,1.92869953086001,1.1104693330824,1.00434737021634
363,92,-2.23754170953321,1.39451283147543,0.99273539305323,1.09501172436491
364,92,0.409454792012673,0.147371283481223,0.420514604852191,0.272088281989334
365,92,-0.258848607420708,-0.421642722276818,0.687235019603058,-0.211557436010565
366,92,-0.74420341938522,-0.439596313343365,0.668855429951259,-1.57803126278026
367,92,2.30572012169743,-0.0112250401707424,0.257115759930897,-0.405824937585329
368,92,-0.61437913160408,1.43806843155524,-0.0951263303826974,-0.182760072216564
369,92,1.28911608993579,-0.531470196055687,0.123472726183174,0.0147450790850917
370,92,-0.673699803949052,0.336747409997402,-0.603391617073502,-0.812147136626586
371,92,0.644451609732832,-1.42947966052652,0.906439137815806,-1.05532409805462
372,92,0.245085680640814,-0.276169944178129,-0.914841673470412,-2.23372865116635
373,92,-1.91865308886804,0.944675913487759,0.12348848234921,-0.264068753910368
374,92,1.1999718549828,-0.00519505455020782,-0.205641839450955,-0.980012491481576
375,92,0.506521931543756,-0.192831392873598,0.862263189398406,1.01010784569227
376,92,-2.10649324619193,1.02714532175981,-1.03688742176411,0.269266488668864
377,92,-0.639093902163791,0.790386920177557,1.67302576477056,-1.60431089283964
378,92,2.52421802566153,0.204954849162859,0.782336503109608,-0.0993725395675335
379,92,-0.952689696447864,-0.29452676378687,1.30463353534194,0.205011801359021
380,92,0.302577500080351,-0.367224736866967,0.54924799487367,0.463745571075632
381,92,-1.04077394775003,-0.282724267942041,-0.701709063994691,-1.49975853462891
382,92,0.976571972004042,0.192515107613131,1.25649658645183,1.43428234102846
383,92,-1.16969093765256,-1.01295730672098,2.67775514582361,0.199311242028554
384,92,0.061575857382635,0.170230122499892,0.557884858315269,0.788621418221145
385,92,2.04347057839896,-1.19953315216422,-1.61036914969718,-0.605753894498204
386,92,1.9727103887696,-0.119063269447683,-0.393950944380218,-0.395715180771585
387,92,0.743572391492136,-0.855369779077334,0.851023137323575,2.02054973963032
388,92,0.15385919812095,-0.39221023998301,-0.297436558553025,-0.32231194351735
389,92,1.20785593597804,0.948699056446145,0.321271345827344,-1.56238842896046
390,92,1.05698793792154,0.288235454168242,1.48018575645538,1.14254395237818
391,92,0.350113899343915,0.289222927823669,0.234881193099984,1.21890008793157
392,92,-2.12104016449678,-0.963376899291937,0.00382329471989462,-0.346135276091626
393,92,-1.18450507351377,1.48855890072283,-1.28166769081787,-1.28458556684117
394,92,-0.473660947197681,0.0932673708317784,1.5329550082726,-1.2718837609502
395,92,-1.25673769318795,0.0442753516356987,1.40455281055946,1.24102971398132
396,92,1.88864277108834,0.191043508258829,0.997451478606338,0.648945697217366
397,92,1.26554008013535,-0.141130544972372,1.1792682242109,-0.443457652482205
398,92,0.235313478689247,-0.136001098932401,0.820502342543263,-1.44177883247948
399,92,1.55180860835417,0.194524189066359,-0.468249100773797,-0.715875102336855
400,92,0.550693735040294,-0.0180502098675517,0.895986007615951,0.646953121813433
401,92,0.336443618853423,-0.0505349002790128,-1.40419085158043,1.65081137461757
402,92,0.38457755396099,1.48297686351578,-0.769336861900702,0.929390367011113
403,92,1.00990321287822,0.39513923116325,-0.0010460736627162,-0.0394811634185226
404,92,0.561146564297322,0.411270917272015,2.12539701065386,0.25014418221565
405,92,0.0327978530438053,0.0786526772710901,-0.590061846315007,-0.536507462033534
406,92,-0.263024690343186,0.48373236310755,0.422526231849414,-1.30188547549786
407,92,0.847184547230225,-2.31749742502884,-0.140186625669798,-1.64424101862959
408,92,-0.133738447233156,0.331280123408317,-1.41819854823802,-0.588601795494518
409,92,0.894507086170898,-0.0716483747562423,1.32625998931444,1.72504224943388
410,92,1.36714582490594,-0.105363413945125,0.267412935770961,-0.370550091228982
411,92,-0.0877665449068328,-1.12664694101283,-0.997337170221072,-0.0215408700307517
412,92,0.207426748506106,0.584618892748401,0.0136138188551634,0.612555022464228
413,92,-2.2296653000363,-1.19351014424472,0.110507637325752,-0.496599465509474
414,92,-0.382127454317603,0.000270877350759966,-0.435936699147086,-0.856542083388524
415,92,-0.63939321755875,-1.10322047621052,-0.210764365486178,0.267261765055714
416,92,-0.510740704700777,-0.0511977539673239,0.507130901304016,0.55137678968105
417,92,-0.638120366030194,1.00631721003548,-0.224790169770903,-0.0759218924240824
418,92,-0.0831451372699792,1.81511523622329,-0.404041947490902,0.213445359342481
419,92,-1.64962711033372,-0.87290867510917,-1.90591376409048,-1.74457775209279
420,92,-0.467651689196379,-0.745217155170962,0.0660455596457444,1.83839757736479
421,92,-1.44233267027592,-0.374187767334987,-0.67699114091317,1.00385147499564
422,92,-1.25145696802939,1.2883035689118,-0.147157461249178,-0.967634507972568
423,92,0.171547132768537,1.1269691900258,-2.188740503146,-0.553854543653112
424,92,0.0863079501341911,1.15547900160967,-0.942989565197267,0.623118918301075
425,92,0.979203486954705,-0.182364999916385,-1.47915006101179,1.27312023954194
426,92,2.44193512666826,0.553291036956226,0.503191828893612,-0.82965466932196
427,92,-0.326048315008289,0.661616304358035,0.219862331901704,1.31777577820825
428,92,-0.216034174820946,-0.410507650804062,1.6051674445604,0.714356098221368
429,92,-2.12050818320445,1.15076274938696,1.09008340743486,-0.525489856856355
430,92,0.0875105004661323,-0.759875090451778,-0.117356544430453,0.765257802729166
431,92,-0.589209214656919,1.23474026082128,-0.445866981127701,-0.604813235307342
432,92,2.05606544596156,-0.620738507207607,0.0443335730571683,0.517521376676194
433,92,0.265432331107284,0.907068943729792,-2.02937596448939,0.396656783002998
434,92,0.0423862816003132,-1.01889539787562,-0.910866799016217,-0.518930354597484
435,92,-0.582025339317355,1.20029294838476,-1.91452676113384,-0.0871599179015965
436,92,0.804757987489793,0.49492334707382,1.03079869514861,0.27917012334262
437,92,0.24234576618454,-0.31306482586869,-0.40120121280798,0.591725004490921
438,92,-0.798755476907571,0.569109292799507,0.000434718252442347,-0.184947912538126
439,92,0.172807532174485,0.770393084559861,0.372035225936823,0.681519286212013
440,92,-0.661431422990446,-0.76644650529489,0.221482862686758,-0.595092848144905
441,92,-1.60887912679727,-0.632262128074774,-0.149424463050459,-0.237250869183642
442,92,-2.17967561777033,1.98292469087614,-0.367660881788201,-1.41163979592477
443,92,0.730498858325902,1.34161698493693,-1.0956013426094,0.0164971628744875
444,92,1.55898513108994,-0.171645110403509,0.795908890025984,0.215889194603748
445,92,0.315794580059423,-0.570196628173664,-0.181373751302039,2.02591777595764
446,92,2.25867920503128,-0.131682509346246,1.75919241298247,0.630827683558477
447,92,-0.384693882354049,-1.19169227558732,-2.11794556065613,-0.916718940821924
448,92,-0.976436321544796,-0.0552338918869186,-0.528452618213185,-1.61151254609739
449,92,0.0275175071149178,0.0914349687242593,2.60891658221035,-0.113844428538428
450,92,-0.610062895706445,0.604082791091745,-0.505135925433106,0.164768359193417
451,92,1.55007231354738,-0.17305018755101,1.30283743840211,0.128298384063508
452,92,-0.0820529372191187,2.02291861448327,0.614949365463012,0.0941109407141515
453,92,-0.0713742670235144,-0.264094543223492,-1.48197047117732,0.765955311337629
454,92,-0.824334087743534,-0.0829189685948683,-1.50149687045691,1.2626948613272
455,92,-2.5324301921913,0.594748487776216,-0.375720928785491,1.08563067026498
456,92,-1.78603168664892,0.299009424022232,0.25131563167543,-1.24510727625735
457,92,-1.48195387533798,-0.0743378167563744,0.528552128190439,-1.8622330517906
458,92,-1.7388465112743,-1.63613691422801,-0.166023297126033,-0.046451553463897
459,92,-0.434686048111011,1.35803032827012,0.639087207555133,0.497961515949629
460,92,-0.699883134966462,0.0144556058069505,-0.244415852380531,-1.57606231702051
461,92,1.06589543381677,1.17728554147945,0.340017024315147,-1.06189641684872
462,92,0.252651628021947,0.395505903031051,-0.55601747765778,0.58990805927431
463,92,-1.63344921325719,1.51506713015731,-1.14362812802916,1.37669885020069
464,92,0.18599257551666,-0.751320706455558,1.41498227962126,1.07652424295852
465,92,0.7312442044061,-0.299767738184455,-1.89045940408127,1.05650159251701
466,92,-0.205933755257785,-0.882651750929939,0.378535498114431,0.145595413197676
467,92,-0.268197325894866,-1.01329701693843,-1.81042465173772,0.296998663325938
468,92,-1.24298989673165,1.33955005605777,-1.00830723715385,-0.151386279603363
469,92,1.19678901748585,-0.116534666632288,-1.21043346573673,1.063307142689
470,92,-1.06328791840366,1.23287428113158,-1.19293758521437,-0.09060134363948
471,92,1.83991917297869,-0.646326540603804,-0.276840479404357,-1.33292622531815
472,92,0.261831239893612,0.417110344241124,-2.17227782345825,-1.04885027444221
473,92,1.06972140035882,0.881724561136527,0.566743747596653,1.66595941032579
474,92,0.496681629337357,0.593780494587718,-1.5428405665914,-1.00301566330337
475,92,-1.36100634103976,0.306036189089747,-0.472711490413731,-0.728913436315504
476,92,0.682562647191865,-1.73232392713204,-0.957449999888172,-0.311538403979662
477,92,-0.620295763846459,-0.0253693649013873,0.934240178495412,-1.10791681830906
478,92,-0.128684565481572,0.0722890390794177,-1.35659132623851,-0.0540347886507422
479,92,0.55044623512981,0.857322952236479,-0.140701613327871,1.70493677243797
480,92,0.232843564156229,-0.0523190971744762,0.171937298562417,-0.113695756395873
481,92,3.33811078168846,-1.08355338218364,-0.283492459200209,-0.977967245770399
482,92,-0.106048968741696,-0.258605640456698,2.96298560506102,-0.914070571247966
483,92,-0.522089586781227,0.33888134140648,-0.493146913081044,0.541809291755383
484,92,-1.23641526608547,-1.48509534390148,1.64722034448571,-1.41966163955719
485,92,0.435580058999268,0.0878145658147633,0.477969228200584,0.863886356460288
486,92,0.933378848986195,-0.751057034250525,-0.982421561813687,0.530226393343861
487,92,-0.178254973609594,-1.00524823897065,-0.843577432747905,0.419007699851356
488,92,0.431960456577208,-1.88259713666312,0.772345349596923,1.18261613850426
489,92,1.16752337329264,-0.362300648939696,1.90348297185031,-0.814741543243609
490,92,-0.919692482088278,-0.0864497543333407,-0.477511784625582,0.749525610617464
491,92,-0.838595536323055,-0.332289402559043,-1.4504317252078,-0.473324955929291
492,92,-0.942744528321903,1.5680313337953,-0.412621137560092,0.53369976544684
493,92,0.401728184633439,0.635059559514163,1.10726151621054,1.34909187785436
494,92,-1.10232588814629,-0.0198257864911304,0.566174708031291,-0.804972675193704
495,92,0.373862074788301,-0.951451313852658,-0.525091881981704,-0.0746493559833622
496,92,0.576409893208108,-0.473099047437464,1.00299290889635,-0.684651785748438
497,92,-0.388285406117963,-0.193572109997601,-1.07513674593402,-0.678292062158564
498,92,0.632807800915263,0.455806537137289,1.77658020182747,-0.737835261975994
499,92,1.09529706171134,-0.240359512754194,1.11842392873757,0.804338604765663
500,92,0.51728483353549,-0.494263161931988,0.127311897275037,-0.260499704176319
1,93,1.88708754172571,-0.391526524210726,0.87113058177678,0.120622289932022
2,93,-1.1308702820448,0.839825974524633,1.28895895250916,1.70787679861883
3,93,-0.0829133874872618,-0.362129418062616,0.729887908575511,0.103872371319582
4,93,1.31670730385299,0.374486831672528,-0.0142961534598514,1.81889202899901
5,93,0.0167067849626183,0.251073373515291,-0.267138739488994,0.199237181898324
6,93,0.311926169905101,0.058250767359972,-0.447153064950677,-0.161154267702865
7,93,-1.67103460831115,0.583971154089485,0.820604451168635,0.415217550142067
8,93,-1.43639919631543,-0.607282922425249,-0.744565634103772,0.725323886515389
9,93,-0.0796477616940314,0.780193725972686,-1.25267563244758,1.16685929257007
10,93,0.88453427955141,0.192282208883915,-1.18144985843258,-1.27280060446744
11,93,-0.674339638464635,-0.019971484663062,-0.940527772678232,0.611638602848442
12,93,0.778536935883098,0.660666023430409,-0.704979787360297,0.472701359553998
13,93,0.707505898081349,0.591262507341691,-0.596415774232295,-0.415944761498324
14,93,1.26719629294725,-1.99992664019451,2.6409946904923,0.816786947005248
15,93,-0.681579547093522,1.33458092667924,-0.291056655237131,-0.420955360416002
16,93,0.904837079656291,1.91907582266429,1.35393906862203,-0.148913910782203
17,93,1.39997633653332,-0.364120543799212,-0.0271182386234699,-0.778355513168331
18,93,1.23869776207997,-1.39180526350876,-0.831688024920887,-0.00773221906268349
19,93,0.595578078157187,-0.63433349345016,-0.078964768736173,-1.07867459611465
20,93,1.69641603371605,-0.873796558185508,0.316590921606875,1.82930367376617
21,93,-1.50854570916787,0.345286217099151,-0.231323317081455,-0.0588625521704888
22,93,1.26738024700822,0.244678584697596,1.4875944235496,-1.20604634598321
23,93,-0.0553988058368313,-0.696043911648885,1.17012755340709,-0.98983841507164
24,93,-1.33516936148265,-1.63951483923319,-0.626068909029604,0.257223491051231
25,93,-1.8852308251874,-0.736554571431468,-0.855102893210389,1.50779258937045
26,93,0.102758840520181,0.101894027652989,1.16177432544242,-0.22733405841621
27,93,-1.16705765403725,-2.58157715400645,-0.078773214727708,1.84267888828972
28,93,-1.34918758605999,0.135926629951776,1.34364986492157,-0.364114760091231
29,93,0.785285722864735,0.363787246606383,-0.232525289201298,1.11821462928459
30,93,0.403983107954306,-0.979192065751655,0.280695362522991,-1.2880891895486
31,93,-0.728711139508505,1.02110230284189,1.10440343874549,0.159253029506989
32,93,1.38325910457444,-0.966609896710684,-1.07891884675116,-0.022419357908676
33,93,-0.315110237167148,-1.50228889381876,-1.73774862180766,1.69110898458273
34,93,-0.0119802991825856,-1.02666903591694,0.378553816297685,-0.0910957215630696
35,93,-1.06527772623626,-0.0988508961986993,-0.850450568288601,-0.696361662984733
36,93,0.360484841949909,-0.265030478516232,-0.995558736237558,-0.162675165769749
37,93,0.200897472819601,1.25184938782378,-0.909628474409092,1.24720140323601
38,93,-0.0126030107811543,1.35831940480621,-1.33220005169898,-1.04014846740543
39,93,-0.895869779525521,-0.714241191774544,0.627367630683889,0.861293797312476
40,93,0.175693991283472,1.11480359986437,-1.27640248723959,-0.00671913325984628
41,93,0.164268219828623,-0.287742200475178,0.633534717109287,-1.04285595024716
42,93,0.118921925143292,0.135918821457732,-0.340385021971911,0.671292244281408
43,93,-1.60190603468123,-1.31290345820012,-0.556611476070375,-0.301841068268714
44,93,-2.15683879504646,-0.906990614728157,-0.709092175328686,0.779876216807785
45,93,0.599068917387806,-0.694164454669852,0.242887450178859,-1.16701427850055
46,93,0.724570230809431,0.727777282048837,1.41670235347008,0.501655423143507
47,93,-1.45864533634796,-0.674623622959618,-1.52211270310452,0.908261961678438
48,93,0.169659758293271,-0.621664576098266,-0.321658805580826,-0.320361446066289
49,93,0.94388950033169,-0.482696293351706,-1.21543217452705,-0.834817372136865
50,93,1.08781238651664,1.00405163296938,0.0297233249215531,1.44397545785747
51,93,-0.851587244271012,-1.86964427957637,-1.81403150019856,2.60751500984151
52,93,-0.254410377859875,1.65265729334213,0.913003875674322,-0.378377659598579
53,93,-0.0797517203881019,1.17543427066634,-0.256130104615078,-1.16292684928823
54,93,-1.05573250581933,0.651088901444924,0.504664177783688,-0.451433499447588
55,93,-0.694866818375471,0.480448878702249,0.221302124741343,0.892293528688792
56,93,-0.697228842325563,-0.813506582354625,0.160029787499245,-0.465026901390056
57,93,1.21813603719251,1.2514108364916,-0.956097707330538,2.05892304006957
58,93,0.828770005459323,1.25221465361005,-1.04581800976648,1.79553632541999
59,93,0.475115954248773,0.861245286668126,-1.41352051540249,-1.85582101575258
60,93,-1.81769315530781,-0.389284694847865,1.38796244081287,-0.760336462750554
61,93,-0.507485357852513,-0.131478556929555,0.610796633887373,1.2297536751781
62,93,-1.23600787343319,-0.765162562512771,-0.434962293500919,-1.62219389567129
63,93,0.907906744888437,-1.43772722911983,-0.786144877904734,1.3361548728277
64,93,-0.273015227747097,-0.837824711894246,1.4710185067218,0.319761705726344
65,93,1.32457534257168,-0.631114147986675,-1.0015450743193,-1.67148965452669
66,93,-0.114716788986802,-0.118739629650621,0.606829769616235,-0.540978872230748
67,93,-0.334596686927721,1.19802101761773,-0.616173638851292,-0.659768158256495
68,93,1.42482933073411,-0.710578638743722,0.646645900022014,-1.30603849668364
69,93,-0.374475570454439,-1.21445689448451,1.52957058353969,-0.766594129665888
70,93,-1.13761110820351,-1.77761570448732,-1.08287192033827,-0.119836294966972
71,93,-0.347104550063534,-0.306692189707208,0.495713859521143,0.352226314901375
72,93,-1.38574374868757,0.0330343194710062,-1.22872001219947,-0.339542405302554
73,93,1.68629374898483,-0.559810856199902,-0.206642098406265,-0.32216454541843
74,93,-0.845304627579584,0.690710484343494,0.691431825936611,-0.468848811997494
75,93,0.989226482306625,1.53333685370502,1.38216980567211,0.364303758256396
76,93,0.443151955096657,1.29997349490057,0.23135995611212,-0.141380630068375
77,93,0.0769136981969058,1.17193527885521,0.752731445092473,0.133680299781315
78,93,0.124900835252989,-0.676175123623587,0.552382833441874,1.42518392083522
79,93,-0.626748975329971,0.411836490134758,-0.927414932772137,-2.07298451197166
80,93,-1.80399821498073,2.69146249929941,0.716772956571714,0.400995563285362
81,93,0.20384259767243,-2.57207424664255,-0.450678564474304,-0.52460623395522
82,93,-1.48627743731045,1.48606119161935,-0.0201342005162871,0.541219217172411
83,93,-0.61623325205682,-0.624647059062735,0.0477211184989588,-1.45931922276195
84,93,-1.28022511477088,0.0969573903934731,0.697934188827156,0.230326800947143
85,93,1.42615681727585,-0.407207209535652,-1.31823825362237,1.15977917026079
86,93,0.0173113196745317,-1.15689967423609,-0.308258653942756,0.146011061280047
87,93,0.558564294266967,0.749317865393665,-1.74210598659536,0.973688864973898
88,93,-0.507844696915508,-1.0086564807151,2.00444784600195,-0.821178923738106
89,93,0.854148565614198,0.557583963920127,0.455456738475739,1.17003449815683
90,93,-0.498046309051081,-0.258528793241928,1.32308111257078,-0.500180362553213
91,93,-1.08525957000289,0.0732615061464176,0.765610902171774,-0.400119850302032
92,93,-0.556662283735055,-1.21739534834691,0.100019222976582,-1.42349669786039
93,93,-0.242286840096679,0.0821736842361791,-0.851517043646264,-0.0288765305702507
94,93,-0.575007504943659,-1.06388832885204,-0.638252272283063,-0.25157401514841
95,93,-0.448195647981021,-0.8502563038511,-1.29641484924411,0.209867859704618
96,93,1.45348351559053,1.13249283974586,0.828262620429416,1.32101686303569
97,93,1.36654136033739,-0.0348590945672005,-0.376950717260063,-0.67214546568958
98,93,0.488076580804522,-0.821525754162942,0.0601452785687031,-0.860894818730007
99,93,1.03615929633504,-0.981616804669133,-0.945699453246003,0.926689550025065
100,93,-0.293564090084263,1.25393295699232,-0.418073053481159,-1.03928654268323
101,93,-0.967923064870214,-0.461416868424028,0.16001223202512,0.133251636636058
102,93,0.643002578180378,-1.44853219810081,1.03674798253896,-2.2509244548998
103,93,-0.500733955420524,1.13223563885819,1.11536659226062,0.030792990291063
104,93,0.806014656179494,1.2930349125084,1.14691133852812,-1.8121399381681
105,93,0.956618794320267,0.662115322013696,-0.230326478987068,-0.552029894577466
106,93,-0.918261157986613,-0.245773161066488,1.40703363416744,0.811669430568343
107,93,-0.221889545656689,-0.74043868462493,0.342073178040592,0.829404647803233
108,93,-0.650704238471898,-2.8481580278698,-0.879849820060029,-1.62709894492799
109,93,1.1615848829563,2.02161144027435,-1.43000544554496,1.25946952600876
110,93,1.20943394083119,-0.402848602849654,0.00382264894289594,0.0385709548107721
111,93,1.63809061343402,1.48583441029236,0.00284217318327991,0.512248854800655
112,93,0.77738493195853,-0.753140008940257,-1.85968981524173,0.16114562804936
113,93,-0.372910359450724,0.619735431852138,1.47835258456032,-0.630922484929084
114,93,-1.21243573227422,0.902731602566757,0.583103237150011,1.34704416397495
115,93,1.06209061665889,-0.769299271445223,-1.18477854846173,1.47016774686089
116,93,-0.60829855618849,-2.05391274497073,-0.390364093871331,-0.263715557751817
117,93,1.38865946469235,0.42037816688919,1.85542631657143,0.0685328161177394
118,93,0.91592085995094,-0.0101538983320314,1.00817150594523,0.44076351464819
119,93,0.26050914102487,-0.833330634721477,-0.378525645726906,0.674451647903946
120,93,-1.06850477944095,1.71983662436936,0.460260623689818,-2.18288684819446
121,93,0.314650655824373,0.647157625523341,0.0098078370155074,-0.297458212080861
122,93,-0.506628661586783,-1.0450781211695,0.412188282149062,1.44008670285715
123,93,0.936893202072417,0.251921315941604,0.555529120169505,-0.163864908983271
124,93,0.164851586985506,0.177815568924598,0.28012579511435,-0.391168382564891
125,93,-0.0661201000269624,-0.374015166293647,1.6993366547654,-0.663435997480204
126,93,0.0675492696388364,-0.608382533907592,0.318516490952888,-0.427990399485329
127,93,-0.517826060393108,0.84312111356694,-0.8454502191833,-0.308433311855254
128,93,0.678254056179411,0.17043449533401,1.00983645760404,-0.0914872444648645
129,93,1.26086641446783,0.344454954195158,0.640244366367139,0.272995515103836
130,93,1.47750306108573,1.47076916189565,-0.633997825739159,-1.45074579411071
131,93,0.0921993003427248,1.83916199869249,1.1435053602853,-0.139246402115363
132,93,0.207510765573853,0.299843509857055,0.161081177892673,0.769077071216128
133,93,1.47891571106049,-1.56287457559635,-0.904066292273542,0.854128014416869
134,93,2.10071748660097,-0.604077093089677,-0.22978778072223,0.685755019142299
135,93,-0.230923034141603,1.3368835206764,-0.947934615875745,-0.806413246865773
136,93,0.95964720934407,-0.363255085938314,-2.93186149992767,0.43469866546424
137,93,0.239481682145165,1.20743334652548,-1.31393350712752,0.866016665555908
138,93,1.88574208799725,-1.33273429960803,1.38633857910368,-0.498816978273573
139,93,-1.03804303968825,-1.66719924514815,-0.106830042567557,0.47402305938412
140,93,1.14311693500797,1.80843813263646,-1.16241794923703,1.90108686488954
141,93,0.755282616734321,-1.70612653610096,1.22725073318457,1.31690447323903
142,93,0.073999231463048,0.968372171619389,0.253433766823616,0.30276231654139
143,93,0.839344985670066,0.621373282888209,-1.27076623541758,-0.657361095561641
144,93,-1.34418247931226,-1.07939851496893,-2.9507514322257,0.849702211066547
145,93,0.783365838397142,-0.777572289332967,1.96234075834177,1.30380751683197
146,93,-1.17297785970771,1.44455213317096,1.39299372099591,-0.351503391983769
147,93,0.63944796179349,-0.576345996563735,-1.89550731902389,-2.42562264178092
148,93,-0.589348250908567,0.639866874731228,-0.435459064198261,0.227408025098325
149,93,-0.00829585915485874,-1.98671224551363,1.19527123212333,-0.147541959566963
150,93,-0.968255568065752,-0.413027194989349,-0.312947415072765,1.74628787375668
151,93,-1.50909965168691,0.978466315240672,-0.770823154747026,-0.876228430206045
152,93,-1.70011038214307,0.739702647142499,2.00924642998393,0.758010869119672
153,93,-0.539173472102499,0.621429740418278,-0.122360993758325,-1.5799092268472
154,93,-1.6680217664566,0.279083311802103,-0.643937570880358,1.28335996888335
155,93,-1.4766516147633,-1.39380474599751,0.113043302795491,-0.130908233681383
156,93,1.2543395717307,-1.36127472774405,-0.504860770248281,-0.80440686850617
157,93,-1.16405754036042,0.622907992870232,-0.0945220156287994,0.581221514505849
158,93,1.1536816977549,0.707861377513522,0.418498501890746,0.379656719158676
159,93,-1.16428582922529,0.486794310705773,-0.367504071557578,1.64880145431533
160,93,0.0688272447047459,1.82891837849329,-0.102680668220241,0.377338692649231
161,93,-1.18702021071016,-0.36590669431272,0.375484257646245,-0.38829554056082
162,93,0.454809707399474,-0.657870462329279,1.88054273525764,0.639278713305218
163,93,0.0641663031204007,0.777512992610371,0.331406091330253,-1.85628361023665
164,93,-0.2782467211857,-1.70969610540124,1.64021110255862,-1.24625996348707
165,93,0.575429763870815,-0.264872089805665,1.14395282363678,-0.668199855196742
166,93,0.867395338668743,-0.758641661429414,0.788701473230934,-0.332702921831737
167,93,-1.67081480874556,-1.65586736728394,-1.04938220114979,0.133407021307402
168,93,0.105609532437903,1.93997066569591,-0.604380394413661,1.0686344685304
169,93,-0.935792593090725,3.00925536622375,1.33851763323964,0.108350408917607
170,93,-1.06966381803751,-0.589701940850872,-0.618302350724806,-1.88609887876636
171,93,-1.59135860614126,-0.0830579619347182,-0.454617707273283,0.599658443181892
172,93,0.459199042489108,-1.17009713487869,-1.53491537976502,-0.242401823668063
173,93,-0.96881940156538,0.745277045944671,-0.531198382643998,0.361837277149751
174,93,0.511013714555154,0.00855964379488324,-0.697141914136893,0.134814894979892
175,93,-0.734135261495021,-1.00166978262561,-1.13799523479396,-0.937341702854777
176,93,-1.03587362956022,-2.18450911230488,0.364299668009918,-0.581166093011452
177,93,-0.524206354196891,0.531584065739223,1.62643671683,0.278015761680852
178,93,2.20719022368116,-0.146635077744125,1.34109295202686,1.95868017711985
179,93,-0.0373576439789749,-0.565112631433029,-0.450646757865063,-0.0822271914606385
180,93,-1.00022850066531,-0.580193419575928,0.331403966867573,-0.208819928212707
181,93,0.083571633187738,-0.239003985220165,-0.405963618812538,0.206018701040654
182,93,1.35834714522799,0.0550923410182192,-0.122970325247999,1.57553825711793
183,93,-0.772971333637768,0.655571380747586,-1.01291730770043,1.19071966582106
184,93,-1.95089309177897,0.0190214757452977,0.57282205377662,-0.0199503444416264
185,93,-1.15524277053886,0.238927706704365,0.719846569377662,-0.118505881814924
186,93,0.747030270342855,1.37062661897372,-0.740403753760147,-0.816139322080239
187,93,-0.666495665218174,0.0405938366385379,-1.61005171995563,1.13458994527333
188,93,0.668077173989268,-0.311975886270456,0.567552909335166,0.127074752758833
189,93,0.497203598797777,1.2318539021799,-0.645860393509606,-0.748023088479732
190,93,1.5014826326914,0.311770122735591,-0.367763806794043,1.56758752183895
191,93,-0.097234498724339,0.892094996391359,1.30240237809843,-0.29388666479223
192,93,-1.63657500656275,0.873036544450203,-1.01756954644029,0.728370044581192
193,93,0.708410257027721,1.54124495740263,0.364988040244733,2.73950617772828
194,93,1.23564090295222,0.0586434441367904,1.65570519868511,0.46616343424475
195,93,-0.681670690145207,-0.186597866120713,1.48451028938557,1.01305238302954
196,93,-0.369272203960376,0.512384758602549,-0.818395717349612,1.32028452998187
197,93,-1.02003299635832,0.594064490057662,-0.688841480003305,0.23965808027942
198,93,-0.0196622443943767,0.615282192741403,0.0420050092926192,-0.250538508413952
199,93,-0.769651394932848,-1.26255584315526,0.859770111999952,0.163590632484577
200,93,-0.203915536535917,0.617994542017444,0.0508970498279591,-2.14657852240274
201,93,0.897886577815574,1.42795461209983,-0.850676386254478,-0.0936723592731756
202,93,-1.51445726994852,1.15777455274146,-1.21897287378954,-1.40699049965939
203,93,1.30683378603646,0.992025959852088,0.671866158383051,0.176253951134813
204,93,0.479503906363232,-0.267014764419436,0.0856858142905592,-1.16546940721065
205,93,-0.561578479040898,-0.177239369824014,1.50717481727202,0.408705972265422
206,93,0.751753170099713,-0.427877010940668,-1.306897688232,0.130699140756383
207,93,-1.67026760297411,1.59585998136711,-0.836508893328136,1.70806411840995
208,93,2.13216441158745,-1.19649246433089,0.240383257778868,0.0983335544843587
209,93,0.724622995979464,-0.102458646410887,-1.28607416653135,0.997968564058955
210,93,-0.669925759774892,0.0207846695330801,1.02682416044685,-0.00476647378880432
211,93,-0.342121426462299,-1.67482406334892,1.0853859647637,-1.10705420730872
212,93,-2.07072910010341,-0.583256844368722,-1.31672745237229,-0.59591033130395
213,93,0.364927816380927,-1.04035994494622,-0.627255319194003,1.14881523537466
214,93,0.0522729630485117,0.111174216440789,-0.949568734313286,0.869324230293555
215,93,-0.682766507196662,-0.136274554561971,0.929716737306842,0.660695125963525
216,93,2.11240531124,1.23707755939302,-0.149603352861795,-0.865296239159292
217,93,-0.790949453174328,-0.436015544221605,0.0103657169242106,-0.506068624444508
218,93,-1.1311206145371,0.01978387715971,0.752178502347376,-1.01687359291824
219,93,1.57149104352379,-2.41679608798966,1.50238454303715,2.63951498103969
220,93,-0.659407215027142,-0.633877638984123,1.38662722435657,-0.0435370471104285
221,93,0.540131779700097,-0.610679992936626,1.37315855057392,0.842802277541079
222,93,0.476187993300782,-0.0674529325115958,1.20584834810496,-0.175494141942172
223,93,-0.469908319259077,0.752692220934774,0.129194049582678,0.490957050562122
224,93,-0.333859012668247,0.414536646876096,0.905091359944634,1.05789071284143
225,93,-0.110621984199726,1.34060788381301,0.15796123398486,-0.339351895023591
226,93,-1.46509171657489,-1.24268354767471,1.95301762853052,0.656376085076884
227,93,0.311814931603376,0.227428907555698,1.3288516744678,1.40203036002085
228,93,-1.90493220279499,1.77208345392286,-0.625744788005766,-0.279967724828294
229,93,0.789205359197633,0.737516138369294,0.670421058608722,0.363619786899859
230,93,-1.5622990616122,-0.420473821503056,0.371838228298338,1.71097099897599
231,93,0.600478321819003,-0.0864949497245609,-0.450864725137856,-0.374682697171169
232,93,-1.38915402088529,0.798560862780156,-1.61883929048752,0.552867653785726
233,93,0.864631806110594,1.19782541190873,0.656793496545117,-0.29764473337139
234,93,0.238278404532525,-0.661724887228183,-0.116663663537745,-0.0845754305877018
235,93,-0.779004335056858,-1.57499403976391,1.79863495410779,1.05575626922422
236,93,0.0856499788567286,-0.767311633393612,-0.430557683631429,-0.872909432734298
237,93,0.917299471238207,0.478431924387304,-1.10778769138151,-0.377443953949456
238,93,0.250123762650168,-0.671216874502429,-2.42888897673802,-0.426447315181759
239,93,1.14187124264168,-0.683225725504189,1.16944572845402,-0.494200314939669
240,93,-0.923451156912788,0.479523043736133,2.23331387445597,0.0452489276047216
241,93,0.514934830816924,-0.0196673085369043,-0.300269658074379,0.780305588794601
242,93,-1.58237910260477,1.76452864542259,-0.305268447151402,-0.413580803718718
243,93,-0.378019293138881,-1.20651556916735,0.785197244010834,-1.21091089006639
244,93,0.408977591691425,0.0693324438852926,1.22685897512902,0.33110096975795
245,93,1.55645544485553,-0.644090257515479,1.28166522216622,-1.66975621708845
246,93,-1.77703747208565,-0.19934795819643,0.695449595413528,0.721216102391933
247,93,0.451628490540475,-0.925423924242862,-0.0285076766140581,-0.114453238247172
248,93,1.33714596872866,-0.0487481910237419,0.284780920965165,-0.479539210832472
249,93,-0.69186219411665,0.327615609147961,-0.951913918550647,0.412363775254352
250,93,0.912911909784023,0.778260748498224,-1.30643271634974,0.944342464241606
251,93,1.66853260101073,0.110502794280618,1.47041049338007,2.25396391039703
252,93,0.823519915305111,0.261564340959723,-0.340996557599489,1.09187301037723
253,93,-0.284306352743251,-1.15800507879855,0.557783925832426,-0.92335253422472
254,93,0.0851991873526185,1.32322132102171,0.823158315304337,0.878985879579113
255,93,-1.09350050703308,1.18032633046779,0.194927856237257,-0.482820515158601
256,93,-1.36690136817344,-1.57766581456013,-0.728416219455833,-0.857782823797042
257,93,-0.443785579913951,-0.536801497200381,-0.706377219555668,0.266303328123063
258,93,-0.927444099102357,0.322021133149947,-0.715056989017663,-0.319868026857031
259,93,0.208226939727575,-0.203140872188585,0.139371989313338,0.900087692674207
260,93,-0.0881699938284071,0.824109004564554,0.204908166289766,-1.64077057213874
261,93,0.464645976836832,0.939249077635431,1.79036424639377,-0.0347115677542525
262,93,-0.688115297862281,1.5658318916843,0.434288492047986,0.741523975687026
263,93,-1.0066240226247,1.50876231987693,1.37238856963931,0.33157173132376
264,93,0.135163210932953,-0.473986710225305,-0.554844109413775,-0.649732033796432
265,93,-2.29339174319871,1.41584239186506,-1.5426597791483,1.88858383019393
266,93,1.46072834746773,-0.215035091329251,0.45396196939577,-0.229970153429286
267,93,-1.66569155696124,0.85212664137833,-0.645466621028785,-1.156063690495
268,93,0.213141064985076,-1.81418967023619,-1.80074887051693,1.05729538703398
269,93,-0.513827150418824,0.354574813738999,-0.77646984569373,-1.2643545557832
270,93,-0.732085637563645,-1.08279379434035,-0.701635477838075,-1.58545498534999
271,93,0.641652301526284,0.968950642584021,-0.887144958803827,-0.783304222774961
272,93,0.550104468654855,0.229489060983186,0.356940077382669,-0.282465059033235
273,93,-1.0193619014205,1.48789151497171,-0.0467094854224261,1.77254011692102
274,93,0.613631900841044,-1.68111124493315,1.21480187472297,-0.0371496991957342
275,93,-1.07659576650559,-0.352110827812328,1.03094389301496,-2.2035347374113
276,93,-0.933758851942921,-0.0147371699968239,-2.12465634988996,-0.112493855322111
277,93,-0.397149633930146,-0.7657531403841,1.20297358695304,-0.338382226902344
278,93,0.769392079913978,-1.40415511506353,-0.732007296530777,0.316157901474811
279,93,0.0960008129738962,0.0578571130485332,-0.997335071579035,0.597767213560264
280,93,-2.37530466409863,0.521526452616876,0.769868031043214,-0.196552937593394
281,93,-1.05049386174902,2.81640857261852,1.2185119315119,0.679666203175984
282,93,-1.60297744359339,1.30954784869121,1.46612017545292,-0.2166012872126
283,93,-0.683321995692893,-0.485392740933982,0.266880268255578,-0.250159003366356
284,93,0.0944515867377045,0.636824858551232,-1.41697864091509,1.22105748328893
285,93,-1.37327666856173,0.340756395159412,0.520460123113872,-1.56430945719865
286,93,0.476828809039504,0.167533931687709,0.507625062113592,0.654673287547387
287,93,-1.0901376217604,0.26944661578638,-0.695432357740119,1.21279067197235
288,93,-1.43600932544074,-0.530724791820072,0.0655505623652985,-2.42836859791345
289,93,0.574810259174226,-1.39717940283508,1.52225133901254,-0.82053316042309
290,93,1.43704385820949,0.220977054793838,0.952775980597846,0.584693661967472
291,93,2.15587591913209,0.290442491177876,2.65019615883666,-0.725264966069719
292,93,0.308293109068617,-0.664617730429317,-2.0838906499026,-0.798207222926941
293,93,-1.82582334361749,-0.816504477610994,-1.39879127131632,0.974991540335718
294,93,0.294134817987354,-0.532117530609887,0.196442632150303,0.866857176984111
295,93,0.664947310502084,-0.927954359453952,1.06540783411189,0.621094758823038
296,93,-1.60762399050771,0.451459113480402,0.478771065639065,0.468226297568629
297,93,0.758400991749043,1.68419959623415,0.818936405811961,-0.438206079649609
298,93,2.26806670383258,-1.38804575968349,-1.33212079365948,-0.789030740387671
299,93,0.129274096650552,0.466666207642872,-1.5009705707698,0.00177898424262287
300,93,-0.591521707618619,-0.0811756864776583,0.401503630113229,0.547297870055927
301,93,1.90053273253923,0.00580561108758436,0.520304649810198,0.207590313550121
302,93,0.163275305856504,-0.543065097190306,0.591485396318443,0.741503749175086
303,93,0.549367628889676,0.506604052205324,2.50409932647873,0.990163668047467
304,93,-0.334696405247328,0.504460984471551,-0.613672822476306,0.227136163427836
305,93,0.354389152223392,1.21990163775616,0.389893651552956,-0.557943226702174
306,93,-1.57675830096505,0.0445853584906663,0.354164501362896,0.407713574590382
307,93,-1.05857424381206,1.10095801251985,-2.64223286091365,-1.14464351772789
308,93,-1.46037138411246,-1.30865139340174,-0.218093667227364,-0.878076145215762
309,93,0.992586386881668,-0.876970055801009,-0.951704350950762,1.86860487547005
310,93,0.856517998409023,2.60988662156424,0.905340325011818,-3.00869157659608
311,93,-0.660244481780389,0.0864926256934797,0.578600068249257,0.432019265422032
312,93,1.83312367157201,-0.0624820570308851,-0.673112311616956,2.02624278686028
313,93,1.18663663056109,3.09513991733641,-0.438323369653929,2.17405922354606
314,93,-0.0761060323464799,0.91663498136001,-1.65072042099634,0.531929712384885
315,93,0.775258180165641,-1.60615766659784,-0.8000421157176,0.409868727135569
316,93,-0.793196035775467,0.106215648096096,0.367115748700213,1.7198445740506
317,93,0.118664355485629,0.173897177279782,-0.231946715481596,-1.21045284304721
318,93,0.0120595299424037,-0.0339832899187509,2.66242719737773,0.173752218565006
319,93,-0.526131664264675,-0.0668874727930581,1.21034597882215,-0.490663726784123
320,93,-1.17949621258549,-1.92980120917911,-1.22706128229926,-1.3303333567178
321,93,-0.479119371277707,0.281497454765523,-1.26704948772116,0.807302942902405
322,93,-0.0414286300878719,0.778539255090355,0.173813585709382,0.147182859287087
323,93,0.05812367440416,2.42041740193045,-0.494265218179459,-0.0329659005551656
324,93,-2.21241949245357,0.606658288101513,0.998502402322564,-0.646632511900057
325,93,-0.150477331503892,0.337869306360272,-0.244639176706209,-0.624867937922696
326,93,-1.44945442336178,1.13282448252281,-1.63955294571246,-0.39040994566328
327,93,-0.0494598223040387,-1.47029511182931,-0.473236490525468,-0.960316761362997
328,93,-0.159657808572198,1.41357125088862,-1.1573622532,-1.29458751190395
329,93,-0.0951126781877456,-0.300991833394323,2.13964030249018,-1.00483557284422
330,93,0.872890584243568,0.558315299329512,-1.64372923144699,2.64116968084228
331,93,2.03637999808694,-1.70188693988336,0.312233691002174,0.346358748362098
332,93,-0.287298750580265,-0.259999185204606,-0.492525881766444,-0.448384777414253
333,93,1.24734528491873,0.173743567602122,-0.301549116249232,-0.911743774917879
334,93,-1.11976509227622,1.22349429403428,0.172355677810596,-0.741657451662814
335,93,-0.415285365304638,-0.293859796999293,0.29535037685621,0.534527543964955
336,93,0.948641566856187,-0.850744502817715,-0.799124836719407,0.392232774549905
337,93,-0.85036608329099,2.41151048451671,0.130622176839092,1.36433823743752
338,93,0.64995159953704,0.441057828485254,0.760927919748685,1.91089938152813
339,93,0.0352245647578189,-0.367456501930534,0.418446150604349,-1.01497878359283
340,93,0.752587460786169,-0.452408440665316,0.88640341923841,-0.751058358550541
341,93,-0.152728118058908,-1.0400847038775,-0.231543712702789,-0.244328142931805
342,93,1.10260587942668,1.2370823643705,0.613163890943415,1.62818825853851
343,93,-0.56615068466787,-0.137313202089944,-0.207026097646734,1.58731360470523
344,93,1.45209285558013,-1.04349524992919,0.87359039262361,0.354752095136033
345,93,-0.0975202238506427,-0.73663149363009,-1.47845410437128,0.588296043677495
346,93,-1.55239260161062,-0.233763786071764,-0.333866887318008,0.234566200347819
347,93,-0.59659292582011,0.537496899352964,0.220325791690145,0.536872686567265
348,93,0.0848253713884995,-0.152275271962005,-0.094979296833541,0.462129142880599
349,93,-0.531667960997988,0.930544243208323,0.897023995287534,0.495954239953398
350,93,1.27683874612113,-1.04573672165548,1.57727089549017,-1.18686224001688
351,93,-0.0564082321377001,0.359469640063235,-0.338844122092811,-0.349209822008756
352,93,-0.288677275539328,0.810669119534351,0.863798255646756,0.272454994641249
353,93,0.444675018945206,-0.817271217787434,0.848142290193314,-0.578510137666854
354,93,-0.925224922274975,0.423686980282147,0.388922054471492,1.02992485895765
355,93,1.84066755416167,-0.526939160134553,0.302174339382034,-1.03457430391503
356,93,-0.925008598969949,-0.00927531380483803,-1.8285913301519,-1.0240797443503
357,93,-0.0535927111579717,-1.26778072226991,-0.0324270811264389,0.426277776502055
358,93,0.385608683939662,1.04682615227747,-0.953257018195548,-0.938885771878471
359,93,0.339992043254351,0.098442077632004,1.88449147025599,-1.18953041038638
360,93,-0.317395672369002,0.630600517756737,0.853543020253635,0.0325093355489744
361,93,1.8981728884751,-1.30483378791231,2.63148565746372,-1.78190003194926
362,93,0.0750201859716027,1.04384884044443,0.0853278662438615,-0.180220208928151
363,93,-0.705838541485683,-0.323459736729083,0.858184728255929,-1.63745961334268
364,93,0.534824619779279,0.0229640054635562,0.521524216668095,0.632045355963244
365,93,0.304525140529387,0.0893898022322311,0.121796065608032,-0.551164569015487
366,93,1.87565660196127,-0.0491200657969667,-1.17248684868281,0.589283228166419
367,93,0.881880244483078,0.140924806696601,0.103384162936756,-0.854032830230561
368,93,1.84896900535264,1.62413775028022,0.976078731208212,-0.426479716569771
369,93,0.759158809777214,-1.35651789789608,1.02670565425622,-1.52717377945098
370,93,0.661989049992988,0.880344282322514,-0.121928068204656,-1.40047107209319
371,93,-0.74267722078427,0.243270693210354,1.00247966375562,1.1699738533082
372,93,-0.617527104422556,-1.62124090690026,1.30107572854017,0.135757416896515
373,93,0.281348542946911,-0.965562065232605,-0.399514563560565,-1.14805171236574
374,93,-0.687663188296293,1.01932505551326,-0.0970626752770627,1.95413453493049
375,93,0.339809389772656,1.21350116295786,-0.269377439753194,-0.0256358941171492
376,93,1.57007150660614,-1.19875441826952,-1.38995073397899,-0.425261541015409
377,93,-1.3234830563103,0.231717187694654,-0.576260382954717,-1.35695226311106
378,93,0.000537487212217255,0.273929121437009,0.0635704699480912,0.531859328625042
379,93,1.38259147334275,-0.246387476025642,0.686985263094973,-0.170859397899751
380,93,2.09713895355201,-0.198792187684187,0.91740314421042,-0.195706863291001
381,93,0.331556371424642,-0.558717397554306,1.71078504616139,-2.12972385426542
382,93,0.645553264916411,0.610776846933409,0.397879934979258,-0.411948555397784
383,93,0.237559099379156,1.66717721549449,1.11503070367898,-1.00089803620148
384,93,1.28858732566715,0.149955012712965,-0.25882121096691,-0.661624910384296
385,93,-1.92480066782091,1.11599686858558,-0.79155726136102,-0.0993160999386996
386,93,0.816636393727318,0.832647684479975,-1.33801589462353,-0.710690122112396
387,93,0.631956765207249,1.57872586845675,0.407358567443343,-0.377487967590226
388,93,-0.359125178346494,0.215161001567661,-1.79396980211828,0.943829768991735
389,93,-1.05960755747907,-0.167257431906379,-1.24413422440183,0.53080772132979
390,93,1.72416640918804,0.876633024192924,-0.148387988110938,0.187863075576424
391,93,0.316475089890962,-0.326618242522535,-0.0843793469746911,0.739300129110582
392,93,1.65582251524735,-0.797200407886693,-1.27708886957807,0.328588298830258
393,93,-2.68821529870258,-3.27279396326705,0.689697613488636,0.191984395259763
394,93,-0.605886505391293,0.224207611884215,1.67690697484886,-0.264983283382278
395,93,0.932222683966909,0.919302136918124,0.233439934575161,-0.709258016807039
396,93,0.438599315130158,2.01969739281227,-0.422957993061445,-2.22212854179473
397,93,0.127021599387444,1.80787629852235,-1.11185237431354,0.0866091745844579
398,93,0.57711787247567,-0.412771691839312,0.598431633401428,0.0653200905799722
399,93,0.946020562037902,0.0650263681410555,1.31393972699487,-0.189353966898161
400,93,1.34905717774566,-0.849667667950143,0.604259677669646,1.4155017664617
401,93,0.266120392018773,0.708330904876351,-2.60384120813448,-0.43066382256204
402,93,0.426143403710961,-1.91759145157887,-0.654676720143169,-0.821207767247309
403,93,-0.0429496981223347,-1.59787911196655,-1.85090897045824,-0.958391590729538
404,93,0.628049553944212,0.732641853635568,1.4034354487651,-0.203795896612067
405,93,-0.35356026988517,-0.25583510620121,0.0293751316836422,-0.258410975252763
406,93,0.244166527526597,-0.0109149557167395,-1.64040887746769,-0.24749720180025
407,93,0.848709555204794,-0.643365987744492,1.31837304153862,-0.831520783467438
408,93,1.37335098323454,-0.750278924058448,-0.606257197067627,-1.40544943859445
409,93,-0.151420544260214,-1.129418820346,0.179731782335504,0.410725925448071
410,93,0.269759816586377,0.896913271899582,-0.6166665817119,0.192513020614967
411,93,0.203044741555023,0.125405478070446,-1.38735597500454,-0.690860653608676
412,93,-0.0528869048271534,-0.0104663190820261,0.284102009966583,-0.912653324405223
413,93,0.250976515137264,-0.232623866319906,-0.767937773070115,2.30518434883073
414,93,0.422343018888412,0.339447180155223,0.853486800960956,1.20859703935552
415,93,-0.0606032333232698,0.470141977838447,0.218326145398364,-2.02071566245974
416,93,1.264207911926,-0.0318423326204638,1.49299540065305,1.27241867169668
417,93,-1.05306101850095,-1.05161496817481,0.652491610179267,-2.02930114356906
418,93,0.470019488558773,-1.64319456041664,1.72628445280094,0.338293290194426
419,93,-0.104725365636468,0.697721679946014,-1.48877205523478,1.08943353506399
420,93,-0.330276075272569,-0.266457899151931,-1.44472560791666,0.267181273218121
421,93,0.344098870886435,1.30868428039978,1.1712693949423,-0.716655889632678
422,93,-0.529483510687912,0.0218051238607076,1.32649459462259,0.279133489047144
423,93,-0.41610006065745,0.707661726747832,-0.1599691464513,0.683779030143311
424,93,-1.16300836278273,-0.880136951736182,1.38191718902642,0.681019243007369
425,93,0.903056378161177,-0.128031063836437,1.20058726855501,-1.26218370105288
426,93,0.243423979629291,-0.169460172905559,1.40744541875034,-0.664952206413862
427,93,0.685800999780596,1.34309211800543,-0.431582135284172,-1.53676134968103
428,93,0.558614743541596,-1.35289206853509,0.18654572953834,1.60478654388505
429,93,0.575592874527592,-1.44031416509405,0.693086426988134,0.33300334427119
430,93,0.857868170162204,0.180696792560174,0.455348818567254,-0.296550056976632
431,93,-0.101819343594703,2.12914767846707,-2.118606151276,0.662341728004655
432,93,1.36522321531143,1.02026986932753,-1.81943515568908,-0.633058015290728
433,93,0.809277264392853,0.556975107897758,0.310694360616676,0.455251734325357
434,93,0.0993758721588535,-0.518447827738484,-1.50104134563586,1.92821983542641
435,93,0.910794412164928,2.33773495165365,-0.521881140328525,-1.70325595059078
436,93,0.390843574393777,-1.56244837000181,-0.249228739103573,0.950313596609201
437,93,1.53880395807549,-0.549376356612493,0.297949012225175,-0.688569940660981
438,93,0.24994964668071,-0.394750170378151,-0.253966448084851,0.344708085002055
439,93,0.763653971441439,0.325775826972177,-0.0446569027067026,0.350036347589645
440,93,-0.0624536955704519,0.788436410221086,-0.839482996564835,0.115006225037385
441,93,2.28354194645147,-1.69250470251919,0.875738985362082,-1.10791827939814
442,93,0.0761330125514601,-0.213511831801538,-1.07162924563373,-0.226370497166369
443,93,2.67150626185576,-0.269345219847481,-0.728226302538543,-1.22072970821183
444,93,2.41092381662957,1.71977568804362,0.266290927838967,-0.100922032871857
445,93,0.0291623319605922,1.06764167699992,-0.115528989748111,0.0341422130349623
446,93,0.407107497463237,1.23645553239285,-1.95244165763192,-2.19833793423828
447,93,0.546080136173592,1.9699984392602,-0.00500422661268244,1.13010510679785
448,93,0.485282480479067,-0.30911700038007,-0.864180120598979,0.756834065885794
449,93,1.56721658414246,0.422141386184116,-0.32851570326034,-1.0285238494499
450,93,-2.23879593822104,-0.187948971158526,-0.399566668500499,-0.570149103215062
451,93,2.37630889140406,-0.608414492934828,0.690397314545742,0.5059317609128
452,93,0.00460912111946572,0.252076225718379,-1.26127072372818,-0.366357916922909
453,93,-0.426047779425987,0.556356201891649,0.294313011898751,-0.976571641744356
454,93,-0.159166494963729,0.108193939444536,-0.680662761463322,1.16391015516326
455,93,0.468099786612377,1.08296809929988,0.951739686261784,-0.117803135237205
456,93,0.601091021675958,0.826293967243815,0.310811903972768,-0.650670051089759
457,93,0.202393673418495,-0.0504836246533817,-0.499028045048072,0.0024066705137635
458,93,-0.51704089565224,-0.224614918186676,1.2070885448547,0.113763143745303
459,93,-0.863446536287317,-0.823902073424836,1.68667388028666,-1.09828510933189
460,93,-0.0613002538398089,0.75622289477381,-2.34646510559961,0.582385812685799
461,93,0.717963089422284,-0.316692883624863,-0.0750778027719844,-0.619322829972809
462,93,0.357085174081341,0.166946429756116,-1.44932824694671,-0.243768881317689
463,93,-0.500887845309094,-0.406345874825118,-0.0975798506496632,0.344967687553356
464,93,-1.28387431048854,-0.428366752593054,-1.05684536455522,-0.731992062806474
465,93,-0.32966942693597,-0.955774749876342,0.149482491307744,-1.36233660358034
466,93,2.12458936217397,-0.642892131083185,0.243298116033817,-0.102986960140116
467,93,0.511464069358372,1.27455082414478,0.336219491748963,-0.837570248926387
468,93,-1.04043595989592,-0.517832098620082,-0.65554881215594,0.229961327665177
469,93,-0.250026288167946,0.941757249199024,-0.797296983559352,0.452659487851385
470,93,0.245851355856554,-1.86015423354765,0.250303148802639,0.824152483599015
471,93,-0.0726852274762874,-1.17123784897826,0.255226190515028,-0.363465813365878
472,93,-0.101212156872138,-2.03591737350942,0.477252916577836,0.685210986319115
473,93,0.769895908656878,-0.96425720352471,0.738975319075935,0.515268887770578
474,93,1.26309422141533,1.90798801566629,1.97097570186031,-1.36893965171306
475,93,0.98942854536818,-0.844681442506695,0.129924411088552,-1.48770774256511
476,93,1.0364558993901,0.054804153485192,1.15451338227353,-1.59143938938559
477,93,-1.51882210642282,1.33874518238377,0.28143862293772,0.924993307839256
478,93,-0.544484192204771,-0.715326540339416,-0.576854787910112,-1.17863952339944
479,93,2.6267025338359,-1.39712970294981,-1.27973175109954,1.36574263499548
480,93,1.59723134090503,-0.0262481070204053,-1.26634272187164,-0.018546864923176
481,93,1.40499805940231,-1.88177955787564,-0.28530767647991,0.773053752169863
482,93,-0.356950159827345,0.685208085202288,-1.1243125131178,0.139854783903902
483,93,0.367659133788689,0.844958702863058,-1.58753677272952,0.202683640779651
484,93,0.428547060537401,-0.63961863751084,0.554064098672787,0.497616992483761
485,93,0.556264204517959,0.0530555512899101,-0.836591003306614,-0.151712458338085
486,93,0.613034588345585,-0.142111997233746,-0.823189781781964,-1.60683068196757
487,93,0.901135879175371,1.62620648318661,1.61822449310378,0.237298818365934
488,93,0.258530310243279,-1.63338544045002,-1.00164162491404,0.897379599927453
489,93,-0.463941052871635,1.61729211149667,0.187104983927626,-0.280694529947708
490,93,1.21922559640276,-0.543333826920909,-0.51238233730451,-1.42307799946094
491,93,0.434600590226115,0.016052243123576,0.0704707060701049,-0.507528230910837
492,93,-0.973290274594705,-1.37923145817799,3.05680063110823,0.352689462747529
493,93,-0.921526677328671,-0.381803361693632,-0.533763986490068,0.699205962904259
494,93,1.17754786593302,-0.938798669567466,1.22989209318784,0.0682172525614577
495,93,-1.85428577124656,0.338029865514634,0.377815825672352,-0.609451644180647
496,93,-0.207680853006781,-0.917538908107659,0.211584418088997,-1.49923562299729
497,93,0.293960223287452,0.0638931101862305,-1.60256934892479,-0.13151544663597
498,93,-0.304469669775291,-0.778472080709664,0.536463654636568,1.09801700520355
499,93,-0.16939097034701,0.202997688866868,-0.947462675589141,0.906228479084806
500,93,0.0852767806003107,1.09735420364069,0.176570011195577,0.427601899757975
1,94,0.582223813576199,-2.97059842173296,-0.924413676522082,-1.91713276887477
2,94,-0.720675887849741,0.586380813460105,0.117232421831757,0.546702537222537
3,94,-0.322971051364993,-1.50201017282131,0.891750955272614,0.0411614620924931
4,94,-1.07827739267096,0.508419418242794,-0.0028791640796339,2.0527176066891
5,94,-0.176715056748658,1.38479119362455,-1.00233816063958,-0.381485115278572
6,94,1.40870372172183,-1.22419692966572,0.462578873302017,0.321333999627215
7,94,1.0672576535511,0.907160864457244,-0.641359809527784,0.30495795648433
8,94,-0.448688449955044,0.580945243506015,1.17335119957805,0.468009107181678
9,94,-0.513282814349451,0.547104731953129,-1.33170605484184,-1.06314759619391
10,94,-1.29187451721688,-0.729094923235484,-0.581192245941019,1.98531368437422
11,94,-3.12728705961998,0.0697679423921189,-0.583798978350243,-1.03161503211207
12,94,-0.818184620443054,0.530876938994208,1.21256947662666,-0.958401786478196
13,94,-0.219139831877342,0.0674784236829495,0.0286639153640688,-0.0191394870048611
14,94,2.15717930767776,0.891124244284125,1.8776566095487,0.344172944621966
15,94,-1.32118582915701,-0.123964452675142,-0.350980556571394,0.797152686232661
16,94,0.526481642743547,-0.0898390608555088,-0.343391255248909,0.817597037895893
17,94,0.372269883463573,1.34444889320613,-1.560830743456,-0.496334023927325
18,94,0.0547228905969974,1.94089625051415,-0.717959903827065,0.172162586082247
19,94,1.95567782013129,-0.332960654525178,-0.20212949282792,0.3239663101597
20,94,0.193243674331228,0.372699663247191,-1.06167766330559,0.379281456146459
21,94,0.347145581548394,-0.30857284509005,-0.166118528270816,-0.846039497456626
22,94,0.00677434737251873,-0.177603621716501,-0.240185060017146,-0.355818298284492
23,94,-0.284089806218562,1.79465806147561,-1.81687194786362,0.295417469388238
24,94,0.118331824013681,-0.946986409186994,0.750109345236947,-1.82184056797679
25,94,0.984404559257373,-1.1960500134967,-0.932995867158858,0.587664849499449
26,94,1.08236410019223,2.42115680841018,-0.743872029805013,0.174577386317157
27,94,-0.206962392100315,-2.05266889192274,-2.1425617774858,0.562791039854761
28,94,1.51207856921013,1.3538608910167,-0.236959686765429,0.726120129404171
29,94,0.631884427257554,2.51801166325666,0.940680696815349,-1.27220360141081
30,94,-0.258595040939951,-0.572800030010801,-1.5475027286749,0.362924278241573
31,94,-0.741591888013543,0.921264107800023,0.272413890675996,-0.477776605532952
32,94,-0.376744724963367,-1.06290304384188,-0.17128497736363,2.99443286788457
33,94,0.890404588018393,-2.5255871773313,-1.39134887334129,-1.05012159128585
34,94,-0.440670635278081,0.774042752263334,3.17702629617165,0.79873907883172
35,94,0.319648088924449,-0.399771823361972,-0.174181965183029,-0.141509397038331
36,94,-0.553605891949533,-0.656608775281032,-0.650675763460235,-1.656745864883
37,94,-1.05508738726263,-0.473077569795085,-0.632580934879493,0.533414700121462
38,94,-0.552363757986181,-0.173228280344245,-0.265643666826846,0.818900348405446
39,94,-0.354529010560052,-0.889933717818729,-0.873796951728437,0.990497486581211
40,94,0.225739186886356,2.23476730660421,-0.123076019938026,0.287071333441396
41,94,-0.719531760529428,0.575928130975983,0.639608020511732,-1.58330620306383
42,94,-0.689063515133545,-0.472969332463305,-0.923205550504981,1.07503852731431
43,94,0.124087172212417,2.99044421117808,1.51021884987761,-0.7193551485026
44,94,-0.0724632162732209,0.609418972633237,1.10538682212529,-0.0466695048401378
45,94,-0.106899405241193,-0.228604202353166,2.07361948960729,-1.02299650887969
46,94,0.0471453653419448,-0.591203030141797,1.8307023125556,1.68317337498736
47,94,-0.0690488265436304,-0.618483253658267,0.334577333435496,-2.07276264690349
48,94,1.57166090940117,-0.524858131278177,0.942529957475439,-1.36826295548945
49,94,0.21113320258099,-0.75745191710774,1.18383446469737,0.166908389601685
50,94,0.136230292236433,-2.46390380791621,0.958001925967136,0.0453968821450996
51,94,0.150753519119676,0.0469556835829684,1.7552987439077,0.785893901479654
52,94,-2.47454345631993,2.16633626955783,1.40110382710667,0.00327604260144412
53,94,2.28781411246133,-2.50118231028124,-0.338755304599055,-0.451493727837445
54,94,0.181239886674655,-0.0442237428023843,-1.04696581588549,-0.806294391408516
55,94,-0.631398906864498,0.276335403016084,-0.839376701850302,-0.63613513395334
56,94,1.70896657171905,-0.650387528396443,0.469238536191201,0.718098395378484
57,94,-0.047314293230772,-0.719831662986093,-1.37569670998134,1.28508625367112
58,94,0.711565132750936,0.704960295975741,-0.865633456424999,-0.298709563935158
59,94,-0.107758252271598,-0.140744881474259,-1.47128474084185,1.72198857275426
60,94,-0.313553012456779,0.214245318061519,0.409590905139725,-0.337497047351367
61,94,-0.306227500368714,-0.804279281182635,-0.559008485447971,0.505622991140097
62,94,-1.76298585463893,-0.627325127133831,0.147693896312952,-0.180357617437464
63,94,1.51925551231571,-0.165389038033198,-1.07514943073419,-0.789479183668679
64,94,-0.8486103550427,0.907990412399087,0.257368158711389,0.112462443578417
65,94,1.8384704568029,0.97433580624775,1.54581120235995,0.949203080156268
66,94,-1.57795855187379,1.46456599000124,1.53361981538163,0.303357143769421
67,94,-0.855637233431241,-0.149758538152591,-0.576731930251666,1.14645554107413
68,94,-1.07633992592877,0.819871922817983,1.54812049203606,-0.275551122433257
69,94,1.20780049703986,0.136068740853922,-0.177787980048663,1.8639364970692
70,94,0.0226944843424667,-1.1924487863755,0.641124610314608,0.911505184646772
71,94,0.178926868643254,-1.38424748762261,0.671639613220389,0.0403958559052371
72,94,0.458561953495091,1.02056254650736,0.0396206107639613,-0.108751731567937
73,94,-0.420081100687268,1.57813758025244,0.992975767004533,-0.810240121201106
74,94,0.357684877418738,2.16512423216082,-0.854778179756022,1.70892803239248
75,94,0.329020875956019,0.478455680831977,-1.48292295142754,-0.699733617405762
76,94,0.147090808006437,-0.276538048229075,-1.9350220512503,1.68767614782918
77,94,0.368629579417262,-0.118941825651445,0.766406146115988,-0.562729956497033
78,94,-0.450182480466219,-0.350887499531439,-1.05671030323651,0.244799076651383
79,94,0.517208667532259,1.20549376797052,0.556233231317141,-0.142286139890128
80,94,-0.704065158706321,-1.21019021207899,0.889569929258343,-1.05828541298574
81,94,-1.26351049297639,1.09770611578659,0.469130938594622,0.678872642484641
82,94,0.323422959220516,-1.65618152404367,-1.2900737687466,0.00190734055442006
83,94,-0.816389702918043,0.0133935352256103,2.08206988993402,-0.255920401089795
84,94,-0.400619014076557,1.84586850014463,-0.186781379094682,1.2249454265811
85,94,-0.976424411609974,0.320856058050532,-0.137437421626187,-0.375987662062408
86,94,-1.02453487566904,-0.571185559707147,-0.0913626047637301,-0.747960965945177
87,94,-0.373195752757576,-0.399706043591801,-0.600764806513802,-0.543059958515146
88,94,0.0675001541290861,0.919554772438046,-0.574418317362183,1.4468202090455
89,94,0.122853283008581,-0.636176399150575,1.37979377416972,-0.376276140846556
90,94,-1.09161469713966,0.495778048170691,-1.32894838176652,-0.0748413229202165
91,94,-0.00257530962290457,-1.09884395469195,0.758350026518882,0.360082573221888
92,94,-0.779337852419045,0.985374508203453,1.23745484809041,0.0464536714451293
93,94,-0.350486593271454,-1.76137009908922,-0.282357633580502,-1.72169232967849
94,94,-1.34089909870908,-0.546254280225158,0.62424632181175,-0.584098358188338
95,94,-1.74349058940362,-2.49293590420119,0.555324479052531,0.3997290097308
96,94,-0.926523485530322,-1.07646879522457,0.794001680099613,-0.902556281447558
97,94,-0.735451398511739,-0.310617516896147,1.19055971551299,0.727402229290648
98,94,1.84558818836764,-2.23326811584079,0.879813316854124,-0.45599719606353
99,94,-0.111974813958601,-1.0542143472711,-0.0887962390238754,0.161693139535015
100,94,-0.704671029614772,-0.413597541784965,-0.0997092090093036,0.0652078603562888
101,94,0.179964181441124,0.539741738456887,-0.485233588240328,-0.0531264238061405
102,94,-0.680515903641151,0.0264372957192771,0.0839953629836173,2.94839989071756
103,94,0.748156695482797,1.31300176883964,1.19756239657458,-1.3588208004379
104,94,-0.579064648861976,0.307743827793509,1.07115860632954,-0.318543890904467
105,94,0.29106112036754,1.30376409506676,0.177663580773386,-0.0162551278224102
106,94,-0.395243126725443,1.14941791500168,-0.0213635582934971,-0.118478503798751
107,94,0.989205485611333,0.858397165112511,-1.38915496354669,1.89929751650884
108,94,-0.360970629221019,-0.778434833962093,0.438034354369685,-0.522988974927031
109,94,-0.647975361498458,-1.40274692394181,-1.46906139887139,-1.12823596009502
110,94,1.08340095991414,1.88536019159962,0.523471593803904,0.343271600297414
111,94,-1.3659801704718,-0.530466177692818,-1.14363240069596,-0.464597536741943
112,94,-0.602033413099028,0.448158073832031,0.134460117241012,2.23061738644451
113,94,-0.479723877531993,-0.0507757633559908,-0.615355556236636,0.201071249161598
114,94,0.236799615632978,1.0916242841653,-1.1380201088661,-0.40613275045781
115,94,0.400896154735539,-0.390071436828878,-2.04011265095905,1.2745284665825
116,94,0.502264643557222,2.07726926189611,0.535372330612782,0.738753777005609
117,94,-0.748290222217557,0.125891933821674,-0.0520874295551323,0.639416844875343
118,94,-0.538067621099652,0.135237011727308,-0.947393656107168,-1.0334193249496
119,94,0.546687219420992,-0.864663644359446,-0.778556364419067,0.857756327932099
120,94,-0.628971251522766,0.371532753342235,2.19027277136621,-1.22291214704225
121,94,-0.482757425159249,0.72945898979119,-0.9617113818095,0.118107131833616
122,94,0.0737734278991851,-0.58231113122201,-0.892678579291537,2.4309565770753
123,94,-1.44744338448135,-0.306943656805663,0.102622076674157,0.779399679912271
124,94,0.832627649566978,0.339976416167072,-0.707011816223322,0.221166127872155
125,94,-0.736388343555871,0.213656971407133,0.27348300911427,0.416222819055557
126,94,-1.65277612369898,-0.0342842521286233,-0.426329537620758,0.371308143566565
127,94,0.250981388005181,-0.19707448091537,-0.250924190940643,-1.02353318716742
128,94,-0.311830390867218,0.164290347896259,-0.464630843239552,0.919661925897186
129,94,-0.493064860669458,-0.986413345115321,-0.502463641454868,-1.408393896112
130,94,2.39231591333753,-1.81538281804182,2.1641844812537,0.63552547006859
131,94,0.569769358569805,-0.121113245267615,1.36416723421863,-0.088855521271996
132,94,1.22477504033229,-2.16280818400882,0.398959358464772,1.16949980686405
133,94,2.04967867050694,1.43899758490298,2.14498390918631,0.498347724521913
134,94,2.35540619048751,0.866162968432839,0.941755633397138,0.202903761268154
135,94,-0.223330534732034,-1.10750245888518,1.11565277376491,-2.74120609646008
136,94,-0.553077562164629,-0.288975147732833,-0.163678424760198,-0.711589771584519
137,94,0.653651205907101,0.370630157490398,-0.412128323875901,-0.339656315483224
138,94,-0.25737140496533,-0.402998221125834,-0.904836613930373,-0.188173135070897
139,94,-0.245990990057303,-1.5221182157586,0.0917647369893337,0.319039458706474
140,94,-0.946144504297374,1.38692345134002,-1.72802572953998,0.770626206740725
141,94,0.265751427642539,-0.581967071520625,0.976863240958217,0.956667126747125
142,94,0.876410130240584,0.0069397261946536,0.62724241755356,0.373972693328131
143,94,0.451509445455587,-2.75943934228387,-1.37311477415938,-1.70244114731509
144,94,-0.360720408969132,-0.393703256096768,-0.104399997456665,0.202953263834636
145,94,0.0593556332336287,0.0749219105278328,-0.826454785780406,2.8769400679314
146,94,0.970586236158059,-1.16144958483153,1.66344494526658,-0.192652255861989
147,94,-1.15089387912088,-0.589448263466502,1.06404350034714,-3.04423416339899
148,94,-0.125489267926303,-0.615281855820937,-0.368112839158794,-0.95957210181333
149,94,-0.435474271176551,0.529160095457334,1.70948009692887,-0.629068748815508
150,94,1.00565143955354,-0.447145870533353,0.0798232770771224,-0.140194627690301
151,94,0.397540843390565,-0.446949671761025,0.0276142596376857,2.17829841863649
152,94,-0.0463170011811539,0.72954049846672,0.0793979011285114,-0.539077503620791
153,94,-0.341376127929604,-0.699655815128834,2.38576087347251,-1.32541921490725
154,94,1.12105352818211,1.46416683130921,0.62560758472892,1.26142949193595
155,94,0.807669136446945,-0.181837733673835,-0.923054071542636,-0.134769960464645
156,94,-1.52470165265484,-0.273395700893286,-0.750587795767232,-0.372695659547312
157,94,0.0735020415705054,0.858483778659908,-1.22697546027369,0.580648661319459
158,94,-0.239352852898064,-0.452214356573462,0.032180691091068,-0.214925720387596
159,94,-1.2473204841261,-0.600640665620455,1.54287114455438,1.36969575319863
160,94,0.67386867544896,0.292808561207955,-0.662524579270994,0.434080809886213
161,94,0.0381447174038586,0.892466655580248,0.691012696106156,2.0158724413402
162,94,-1.45068886762403,-0.341117598309282,-2.33485975565682,1.5018772201796
163,94,0.539609716614149,-0.538588255870786,-1.07666181899563,-0.707878805693957
164,94,-0.964639999736781,0.695483580259317,2.31944304871514,0.936425112748552
165,94,1.33314864687469,0.996030699364442,-0.746595635645659,-0.766281614112664
166,94,-0.574055892872617,-0.422296424228827,-0.188609924981972,-0.631241887654004
167,94,-0.846758495420152,-1.2592612529194,0.939871855320566,-0.468876188081917
168,94,0.861810185825354,0.715961786964152,0.735892866884269,1.08546146995985
169,94,-1.17459389286867,-0.440861489898106,0.603533235308681,1.24202522521773
170,94,-0.517529973807319,0.450278877377176,0.419091778505107,-1.02003819589328
171,94,0.821388835330626,-1.696935366759,-0.764447678972744,0.959667312979026
172,94,-0.710078015880506,-0.844911614056372,-1.66014004797289,0.162401142766818
173,94,-1.03260238598162,0.229428964587535,1.25919564662644,1.63003045399485
174,94,0.349787840647517,0.750607811473946,0.619449860754666,-0.257112817364975
175,94,-0.194907095001886,-0.901579284114847,0.294374067202024,0.267294033340372
176,94,0.422261251599034,-1.22906975085932,1.62376366688886,-0.617552026851775
177,94,-1.38440570724925,-0.130812328895795,-0.805803115926227,-0.401821322170637
178,94,-0.503184914650974,-0.117713491164254,-1.72802954567305,0.482921891829624
179,94,-0.550733275183759,0.601140384641088,1.76109455827471,0.00554578817509798
180,94,0.394219032216077,-0.257764684871779,1.4917991262156,-1.60350241567799
181,94,-0.451233643325121,-1.68700000582086,-0.0451664185236873,-0.399952254147894
182,94,-0.362476997870295,1.09597600483237,-0.450954859902517,-1.13007614009719
183,94,0.00120988388324585,-0.247110323470261,0.798570650208592,-0.569624801393113
184,94,-0.588844199933748,-0.0302693504988476,1.26325076483482,0.278396863205607
185,94,0.889672975388124,1.54225377314842,-1.05942123173439,-0.0348557018375692
186,94,0.171553662072644,0.250015347652528,-1.35759399746268,0.354109919945946
187,94,1.46422018121292,-2.6197645728947,0.499568896558597,1.36835972561922
188,94,-0.0590611734769983,1.21155767105433,0.0143074825281247,-0.336605379839903
189,94,0.919065494316268,-1.233153607045,-0.0123357913589514,-0.621958345596674
190,94,0.910793358597085,2.26613985109693,1.50280915099812,0.0650482902961333
191,94,0.180887022919003,0.984894199264427,0.314531222345753,0.159197405993691
192,94,1.40814784380233,-0.202989374007604,1.20632440098697,-0.283013367590151
193,94,0.714901786750358,-0.965995597280065,-0.829294230975849,1.03306970668307
194,94,-1.09963568595094,1.41753913564407,-0.708746280016645,0.786116194886624
195,94,1.07289812044802,-0.556101741832512,-1.21740292889118,-1.66227754841645
196,94,0.139476131650503,0.237992349804482,-0.52309773293608,-0.504030413081503
197,94,-0.317747798750231,-1.17609565704713,-0.330989506141163,-0.672083004587736
198,94,1.25715003053872,-0.56681791548125,0.175069068022978,-0.100288624578132
199,94,-0.52447065650396,-0.343772024137818,-3.24095022506054,-0.22230162834528
200,94,0.0453713179824426,1.14588241427344,0.755379749404362,0.455289100059631
201,94,-0.60330984602976,0.7605127213957,-0.151988442271316,0.197902630548446
202,94,-1.28544107643671,1.3224738627255,1.25860259041009,-0.5668288449008
203,94,0.269707223475865,0.521007672177419,-0.124182915351926,0.451417819460318
204,94,-0.901359212928334,0.87106766691415,2.85473936370506,0.308629320971453
205,94,-0.74857034472556,0.388478206634409,0.795340472415532,0.00514572517317134
206,94,1.27462293766915,-0.529204033734248,0.692398279419464,-1.15063342661845
207,94,0.854466486934327,-0.12866125164123,-0.290617374147512,-2.15046004562559
208,94,-1.02771545654089,-0.19967228793173,-1.62400165043208,-1.63361029651421
209,94,1.04569580253017,0.836099591041392,-0.54872515395557,-1.71949466595339
210,94,-0.593489386112635,-1.019006111632,0.300909742225639,-0.655534960169468
211,94,-1.27889537285675,-0.351406016171833,-0.697842569844472,0.382040734164128
212,94,-1.7134007689722,0.213173154702443,1.64570869298268,0.118518020686755
213,94,1.53648404994319,-1.13722176206885,-1.67411292395039,1.25938069099509
214,94,0.297781742252221,-0.0450815294447589,-1.5574165673338,-1.1915080893311
215,94,1.37497043708091,-0.329599341393057,-1.56878342630738,-0.0924635307681733
216,94,1.96424314767404,-0.731790423165222,0.467822979022714,-0.223959885980742
217,94,-0.0813165794786125,-0.0425095437982641,1.06179642784114,-1.04146805439429
218,94,0.890613730949547,-0.140523743182907,0.0585405197635436,1.24007796774905
219,94,-0.712462059944887,0.328763560906687,0.972296102141148,-0.528768123807598
220,94,1.26735665304455,-0.184004299846158,-1.72290286590987,0.641189996419347
221,94,-0.195280816993103,1.20479944413627,-0.466527662075256,-0.677828086225077
222,94,1.27489246436075,-2.75590311013867,-0.655188164000901,0.612490865364905
223,94,-0.553121961305151,0.499929505227979,-1.45669849349762,1.84039215713305
224,94,-0.0279373735659279,-2.74961469384196,1.65798182705277,0.261444794391753
225,94,0.962076583608058,0.794849540121463,-1.51383594054375,0.655021626602047
226,94,-1.30288206724504,-0.785395579010188,0.626920365589791,2.2623840151462
227,94,0.3605242143148,0.0450070270783369,-0.240062437039732,0.092024996808202
228,94,-0.727621997065058,-0.276667699970488,-0.400469449526319,-0.280551169822893
229,94,0.821144013246396,-0.418725355450052,-1.42936421305372,-0.797337614674928
230,94,0.154974548518468,-0.873102220024738,-0.451399098809196,1.03710852157402
231,94,-1.17121821463686,-0.928341734496777,-0.427618663282743,0.407508849099296
232,94,0.35372894150663,-2.10834432917505,-0.896381431320001,0.631273584986347
233,94,1.26290598642464,0.40031030885681,-0.673753906760177,0.733101677912515
234,94,1.36235663836995,-1.93414836332963,-1.27204730620188,1.02433169660585
235,94,0.759067371817047,0.763949099097335,-1.08689159884729,1.31528964737424
236,94,1.08947033402217,1.14082755287774,-0.055075341903261,0.490077187324492
237,94,0.815634706742706,1.14568596143075,0.501723297213736,-1.421521670798
238,94,-0.115410849028881,1.15077937112213,-0.142978903526472,0.911499538694927
239,94,-0.933659402040208,0.116058753267319,0.149841515093845,-0.494276094690633
240,94,2.86278432568515,0.263082515467402,0.163200276402521,0.554162837808851
241,94,1.20110729990553,-0.0109939310340748,1.44986413773642,0.531002916024397
242,94,-1.86450428218673,-0.38274964186566,-0.266835904744743,-0.945383162056412
243,94,0.692610241411297,-0.13443505486765,-0.98294183554922,0.763056918802973
244,94,0.758738044310116,1.26693971569088,1.54598149841585,0.142877161946439
245,94,-1.25029798518558,-0.102715930121763,0.279638019636724,0.0271479491867332
246,94,-0.166933737541964,-0.777423346312066,-1.00091501436608,-0.685085981716329
247,94,-1.86560488853793,0.850284927600092,0.138307652562911,0.75323720015719
248,94,1.39547380851393,1.40568380630154,0.822630178187765,0.894662400795428
249,94,2.53066482331488,-0.693267898845073,0.121849881561028,0.984861039244926
250,94,-2.01665329984021,1.29488260438102,1.41833274134605,-2.35917579449105
251,94,0.465684944308873,-1.1503498833747,-1.964214115898,-1.10862405017052
252,94,-0.414887686804583,-0.117259948572692,-0.563706988979031,0.0747881891595457
253,94,1.04021227439674,0.573681153406506,0.670735561755758,-0.418884820708652
254,94,-0.0293475052980941,-0.0959258555524109,-0.747798159416081,-0.25812688083415
255,94,2.30435907715296,-1.19579447228724,-1.7888626031807,-0.123384056336593
256,94,1.15891167633107,-1.21259351556898,-1.07694945278945,-0.664092020699303
257,94,-0.638475482683068,-0.639596625653577,-0.677204174428484,-0.160208736707929
258,94,0.520890638641187,-0.377392885293191,-0.0974216229519168,-0.697946952786996
259,94,0.537030822618502,-1.21592869923159,1.28137902000496,-0.26487824951976
260,94,-0.687831635169294,2.26332243561177,0.597336648028195,-0.817428320327876
261,94,0.182889079070817,2.40217487116754,-0.61075601084709,-0.0278804323259348
262,94,0.0678745356318912,0.434010781453939,-0.48588269994414,0.42340441208237
263,94,0.424687187686031,-0.123553570077228,-0.889985062926358,-0.391323895415999
264,94,0.148260213978909,0.966788628473631,0.432829719782239,-0.0937170587834672
265,94,0.497733525476623,0.456471677010289,0.107723903839513,-1.53631671641683
266,94,-0.864664631170267,-0.82843585323267,-1.89686601596749,-0.990549802223115
267,94,0.443882809029805,0.92944681235966,-1.57814823283794,-0.275726493900079
268,94,-0.809962476924014,-1.84256498965805,-0.867040461698805,-0.706006020942243
269,94,1.54226140825065,-0.903653292763824,0.587520871263385,-1.14985402726278
270,94,-1.1944421997391,-1.07989674569166,-1.8389363495656,0.427863930206242
271,94,0.880961964237047,0.029010014638485,1.49396492975756,0.226175499039371
272,94,0.0210604697505086,0.436407816634529,0.2616865393087,2.07257409416617
273,94,0.163886346617527,-2.53221108409773,1.6416015214259,-1.19070656099655
274,94,0.812686220068241,-0.0356217600882174,0.397659923440185,0.755971089494208
275,94,0.0604422597585764,-0.468746108012992,-0.688982719983454,2.08362745991118
276,94,-1.20035888486937,0.146275220114558,-0.192177418678882,-0.124391442727992
277,94,-0.715024943972301,-0.182357694738085,-1.65919647576238,-0.0354128400235568
278,94,0.361526236846303,0.381201094266141,0.150270452531674,-0.05727179679753
279,94,-0.962722394657637,0.982674179824555,-0.246684885836479,-0.0136364320380145
280,94,-1.8941219389712,-1.66804399214315,-1.35666488120335,0.392793985354544
281,94,0.921898142440304,-0.494928404090901,-0.796542722607844,-0.599720995637324
282,94,-1.62572724863396,0.745160749339711,0.142754069205872,-0.869884948927045
283,94,-0.725304419403631,0.294214426114416,-1.38845068796177,-0.926051329577087
284,94,0.0281149036196493,1.52497792728328,1.50903442991057,-1.13540614857208
285,94,-0.715644944217378,0.912330068004409,-2.10421523774077,0.0700670174407144
286,94,0.273359284148271,0.226051528093566,-0.612064939079458,0.32366131811521
287,94,0.179749691189143,0.230782428662324,1.26436162050585,-1.69934032963566
288,94,0.831684194422725,0.589597206346517,1.27851124152999,0.71719748105698
289,94,0.861426915509787,0.727555002696718,-1.51477192251756,-1.26396406742545
290,94,-0.32749837765379,-0.762854334618587,-0.0133159183182878,-0.750264567423418
291,94,-0.765979675351825,0.760834824546417,-0.771879550277115,2.03093083513432
292,94,-0.631137395969319,-1.66965527839386,0.0763320682735678,9.51497131524169e-06
293,94,0.786184313759694,-0.51248703546154,0.881549430855725,-3.11724911568158
294,94,-1.7365186252809,0.836299887470607,-0.0941897067309306,0.0482440428419611
295,94,-0.00418529219087701,-0.202150388754503,-0.935529681009845,-0.377376201928918
296,94,-1.42514390984525,0.735780037374407,0.168818331096467,-0.0604946883456135
297,94,1.44372549795411,1.34707283294234,0.302956444445981,-0.6902032901407
298,94,-0.865651091167644,0.166656022471389,-0.233663028518127,0.303909415438356
299,94,-0.416007657979138,0.635509925690545,0.759424738374909,1.43696538237729
300,94,0.61452735271556,-2.34981094953333,-0.674200016082622,-0.908996959652071
301,94,0.90884267317478,0.313861719947763,1.0668532312984,0.70810763248483
302,94,-0.673085107394828,0.352996286524816,1.16335074672077,-0.198058682608315
303,94,-1.369684721227,1.73741551110428,-0.412025629993714,-0.979703538272741
304,94,0.511106446984041,-0.378449146776807,-0.619188086672207,0.414456824864561
305,94,-0.523095313979867,0.538876993206106,1.90348504004104,-1.23786081512426
306,94,0.147634804054518,0.442094142137383,0.571623204738066,0.391028349767468
307,94,-0.102941051126851,0.0434013679291727,1.23973134235633,-1.48710076499271
308,94,-0.601217803759924,-2.2394311424323,-0.285160021295842,-0.649409079082364
309,94,-0.236861548538713,-1.34727011947986,-0.109569093785761,-1.0595759641409
310,94,-0.002717711445961,-0.185622992668174,-0.563322584214072,1.76429300540211
311,94,0.377804423000482,0.586116184948382,0.233769039958834,0.409718127667973
312,94,0.326214681301234,0.710537032728806,-0.397019102445956,0.233225778450606
313,94,0.543456248252163,-0.42339670243908,0.38133458075977,0.448735638977294
314,94,-0.200192071210338,-0.211142731992592,1.59904514253546,-0.251862623702588
315,94,0.33438131718173,2.0641803621235,0.739627450509781,0.164104637414996
316,94,0.113417137817975,-0.311520921753378,-0.113573404274764,0.382081726990402
317,94,-0.428907282472252,1.91239172417434,-0.193988416531571,1.13648069356987
318,94,0.104720352842439,0.647095833775861,0.237248972572756,-0.786413650502781
319,94,-0.567804844787765,-0.374606694078209,0.687513097752666,-2.34692758310222
320,94,0.736306037599515,-1.90411103358184,-0.784910835507007,-0.737166362053481
321,94,-0.0960704122237854,-0.569939327799757,1.12824544649779,-0.939773289369011
322,94,-0.388022484027473,0.316150806996954,-0.843733789421544,0.0101891181576185
323,94,-0.280622287648086,0.825349254334431,-0.368157116783273,0.0507199162681845
324,94,-0.499490902269835,-0.38461547528415,0.326770126680995,1.69148544286361
325,94,-0.278436754550395,-0.581137011675376,-0.744018812572149,-1.80796185664818
326,94,0.634514806173096,0.116869363106019,0.249496006717195,-1.07545922663437
327,94,-1.16132182525393,-1.65453435528321,0.482309890344647,-1.74536339967561
328,94,-0.918753361995352,1.22411965052124,0.867155248150532,0.344109368395341
329,94,-0.129067271911561,-0.328334104192401,1.44080052524257,1.10119819286919
330,94,-0.924029744168578,0.926855987181097,0.0410883263418389,1.063187747748
331,94,1.37433942967209,0.535470707745467,-0.193056492115382,0.499921314817572
332,94,0.561232127331188,-0.196521156320684,0.164822229874762,-1.40666780399032
333,94,-0.736929138649296,0.0380240171301832,-0.625682737353804,-0.91422907716593
334,94,-0.136640892900391,-0.887073107925351,1.69972712442064,-1.99259424402987
335,94,-0.940997137466608,-0.553186978309816,-0.0379738211242124,1.5150983178976
336,94,-0.242590293178787,-1.61523019596377,-1.34388171313743,2.1141916660774
337,94,-0.780733304116273,0.69548425810977,-0.334766523051137,-1.00284791501012
338,94,-1.27425848548612,-0.773527792959973,-1.01010119002542,-0.0453166190351498
339,94,0.421560095508113,0.57824729625015,0.0912045108332785,-0.794827261074904
340,94,0.84935521182093,-0.456929417632898,1.01938936957444,0.0469074030567894
341,94,0.539694641575627,-0.0936350828523411,-0.123746104930696,-1.12483744419903
342,94,0.845613191201051,-0.37922644948433,0.39534752400439,0.550471224513693
343,94,0.979710364499537,-0.506489965183671,0.331134766575845,1.225515266297
344,94,-0.0148365070667122,1.69762993235184,0.0653035187087408,-0.576782185943493
345,94,-1.02903036641991,2.05308585219926,-1.33967670065671,-0.228463899711833
346,94,-0.83384398088374,-0.530370570942633,0.613197227972376,0.714217110081114
347,94,-0.06532902598026,0.712441011072841,0.209974127774361,0.378578957488666
348,94,-0.979132776938756,1.02692704136377,-0.24127310912343,0.361244122075436
349,94,-0.311900433509884,1.61429001579383,-1.33061800033674,-0.680292534724927
350,94,-1.63430397723536,2.23439670241342,1.4184255626471,0.0685466784021107
351,94,-0.207083853402337,-0.731030128221499,-0.388682638601791,0.629344043594118
352,94,-1.58037580976126,0.09427774451207,-1.01069846088241,2.18995745282571
353,94,-0.144490603483759,-1.52176518149112,-0.762207855365234,0.484227608238305
354,94,-0.311334315906145,-1.36584274584014,0.787927377445988,-0.918841574349033
355,94,0.282528563157148,0.620472694031034,1.66410495201894,-0.0678334788390156
356,94,1.12682113934296,1.16627855634535,-0.881160503731686,-1.25190340509615
357,94,-0.945253579238763,-0.7321886167776,0.453224754955577,0.321606383299578
358,94,1.08524601119181,-0.229959476471606,0.391794001745218,-1.11891486717491
359,94,1.34467100713921,-1.17177901641467,-1.82744680378021,1.547805889253
360,94,0.593460421343619,-1.93698626717495,0.717355822347316,-0.728648291849853
361,94,-0.392465742596303,0.129486318142575,-0.2759327102326,-0.360012330554767
362,94,2.83875612571043,-0.368305289243032,1.20937762986367,0.145761620763539
363,94,-0.749018598821963,1.03091896349331,-0.284376706101025,0.503399024158279
364,94,-0.0519370888251398,-2.04706203801214,-0.845607435969601,-0.569222272775203
365,94,-0.163864869289306,-0.178294883546856,0.394421988241626,-1.19798841326687
366,94,-0.87618637339057,-3.05162226890573,-1.97567081587938,1.29239046362096
367,94,-1.3348595919715,0.147222039388582,0.400345211415024,-0.817150538282491
368,94,-2.23765189550578,0.357923412125734,-1.08059958819265,-0.46622537976283
369,94,0.440345669569437,-0.385252242324252,0.430241712946166,0.757902240712008
370,94,1.35815010504788,-0.408368405246721,0.889459464186939,0.888910965097599
371,94,-1.12515810827783,1.65850962635022,-1.17402351753934,-0.234248533895703
372,94,-0.748061522339677,-0.216967103816792,-1.35724682882688,-0.0811059718873635
373,94,-0.801199994647854,-0.179292834473454,-0.313085001977764,-0.296730472974455
374,94,1.54918881215879,0.0178896823388807,-2.39728051158282,2.47252310664052
375,94,0.853728248393099,2.13833898166295,-0.247042710137065,-0.66103777701492
376,94,-1.36034751532355,-1.25252846522857,1.3267300071714,0.078160874259004
377,94,0.35842759050215,0.892353587504082,0.474038411121548,-1.35229210275063
378,94,0.977157894487623,0.265735008025174,-1.32109394501506,1.37870558679498
379,94,0.226681170840019,-0.0148443426317169,-0.25283288642319,0.247547447992441
380,94,-0.91063019150385,1.0256340157377,0.160469280600394,-0.787380601108919
381,94,0.931914892926038,-0.463978500195446,1.0477992123845,-1.15240652847218
382,94,-0.0777276534123368,0.351412295353315,-0.0151227087940128,2.26069525796115
383,94,-0.39689424014158,-0.367083712447101,0.799694848796226,1.42797970682275
384,94,-0.188430844004039,-0.780905847526731,0.847403580165546,0.0714963221754961
385,94,1.14128393943895,-0.861767231749271,0.700402142907183,0.311622720884688
386,94,-0.264563797398757,0.475401058199449,0.217939382264301,0.731291069877173
387,94,-2.00291593173776,0.566479966358823,0.372974045550213,-0.64084687799081
388,94,-1.20190708311129,0.564868180057055,-0.734088418531614,0.217522741585942
389,94,0.295631084448782,-0.942593976547796,-0.350532653805268,-1.53726440469458
390,94,0.13464881959069,0.830860585629562,-1.22805570602042,-0.120876113298304
391,94,-0.157883095386547,-0.623728987177309,1.11635311927741,-1.54526614755208
392,94,0.433543961892362,0.743716848498198,-1.76328074776304,0.936338188077889
393,94,0.371652581906816,-0.974221608738021,-0.0694406700022474,-0.295758139405805
394,94,0.265763641717093,-0.230993834413495,1.50862430192204,1.1487212388612
395,94,0.830990961443358,-0.135558434886407,0.180714219022253,1.37012613014221
396,94,1.18596528065046,0.764846898103515,0.824340021191583,0.16490642009901
397,94,-0.697921808064215,0.935755976817994,0.646158471155647,1.5657220374375
398,94,0.0141876243947062,-0.799790494782763,0.100650754509502,-2.04338657444458
399,94,-0.0992471759048574,-0.794594322757007,-0.713274289631167,-0.164312416750847
400,94,-1.70707956347189,0.416250575075222,-0.106691812079462,-0.017584496255239
401,94,-0.146880899322468,-2.05163669141381,1.00379493474983,0.160376238569505
402,94,-0.342141737590748,-0.486691748573128,-0.0444801299598703,0.649131743026501
403,94,0.117024354283815,-1.11071910564343,-0.428669618745486,0.604794162255706
404,94,-1.04201289677682,0.17291607561624,-0.437483160925016,-0.192092437989877
405,94,1.68231488436461,0.90288757929766,0.759547190966715,-0.210416121810175
406,94,-2.11821202594322,1.52406380954709,-2.40147801641079,2.4076467869049
407,94,0.825938046403475,-1.21235236907371,0.171249149082813,1.55598828393121
408,94,-0.079465298273056,-0.118258853788416,-1.10087582663218,-0.290044861797671
409,94,0.518119750387767,0.0142773623253907,-0.553954927165075,-0.811182250002412
410,94,0.161566079609903,-0.422156331745509,0.41229668514834,0.808726919898401
411,94,-2.43660964300816,0.305885072703715,-0.806570587717289,-1.09646702349589
412,94,0.815660832205385,-1.78098619884712,-0.959775126189146,1.01640610519007
413,94,-0.281540993488452,0.411977732464725,1.24283872058106,-0.419843497282981
414,94,-0.351087734977756,-0.251011288644976,-0.535483089800082,0.544404003708876
415,94,0.792936905002141,-0.592916204430074,-0.303493033519645,-1.71885460592471
416,94,-0.879875817506001,0.281695756997775,0.819802483610274,0.238839028961198
417,94,-1.38890357878915,-1.08760874971855,-1.36526830648587,0.310374135365986
418,94,-0.136899624523358,0.811295811419828,0.381721068626632,-1.16541518485843
419,94,-0.340002396302872,0.861346580505132,-0.190004202048947,-0.157548554630114
420,94,1.03921260759001,-0.836764764761033,0.379136566723579,-0.241280199794861
421,94,0.137974119396067,0.726612371636603,-0.939766897093103,0.288452168111854
422,94,0.809658435260927,0.966142418425826,-1.74040073409443,0.149336408001385
423,94,0.42213543522043,0.344348629654898,0.560836848756146,0.624872822658067
424,94,-0.964368935438859,0.319720692670099,1.15075674659732,-0.697020066476505
425,94,-1.30463264155953,-0.375916137969339,-1.6549938609842,-0.426039734607857
426,94,-1.0618643156822,1.35710822010124,0.688278855951873,0.745559132506958
427,94,-1.33127970859658,1.73054296055639,0.368616764141563,-0.44760825700087
428,94,0.523518977580506,-0.173146000505564,-2.02664320957607,0.47143882963834
429,94,0.746486272027375,-0.645261299065854,1.24332983206125,0.501928068579791
430,94,0.230680734345978,-1.0874596731901,0.0486526350572513,0.375669948209511
431,94,1.57882966097905,0.449293207240758,0.837912698570211,-0.98809292249888
432,94,-1.20313407304438,-3.6557075336271,-0.0641689171876454,-0.0630797010879943
433,94,-0.497014915429445,1.22884289900874,-1.32784927427966,-1.20533087815766
434,94,-1.58076827621245,-1.18486550526395,-0.875460590630457,0.354348931814681
435,94,0.658428714721282,-0.953713934985086,-2.0491688743968,0.419831473402282
436,94,0.134613646640596,0.830091138821402,-0.542639056539687,0.675278718838653
437,94,0.853767918687811,0.274231888995603,-0.294514266937573,-0.0156011558100386
438,94,-0.2201272256988,0.986812883323364,0.252401326081475,-0.892682839291679
439,94,-2.38083294022102,1.63059279946047,-0.482905208754343,0.413330335818938
440,94,-0.907128987386014,-0.195509466881559,0.930455820712355,-1.58883769607612
441,94,-0.326706575300007,2.35143494532328,-0.611086908856247,-0.697618245133882
442,94,-0.184656124661745,0.472742338126568,-0.553901902070792,0.837473993741848
443,94,0.210352712754162,-0.0972231114231821,-1.04264180591146,-0.137164955676341
444,94,1.05457983727882,-0.123267528201587,0.309555778862197,-0.171727483042516
445,94,0.598924110746046,0.871358652241038,-0.395213113728576,-0.32889297752202
446,94,-0.535466874314482,0.331782604242969,-0.230205994066373,-0.32145886273637
447,94,-0.15218636343986,0.692516712561632,-0.304382581376047,-0.885768201843935
448,94,-0.136022905794558,1.51537250450211,-1.66490788821246,0.313238149835334
449,94,-1.75019001702979,0.448381697693637,-0.141455532125703,-0.00304294691342704
450,94,-0.850629405309981,-2.22940060768747,-0.346689655878471,-0.276303845738485
451,94,-1.10173735876687,0.838142719424643,0.550647026691609,-0.339111924887712
452,94,0.00521250040795243,-1.21449705972515,-2.13011253234571,0.747249630273271
453,94,0.134062630629686,-0.184720331958246,-0.198547145864057,-1.70533257013835
454,94,0.0995709219889087,-1.93288929167798,1.4185887970656,0.773710071144046
455,94,0.643634215969876,-1.08082259816458,0.0349760767398404,0.345523205435398
456,94,0.398087866381106,-0.110852099319754,1.02153783349731,-0.0693443021101757
457,94,0.549689049593906,2.07265297717993,1.70885896773383,1.48320917461224
458,94,3.35279377409992,0.368725359600186,0.517824332525414,-0.11425312424953
459,94,1.26856075456171,1.37551270668263,0.912119466859063,2.64896707939006
460,94,1.82620464006771,0.115081699556459,-0.858008033119813,0.237605649975626
461,94,-0.621934212743959,-0.934577270084409,2.63907158606138,0.778235115274269
462,94,0.840376727222111,1.14947746951651,-0.10913502226742,-1.13442550594524
463,94,1.0848034968194,0.183789473866465,-1.74263848792798,0.459744541500889
464,94,0.449134532005152,-1.07257601400425,0.171977546746654,0.482744405643458
465,94,0.345340558526272,0.550267739392197,-1.17704153856948,-0.413022760445597
466,94,0.508479925245592,0.105516230133054,-0.419571646765822,-0.679315102469056
467,94,-0.716120027803024,2.22901287326853,0.687770003928454,0.1507925705687
468,94,-1.38177426685806,-0.474515829008294,1.75971905536417,-1.28549628225831
469,94,0.619112415160486,-0.860972112114215,2.77602009042384,0.974685489660312
470,94,0.276474036237058,-0.034036396565891,-0.136687468694632,-0.857834554244253
471,94,-0.548058571622904,0.383009330032097,0.408269865276663,1.10359698849341
472,94,0.740382982967906,1.25937561178805,-1.31287434249327,0.7113862972208
473,94,0.422115886288241,-0.438749185668408,3.0775247482595,1.33281684802033
474,94,-2.48155080009925,-0.0679714131935759,0.163738987603916,-0.07550759991901
475,94,0.600421166473301,-0.769509646979535,0.95608577515754,-1.17773539366923
476,94,-0.491576129254804,-0.290590897332988,-0.668952851990795,-1.13432569572316
477,94,-0.970934589851217,0.701291273049479,-1.1453161669177,0.00117142700279638
478,94,-0.0628194567549966,-1.98659899121663,-1.89424150718549,-1.58233493746065
479,94,-1.14491585374097,0.110571074441171,-0.284704360507509,-0.179173233028178
480,94,0.301240568563998,-0.131333251313272,1.66981085707525,-0.879657069135937
481,94,-1.52971904224737,-1.86002997522091,0.429906046385782,2.37861340106558
482,94,-0.0332266548142494,1.02943346930321,-2.45533338871638,0.378811992610883
483,94,0.515580132911304,1.02300205354128,0.907337519087763,2.26750408568949
484,94,0.693160973887864,-1.7222019152158,-0.301622182990355,-2.39436448181932
485,94,-1.40416649635228,-1.08984254185109,0.0837853778962814,-0.00853276654559226
486,94,-0.00260445737513021,0.526238717388878,0.227383185867311,-2.95182662390819
487,94,1.45151687501289,0.630417899778635,-1.35533922107664,0.244381454849569
488,94,-0.709576199151736,-1.16192016963205,0.726360150759904,0.773028950859947
489,94,0.627650691701811,-0.144141281765106,-0.539197222970546,-0.290767404881824
490,94,1.52897928571415,-1.59765796656768,0.475076078705912,0.129930680184383
491,94,2.30118823707292,1.45248711511664,-0.230241683618588,0.899031199537571
492,94,0.462465528504874,-0.714454884739497,0.797604258175954,-1.54952219463942
493,94,-0.820176549553004,-0.300439639526126,-0.0275745401656438,0.903845342720456
494,94,0.760661561561877,-0.58093612498979,-1.03116970912928,-1.83139789608462
495,94,0.349247198473233,-0.0370524337155791,1.08925717923797,0.0421692131572107
496,94,1.19182795787732,-1.7500335801774,1.09963065756516,-1.33021340169274
497,94,-1.21582118200022,0.527485943123352,0.200788374677067,-0.524149858639867
498,94,0.270108262854227,0.743761460968928,1.59563520130656,-0.657800023446341
499,94,-0.744851783860386,-0.55112296855479,-0.287102835552139,1.28508929547042
500,94,2.51340155660039,-0.434931214192705,0.0327394510670651,1.12533991426914
1,95,-0.0489953707090385,0.501465773849926,0.289598900395244,1.01772234848226
2,95,-2.18007030112441,-2.37310360487189,-1.09661762888749,-0.268917041317217
3,95,-1.28063794197182,0.88630899858576,1.60311746412738,0.77733366570693
4,95,-1.52265636051177,2.04324189632999,-0.351281971710866,-0.778882095169934
5,95,0.24916056785701,-0.433223389835254,-0.326382563376832,0.438389729872937
6,95,0.391941381313338,0.921496061551893,-1.06428102818148,-0.858707720411717
7,95,-0.508774501235761,-0.326748575818981,1.18545967427532,1.84799792320272
8,95,2.99703787671795,0.139603237979012,-1.72923610022421,0.525447591652545
9,95,0.411526715085435,-0.647584858894991,0.496967258513899,-0.809152027630403
10,95,-0.171658544204682,-0.914677833600993,-0.14468923352942,-0.0100457788869144
11,95,0.145388908132487,-0.339497149629581,-0.274588425515787,-0.661953814288489
12,95,-0.246277640794962,0.0869240287787955,0.382689794348495,-1.24256927825357
13,95,0.754615005219772,-2.45788565900157,0.623669329893055,0.856980953514553
14,95,0.806119892133943,2.3039726652317,-0.88712998329592,1.56249248415942
15,95,0.59670853074343,0.621231753536194,-0.833463451387757,-2.05778659487681
16,95,1.5716658637965,-0.00122197673784622,0.0153185405133739,0.987361398504108
17,95,-0.283349913810931,0.328795519739043,-0.465341045444208,-2.35922853306315
18,95,-1.77217473117621,-1.15889177252306,0.580104745729343,-2.07504163407274
19,95,-0.277606990391375,-1.56778676967304,-0.130988975006724,-2.40982920025375
20,95,-1.32256677091049,0.0364028043169661,-0.402444762996691,-0.242834649069748
21,95,-0.926309857007568,-1.28819960043015,0.529036662591804,-1.13611433162628
22,95,-1.94492422614773,0.44992097983674,0.758210963442421,0.0671919229001703
23,95,0.188928650599642,0.725509619753762,-0.487944695837219,0.6879724278371
24,95,0.949245141618281,-0.21002654823673,1.00818337007301,1.60646669461726
25,95,0.964259362710449,0.226791949650583,-0.726424512736064,0.81859122520768
26,95,0.901769610779154,-0.606977296072267,-0.130250442192823,-0.952132419910711
27,95,-0.604698215066127,-1.61492586703535,-0.422400176682615,-1.07489653400392
28,95,-0.503398898178236,1.3531309250237,-0.741823468585767,2.05275334424859
29,95,0.577324955134575,-0.121239523389314,-0.773848418094095,-1.03581499166656
30,95,0.890704107812129,-1.83562078102822,0.141016800607888,-0.814320320619846
31,95,-0.70033285039443,1.77431209333386,-0.827260231295131,-0.398080343468417
32,95,-0.494307034031519,0.707253211104769,0.379955453365352,1.71136061777255
33,95,1.64952848608716,-0.575133295005823,-0.762748386999834,-1.20581865119714
34,95,2.73155555562284,-0.128830043193408,-0.62660492287294,-0.354853002057648
35,95,1.0786979334657,0.212490384792117,-0.501592722188995,-0.694421450617819
36,95,-2.0682105288131,0.214484114053741,-0.296785349786278,-0.361145218420734
37,95,0.530501225203893,0.321435601661578,-0.603716794634511,-0.0704871205752626
38,95,-0.328775646028997,0.26920856715815,0.592196269027253,1.491585413927
39,95,0.734529589028611,0.0373651952661277,1.25285944595152,-0.864948359339928
40,95,-0.25743555336199,0.793649261971245,-1.60826671589911,-1.94344270981254
41,95,0.221954835115582,-0.130860182673865,1.82268569685681,2.15539867021306
42,95,0.969226431769994,0.41080041353744,1.21043105158315,-0.974867071534634
43,95,-2.28925081145221,0.593359144844788,0.724987996696841,-1.29465878794881
44,95,-0.795385240367445,0.751822188918967,-0.947232493665264,-1.98726713305368
45,95,-2.04792587505648,1.01007608585148,2.25911018437318,-1.41579301345839
46,95,-0.811301707452014,0.21011325330688,-0.689900343812463,-1.7520526955878
47,95,0.866840343604042,-0.238793563828707,1.58391963510491,2.15630987160542
48,95,1.87680010246495,-0.290115077808554,-0.045994982131346,-0.165287846129417
49,95,-2.78466294916317,0.108764646204401,0.878526482190822,-0.208958242648488
50,95,-1.13221178505116,0.341969534944483,2.53579579508411,-1.35937366180629
51,95,-0.297704902143269,-0.353009614468907,-2.54106517369073,-0.00595647124468701
52,95,0.090048087969145,-0.878322221091654,1.42998036452828,-2.36465771382482
53,95,1.35967501751872,0.363874430909053,2.08827174890439,-0.220927158562068
54,95,-0.811316388480088,-0.604752182040813,0.639705920859408,-1.04196765174614
55,95,-1.63173378930427,-0.496938811369843,0.00282408425537281,2.1712743394245
56,95,1.02857177573741,0.840829410544955,0.517964510445778,1.58685809372507
57,95,0.51088010372891,-0.722313059864688,1.12278008048113,0.671240987305528
58,95,-0.994459771212129,-0.39383038607763,-0.584957807676061,-0.887244598607712
59,95,-1.89110525933186,0.0130945699278967,-1.1093247215452,-0.156792319100993
60,95,-2.87697917346938,-0.931615784228557,0.544003082920712,0.428557118818124
61,95,-0.298633851655659,0.174873545150048,0.14975818120599,0.376615595579526
62,95,-0.371346915689341,0.364156599232554,-0.165940038869287,1.47905813910121
63,95,-0.423468919033021,0.178599982275889,-0.178041333599942,-0.797856008349856
64,95,2.28513141543949,-1.41594640740789,0.322506146338317,-0.628084504438492
65,95,-0.340224365293822,0.744822422429898,0.740795568412633,1.56601630848486
66,95,0.263564395760495,0.934469610974864,0.637948530076967,-0.469933055056948
67,95,0.243866030212992,-1.78332052944155,-0.466233984094119,1.35171837525074
68,95,1.06778210379018,1.54888375150249,-0.444109539995437,-0.256346965818522
69,95,1.30300352362985,-0.549658321898919,0.033018197303637,-0.469394635924335
70,95,0.0223680623858314,-1.26233221732762,-0.794091237651166,-0.76988443664263
71,95,0.547409437619253,-0.782147928292949,1.74894471652449,-0.381222938983867
72,95,1.68786010878471,-0.921461122464683,0.221826457318299,-1.02700739126769
73,95,0.694716148150109,-0.828361078277404,-0.678595119399618,-1.69911375648661
74,95,-0.626153635298823,0.612291613386944,-0.492988274573678,-1.0501062698896
75,95,0.716527946146843,1.09153649262326,0.659335249221542,-1.09836778665703
76,95,-1.57271073091475,-0.400948791591986,1.61236544535373,0.0542903608509724
77,95,0.312610760098143,-0.685325943143044,1.22308207815786,-1.44724643824667
78,95,-0.859572965721218,0.556707165820682,-0.652328686776051,-1.25492836927866
79,95,1.1416471370388,0.684328147295795,-0.823904485476194,0.150689335888113
80,95,-1.39986697923229,-0.703483175214998,-0.911049676176278,-0.340817433882209
81,95,-0.060754823584604,0.208150409925592,-1.9068336455929,-2.17497796690546
82,95,-0.71644051674538,-0.0829274991727671,-0.390499913081661,1.18408455890385
83,95,-1.59058985096825,2.25351403866467,-0.385498824444743,-0.200281242424699
84,95,-0.0967576648782367,1.68345275592674,-1.20290240694895,0.635819092505898
85,95,-0.104267357314792,1.76263997617931,-2.53682807579599,1.40175682707462
86,95,0.843781473779129,0.59814612973153,0.519886949537964,0.225716585225611
87,95,0.924626124685525,0.297631821773841,1.51527197248774,-0.3529098122288
88,95,0.7381722843876,1.53002416336483,0.144869215086579,1.53151588857029
89,95,0.0675628815388429,0.146050690250239,-0.549386756118596,-0.404209066770128
90,95,2.06630189304725,0.300128426783186,-0.905821132135103,-0.0453844588525296
91,95,0.514807632189383,0.0550394117739041,1.12896523642343,2.03072422288015
92,95,-0.832595012297753,1.95694799275067,1.18073644288112,0.794075314442163
93,95,1.09893467772294,-0.71389076299671,-0.199969346270417,0.635879267040187
94,95,0.626659644016482,0.608052910059667,-0.0229077461945491,-0.0810279285883628
95,95,1.19729152879425,-0.434244069224176,3.53630867228198,0.583247673577343
96,95,-1.45963701285076,0.299967048696557,2.23233533172101,0.779155344406165
97,95,-1.15600867903879,1.99930168311309,1.21945934240946,-1.62656251957258
98,95,1.46626662231387,1.72098208891445,1.70092003502885,1.43624907945553
99,95,-1.32132805963955,0.193150852697561,1.24680746573902,0.218100555087075
100,95,-1.58842014348424,0.0517217111748299,-0.735905118385107,0.271112926757449
101,95,-1.63040602157212,0.262041158471068,-0.955686608054903,-0.8957473574559
102,95,1.6011217125739,0.142382001626387,-0.332876063259507,-2.35134571354059
103,95,0.866678299397751,-0.97809230415669,0.420497571622157,0.755261454616851
104,95,0.426123837739541,0.0851611505869182,1.33798207669958,-1.05684263821327
105,95,0.657764544865995,-0.396027054779668,0.706007190139783,-0.992222964568275
106,95,-0.651412419636477,1.186724185744,0.803607378104999,-0.472714998839546
107,95,0.373286834890811,1.15330947168756,0.34477184856443,-1.30353570564313
108,95,0.442623306277024,1.47335315932124,0.0188273011332575,1.37762417198848
109,95,-0.114281403951308,0.605993185869829,-0.121544091830458,0.17597300219918
110,95,-0.869343005790952,0.557103381913142,1.37644158286782,0.0485654661229179
111,95,0.529245144109052,1.28735131330415,0.0997856778839231,0.0914091266855096
112,95,-0.377946374956269,-0.952465698010207,-0.749657884619864,0.620416775377434
113,95,0.838002528000383,-0.335084396752521,-0.305113969554084,0.55206867178502
114,95,-0.316133132078111,0.0591346413591423,-0.106726435330098,-0.210106390194753
115,95,1.03342101652454,-0.306861774267163,1.31334599430712,0.995714185464446
116,95,2.08054490802553,-0.975429779297413,-2.1682333746081,-1.64988120370945
117,95,-1.02078406662575,-0.129564431377493,0.343935601220507,1.45558139663555
118,95,-0.209819155021299,-1.17987635404394,-0.674189362402228,-0.482331937534767
119,95,0.369657047802582,0.101442275336085,-1.09925327217252,-0.895443696117315
120,95,-0.677208384087334,0.161448436568993,-1.19405584992999,-0.709345530261052
121,95,-1.23477106999627,0.598123972854165,0.546815200379664,-0.491448287641856
122,95,-0.354092546111479,-1.48466155163641,0.0687619316613709,-0.210703329384697
123,95,0.651844791320584,1.47753355791923,-1.03569471452081,-0.0120677703778739
124,95,-0.587068289076895,0.423385995564958,-0.90382912024152,-0.925679419658058
125,95,1.62987728198326,0.166958033627716,1.09974612452723,0.531217909273807
126,95,0.913699078370473,0.758384519928379,-1.18169645108007,1.47758634272515
127,95,-0.629256315854846,0.673266389705534,-2.43154384896444,-1.93142590346518
128,95,-1.39629532686322,0.37704649634838,1.74125224153516,-0.63772989375818
129,95,0.132923781500678,0.985633383949721,-0.190473933247685,0.580154687544876
130,95,-0.595628987290075,-0.903801152647883,-1.90236191498802,-0.190182669876825
131,95,-1.25523197514103,-2.11422520502351,-1.64796835846754,-0.610551681321524
132,95,0.640394161370557,-0.00495308536996529,-1.13413672071465,-0.898237549063147
133,95,-0.861117017118938,1.30645538068435,-1.25905324573451,-0.0240757068256947
134,95,1.06339106952735,-1.33222651777157,-0.459341885150263,0.169124760889865
135,95,1.28314424266171,-1.29799594446979,-1.0078922559216,-1.72725623376767
136,95,-2.53192688619461,-0.556112687873832,1.47651234306546,-0.541589803898981
137,95,0.41474567406419,-0.198408750228996,0.2366897787666,0.86155975972973
138,95,-0.799095716768961,0.0967268698746905,-0.85563448178503,0.522433843965547
139,95,-1.76777434484251,1.31830396069881,-1.31424855778569,-1.46646597261156
140,95,-0.0726451833258404,0.821386902940579,-0.655156652388814,-0.281582025805122
141,95,0.552214203412617,1.38946405112084,1.66458143013615,1.73294410466327
142,95,0.530537688274637,0.397857655067623,-0.441782538118276,0.178169701733107
143,95,1.5560571532211,-0.242090929694606,0.0768190500814192,0.283814725592376
144,95,-0.56213193400003,0.0415468632197785,-0.30640564106682,-1.00157658923885
145,95,0.487390088727563,-1.45317926429863,-0.608352065219442,-1.69724879150621
146,95,-1.3503358327748,0.406752737496163,-1.20724606185222,-0.533477859238895
147,95,0.483597883077795,-0.16436060128605,-0.434804712939636,0.360871391832395
148,95,-1.66107522181784,0.496204340944899,-0.155417132421267,0.875838840396674
149,95,0.351243883129611,-1.66876353621558,-1.42240403301375,1.39084756430281
150,95,-0.426446629217802,1.24775410582875,-0.254405620187339,0.327946032601982
151,95,-0.673638545863691,-1.56685427503949,-0.0708527660460193,-0.0244096932795313
152,95,-0.337428056142381,0.19417132870805,-1.80739351460508,0.249748737949191
153,95,-0.158296523113139,-0.156100517489709,-0.979525257561863,-0.110933051619038
154,95,-1.83319434107096,0.0804734207779454,-1.13107932802376,-1.80511324178485
155,95,-0.906767704526031,-0.624223605363663,0.420680062517464,-1.19934184988186
156,95,1.08252207994672,-0.665278130584178,0.471751608514931,1.12628049154215
157,95,-0.574575591486805,-2.41420302496543,0.739117512918602,2.1211425055963
158,95,0.663481205310873,0.144124172230106,-0.954520528803007,-1.09807895832887
159,95,-1.66883433455827,-0.394336694852579,-0.562149010347462,-0.76264695402591
160,95,-0.284894937870096,-2.1963856276671,0.520198783156727,0.18057764455987
161,95,-2.17516851525563,-0.337477419973081,0.757769534236726,-0.444151080211622
162,95,-0.257590501661107,1.15768689869378,-2.19296018790934,-0.257722517307284
163,95,-1.80478631496017,2.42808132314609,-0.980030155791733,0.496749039715124
164,95,0.538347541496598,1.7793573246535,0.164758969398888,-0.636834314437297
165,95,1.95435342038361,2.07018497606148,-0.777993856453173,-1.22736004847579
166,95,0.164723486703996,-1.3232267774011,1.27195832237474,-1.45516769927739
167,95,0.0527878085133888,-1.00413637791291,-0.285014728400953,0.345368413082244
168,95,0.778863891225824,0.281977273606427,1.12532316473416,0.982574844472989
169,95,-0.00376876476444393,-1.0049429402976,1.31130362367415,0.117261027973437
170,95,-0.00405357365294165,1.21834322077238,-0.635571890135409,-0.935955424022091
171,95,-0.565284642311828,1.68546404188438,-0.889404977478612,-0.112096503026175
172,95,-0.168639789735018,-0.00535053983591589,0.535508478468942,-1.61809011409025
173,95,-0.190912596171969,0.137298008524254,0.368215320375237,-0.81779571110656
174,95,-0.0793042379822487,-0.878646549138246,-1.76594195513393,0.0227598163732876
175,95,0.397151793378029,0.682313760999592,-0.250807668999243,-0.417906577763644
176,95,-0.052733178507833,-0.794823254565808,0.668495990563714,-0.73809293488046
177,95,1.26820462277335,1.32790034991882,-0.503158182494439,0.065985648160792
178,95,0.669878446734005,-1.56976687384576,1.10492313807413,-0.366153883478859
179,95,0.910291541685014,-1.80577058317389,0.763431470747284,-1.62015380513692
180,95,-1.35857140366241,0.275183270269674,-0.189787435519166,-0.157403065592469
181,95,-0.195547317923408,-0.158066313048264,0.751856691072815,-0.0189835132793294
182,95,-0.202806401049409,0.574424175532866,-0.441398822699679,1.53934526577653
183,95,1.47226538893684,-0.0971781581055128,0.783486349070292,-1.61254343836511
184,95,0.756021995936575,0.209370740487363,0.166110917788793,-1.87832667809013
185,95,1.2722624075155,-2.19713634312055,1.4045543270275,0.284846696617468
186,95,-0.800550713269099,0.275511865920953,-0.338406359935171,0.0474948785854754
187,95,1.16587904507784,1.49923324512723,0.568230986115726,0.0821736596773903
188,95,-0.288810190819963,-1.45361478388936,1.4234748319462,-0.5759699055076
189,95,-0.745405927913648,1.11407142328998,1.04149964604681,0.56999370167483
190,95,-1.25731906504145,-0.0324497026828733,-1.12480654266101,0.348501099616663
191,95,-0.409280144296352,1.88776880110148,-0.0877725110434993,-0.618934747647946
192,95,0.711916842760265,-0.0550056488082616,-0.0559032274606895,-0.874315024206139
193,95,1.6112873978594,-1.02688632266518,-0.0200788825202997,1.13521184729961
194,95,0.379539430421133,-0.165081931721322,2.69697582365267,0.826663122613459
195,95,-0.604090317133808,-0.148310322054223,-1.29202149706784,-1.58820585912467
196,95,0.280779854288359,-0.354984561181529,-1.41607610542707,-0.616376967830227
197,95,-1.14559596627069,0.821103338648224,0.634336010497734,0.117772804402217
198,95,-0.586910933519389,0.0353554259262965,-1.07243599761142,-1.36136557334543
199,95,-0.599718577492759,0.788853942398006,0.066675736879695,-0.289118130334344
200,95,1.80356143024765,-0.303946968298025,-0.309525236574567,1.9072687972628
201,95,-1.10844212975604,-0.41654219106814,-0.82707435080882,0.0961698459112395
202,95,1.66496705703559,-0.784064744818582,-0.200092916432785,0.324737691637085
203,95,-0.0756976633687807,-1.29459416005886,1.92312121887647,2.05172029015774
204,95,-1.6377150299467,-0.121180801544971,1.38952188759665,0.264264459433378
205,95,-0.743562262278762,-0.941291249405501,1.05051603016518,-0.776216047169322
206,95,-0.300998847439265,-2.63817229958748,-1.27435435292078,0.933587653618343
207,95,0.437412154828055,1.03737498523512,0.353622722587297,0.524602372043035
208,95,0.833976405121952,-0.928087968085043,0.995584154981908,0.011941810767498
209,95,0.234640719625399,0.0958357896313778,-0.781911169856887,1.73088905031446
210,95,-3.25357254266215,0.0835352988059198,-1.21022016719347,1.31124665385828
211,95,-0.807877319582721,1.70641455193045,-0.580148857515558,0.915944923296655
212,95,-0.157229629679537,0.900820954431677,-0.595121753263258,0.0959064182256486
213,95,1.11110239459433,0.744354655052315,-0.366705921211373,0.449320111249751
214,95,-0.395103682599827,0.0681081162265196,-1.41471730459706,1.20858343843155
215,95,-0.0703046875362928,0.310239813159795,0.229347343476619,-0.868146257742351
216,95,0.905373800903771,0.925539675056549,0.0800009139475623,0.347065040691761
217,95,0.424580584176274,-1.77564752668953,0.622581903129058,-0.271296227043085
218,95,1.40832036845628,-0.230540251176361,-1.01857758205458,-0.274734080222715
219,95,-0.0498411105101463,0.126382241546025,0.109125931870652,-0.31997300431906
220,95,0.415948310444652,-0.910899873929024,-0.49173704319763,0.637464289917289
221,95,-0.434983070901044,0.507903396422052,0.793688629037007,-0.621549018120996
222,95,-0.451551496858605,-0.885537276229805,-1.92768525795287,-0.996227837897533
223,95,-0.656467733099693,-1.37020605216864,0.472856535335962,-0.912832715322245
224,95,1.10650471617631,-0.796126423937134,0.583673240355435,0.977007663784335
225,95,0.872515407345329,-0.0355217752929348,-2.0668701931554,1.0923551495215
226,95,-0.453537196747515,-0.568759396265932,-0.962392078785403,0.154288214078488
227,95,-1.4312643669126,-0.875283239170519,-0.766211891673543,0.92043097600437
228,95,-0.0221904772836177,-0.798662673139905,-0.824074065522673,1.01859255208079
229,95,-1.26056045441105,0.762331532452313,-0.494074251400635,0.639553090334489
230,95,-0.953986135198505,-0.107739124975514,-1.75878738660348,0.646104486276421
231,95,-0.662464512651171,0.479296116211691,0.531344430914631,-1.06550959764748
232,95,-1.20312968904232,-0.894040558327729,-1.71885454446806,0.180907726624293
233,95,1.15280297660455,-0.654582397104193,-0.0789937257317564,-1.09683562912451
234,95,-0.318206772361616,0.274529903345374,-0.488754946486785,-0.764500003298042
235,95,-0.730107587723965,-0.765973867393681,-1.04912812325359,-0.696108728069062
236,95,0.250514773513765,1.0234061973808,0.534325761201101,1.71271145975077
237,95,-0.915811699807448,-1.50335304179499,0.454890531692917,0.137366575065142
238,95,2.54834623279495,-2.3891369323163,0.426246651103982,-0.959343306318565
239,95,-0.251006872603354,-0.648655863246641,0.69863691925309,-0.567082326562996
240,95,-1.0297833258586,0.623017354810907,-1.02791532538648,0.415286285516873
241,95,1.14009800939245,-2.14301267469923,0.494214841315258,-1.44061580238319
242,95,-1.41382336826756,-1.77673346152572,0.55433868320922,0.165794713230519
243,95,-0.0832662217123105,-0.0629810026597084,2.04022671274541,-1.16699118916206
244,95,0.119421930834282,-1.50026316096712,0.75658586620719,0.716508297645013
245,95,-0.000903891509709802,-1.40922850806782,-0.415801097830802,0.454315563927253
246,95,0.936247050004538,-0.349366344338069,-0.452647262826695,0.614006435170533
247,95,0.85986934442456,-0.687480915291575,-0.251911634364377,-2.2127830863676
248,95,0.203227405020501,-0.85496012109089,0.954381275209864,0.604092391898897
249,95,-0.641873642492815,0.728757479427579,1.3342089006677,-0.120186079539061
250,95,-1.12123890724185,0.342137034108936,0.791248423466431,0.380033314799005
251,95,1.31428604842849,-1.05494664790443,0.387923090156115,-0.136142675116919
252,95,-1.43764341390303,-1.22794549680323,0.669830328944629,-0.0178747811398278
253,95,-0.653286750451383,-0.434851881063808,-1.51264089701761,0.196117128897677
254,95,1.93194261627326,-1.28249181539012,-0.227531098780806,0.34442420233441
255,95,-0.00613172092480367,0.00882361943649873,0.346343111617817,0.467386549034395
256,95,-0.102829367242262,0.423720836009119,-1.47140867022427,0.580865530090344
257,95,0.300154458888173,-0.76752355580673,0.532400088230128,1.21979763848011
258,95,0.0307465675558552,-1.47386880122304,1.11807846310207,0.425447382115452
259,95,0.106615713455695,-0.629092514210565,-1.43882335443025,2.64865037982288
260,95,0.444604612787454,-1.55829501062229,-0.869566597931346,-0.605801083586962
261,95,-0.0410257174800319,0.5311973012746,0.836633867244283,-0.170986991657371
262,95,-1.07549296832762,-0.104078285178436,0.602156288749346,0.0792805371474958
263,95,-0.301436753357925,1.19455514671806,0.460859968645317,1.01881415014135
264,95,0.462966847558039,-0.898263257196902,-0.242896359879424,0.130519515974694
265,95,-0.402480851226097,1.81456293772461,1.90875455780199,0.780346694450935
266,95,-0.441047488558894,0.566967324624903,1.70553257476009,0.231059641958263
267,95,-0.435893321598624,0.921920759175117,0.299282755451916,-0.832150641590563
268,95,-0.298332383816604,-1.16789440455784,1.1805983734313,1.23274654220161
269,95,0.795501509047092,-0.657696741924351,0.49254150131496,-0.611612648626456
270,95,-1.34304180024031,-0.253424564686371,1.34075698994609,-1.74332269516483
271,95,-0.792808194473291,0.880291888921473,-0.288847292643332,-0.717957548942091
272,95,0.269073149131536,-0.515798410031023,-0.187895714452832,0.534801892431678
273,95,0.307998445804637,1.02135058210858,0.912792987489971,-0.144214972233062
274,95,-2.19644658265257,-0.993280803681519,-0.691816817383192,-0.383943303927566
275,95,-0.140838671869446,0.28132474226275,1.76536304619773,2.16549109325913
276,95,-0.819795452015961,-0.190584292833575,0.996229475367743,0.0335102973271312
277,95,-0.121748477851663,1.29418778057634,-1.25779917826964,-0.206695101663407
278,95,0.405766643313673,-0.118554735135761,-0.481060456239268,0.97042703402454
279,95,-0.509103284083182,-1.57228945556115,-0.354267755588011,-0.583426944019731
280,95,0.0247549307411832,-2.71611635626927,-0.00828302907098935,0.277809317669709
281,95,-0.822705614570785,-0.102897526508147,0.906903665155072,1.70349633803969
282,95,-0.493802535911421,0.157987702833395,-0.829420361045185,-0.0712623265702765
283,95,0.537867245418056,-0.126128200220289,-1.05101720889406,1.69627409696058
284,95,-0.604576300815836,0.700065190361267,-2.34022439476181,-0.172969738083056
285,95,-1.58465117405843,-0.71628391023585,1.63200885558556,-0.144200691409765
286,95,0.0328305806281822,0.962172241380002,-0.947017803845776,-2.55961138242462
287,95,0.350683537817003,1.00455428251038,-1.21143826134028,0.0490878476683479
288,95,-0.676571626189907,-1.53429620355501,-1.80680059527811,-0.566550923947915
289,95,1.55656944855745,-1.14213597326386,-0.139967876094258,0.543715834053745
290,95,-0.545849178237761,0.488493995965684,0.218104655324075,1.13064993263641
291,95,-0.956094207642499,0.35719412086993,1.04213226110947,-0.675972403617279
292,95,-0.0621182025644336,0.725862939878825,1.37369371519033,0.415212813512022
293,95,-0.191275920882423,-0.730021237500822,-0.671866457838914,0.649646389909732
294,95,0.842886725984695,-1.475144124655,-0.608356444369989,1.00984231548233
295,95,0.252599394034478,2.35348211727954,-0.203077932093758,0.675394133575304
296,95,1.03606649305779,1.69336133532698,-0.91526141362864,-1.39550151997196
297,95,-0.684721894065468,0.382707132377158,-2.49910947093566,-1.16631921228175
298,95,1.28410834441287,0.470745536196823,-1.49980871751703,-0.88512505433874
299,95,0.122826032760277,1.36941340583255,-0.0676256689636404,0.122730821022556
300,95,1.04027977671462,-0.201567874542154,-0.217143463788383,0.211800747764773
301,95,-0.851598136795262,-0.69098684697187,0.612153153369051,-1.29032106436763
302,95,1.51474699686174,-0.725199200591474,-0.429688575037756,-0.448005663883026
303,95,-0.55842467967125,0.0900227958463899,1.19426507080281,0.392277037257025
304,95,2.62935089840429,0.333388187127988,1.71524465298833,0.428578209296578
305,95,0.41801905925563,-1.18697942300649,0.498042688974487,-0.83120502195346
306,95,0.14131647106736,-0.105641915725315,-0.530210211184397,0.3448701115109
307,95,0.71262375001799,-1.29907225398783,0.545974339261904,-0.876035865595667
308,95,0.336277540644947,0.507179129028915,-1.05327471850493,0.638277952207869
309,95,1.24998380220296,0.915362823761754,0.543526003112616,-1.0491247478103
310,95,1.78619521571523,0.268072290462368,0.302525391365451,1.15083331566382
311,95,-1.47417064593096,-0.096027619201378,-3.9498877971088,0.836934018140433
312,95,-0.113195230837803,-2.22925102622002,-0.648660397912649,-0.778801327872207
313,95,-0.409824645149707,0.787779611165308,0.0525993712378102,-0.564525286999734
314,95,-0.00765814795950272,0.723295446846242,0.5062313212435,-1.21693601884811
315,95,-0.4620795381835,-0.381803452893585,-0.262501801518704,0.134926429812022
316,95,0.373246033967069,0.965764575238586,0.511822737876269,0.307099022264276
317,95,0.108630146145695,1.05457820007596,-0.181553763931942,1.85708939318311
318,95,-0.0143282715670092,0.633593204525006,-1.13102428780178,-0.250898608284375
319,95,0.500760618292927,0.360946692024426,-0.123234623186336,0.381694484316833
320,95,-0.46983427082154,-0.159081010989125,-0.666620609500596,-0.527810471993127
321,95,-0.221073973396223,-0.690102350095722,1.76695743024732,0.690251067046575
322,95,0.742850243175924,-1.12602633289313,-0.249304980982658,0.412118136173767
323,95,0.0668318973284303,-0.196501883571802,-0.682565955167379,-0.670543873481388
324,95,0.0371774496386122,-1.12524033016486,0.0110826628037853,1.401486370286
325,95,0.429110670629255,-0.275032065057524,-0.213492357149272,0.0783994126878185
326,95,-0.933224794982537,-0.305440544077607,0.185816597734897,0.950879257795237
327,95,0.989724040709598,-0.731118017862944,-0.0219841417404496,1.11515807846588
328,95,1.93321366917231,-0.850106153759556,0.801803783262135,0.593954055357854
329,95,0.608378528871331,0.039712331327075,0.493362268805864,-0.575337493180974
330,95,1.99282582261167,-2.72359491106714,0.8171525884077,-0.466284587789016
331,95,0.213273476273385,-1.11747139953855,1.09707678763656,-0.0550589157655969
332,95,0.262741959355069,0.4405836684881,-0.666721336759267,0.0653670284092281
333,95,1.3207072614891,-0.703207644416943,1.11375729645296,-0.554079257042318
334,95,-0.922353466641924,0.188421872728843,0.0809645484247616,-0.314237363658778
335,95,0.0293333988542952,-0.0964709889280804,0.00444768925922397,1.00466181105039
336,95,0.227738719335197,-1.33434086415913,1.91546720168502,-0.661420251189449
337,95,-0.322025702775321,0.577787470556903,0.14405952189822,1.22982413563959
338,95,0.28851401162614,-0.70474066160731,0.785500323451609,1.24716529006245
339,95,0.35495674352767,0.538142166890706,-1.44374274510462,0.490326297284601
340,95,-0.245473506097457,0.356326564056166,-0.0203490919972217,1.03974625216446
341,95,1.18364892290408,0.284652478661718,-0.481179464432787,-1.06768901374025
342,95,0.35664139135687,0.492372074636754,-0.28634083580714,-1.21586618105545
343,95,-0.67543609890429,-0.129860645789423,-0.199439674633709,-0.824959103577718
344,95,-0.26879418680813,-1.39534105708439,-0.923900854412107,-0.704878050926576
345,95,0.44388585284319,-0.197650029141068,0.679773112884821,0.747501775250159
346,95,-0.539531868829904,-0.910224892350898,-1.06576236628445,0.606695821511185
347,95,1.20284038230827,-1.40052501640856,-1.20952321630459,-0.332068360990737
348,95,0.160863160014092,0.577536769481941,0.839057414726465,0.0295703447678166
349,95,-0.716745638792638,1.49488302951678,1.00582167233547,0.991832047634118
350,95,-0.591976640751989,-0.262488774301144,1.22281052731795,0.694285131069001
351,95,-1.54778192108781,1.22880690295689,0.876018871835914,0.968165474508365
352,95,-1.05351972331215,-0.282997826321603,0.500740838296514,-0.910964609874641
353,95,1.34335576134995,-0.725916563301756,-0.274487322128882,-2.0369183367745
354,95,0.130360909314983,1.16507057524896,-0.596499951330665,0.547754044353655
355,95,-0.436367903393073,0.267648741897614,-0.141722290105649,-0.369034467672306
356,95,1.28721063397022,0.0792904675599133,0.385945343131458,-0.52685599556919
357,95,-0.207557883557062,0.258298956842798,-0.401037956549476,-0.227199984355371
358,95,-0.214194238156297,-0.4288335332437,1.1984915392861,-1.55003326139792
359,95,-0.51146342542737,1.27601760303647,-0.687272070960981,0.722402035623751
360,95,1.18906469458035,-0.191074366798089,-0.159834831676713,0.999594038887241
361,95,0.0999583109883098,-1.32743870224185,-1.94590572276748,-0.39936602874722
362,95,-1.32559922758999,0.0827477824531733,-0.834189393874993,-0.323648247520543
363,95,-1.01797481171964,-0.907224818406079,-0.504461409728623,-0.280973427651124
364,95,-0.309487905661785,0.397959875329267,-1.58127783350382,-1.83260976870838
365,95,-0.221007546847278,0.159808415783198,1.7870817627292,-0.562862688695361
366,95,0.0976166723260628,-2.10296712615991,0.235958364179859,-1.3426159785926
367,95,-0.564755223037675,-0.0276108674130778,-0.0881885857280923,-0.783623119990765
368,95,2.03255984337496,0.0137123057427552,-0.0500529668103238,1.01850805200033
369,95,1.00400217561428,-0.0865016013418955,-0.382288066374328,-1.01924588783239
370,95,1.68200510453328,-0.145962626887219,-0.995274922836875,-1.42709163270068
371,95,0.492904960728681,-0.220130624577869,-1.56507076522833,-0.464686901857778
372,95,2.59426460514018,-0.619595203190745,-1.09548167529894,-0.773259275924995
373,95,-0.877649173176652,0.64498545026666,-0.864490096801845,-1.43711609004099
374,95,0.612079444050104,-0.694314722173043,0.0313546054820856,-0.432450364805917
375,95,0.749581254057783,0.32089626929801,-0.869800603790531,-0.161442893529613
376,95,0.631889420320191,-0.175149551373594,1.170257545062,1.49384334266526
377,95,-0.370920205413474,-0.181389131865316,1.17434804154045,0.118218452173905
378,95,-0.814316182565908,-1.22239061420733,0.453361845486226,0.297580353060011
379,95,-0.332911153269332,0.280433351512672,0.610588421647932,0.787455668939378
380,95,-1.91682498673247,-0.0280165919958634,-0.157927359158164,-1.01956894493361
381,95,-1.41724238942259,0.775265885941116,1.27800893888575,-0.306133006903752
382,95,0.027422093249929,-0.695048998425032,0.697047705709463,1.87006948790042
383,95,-0.19336792717269,-0.901559305655482,0.683343646867254,-1.35125347629701
384,95,0.082220114528966,0.973857544907624,-0.465355076541559,0.351597447563652
385,95,-1.59431822375745,0.599362111810457,-0.0777147688710173,1.05156362045173
386,95,-0.939957053449252,-0.527334903289227,0.923187332770263,-0.553236872785576
387,95,-0.116259570966082,-1.69438383165117,0.309435234107413,1.06836641421203
388,95,1.35711020794314,0.514231332152442,1.89893422807225,-0.0798138277339059
389,95,1.16265357236965,-1.12750588846144,0.938898803819367,-1.26290194745156
390,95,0.33491758166624,0.0104627476358347,-0.184699055543844,-0.490825013442139
391,95,2.16949417413328,-0.496281465556689,-0.0158683430286301,-1.48670673692004
392,95,-1.16979708639403,0.0255881691334084,1.19568351362553,-0.170633082561941
393,95,-0.120266189134008,-0.261204320726545,0.0673534560315807,-0.110731847934775
394,95,1.21786684827433,0.0803042300530983,-1.52266662678073,0.0669403997432032
395,95,-0.91010276907173,-0.569701965011543,1.61730132198072,-0.278200134336971
396,95,-0.399823028864159,-1.84227217322495,-0.755666083309443,-1.44437663868522
397,95,0.313250510247619,-0.692209905478381,-0.202332702287214,1.35269774574327
398,95,-0.208568032636743,0.736715139362582,2.28527749019841,0.771942962780656
399,95,0.623121109842013,-0.573525084034571,-0.0536311813822934,-1.11982883799682
400,95,-0.392432753428614,1.80955247596253,0.485381174304148,-0.0883271073861381
401,95,1.10932774242541,-0.882882256567301,0.0813033362815114,-1.13279862586112
402,95,-1.24555552018869,0.490696531969843,-1.46791544082586,-1.30585475359748
403,95,0.288562409646649,1.35427496889908,-0.660952802034861,0.315171468217998
404,95,0.0492050841407369,-0.769169477990466,-0.682110615255041,-2.66114285551531
405,95,1.2325969601808,-1.69498212470598,0.620267134190081,0.235256174668486
406,95,0.514303095661925,-0.267423745310049,-1.54271653472171,-0.698865224811804
407,95,-1.7125910434214,-0.477281548026879,-0.622247369264931,-0.929347983154962
408,95,-0.35243803835252,0.253956296595647,-1.61163037430522,0.116917090259013
409,95,0.880526575128181,-0.277990915477403,-0.846997255556765,0.128986241820342
410,95,-0.314725790526445,-0.595578032823418,-0.696364151939291,-0.0620324263410586
411,95,1.51158678124402,-0.870177411365854,-0.531750964093695,-1.86202327725422
412,95,1.15266462152217,-1.07316785048597,0.711403526075363,1.40665735755791
413,95,0.543041607897134,0.217168325114491,-0.52326354826065,0.511610280176353
414,95,-0.345703064708589,1.10170143769532,0.476517847968514,0.00162599386674455
415,95,0.231176830838356,0.987568912559607,-0.0126092782550123,-0.144199862388424
416,95,0.98812154543184,-0.325801538327906,0.058248806439196,-0.54411510972701
417,95,-0.177694901789239,-0.803195656084839,0.211148648874422,1.43325710431098
418,95,-1.09734104550336,0.52013682724213,0.570338196946181,-1.16443732295237
419,95,-1.81207920325727,-1.29657305179972,-0.256479715056112,0.276610999508878
420,95,0.348228363321613,0.474602137483159,0.447578308403897,0.1928142435794
421,95,-1.58894265442119,1.53365773411446,0.950092608682302,-1.07648436157709
422,95,-0.63066828716559,1.29171863979898,-0.221792890890327,1.61859031101199
423,95,1.81140023638618,0.490233703233864,0.41071775415811,-0.572425480059143
424,95,-0.77525501078503,0.269653933344762,-0.491612840344036,-0.969515991998087
425,95,-0.436229214796972,1.55605990272518,1.99876677700169,-0.461130100805981
426,95,-1.95349568841922,0.215088212081759,0.990225076758121,0.983773474810672
427,95,-1.33238102619802,1.21222326834882,0.859885073384462,-0.514428549336983
428,95,-0.0773908660332671,0.164675699667668,-0.877744662943017,-1.5046680743597
429,95,0.538600871512489,-0.439014558594198,-0.567110970353274,-0.643962643775144
430,95,0.593473748820007,-1.04632216822266,1.08404973308216,0.655840749440363
431,95,-0.232368446054165,-0.660492319754235,0.997973992895575,1.66476180080352
432,95,-1.37543785082908,1.2305962235983,-1.21462111163296,0.81302455536337
433,95,0.597828245676362,-0.954575032530349,0.244077900113545,1.11321865574124
434,95,-1.32293516242364,1.11308447491316,-2.06236435443368,0.233937824232827
435,95,0.522542994286227,0.401158451096344,0.890534162241705,0.67909980740884
436,95,-1.02964903188166,-0.241100042319443,1.42017914286208,0.364605757148334
437,95,-0.0226842068019593,-0.611241785496936,-0.100719840342227,0.0689435223743661
438,95,0.0436984086108377,1.79992512850163,-0.748859736270374,-0.442865696228274
439,95,0.460724365166226,0.205265228079007,0.946282094263258,1.1727866560907
440,95,-0.392512533792019,-0.226826634799602,0.542918926427689,-0.421125500613216
441,95,-1.0143313982057,0.41149916109698,-0.612888187757248,1.93663478218303
442,95,1.31982054986164,1.35840594640317,-0.808660145503387,-0.335044480550752
443,95,-0.446974200477321,1.15675695711885,0.802891826585807,-0.162517657361932
444,95,-0.0440386960693925,-0.251954583898617,-1.71353375002354,0.557209280903371
445,95,-0.0683443020611852,-1.4465698761806,-1.76879597221904,-0.727816098687387
446,95,-0.915296998492678,-0.137011192399449,-0.784609638525337,0.305532486913238
447,95,0.703814753001114,-0.92330906129626,-1.13250457815641,-0.995237560493691
448,95,-1.97603691009068,0.140432137565077,-0.147009862759099,-0.92441191894035
449,95,-0.365253049619835,-0.531633463122632,0.2619315357504,-2.72287849666452
450,95,-0.0427500008258532,-1.49238798783139,0.898662050204371,-0.711488110595563
451,95,-1.07735104145419,1.02904091880623,-0.156538505426438,-0.842152334282746
452,95,0.00217506601109839,0.807501987933732,0.0383778227687688,-0.447531853036289
453,95,-0.561956623031523,-0.0510691816037542,2.51205669810381,-2.4892757871919
454,95,-0.451150750863417,1.39119585638455,1.66605169810499,0.55121106798902
455,95,0.626157429280039,0.162670075983865,-0.6118201775076,0.264278903056186
456,95,-0.636505407464651,-0.48455728758854,-1.44989397137912,-1.31187789571914
457,95,0.358012519188443,0.0513855650851265,0.934489738041875,-0.954407985030603
458,95,1.84475161677728,0.561356274575895,-0.122679988916117,0.320406895404106
459,95,1.19019915093218,0.462853024715398,-1.08364702438038,-0.388591757102271
460,95,-1.44254706143123,0.786082358764835,-1.19312184351526,-0.616325520479377
461,95,0.195220219505318,1.11109359649177,0.0619732370739051,3.73647024747917
462,95,1.45173830138974,-0.77159824823279,0.72684619747128,0.45834538936612
463,95,0.717118481690009,1.84978679018176,-1.15689583169907,0.338608620586889
464,95,-0.395701348401576,1.20966077397545,-0.527776712562217,0.316382124991047
465,95,0.00894690277318492,0.173525691042066,-0.925343312503584,-2.08399196800385
466,95,1.19473108898183,0.73726021868691,0.0735397217744954,0.0600901605860795
467,95,-1.01440383959485,-0.136779952070395,1.05993057556959,0.284931144114551
468,95,1.12511142239823,-1.18218051859856,-0.975120667076801,1.59950936825213
469,95,-0.221939189712683,0.450569296254082,-0.457250814134834,0.853489219412568
470,95,1.03519467929225,-1.17024656338176,0.627444568145405,-0.351569144369252
471,95,-0.511352466664322,-0.0993049042059885,1.43732563775387,1.02994030452597
472,95,0.616627775878406,0.702818580992607,2.14689191579614,0.849868417742804
473,95,-0.926531163636556,-0.27752316803638,-1.47518409750019,-1.69342786318782
474,95,2.09632512424038,0.555847380482194,0.745734152744758,-1.39437434719008
475,95,0.280255955526553,-0.152431667121812,-0.861447883750962,-1.52589839480383
476,95,0.0167358240268594,2.09768361922257,-0.0284807988451957,0.830977018669317
477,95,0.102360874296898,-1.88822064284669,-1.78107031641071,-0.752884642120168
478,95,-1.53744275356492,-0.752697928710286,-0.056007813583289,-0.936611774992602
479,95,0.84947084010328,-0.764588447179825,-0.742004968583085,-0.732124412524194
480,95,0.41810883817732,0.688703206371787,0.288121465704686,-1.56119463876131
481,95,-1.13681499120915,0.00520071464475442,-1.02675556435048,0.158975905275476
482,95,-1.44938572986631,0.676252904319523,0.086731164177485,0.668256367172398
483,95,-0.437522968353913,-0.439808299105988,1.40543714379985,1.06183680517479
484,95,0.174909792929529,1.23650519886033,0.220371926513086,-0.69045658945617
485,95,-1.27703781773258,0.429607082148926,0.715395936789466,-1.18120869772743
486,95,0.321974911525626,-0.175345250782249,-1.49927890698067,0.859077576299575
487,95,-1.07804104765701,1.16112756625693,0.892799470826937,1.29410817655945
488,95,-0.723259099388246,-1.28032447407571,-0.762688253335032,0.593662256673063
489,95,-0.940076607033485,-0.642333084973996,0.325622275870356,0.579524753983403
490,95,-0.245560361909518,2.07938258723411,0.168249414718602,-1.85790068409341
491,95,-0.341477321820208,0.604058213830884,-0.156101294679951,-1.59485117273001
492,95,-0.652947488653299,-0.812113507379876,0.56189820275708,-0.111688192843568
493,95,-0.469392158150774,2.30014978763642,0.225867388492686,-0.427584495826224
494,95,-0.185034702059661,1.83792648399638,0.26739717719025,1.52685526287752
495,95,-0.0101318912441452,2.39704659829354,-0.408987019426921,0.469557401158416
496,95,-0.773545792926461,-0.980695361855021,1.67126010689175,1.05086859872121
497,95,0.201332913863007,-1.58384840152052,0.90218877789081,-1.08984291455663
498,95,-2.48334359992655,1.0811209602137,1.0984904369883,-1.4737044746434
499,95,1.63062448912351,0.368104006739018,-2.11609688191655,0.87997092612231
500,95,-1.13004266507664,1.27599359357264,2.35163207718422,-0.708531966109805
1,96,-1.06725879526517,0.759676792823285,1.20178005131855,1.55661553370451
2,96,-0.645141282265238,-1.06332633489954,-0.0518574295476091,1.7405902986213
3,96,0.0782007430344889,0.0597781606177348,-0.203840632732093,0.379442540905648
4,96,-0.419819732545016,0.413555699888947,0.53006533717966,-0.965776174543768
5,96,0.163325920156743,1.65533926620333,0.760715590749533,-1.027327555221
6,96,-0.0167690636468916,0.17264960004854,-1.38267430420422,-1.77901915586996
7,96,0.442888297426228,-0.613751799275809,0.884271928063508,0.00731908808293416
8,96,0.453589885085207,-0.409162964504903,-0.241425249827842,-0.381312139490489
9,96,0.812663420347645,-1.90261544135632,0.0414952714979169,1.33567264013566
10,96,-0.99269538347709,-0.267805010244367,0.414326426016413,1.21720542151966
11,96,0.621937725505605,-0.679292645834009,-0.705592382662718,-1.10510982982367
12,96,-0.680775819838475,-0.867181717358873,0.688328409541598,1.50427683264882
13,96,1.48150906117654,-1.50382982024223,-0.816014862003628,-1.65177127964078
14,96,-0.337050836473097,0.886297984116341,1.44864410610425,0.519814844662139
15,96,-0.890661529233658,0.171275960618242,1.32095624123359,-0.282194999984084
16,96,-0.109902941337784,-0.5262073147659,1.67507219104676,-0.146385731965985
17,96,-0.621763118957671,0.504863726734988,1.57644182861402,1.55900170906312
18,96,0.663829015652631,0.48134384377586,-2.01017278883997,1.24124893426238
19,96,-1.44070792994612,-0.650498788882518,0.260073065067277,0.408471162048002
20,96,-0.472352381415165,-0.338639839025598,-0.0249250653303064,-0.805507506963266
21,96,2.14300834924928,0.567603111527847,-0.00352231421914822,1.60502442733146
22,96,0.138513477784551,1.42592584054193,-2.50931497620497,-1.21291412574472
23,96,1.02421436274052,-0.951902795964546,0.613469717545254,1.02785988444998
24,96,-0.660411659537033,-0.964301340602519,0.163064709045342,0.727662997773065
25,96,1.5517941178357,1.94460269381729,-1.43684252588583,0.846483365310544
26,96,1.39863427735475,-2.17613881081148,0.282239995242401,1.6874353367831
27,96,1.80681565038533,0.377111703098471,-1.04881434519194,-0.80307392206445
28,96,-1.75645601453021,1.66442378698846,-0.71712259533976,-2.00885340838504
29,96,0.754800921848563,0.708376122549766,0.510181168992604,-2.69481882515488
30,96,0.613097816784917,0.642750612839004,-1.64789522598005,-0.815397648275372
31,96,-0.374790358052005,0.456290035160035,1.13789212801059,-1.39154793973808
32,96,0.0340758254744212,-0.0477754115183146,0.543210363591835,1.08537257662822
33,96,1.35164569253175,-0.142573575504898,0.282615653240486,-1.32054401261892
34,96,1.03471958974871,0.273743136932266,-0.314519993582455,-1.54452229534514
35,96,-1.3607552329869,0.443139999282217,-0.268072390129547,-1.02746436040943
36,96,0.361686428258592,0.241006832461116,-0.194403275259255,-0.451845452492312
37,96,0.603620031407546,-0.197441073292608,-0.873010926814529,0.411722206313609
38,96,0.884424002648667,0.729189004748899,-0.907222151452499,-2.54825976173241
39,96,0.950654348224644,-0.149283641658775,-0.146710859972352,-0.624846524595103
40,96,-0.469452659370438,-0.106048556550728,0.136688749161988,1.1837637846017
41,96,-0.632336203880486,-0.559508463209076,-1.04679541800411,-0.547674120823008
42,96,-2.13694082317922,0.0365853221173133,2.80884931871803,-0.0655692214721326
43,96,-0.135824909576519,-0.854462288051097,0.098907746776222,0.363293757993304
44,96,-1.66234557155289,1.14648718778046,0.722944220788748,-0.919340086514008
45,96,-1.44650982091402,1.55229034888718,1.37477710605991,0.34844916926441
46,96,0.964341510960433,-0.915035680121401,-0.518350022728081,0.244935292611155
47,96,-2.02914905551852,0.436036784186246,1.38351508026497,-0.279353387063113
48,96,1.66797761625169,0.803157493962844,0.578682715594816,-1.83781942737389
49,96,-0.7680336417227,0.430391670411489,-0.746020105841718,0.567198260643299
50,96,0.88408821673255,0.61268688410814,-1.26989292380119,-0.349643032392244
51,96,-0.07045500321773,-0.771915459660871,-1.0556675764739,-1.72260185616034
52,96,0.0205939278443822,0.622703094673817,1.06457112031248,0.930318668834865
53,96,0.383273666312432,-0.711218412324465,1.13463342888258,-0.657713107865056
54,96,-0.7682690815798,-0.520445753696046,-0.18288733125252,2.03516715148145
55,96,1.32678039608255,2.19427040963918,-0.150518411331728,-1.59374788011067
56,96,-1.2587896929034,-1.16858730034748,0.562261532961661,-2.6182887231337
57,96,-2.01235829546999,0.808961584172644,0.272040761137923,1.32723087536492
58,96,-0.294074559749476,1.34899367011065,0.227702340122104,-0.167262816278397
59,96,1.48481372354804,1.44111941678972,0.12961209242688,1.17935235470583
60,96,-0.994674893209371,-0.780140535976189,0.96457263140356,1.01793515695831
61,96,-0.971127123771684,0.470694285728218,-0.648743107910696,-0.274328359062655
62,96,0.617794699474913,1.44194581174804,-0.653758710712024,-2.03712994755443
63,96,0.0668427973308304,0.465740710358115,-0.716178968125665,1.40150499268981
64,96,-1.89271118182106,-1.99088964513077,0.359810134389655,0.504519585564481
65,96,0.600378137166265,-1.09154352458791,1.46752102716555,1.84835408465455
66,96,-0.310545393002112,0.889878790840604,-2.83342525162567,0.69599996713645
67,96,-0.00396855521379171,-0.0131658508173584,1.20314724503136,-0.424842005100274
68,96,0.577966463481123,-0.88832593694267,-1.02302493088548,-1.28820414229779
69,96,0.118972575824075,0.339918184099768,-0.276813391541652,-0.6011977855568
70,96,-0.153068147504538,-0.868431966042737,-0.996647061940321,0.735180660669429
71,96,0.146651794185357,-1.24310881428602,0.000990357260418734,0.862161519347496
72,96,0.788644500076629,1.52266221073946,0.675421217010948,-0.367676460052529
73,96,2.38148309534427,0.425337027766259,1.02153840671276,-0.917667507069524
74,96,-0.315146502759931,0.981966011017063,0.623756298288395,-0.712465446488791
75,96,-1.2131796100917,-0.259162993225374,-1.46196251339096,-0.691653567702598
76,96,-0.335686803997206,-0.126610321141681,-0.518533570710539,1.07084120226863
77,96,0.884813446207137,0.179537936275373,0.649342453853303,-0.372980030877541
78,96,0.316520936700108,0.621565295687828,-0.804625586157602,0.656275241222657
79,96,0.0301049339962338,-0.222596359020926,-1.79740853412706,1.05154124634393
80,96,1.37595488831148,0.763816023311547,0.535058295897556,-1.44094788590547
81,96,-0.0939917187327619,-1.02311253179588,-1.38032410883255,-0.0847377328639654
82,96,-1.32201446343741,-0.698152678892231,2.97682158141092,1.07668689415226
83,96,-0.461436203062203,-0.334236534079905,0.777903120506267,-0.791391827224161
84,96,0.576594133662174,0.858622329710501,1.181574455468,0.624422969333988
85,96,1.50853628989435,-1.55442578020749,0.398697987330237,0.474841730445587
86,96,0.0712741758524467,-1.2600237034275,-0.667723892587828,1.85773256269698
87,96,0.74105103339044,0.712947405940259,-0.847528401582127,-0.0149889874197156
88,96,-0.520168017956038,1.18739786331497,-0.496714613744596,1.11130127560388
89,96,-0.725605836807607,0.0309222441260169,0.153833311081384,-0.536402129073552
90,96,0.146644643539811,0.922687641771678,-0.59046967156365,-0.0213218616159736
91,96,-0.90982580638409,-0.0107339030801241,0.61288629533218,-0.0612163547131939
92,96,-0.0177667639436967,0.626605677288061,1.81494978473039,-1.54848209165939
93,96,0.552099282816234,0.58088884688631,-1.12977738637447,0.288567121670437
94,96,0.509900789693265,0.12378320584142,-0.568742200066187,-1.27148995720082
95,96,-0.683790543923541,-1.10058717073743,1.03534270549586,0.0451014314073698
96,96,0.957852636669828,1.07245290214147,-1.52062730725853,-0.379360986266141
97,96,-0.0544392925263428,1.74899319269799,0.26257348129531,1.08959842187204
98,96,0.117493765889382,-0.0814222795501991,0.772894085905469,0.0475994440168789
99,96,-1.92338611139141,-1.30286396543767,-0.0898875921303814,-0.0731597153368794
100,96,0.310232278394351,0.50049970724955,0.739593037445798,-1.00435072887116
101,96,-0.910307370427021,-1.38211888096799,-2.15929958982098,1.59338318780314
102,96,1.40629354364834,-0.438878412982978,-0.976654072781386,0.340382887606115
103,96,-0.840251893979266,-2.30734358040004,1.8731310798717,-0.441672695707437
104,96,-1.54766908632756,-0.89297275639704,0.192559338098674,0.988509563013424
105,96,-0.946125540093785,0.197721918962158,0.63106396480209,-0.899441723584499
106,96,-0.961426910706952,-2.70697757713173,0.592136927270053,-1.23502886395428
107,96,-1.99653401629117,-0.969993750607736,0.573211892004941,-1.08329337486431
108,96,-1.16727160092619,0.205406280004099,-0.512298510791697,0.155663588692442
109,96,-0.288305941121237,-2.34377664664015,2.18387409713288,0.639600349709814
110,96,0.611870814035745,1.61517841039803,0.151591641326918,0.180666446366108
111,96,-0.905892872459121,0.51511176774059,-0.212492290706228,-1.48323021828584
112,96,0.0596022749778385,-1.40189510095135,1.21024731261652,-0.95047070336158
113,96,-1.46033778880457,-1.74957352356557,-1.06649256428663,-1.78310948074655
114,96,-0.279314988988931,-1.60556413670562,0.977568416303002,-0.422974650513364
115,96,0.103974398989399,-0.377849982974175,-1.32457861472774,1.43593250143547
116,96,-0.211572333278513,0.93358259422367,-0.220216128690278,1.55611732386281
117,96,-2.44566776220303,0.243573467471997,-1.89332656879157,-0.898910105824657
118,96,0.208755243671918,1.18131255681262,0.201594908229603,-1.23593722522758
119,96,0.245368304893879,0.217828793690065,-1.23739022481809,1.31908071455406
120,96,-1.59071516959806,-1.28134936424176,0.722727238101837,-0.087259162746163
121,96,0.283447172034533,-1.14946036590139,-0.777997864106997,-1.65549176367073
122,96,-0.732857647769708,-1.14524858683721,0.533917303646867,-0.190110483682463
123,96,-0.284471627435628,-1.39880448669521,0.0249551293266466,1.53255795469325
124,96,-0.579407880412077,-0.155175378267372,-0.0477802683665731,1.43054831724216
125,96,-0.400240980634761,-0.200634363019145,1.11970309553518,1.80251461481764
126,96,-0.760372549149746,1.1127380331042,-0.6963350363453,-0.34719147911952
127,96,1.08948782518073,-0.0678942525323393,1.41085228868891,2.10615704257405
128,96,0.319307410559235,0.442063073391286,-0.103319331959386,0.163427871657235
129,96,-0.280131891034464,0.198596809709453,-0.412466072886425,-0.604659639201471
130,96,-0.629982625821947,-1.4711673598266,0.242991047595793,1.68143103292945
131,96,1.60979089979119,-0.253890017721477,-0.626815498831721,-0.347702212645013
132,96,0.279590616830771,-0.0693516971713147,-0.483214710974001,-0.289417603613134
133,96,-0.0278464159901876,-0.0743569230979525,0.460345401628642,0.852650011752786
134,96,-0.920365293527159,0.890912056886406,-0.341027992629794,0.33747436718416
135,96,1.784258189379,1.10971516735077,-0.191929081825044,-0.38748307348091
136,96,1.25340409738618,-0.0513215688358944,0.59623935948179,0.0242987177254467
137,96,0.0355539031013547,0.594782274513874,-0.0461805518873802,-0.658583188824624
138,96,1.45064572811399,-1.16176107860574,-0.404556455978237,-0.98554654025276
139,96,0.134496538029019,-0.200179032346982,-1.1138371833808,0.135745030259983
140,96,1.09861030925312,0.153688169329046,0.230646219800555,0.97032713504187
141,96,-0.959539427357705,-1.00443858980583,-0.577748126235902,1.02343522708452
142,96,-0.479518506025633,0.692434117525927,-0.949913907495256,0.119173856792585
143,96,0.240524771739646,1.06338361513957,0.929590242697551,0.0392677972889563
144,96,-1.26649205670735,0.224347420704453,0.135340152713136,-0.878541167802699
145,96,1.77451837612994,-2.24752151145922,1.50483046649117,0.971041625317684
146,96,-1.41080964377213,-1.10288467532075,-0.738141796882652,0.658401570048849
147,96,0.327394917945715,0.172974381965424,-0.485559439954045,-1.08178346477236
148,96,-0.23235756257962,1.51417341163886,-1.45788167424222,0.649758395279314
149,96,-1.09306350160129,-0.716396512705323,-0.830364551206111,0.130102740578411
150,96,-0.951317634819671,-0.329432662210231,1.50445022225693,1.35536199995738
151,96,-0.875430290041342,0.694105974487013,0.702392162802384,-0.632908299027331
152,96,-0.36561630092098,0.311021790149375,-1.20198636286181,-1.13478922655937
153,96,-1.215968122526,0.4638943214821,-0.935712238318181,-0.913128246051016
154,96,0.465762283227714,-2.34196193428616,-0.194217506333693,-1.60682898712275
155,96,1.88079093449806,0.0537993314572604,-0.546904919549871,-0.366927695007076
156,96,0.496177490345603,-0.203056649304808,-0.363345561809664,0.2010897384992
157,96,-0.124501592340553,-1.67772748421146,-0.471665635680649,-1.17048210175884
158,96,-1.49821951737325,-0.16521804681235,0.00741256971081171,-0.704380032706429
159,96,-1.00219485347525,0.999856494429577,0.26413368481193,0.404335987789072
160,96,-0.214129648283466,-0.27417036954238,1.29133542581112,-0.134796886646686
161,96,0.214637999561479,0.589176652216688,-0.81375451393491,1.27699584106051
162,96,-0.27863283081951,-0.654224353109194,-0.587268379545632,0.0379841515811677
163,96,-2.37660163259508,-0.107973237961369,-0.712577773343795,-0.490843718808342
164,96,-1.57736627366747,2.40144057654531,-2.27538653669556,-0.94284517405192
165,96,-1.07590049998665,-0.993224130432972,0.366373816814126,0.0591742663069314
166,96,-0.0929837518209449,-0.382685862015373,0.309809562631844,-0.0360322899691771
167,96,-1.42634845515157,-0.211620632955989,-0.0649256737039171,0.109206137209873
168,96,0.0783385348138955,0.445006027600692,-0.427496181965401,-1.02409887250278
169,96,-0.950074834953474,-0.153632549124391,1.21199129633533,0.093670497117909
170,96,-0.0683303849856757,0.92598869335095,1.33069553450773,1.15979053301286
171,96,0.434094020038965,-0.215283348816179,0.35983247967375,-0.861155468376295
172,96,0.856733063527701,0.315022506631297,0.00749482963253872,-0.6234763665166
173,96,-0.574154894107191,-0.670212078667489,0.770675377835139,0.273667628977764
174,96,-1.32594171166326,-1.65392425722284,1.1731861478606,1.40703212121412
175,96,-0.909588975954675,-1.52475865805705,-0.595271196078073,-1.89813039452702
176,96,-1.91768384519911,-0.0456208905301252,0.402279235732766,-1.05762692339305
177,96,1.25923221054765,0.402220891399131,2.28745917882775,-1.32957355343127
178,96,0.785884428536609,-0.617270575825204,1.54581629134114,-0.716514208724598
179,96,-1.15253409004261,0.36162470079739,0.748137964686566,-0.299398645052848
180,96,0.406593555439732,-0.0762033198910412,1.03376235383471,-0.464558563959308
181,96,-2.09380589202109,-0.0198246335198767,-0.0930022160068773,0.511471689831422
182,96,-1.47085387343164,-0.911358902309605,-1.45510922825911,0.155651734393053
183,96,-0.59308985168558,-0.534580765668259,-1.92008336358574,-0.0199427551129632
184,96,-0.981137625972716,0.377899783970798,-0.604317599558112,1.43069516569517
185,96,0.672659515772828,-2.97437717785604,-0.107247687080115,-0.841244537029139
186,96,0.631560115984503,-0.914563563339988,2.10931599659582,-0.707155563259495
187,96,0.451512723090546,-1.76945344066071,-0.104913904090343,-1.36659580256652
188,96,1.10631614599862,-0.703942177898092,0.24491985977333,-0.793289357157357
189,96,0.984482224608465,-0.731210484752882,-0.0522221215164607,-2.0793893313332
190,96,-0.602407845438757,-0.775145130603306,-0.734990533679184,0.473910153978828
191,96,0.679106665307309,0.585043101831097,0.102483409474811,1.62473167239102
192,96,-0.762884923410915,-0.926057612968435,-0.303589278835937,-0.112500492641123
193,96,-0.833130966132154,0.63983322988747,-0.638422412672384,-0.314125172525197
194,96,0.80147835334398,-0.0382008300822542,-1.00719095695225,1.91049852480108
195,96,0.0841464372911123,-1.32200102839746,1.68868482862652,-0.512855448862386
196,96,0.478097260309989,0.566516650674855,0.9949571334245,-1.63628989626393
197,96,-0.664515889748065,2.03365217891847,0.493306270214886,0.342618733424591
198,96,-1.58525650899242,0.534242214765963,0.955540749082726,0.265063912711009
199,96,0.239419266550099,0.0148422625181646,-1.18516905327838,-1.39627431887372
200,96,0.36167303089133,-1.7892018180859,0.0941892358001616,-2.57503479857647
201,96,1.495286504695,3.04123700565545,0.472037003068094,-0.874199651050731
202,96,1.54077442261448,0.733539925955108,-0.963907183315839,-0.0605358638241081
203,96,-0.827178388042434,-0.667737740048123,-0.100954903139853,-1.1117281535182
204,96,1.62080341679242,0.0261384954122845,-0.330714865543252,0.514812114641403
205,96,-0.167350677675427,-0.980748554927819,0.551697527453919,2.38613254950344
206,96,-0.600894331462642,-1.24945456094296,-0.105500731857798,0.326405880820752
207,96,1.3570152500821,-0.969535336943413,1.40612288858471,-0.011223893042964
208,96,0.408853900173736,-0.353054878292963,0.568404546042633,0.240036909244731
209,96,-0.430920297732751,-0.362094827070914,-1.26103301688968,-0.935986939251454
210,96,-0.595152227594965,-1.50871048941902,0.458270025274385,0.00917917716640548
211,96,2.79720684245636,0.58616990938145,-0.142586794432909,0.710242435668055
212,96,1.31190912999599,-2.30332849141956,-0.572084528968036,0.74032334656095
213,96,-1.03822376388922,0.527307136016409,0.549908943732151,2.01338377291967
214,96,-0.0147788868153041,0.165528316157864,0.711846526395985,0.913614438985265
215,96,-1.03506975098481,1.68667059166778,-1.4278056278202,0.978307887009587
216,96,0.412507125947566,-0.931256031299473,0.252952948423473,1.00256998257489
217,96,-1.2474449194063,1.12571904491539,0.293725679039212,0.837848275649333
218,96,-0.973986147967003,-0.0709791728245182,1.02182310327321,1.58036294123292
219,96,0.3614566522799,-0.128128770987148,-1.67052175858124,-2.26979635897105
220,96,0.926268216119012,0.485709384424197,0.379034290748001,1.6438982570943
221,96,-0.119478948217083,-1.49635828498591,-0.732138352623897,-0.0286653156332209
222,96,0.396164782447239,1.85515525108997,-0.179826421362647,-0.702155848452544
223,96,0.591776674052493,-0.276036211479503,0.594348231244053,0.731412148430325
224,96,0.573710685344659,-0.794287677447008,0.165970307852425,0.759475218509323
225,96,0.68649308045295,0.266931153804976,1.45643605759125,-1.18343648996855
226,96,0.449419219328293,-0.751757274252635,0.875234512565789,0.225754761481057
227,96,-0.339521226320854,-0.490447910248871,-2.77188323457098,-0.529599535381009
228,96,-0.842203323770273,2.35730320726575,-1.13131721226008,-2.7420755055077
229,96,-0.816408493493649,-1.35310645989098,-1.88985864793209,-0.0372565651702093
230,96,1.08145978604746,-0.129824651544073,0.577478434501895,2.46863172816013
231,96,-2.18639149815222,0.701471091220448,-0.914641200390562,-0.966846107318752
232,96,-0.581324478950658,0.233642821594475,1.00163617706171,-1.71464439049307
233,96,-0.0514866756019297,0.582648438895405,-0.0360291987999131,-1.13714356546313
234,96,1.38468858995815,-1.08664443009764,-0.0226490717485679,-0.122912326632135
235,96,-1.98292837614779,-1.26038602548559,0.519900721837127,-0.0704815603054073
236,96,-1.04719129540151,-1.10386196304103,0.801187590437204,0.854064240661747
237,96,0.604401224811539,-1.0669421778614,1.0700693497004,-1.24505428164433
238,96,-1.30288765585121,0.70186658345277,-0.482472631660236,-2.06552571589414
239,96,0.198140931907908,0.499229428931223,2.30052712055575,0.406526067737774
240,96,-0.654604922960652,-0.346249674672961,1.36098430634748,0.125746931851926
241,96,-0.423594492818128,0.504693148201077,-0.266824851662139,0.86141385543141
242,96,2.00359964819237,0.51963689778325,1.71828640318206,-0.340344102520231
243,96,-0.444184122867957,2.66287830882328,0.513448557239079,-0.0641780801415007
244,96,-0.504995050027059,-0.74229090662775,1.49355832810742,-0.471937441197178
245,96,-0.294754808702141,-1.20518472498569,-0.875639936940397,-0.604520318501136
246,96,0.867409612678531,-0.593001874596801,0.0146951264497818,2.00598906835335
247,96,0.907158406359471,0.392698663740569,0.608984868747325,1.00418245451647
248,96,-1.08999325410321,-1.05564021650509,-0.654729591555428,0.466806238888889
249,96,0.704168174454882,-0.489475054113857,0.394744668049903,2.40206810204096
250,96,-0.777817613124615,0.300128175850637,0.101127866697572,0.634339423997381
251,96,1.11999595490155,-0.314895363835748,-0.518057937755083,-1.26172966644617
252,96,2.61757158439156,0.753805525671276,1.22660426523469,-0.0914880439601878
253,96,-0.142863393821316,0.722491164379252,0.687427624645381,-1.1550516516193
254,96,-0.418406884375913,-1.05866188587026,0.625549414683626,-0.742259567303146
255,96,-1.08717435223,-0.163611642772783,-1.97431875371105,-0.0652993741473258
256,96,-0.0234015280394061,0.707283487366304,0.978297534432789,-0.68060505065044
257,96,0.0436455242436046,0.591275398329834,1.63441688017915,0.104816831423071
258,96,-0.215292007534317,0.564210722971557,0.787000943484059,-1.11643557355196
259,96,-0.579237089211735,1.18267714585263,-0.0853810464144312,-0.593136867965236
260,96,0.110213610703658,-0.682627547572499,1.35328212581235,1.5551793850896
261,96,-0.321150988332575,0.119984758565389,-0.965981969917552,-1.16232525892434
262,96,-0.90489525749416,0.0743803004397766,-0.122775007227839,-1.35828403096014
263,96,1.26689395698631,0.237388829553382,0.681844525763251,-0.918261124476867
264,96,-0.0366732464986521,0.603920279198559,-0.0054231001186567,-1.86787731025442
265,96,0.425627580515263,0.152168393097154,1.41140129141903,-0.393494481449011
266,96,-0.151494066146378,-1.28574307294292,-0.284624947036942,-0.292265626036132
267,96,1.19532566285044,-0.288394004369966,-0.157921217956708,0.807497887561948
268,96,-1.41079778636761,1.09682404429754,0.658617614945549,-1.1079799809259
269,96,1.08546834050626,0.0250866645334781,-0.49308512191103,-1.20118233524821
270,96,0.806886721149019,-1.864302853561,0.958900840810208,-1.34243987797719
271,96,-0.393442812805583,-1.09895689281073,-0.547401419274673,-1.13084870332474
272,96,-0.819497043911365,1.27265273106587,-0.107815198732013,0.0500577815665204
273,96,-0.385191737335965,0.934966913694469,0.13921244955154,-0.435429452174474
274,96,1.31998228063207,0.198220252056904,0.691547153443078,1.14551810856517
275,96,-1.28432280898603,2.10376289780445,-0.117923241003134,1.10176909472897
276,96,0.0735901502959,-0.390519831241332,0.776778569335726,0.377361301573764
277,96,0.0754200640802771,-1.25436510193157,-1.54232832586881,0.230503216018781
278,96,-0.157683828129653,2.24586233322757,2.46994129969643,-0.00652648351206854
279,96,-0.756305017600811,-1.20735308055893,-1.34950595092864,-0.813021444601042
280,96,0.342902515330985,0.247914985990581,0.141774249145257,0.960282952777245
281,96,1.23489841139633,-1.3021678436989,-0.403343452830961,-1.01939412918184
282,96,0.941843366337549,1.30914057530743,-2.80933055954128,-0.542729540235153
283,96,-0.197293023409712,1.10501374920111,-0.567351892468224,0.347558147033385
284,96,-1.01936626451489,-0.914216258995232,0.37757894299862,0.550031280164083
285,96,0.64588753991784,-0.512842405884044,0.360365064547934,0.805704909238882
286,96,0.207018033919437,-0.297211185982168,0.022982239067876,-0.00237016748296819
287,96,0.399353390920066,0.324139437065648,-0.781372723621847,-1.7632472026781
288,96,-1.42352184887256,-0.0797499497657673,-1.32659464891109,-0.566989906001119
289,96,-1.5657539249602,-0.675621688324013,-0.0978740060443953,0.675816628421616
290,96,-0.498235217758234,1.60245780144586,-0.522669952790133,0.68271276318812
291,96,1.57840726740937,-0.706795245762606,-1.09532367637425,0.204971389894553
292,96,-0.589999730945779,-0.0842344959897174,1.30182666186482,-1.53650746213975
293,96,1.03081883792148,-0.872421304771262,1.31854311482011,-0.768400362329741
294,96,-0.292361459203006,0.411363432884157,0.934244282800556,2.33856478738354
295,96,-0.210820169926304,-0.347470393454712,-0.465253237152954,-0.269389588990713
296,96,-0.904789925678476,-0.131092611398632,-0.384340905542037,-0.91852758921372
297,96,-0.993207056119191,0.302366185394293,-2.21799627122191,0.373935017470553
298,96,-1.23105506828129,-0.38295599284377,2.24637992345785,0.344474173467952
299,96,1.70265875821709,0.00649230402186409,1.80499731501988,-0.511595777207312
300,96,-0.224830518662734,-0.44081108326984,1.18277655763984,-0.362108674738321
301,96,0.614086921159513,0.838383367997818,-0.228030843517203,0.900278717731443
302,96,-0.350856869699349,0.800571870193947,-0.688580786564194,0.452651455357908
303,96,0.812501837256854,-1.5453932910128,0.13424714589386,-0.754394868069964
304,96,0.0860761641844244,2.43720083653017,-0.979634895462999,0.978361209634606
305,96,-0.551933000063418,0.115365121803162,0.928708633175252,-0.762288095987363
306,96,1.35555619001308,0.0129421277751419,0.0487322703687904,-0.286037169986376
307,96,-0.54829655654125,-0.021312943796935,1.38437573865402,0.563693700155497
308,96,1.98239584636645,1.07543539257166,-0.837363050834809,-0.592799913216913
309,96,-0.939438092285089,-0.16906689455918,-0.336296645809247,-0.162524946373656
310,96,0.725152979255118,-0.0719262751895797,-1.06495410031404,-2.10624603265094
311,96,0.060631362998033,-0.529051955058235,0.346050042366111,1.4041676253457
312,96,0.72053617281311,0.717076327896884,-2.79729229529384,-0.661286274864066
313,96,1.23000243240628,-0.796704752802065,-2.17293006695822,0.640289520520592
314,96,-0.240563826929413,-0.340917022586346,0.152490186198096,-1.06772603912176
315,96,0.0252095538679022,-0.268920231825437,-1.9853656019264,0.191248142284656
316,96,-0.0544843664685742,0.27323228612781,1.26030768974358,-1.08603682331576
317,96,1.17978395013,1.29946209698026,-0.670233466584517,-0.80607302065581
318,96,0.395945217138938,0.731399507463619,1.16949389259122,-0.650623137469138
319,96,0.695897358514489,-0.530454087216031,0.808930796129633,1.40591113790393
320,96,0.450832029644335,0.31779901504509,-0.27225030173511,1.16546905582187
321,96,-1.20694372169552,-0.117684032171758,-0.428535056023396,1.1155113814037
322,96,-0.816723243477016,-0.691372084189876,0.149155013310854,-2.24669816597525
323,96,-0.771776966121072,-0.66712778335383,-0.691412344856772,-0.440839654082234
324,96,1.00576782389358,-1.88615996702673,0.301654957016565,-0.745318497696752
325,96,0.708064875973441,0.105197429850553,-0.92811231054303,-0.837077461470251
326,96,0.664753594375767,1.45003792933047,-0.826964385308557,0.36554856170569
327,96,-0.205377400650972,0.60123312602376,-0.111836904618271,0.401081454414815
328,96,0.208508402464825,0.0187903229293251,0.46462174030568,-1.29474801708453
329,96,-1.59010817715486,2.00596847226027,0.566195085792726,0.818898535106887
330,96,-0.323365445000161,-0.309983284576451,1.4406964887231,1.71852192505496
331,96,1.04217272568856,-0.495031228337119,-0.699398586650602,-0.830350160120496
332,96,-0.0085191836230033,-0.772014160695519,1.19744805412572,0.263608294791251
333,96,0.793815293048171,0.170393992494147,0.274980842974693,0.691932164852047
334,96,1.19509288743543,-0.340872796935284,-0.063669513390042,1.03453450182788
335,96,0.00677457469234147,-0.352269689189082,0.0886918916785515,-0.043195979701695
336,96,-0.136818530456466,-1.57869831618639,-0.136779750471022,-0.121239564550899
337,96,0.109338225906286,1.1191990842196,1.08438046811625,0.79257413030803
338,96,-0.554593366342514,-0.341841773897952,-1.53378167444003,0.0645576391459223
339,96,0.871750842029107,0.496685637833609,1.33434225464664,0.470400995261194
340,96,1.2843671416171,-1.25831334359365,-0.144217198102723,0.462102521702853
341,96,-1.13529655247997,-0.691011454046204,-1.83189317516896,1.14802572605367
342,96,-0.327418059336318,0.506266511451864,-0.0550546083320765,0.771184274623621
343,96,-1.51686830887038,1.46072029776761,0.125893558678172,0.280418620687996
344,96,0.0525854794794543,-0.283784813524611,-0.126962625325069,0.603577608220831
345,96,1.60319441598649,-0.103829388852417,0.469801425624092,-0.0231289176665549
346,96,1.40155523843106,0.832557666092779,0.637775890355951,-0.415544763600807
347,96,0.662896604839211,1.19120027522186,-1.0219318363491,-2.3437221648953
348,96,1.92540911453063,0.0253612903847755,-1.00188639698358,0.42531009801916
349,96,-0.936141467528932,2.07350367351716,0.00552733568703487,0.49310398686147
350,96,-0.344081294794385,0.132469215779441,1.05462249367512,0.481822850242264
351,96,-0.202130932970395,1.00390579449154,0.979859585096339,2.06119289801602
352,96,-0.998799842351405,-0.727271390738276,0.0491391271723931,-0.501595286476299
353,96,0.675264274214214,-0.252541425188922,1.13118350499196,-1.03504582869756
354,96,-0.733997772454103,0.349137300774056,-0.335319871130377,2.28989389726718
355,96,0.34793852960644,0.366327286675046,0.754552839720134,-1.09798058748975
356,96,-0.280621005297665,2.21760251221513,0.946477997202548,-0.815577863291599
357,96,0.969717853151644,0.655096700240657,-0.699344939549417,0.476869666314994
358,96,0.445011062122922,0.884449985534782,-2.07166457384978,-1.04800507349226
359,96,0.408951959925722,1.49566832288144,-0.801678425640371,0.945012604742383
360,96,-0.491733126316382,1.02521265229956,0.167641814160841,0.849572200806826
361,96,-0.257572209512768,-1.71744356938571,0.103290589154064,0.558030038881758
362,96,0.816046788869235,-1.31895129577756,-1.21353586389629,0.479620000420675
363,96,-0.590728032497387,-0.451588511595189,0.109305148748041,0.16611716714327
364,96,-0.917150507182418,-0.412520842245398,0.947495522260368,-0.0955259289116171
365,96,-0.397582328528227,1.19845030494295,-2.55714845527606,-0.396756934855968
366,96,0.625237973347927,0.673632204445199,-1.00221330255224,-0.709135532261219
367,96,-1.19998049687276,-1.21599752887723,0.262552078282322,0.318395982619417
368,96,0.891651514428394,2.32870919223247,0.958521468992699,0.509550528087169
369,96,-1.36770872826799,1.19896894540993,2.10711080191434,-0.128666581739787
370,96,-0.493122990711842,-1.66735834819718,-1.47244492046428,0.702425251547779
371,96,-0.590753279836316,0.978147719047138,-0.341576293004191,0.861936644070987
372,96,-1.06148716227771,-1.43035930793481,-2.54402624688773,0.282617817045326
373,96,1.20061240850641,0.0941587032090561,-0.710126896229782,-0.663546631742513
374,96,-1.81044076843867,1.98549315963773,-0.385907717173548,-0.152652343278839
375,96,0.791305178426947,-0.97622896020705,0.0131154878205769,0.85398908464677
376,96,1.07580625206657,0.99164596978224,-1.70257203562266,0.254716130473658
377,96,-0.703751507748474,-0.157106240586581,-2.0813948450186,1.57561612122796
378,96,-1.71721701235266,0.276603710734839,1.12352973388965,-0.337622629404058
379,96,-1.23137235181583,0.74574717025596,-1.11904240790729,-0.529477687438755
380,96,-0.722779908053384,1.02854103388954,-0.599719305005655,-1.21616231694589
381,96,1.19405831788288,0.41992436543885,0.917616806435631,0.285578863164997
382,96,0.79579539151166,-0.244973505778149,0.460171566825317,-0.0623849347166228
383,96,-0.170526001572145,-0.196963067471881,0.228050396733851,-0.300611953870324
384,96,0.446166064008038,0.384861504263104,0.066515949702522,-1.50342205303101
385,96,1.21666045347802,0.0883410016983981,-0.96996779211175,-0.131168000661048
386,96,-0.00563423144736811,1.02299754663674,-2.09291920669374,-1.27389640704163
387,96,1.51314279044466,-1.22333076819909,-1.40772207159943,0.369595069288341
388,96,0.451459300338913,-1.00292946769649,0.198446122553414,-0.136573562174186
389,96,1.78771671208868,0.810155845566496,0.0239531920859297,-0.192429225288355
390,96,-0.821967090213852,1.07618563605767,-0.77902626843024,1.3613814230773
391,96,0.884679186327141,0.544649137842097,-0.355600510730093,0.13750302262807
392,96,0.536124940815427,-0.521976079212705,0.713793701592727,2.60944763016377
393,96,-0.218926402450505,-1.59883145631119,-0.836623524091374,-0.146819311204687
394,96,0.627684727924877,-0.271740507778691,0.794999298494206,-0.968348724926841
395,96,0.958125955364605,-0.049230527738066,0.0280214025006252,-1.08732769516495
396,96,1.95652569604823,1.54478167086899,-0.193504096152748,0.821206097894195
397,96,-0.285514754401639,-0.515948945803699,1.06614791991528,-0.702406866509295
398,96,1.42179864471355,0.295860617320287,0.750352588713293,-1.48210321877557
399,96,-0.433810896477084,0.528103933275424,0.262415949540081,2.02534896461765
400,96,1.62063396774217,0.569115437314529,-1.31903674489769,-0.689775904535825
401,96,2.30227612509731,0.694620916329489,0.226862244508528,-0.200199914553767
402,96,-1.77353956964239,-1.07969058912691,-0.0997576028282877,0.831965693798696
403,96,0.865333284178475,-0.142129995113644,-0.666503609137309,1.16817783287855
404,96,0.316397625250343,1.29339693179744,-1.55790922510376,-0.69094126548204
405,96,0.672724831806374,1.34536419144823,-0.203377311730339,0.387763796939322
406,96,0.295416946033819,0.612756663618538,1.31262076916045,0.698143585963277
407,96,0.214250782065137,-0.0877542881225177,-0.343368484285151,-0.0641875321016301
408,96,-1.05917585180663,-0.239753594334338,0.373173026013261,-0.631152683590951
409,96,-0.555663646742678,1.04732184445477,-1.20804285554675,-2.2207044043391
410,96,0.375724871644751,-2.47069568683943,1.77341650518052,-0.33307561881631
411,96,-0.871998904012216,1.36021947681379,0.507679751134056,-0.833891786947125
412,96,-0.895391600108845,-1.25569246837709,-3.03679519473116,0.821350324805276
413,96,1.28787478836181,0.0677275036670371,1.08876171426801,0.0135850118511958
414,96,-0.430528922489612,0.520394384498164,-0.356467399480595,0.444901208520698
415,96,-0.528739634660965,0.482243578210914,-0.44728956398074,1.68638643344596
416,96,-0.337899197134235,-1.31778836989045,0.0351899577968038,-0.636943156860144
417,96,-0.73936564472872,-0.988303306345372,1.65403016466389,0.878983607093121
418,96,-0.539113181457937,-0.490729155613982,-0.288489151915661,-0.950713735892566
419,96,-0.848721774673153,-1.27540428217141,-2.80981121309595,-0.218438590101793
420,96,-0.305050025853322,0.25558018278655,-0.485090815082715,-0.533336910408989
421,96,-0.523131183052578,-0.667193683136937,1.31840941152652,-0.569844990498175
422,96,0.231293711723746,1.64862325072184,1.12814645641163,1.47703039008706
423,96,-0.675752412107676,-0.819120200694213,-1.91872504724917,1.33046002495718
424,96,-0.574000516989245,0.963084087811243,1.41530308255237,2.1189532785083
425,96,-0.343000957392066,2.29676039156721,-0.463187616282216,-1.69085335629678
426,96,-0.0891973724102735,0.387727530104296,1.03960267845767,-0.734354778524519
427,96,1.1412744645614,-0.240958004879599,-0.774341910390108,-2.00660190845628
428,96,1.07552445098716,-0.283449809424195,0.194570694256483,-1.40506900649925
429,96,-1.0417435725536,-1.01972835257972,0.71460962260594,0.59427936958424
430,96,1.354922165817,-1.17053139900631,0.891493788870082,0.750670683208975
431,96,1.27177193842723,-0.538767746819867,-1.46799763687988,1.21050079275097
432,96,-1.27443096123635,-0.970053868078357,0.343237875147507,-1.75021687886538
433,96,1.32168776433995,0.816070082300985,0.852107984160436,1.25260285614259
434,96,-1.2344438961759,0.945775455213165,-0.396911887308419,-0.73761147145224
435,96,0.483361507225131,-0.163431629486308,-2.88912284050194,-1.23067834541615
436,96,2.15529270127607,-0.176920836995202,-0.719113376421469,1.54621774947585
437,96,0.254722903250988,0.971114568547856,0.212815146216876,-0.161352953603353
438,96,-0.615575079448773,0.56639453004871,-0.277121439665024,0.613006014536819
439,96,-1.23821080854726,1.0169484709479,-1.47162297609079,-1.14348117038745
440,96,0.90579974244494,-1.4122224163081,-0.186407393379921,-0.184456259455256
441,96,-0.135291534683591,0.752434132849634,-1.7388882506954,0.700368662515363
442,96,-0.0137114011612348,-0.599841924596429,-0.779853291366777,2.47482134074034
443,96,-0.735853056944734,0.956511944237597,-0.172111903522973,1.397003113579
444,96,-0.624315969785407,1.19202646565098,0.12025172035254,-0.307288463261346
445,96,-0.546163365957621,0.587511972962097,-0.193301417915338,-2.06576848862753
446,96,-0.152987863350087,1.21506690713781,-0.840460988141119,-0.944502384524862
447,96,0.00251354782527194,0.834384975429952,-1.52932599300571,1.73138570424918
448,96,-0.170077146109832,0.309179449370804,0.886875079933458,2.08095630569226
449,96,0.402746843433661,-0.249805522968618,-0.522167906714191,-0.255016678258504
450,96,-1.53570251412925,-1.34263958469507,0.242235788806191,0.312978825745693
451,96,-1.18913816143745,0.267810874404932,-0.13156506227206,0.185979457324356
452,96,0.30261027615433,-1.50277039019036,-1.97737528134352,-1.05619805889168
453,96,0.894800263386716,-0.430720385423651,-0.824425003549799,-0.855612536566422
454,96,1.74551618687839,-0.237642187671425,-2.38025569598239,1.28360827023506
455,96,-0.759100309194485,1.70386832401308,0.567925921204226,-0.851185263860894
456,96,0.772455103991506,0.756433662187812,-0.228960457436824,0.00523986123634415
457,96,0.661400483393433,0.138135101212849,-0.140218793117933,-0.539199344381293
458,96,-0.268729175836716,-0.78660473879688,0.946294576932558,-0.629831636052352
459,96,0.493248374498071,-0.542350300481161,1.85240232949392,-0.876823239919083
460,96,-0.894962269363122,-0.16656020235227,0.165169282602172,1.5643852286716
461,96,-0.968687567623307,-0.712231784082525,-0.776313711955982,1.54762625665459
462,96,1.02805813939779,-0.80005748103872,-0.0519283628799958,-1.26566840933792
463,96,0.832506787303221,0.338753061745614,0.614946199502654,-1.28336563192654
464,96,0.903620005807307,-0.153682054471755,0.947485233461242,-1.62811488931444
465,96,-0.282710687993454,-0.297765151612013,0.367062511383954,0.988827831564323
466,96,-0.270024470397855,0.404841573299768,-1.3494581868417,1.71899182740804
467,96,-1.42200187483247,-0.701570280105831,1.30362345593926,-0.0614415929660349
468,96,1.05495539337158,0.42525779383117,-0.290861380359272,1.66317693213687
469,96,-0.330711937505477,-0.745349862398299,1.38655445260143,0.426076501475064
470,96,0.488156089430787,-1.21846254295437,-0.910206229551041,0.13690184666145
471,96,0.959548735164082,2.89457213689309,-0.452271734444465,-1.1264346128777
472,96,2.09023668464711,1.41145741398819,-1.11765660061976,2.25523963096232
473,96,0.187819830101282,-0.766323108478621,0.247310973321742,0.142555166456247
474,96,0.761441912477391,0.627293552100362,0.283026004159732,1.09409850853181
475,96,0.283358689688706,-0.409177259838776,-1.12188674025697,-1.00757583401153
476,96,0.283065125307003,-0.435020408454417,1.17581655135751,1.70452148489077
477,96,-0.431591638217671,-1.65414550697333,1.14427681318711,-0.00453110831166072
478,96,-0.491884190360336,0.553045125773124,-0.554048578416138,-0.236781785259103
479,96,0.866270234606017,2.50751753810632,-0.400033236270698,-0.408658528495762
480,96,-0.393299705223848,1.1270346265225,1.75127078093363,1.08754026325061
481,96,2.29368310507211,-1.48119383128099,-0.90338159310158,-0.229815463327677
482,96,0.0438629825823341,1.3396053974078,-0.108992488148387,-0.429997575868185
483,96,-0.659613994503456,0.415941820515421,0.0558739584429952,-1.36137176599929
484,96,-0.320796044274267,-0.80056621580005,0.990309596573948,-1.60047385643836
485,96,-0.735409621147712,-0.620573049255157,-0.318946672802646,-1.79110566472825
486,96,-0.883471977982292,1.14114297162414,0.816344653549776,1.83430057655456
487,96,0.257425811187071,-0.306069330483284,-0.972400869643174,-0.804315331042224
488,96,1.40958410698987,-0.84253525415736,0.140644818595563,0.420345664293035
489,96,0.825889334955666,0.47696825368214,-0.0658699742589822,0.838104599413701
490,96,-0.652361051946658,-0.529442643403938,0.628718812742685,0.715753290771394
491,96,1.14054384315971,1.56958048933731,2.49886264137248,-1.17688792938176
492,96,0.0807332473935704,-0.560380107441241,1.32415020760976,0.0972855164027143
493,96,0.617040020047829,-1.02589403259253,-0.466416093020868,0.923761999654976
494,96,-0.64282591227354,3.53559091456025,-1.32903410807872,0.199892735225407
495,96,3.4028052063151,-0.49161686297582,-0.198230846694363,-0.578743793231471
496,96,0.605805219861341,0.542649249528538,-1.61261953954943,0.639904682059462
497,96,-1.4033857111847,0.765444088662614,-0.540572364425153,0.182772436269278
498,96,-0.394817753045868,0.746383103734591,-1.86934416846966,-0.931113969900427
499,96,0.662571911026111,-0.344862632847995,2.34351651836658,2.0693503401689
500,96,-0.0223884443919873,-0.832134143189616,1.46913559109157,1.56671905539026
1,97,0.439949799897121,-0.493853747251892,0.0922305569248417,0.137051692626794
2,97,0.0174792552451501,-1.629122685237,-0.497219690245551,-0.70894636309209
3,97,-1.39466420458588,1.25899992498633,0.667982086067092,0.537414054090471
4,97,-0.214441432916559,-0.004182765187367,-0.618834054672831,-0.128728614439182
5,97,0.752286100220574,1.54413575824258,0.69128293601906,-0.610103368867774
6,97,-1.40330137969345,-0.104507464387694,-0.657348472624102,-1.09704916496967
7,97,0.249952706738764,-0.0826616947843625,-0.0811860813939124,0.212809541117614
8,97,0.247624690730743,1.04710914641824,1.17096386233084,0.0879991891725965
9,97,-1.59901905362375,0.19156690054357,-1.14760220325419,-1.40257027237281
10,97,-0.00923549135479936,-0.774383767513743,-1.10472768528707,-0.662216734838539
11,97,0.969294002321247,1.56847107572256,0.528791778797642,2.64654453163481
12,97,-2.33393674102726,-1.10688108987274,-0.451699552696254,-0.543226404936018
13,97,-0.65000109878155,3.46752094593071,-0.434081099604672,-1.52242510911662
14,97,-0.729413971853922,0.964779411094898,-1.42154441673321,-0.421964275399127
15,97,-0.288546599892738,-0.201698790931207,-0.752775011983272,0.569438277468303
16,97,-0.865487634386414,0.05640613928709,2.27689809518612,0.945431531550741
17,97,1.4441844879184,-0.0868568279192412,-1.04877512706742,1.22477737267901
18,97,-0.25809420317952,-0.897321392257957,0.221315146705122,-0.0596801820641342
19,97,0.234073009493285,-0.526518960016297,-0.895723113646332,0.359619359326552
20,97,-0.683517956826553,-0.0874413847411162,-1.13744825048964,-1.29095692630811
21,97,1.39583249191261,-0.798049126700463,-0.874719661432913,-1.58337774498131
22,97,-0.587451710702929,-1.25166691201821,1.89161312487434,0.377365642111813
23,97,1.66895046604033,0.426260989841046,-0.850428058245469,-1.01088184030283
24,97,-0.00309059261644795,0.532697050092535,0.972222213176625,1.27039886623774
25,97,-0.240801440767556,-1.48147207852901,1.22268749871052,0.195336122019393
26,97,1.13829516024132,-1.73274430106862,-1.74526075308057,0.147337980910823
27,97,-0.443606080644063,0.393722486811549,-0.634015346490734,0.884281242114471
28,97,2.17039066077174,0.274659008074841,0.114767833607262,-1.20440576262054
29,97,0.926073568044877,-1.90586698622346,-0.0827124953147963,1.82115919728781
30,97,-1.14015426386748,-0.783543531337716,-1.17168933830666,0.812630549765753
31,97,0.328858632263429,1.58568657528882,-0.479427273419377,-1.04508688180376
32,97,0.67126440124902,-0.108562167604003,0.991214860605456,-1.1492664055022
33,97,-0.550317643086292,-0.627612787392445,-0.716914406156573,-0.132587738424949
34,97,0.420859440978729,-1.15641318886064,0.0679007098585367,0.314215644836866
35,97,0.920928895290165,-0.0373343555282715,0.595939992392426,0.198535496065932
36,97,0.946080694853061,-1.6524864770964,0.329673900113065,0.905061158221649
37,97,-0.216040907883059,0.159779578376767,1.68805784467285,0.661911796469864
38,97,0.203031631809153,-0.549819664231817,-0.684882199392421,-0.922100385011873
39,97,-0.870685195157558,-0.389327357971184,0.00132819578673313,-2.6778266524624
40,97,0.916356351176918,-0.00416233376147576,-0.977268836244099,-0.730037153579446
41,97,-0.483617876690174,1.46025237018782,-0.658852401664612,0.374709749114719
42,97,-0.544461650240221,0.43349443674927,-1.97178051240876,-2.51991833244404
43,97,-1.27724190403324,-0.297555951756967,-0.236789591666048,0.212649200399128
44,97,-0.686929491740595,0.182721478992262,-0.449393552437729,0.678389428409377
45,97,0.158615637307823,0.315025159648181,-0.342359319361533,-1.09409058499924
46,97,-0.0428592819233692,-1.30755582730608,-1.22731619712527,1.03724061050656
47,97,-0.128487562747415,1.12730422286509,0.216230186978029,0.452177821932073
48,97,-0.587384477122933,1.20628049094321,0.803251855098814,-1.06902250977241
49,97,0.423573209788925,1.3455239931401,0.138061432028339,1.30107007517714
50,97,0.0652368492615737,-0.843760715738603,0.0349899934324177,-0.797702265154896
51,97,0.132177038208751,-1.50838021858361,-1.970869600996,0.02057003393095
52,97,-0.351534487998104,0.0208385131014115,-1.23035247331432,-0.643365692475493
53,97,-0.518825030496204,0.958783348744463,-0.305444221684907,0.751808807165367
54,97,1.08136166026862,1.73242179982139,-1.05269030939819,0.583638369229962
55,97,0.549535119790433,0.543014021372487,0.362523807071121,1.89937536420513
56,97,-0.672552712283441,-1.19704206286881,-0.0482511760025953,-0.280432080985857
57,97,-0.140025402260406,-0.256538356762063,-0.753727188045315,0.962593784629844
58,97,0.843142680853496,-1.3598444253177,-0.51279501889446,-1.28972978340163
59,97,-1.84292757701459,0.675304699365246,-0.757808616758134,0.0328564336262283
60,97,-0.648527937432259,0.464742148146303,1.97317495216565,-0.93916222909107
61,97,-0.439081568014755,-0.878178045421782,-0.295334430815564,-1.44751552782692
62,97,0.666444286143476,-0.222984676607329,-0.142790879086634,0.0144275353745578
63,97,0.759282089309114,1.56044720603209,-0.512458415993855,-1.14750000090908
64,97,0.808212701530959,1.0976289505448,0.963912297305976,0.694150000323572
65,97,1.07484132370178,0.000388008767498692,0.292194189937023,0.687850397887739
66,97,-0.297169913410259,-0.633251589143044,0.750687026725929,0.154085038008921
67,97,0.959663907555437,0.767154404916535,0.247641024764215,0.625167945558072
68,97,-0.120662876884443,-0.403759997457173,1.07263750564918,-0.13353307214547
69,97,-1.67285803493358,-1.02547871619073,-1.22998031238256,-0.00851081023463393
70,97,-0.590680187994875,-1.03176791046301,0.895441430988552,0.274524113043017
71,97,-0.791517919859199,-0.346209553473011,0.319203311864276,-0.944576921385701
72,97,-0.319080733323261,1.08613873541403,-1.32781037032363,0.691026969691223
73,97,-1.46549060104202,-0.309862576071208,-1.15007156523869,-0.110867263534856
74,97,-0.600892190492394,-1.12506255645415,-0.0293676122438702,-0.134607841368393
75,97,0.168913468894158,0.304672647278135,-0.532146552033338,-0.261774599275095
76,97,2.0623271813865,1.14357307483976,0.00380522431055227,0.153266538510197
77,97,1.56663270494021,0.275502361851234,0.459721776384481,0.250107260698476
78,97,-0.681780715444978,0.955252202051508,-0.00964099469832003,-1.07503256532719
79,97,-1.04008948438703,-0.759562932918577,1.07880034550738,1.00419857586345
80,97,0.49327212456568,-0.75463586240852,-2.31398715011095,0.491629766012242
81,97,-3.05061409672027,1.37875278941114,0.0689596289324861,1.97803884263717
82,97,1.88857583312185,0.185241454040285,-0.627415763214102,0.67299671405461
83,97,0.736660810413251,-0.314244284763513,0.603159785424756,-1.04611305835102
84,97,1.6854910517641,0.184545346214209,1.70849728676804,1.40301468063005
85,97,0.903098406090196,0.190596600291192,-0.891202381059597,-1.142397176359
86,97,1.49195418772682,-1.42677795079471,2.06649308370931,2.2544535545602
87,97,0.550858917739289,1.14478165533299,0.804240080061755,-0.455573653770299
88,97,0.406628159643755,0.1113134963716,0.224839044694569,0.108868230426288
89,97,0.133025261289298,-1.15507818574087,0.265322409268075,1.37283021379988
90,97,-0.238822086526269,-0.276596000599556,-1.55750549363223,1.46566423174366
91,97,-1.51726076640448,-1.57096914057569,-0.967123998688045,2.99053007447802
92,97,-1.66454272785738,-0.76701196141569,0.824092957465833,-1.83453079691914
93,97,-0.335174875247044,1.12237914573055,0.0778511530457359,-0.941516586322946
94,97,0.0795679254432937,-0.21382188467308,0.613813487341738,0.0651433540484381
95,97,-0.12536839652236,-0.62562599448977,-0.475580857768134,-0.375362374430691
96,97,-0.479139523717537,0.27219884393194,1.87001779955088,1.21802720121438
97,97,-0.801529251240269,-0.776455844982733,0.0918450937467346,0.549382219997658
98,97,1.54088198962243,0.790199583399948,0.938161961876837,0.83141411050895
99,97,-0.00735567238228865,-1.00554880240225,0.829563474597297,-2.79790841826336
100,97,0.666904677185618,-0.504686468962358,0.363423289426621,0.810150583089951
101,97,1.2250348818952,2.13080790273882,-0.319262466872374,0.478653886277914
102,97,-0.306971040777907,0.950280974445213,-1.23595388650628,1.77385579749335
103,97,1.13066469722186,0.0240955812569496,-1.62530045784159,0.392053164025057
104,97,-0.993942990039155,-1.28783133970986,0.230454094810778,0.438023830316182
105,97,-1.17401285365869,0.657730646819397,-0.667769648672249,1.49095478396546
106,97,1.83380669376372,1.49781914157565,-0.189223389846332,-0.653972193438561
107,97,1.63588665900615,-0.847731528887871,0.16916176389693,-0.535138158628099
108,97,-1.77713779996782,-0.693717114138523,0.203205408015843,-0.758202337540164
109,97,-1.61707530648242,-0.225108580048784,-0.739969751039067,0.0922691645402842
110,97,0.428547571108917,-0.440874586787372,-1.13954119262332,2.15711662115345
111,97,-1.05265411384018,-0.906424681251398,-1.36764342442552,-0.579890378621584
112,97,-1.44124163596071,1.03723044325055,0.575309685854692,-0.967671682534323
113,97,1.2676348109628,-1.175290468127,-0.152045657127416,0.580533721409323
114,97,-0.0428514961084828,-1.14619742269051,-0.855248695105031,-0.77223990243145
115,97,-0.205865350821358,0.203647523016873,-0.853800951305302,-0.383763704646557
116,97,-0.6810827438456,1.35924523489825,-1.109569255884,0.0455585224434071
117,97,0.863308824075899,0.162703790850806,0.550508651320993,-1.71398700261467
118,97,-0.333935616526662,-1.39779159051714,0.415611372813861,-1.90888964894652
119,97,-0.0990973989061385,0.263407763731873,0.592390095407446,-0.603718119844407
120,97,0.516590343570628,-0.965368985205657,-0.615111234944833,-1.73880143250233
121,97,0.574439078030479,1.3456635849746,-0.0179458909084273,0.940048087768889
122,97,0.0236328742894948,1.06252326925504,-0.00839908793962522,-0.000640895998710684
123,97,0.657569858380055,2.96923110325897,-0.0035653146367028,-0.232847689536445
124,97,0.85275901282945,0.811804037295478,0.686468593674732,-0.679611529766583
125,97,-1.41577818681798,0.982593172776966,-0.465588958849415,-1.39977371745101
126,97,0.207622555800966,-0.916843275843498,1.27157766689655,0.421959683024149
127,97,0.847879131174519,0.717587615274414,0.856687304751479,-0.264549631647249
128,97,0.283187926447537,-0.414458763618944,-0.31986042169349,0.257995887719889
129,97,-0.113308193675933,0.145922437187574,1.18126497948135,0.526982570970288
130,97,-0.541426294923882,-0.935663015715171,-0.844067386634169,0.0601553296377801
131,97,0.454498873618502,-1.50532493219304,0.964954299003832,0.267915260588599
132,97,-1.23089604155921,0.552572169883212,0.462132549414409,-1.19632873015892
133,97,0.284192038032996,-0.621444613207826,-0.927009862251236,-0.194125313674079
134,97,-0.781150693427623,-1.09598021244031,1.2557841266383,0.766036408379978
135,97,-0.604208064593073,-0.52691726694118,-0.621904552362497,-0.590492356887795
136,97,0.301595648672815,0.239501145352248,1.20929644941194,-0.110152507663047
137,97,-0.806934931978295,-0.0330460855819581,-0.311033169453751,-1.89913690843638
138,97,-1.12338324375768,-1.22364175923595,-0.358936825602386,-0.967948761941657
139,97,1.12861659835937,-0.288157642493005,-0.00704467275656229,-0.999181739480872
140,97,-0.904232195859875,-0.757740999334057,2.16500913816459,2.53104722652476
141,97,0.0453275280324962,0.964367576488685,-2.26522463974797,-0.613293616177044
142,97,-1.2056069402204,0.093157243213983,-0.0026965537011829,1.29966302024317
143,97,0.691191294487628,-1.58244202903916,0.058796904327363,0.360219506014536
144,97,0.105990774464273,0.0789594223980535,0.357794075613668,-1.65262487757347
145,97,-2.24601128448797,-1.93200770673351,1.22720545042392,0.854884903544325
146,97,-0.30748539933003,0.0394076876092963,0.891704407663144,-0.187730643591497
147,97,-0.140205836276595,0.190654876244275,-2.30739850916526,-1.10294786067544
148,97,0.582886427988849,0.409968601305407,-1.39220007299404,0.813999503253754
149,97,0.561754514788562,1.19453823842757,-0.0750715057861986,1.06453449489443
150,97,1.04222354404517,0.254840563447731,0.416145957118037,0.57805255142361
151,97,-0.990367947354741,-2.09566131573068,-0.234748474278766,1.11814261662299
152,97,-0.350842552796011,0.134641714555129,-0.79902284269577,-0.708133596983328
153,97,0.140524683601341,1.17387997956314,1.52263823038068,0.462990890473982
154,97,1.90668722699166,-0.0633417757759548,-0.926886589386561,-0.495366929640287
155,97,-0.12566667215575,-0.136426950146679,-0.50025654988145,-1.08634343109271
156,97,1.30453857906823,-1.18633820187524,0.246472652554975,-0.173002010767923
157,97,-0.135451622516506,-0.102758784128002,-1.02449823393542,-0.296786608207015
158,97,1.37934253606019,-1.56688307830992,0.721337085348064,0.78330931974303
159,97,-0.970381605795239,0.0793460285748152,0.205289538370757,-1.15214197046298
160,97,0.0591229156581268,-1.43970263184806,0.758661723300846,-0.223596287590107
161,97,0.908618405125797,-0.311977704552159,-0.690336128435388,-0.966999516325112
162,97,-0.614533734565776,-0.893352142698337,0.286311969890408,0.891685495633021
163,97,-0.0316834293220652,-1.58458628612647,0.583696281784374,-0.524319663143719
164,97,0.334190799173875,0.101012182172941,-0.655934476499451,-0.142446843182755
165,97,-0.162793767177289,-0.218606943926717,0.656376255935365,-0.398782647938171
166,97,0.0521282698178692,-1.3748101689217,-1.62725685557476,1.13803040547877
167,97,0.605309512320643,-1.75334344592427,1.64383885018953,-0.637394119044423
168,97,0.272696861466169,0.741585483862392,0.204809508274358,1.10394259927544
169,97,0.749359724323227,-0.715239326381538,-0.620478360050986,-1.34175947866316
170,97,1.06348429528195,-0.181651849646011,0.0200775216477648,-0.15817597337202
171,97,-0.710020160642928,-0.0929124918539484,-0.335473933635766,0.107064395877909
172,97,2.18261014666932,1.49365893460881,0.328119258849741,0.963026571350385
173,97,-2.54553079795553,-0.903142639092804,0.820145630690139,-0.197749542844174
174,97,-1.56067020902675,-0.71194916476272,1.44577532423663,0.703689266265617
175,97,-0.361855812504634,-2.00694669420866,0.378871367767639,-0.295237399935823
176,97,-1.51295315759289,-0.719700439564438,0.559000610517455,1.4089820575588
177,97,-0.743201222879102,-1.41462536059629,0.309913850841192,-0.391084066317906
178,97,-0.281062588750386,0.573654029635598,-0.268675702726197,0.39711725188258
179,97,2.02295168209998,2.45890246512985,1.98300586723929,-1.42937413330387
180,97,0.54920736883378,-0.234489046617,1.01239757435598,1.62082395724597
181,97,-0.87690417442296,0.986571947559044,0.592474402549459,0.0807566776009582
182,97,-1.07160127961088,-0.459212251057422,-0.187172438718903,-0.412023772768038
183,97,0.313360734955185,-0.755172491898269,0.20217051685854,-0.528342870931945
184,97,-0.134971617473646,-0.758335463425493,-1.47442078279035,0.316406427348247
185,97,0.350984459993649,0.0967840768332263,0.0353555496004253,0.140919071846107
186,97,0.711003322727851,2.12263972078379,-0.205772958170815,1.02418598966389
187,97,0.491768035609113,0.297679260424559,0.537152488876912,-0.945862868080072
188,97,1.34555784685404,0.520706581115656,-0.185917433716101,0.903326457312928
189,97,1.29669030710134,0.538793822255471,1.81786712363786,0.593540679053652
190,97,1.24604543256088,0.730998498833302,0.0752099070390803,0.901095071783004
191,97,0.700674595881486,1.40447357159453,0.489838007004482,-0.232431573850367
192,97,-1.56294215032393,0.219084737263378,-0.72450896073865,-0.729267189202714
193,97,0.771110700928212,-0.199098264632989,-0.106963048528218,-0.333003295090657
194,97,-1.2500835843071,-0.33972639060553,0.247190744156358,-0.0479512460599249
195,97,-0.526551428546681,0.716902779541829,-0.80828999842315,-0.704186148272787
196,97,-0.955699686190612,0.955425098319082,-0.965254008515115,-0.308448278248746
197,97,-0.754665263807428,0.110823049013096,1.68849320087707,-2.08842657193366
198,97,0.0837662468526294,-0.769928157236302,1.04833813367174,-0.395292689325685
199,97,-0.157248059378092,0.947034709393614,-0.51694704226262,-0.207046123977254
200,97,-0.763022142421323,0.751526668540649,0.17280420017718,-1.71551644713039
201,97,0.302045047724204,0.371545737930754,-0.402975367439363,-0.39025149470979
202,97,-1.30567017959419,0.870930891602917,-0.618148328979316,-0.400692304523651
203,97,-0.129532199418046,-1.20225107596542,0.172754192556115,0.538356867034199
204,97,-0.231885739685192,0.726819340936313,-2.17071350935467,-0.954527250374991
205,97,-1.03163475774716,-0.258172263330385,-1.68678888863535,-0.115611742888197
206,97,0.49918556503179,1.41381715690123,-0.823129392985593,1.71556254880744
207,97,0.532799327330556,-0.441632485531298,-1.32229691424213,-0.99178679409242
208,97,-1.61846261315816,-1.48571689833398,-0.612044555578533,0.955616488578504
209,97,1.44309508357275,-1.40901722353824,-0.556656287918961,0.561444632178378
210,97,2.19377609013474,1.88490439939003,-0.71842471032212,-2.57179332435494
211,97,0.262725069881659,-0.911189440082843,0.294253718673374,-0.437194740661038
212,97,0.962961979865942,1.52731216022558,2.54668141490433,-0.957429296950844
213,97,1.13596391452958,1.07566945044677,0.0515165322335495,0.729916828076775
214,97,1.60210567641716,1.20506773733683,0.00322640708980224,1.62663105627174
215,97,0.550331208439119,0.835916890180759,-0.238694563906014,0.924048855954635
216,97,-1.14312892409042,0.737447108053431,-0.150733963416994,0.820602085626691
217,97,1.0637112476301,0.549229555343091,-0.343572051445265,-1.35056812490525
218,97,1.09575576157975,0.0357772802989041,-1.23151124679251,-0.197592066588545
219,97,-1.22507551091756,-0.921606952094663,0.471561728572481,-0.97181288030921
220,97,-0.0230604579752555,-0.930816999736121,-1.21955819485443,1.37889658978779
221,97,0.47262187519182,-0.8675598563621,0.413565988147663,-1.03416281546537
222,97,-1.10733410086956,-1.54329875616075,-0.383969316948332,-0.177365930646271
223,97,1.41274427900869,1.88862041025164,-0.860933642211878,-1.57579412562491
224,97,1.25514621534621,1.25719389327757,-1.62542681973427,1.55213717319113
225,97,-0.738527683974234,0.908281299959177,0.896240325165707,0.405856316053561
226,97,-0.325341311978266,-0.253155060568815,0.282749928047796,0.35408305481826
227,97,-0.747186695316351,-0.780204235689794,-0.665149119372811,0.405933228479671
228,97,0.365474895476167,-1.54612369302878,0.217156162628962,0.111632715117974
229,97,-0.332803432880244,-1.7280433284566,-0.0399118063042834,2.22887543018313
230,97,-2.75508238395511,-0.329146678992851,2.13258528595575,-0.473597151195709
231,97,-0.104790748737694,0.273289310156628,2.13159058605184,0.171369066992618
232,97,0.40260260773977,-0.792129946075574,0.768985517619752,-1.30667427057979
233,97,1.2920992258518,-1.45779706707266,0.546636656182834,-1.85721585332379
234,97,1.63788084965409,2.43944806481741,0.676383714545155,-0.510875992020891
235,97,0.649244592296502,0.546405362615523,0.726768927037995,-0.430620278384243
236,97,-1.62661555553038,-0.78344107472351,0.526158071710226,1.26906579725087
237,97,-0.961159115762722,3.12030012622092,-0.979420741231087,-1.05058621689651
238,97,-0.0825705965361049,-0.61083655634305,0.201835513758403,-0.883898100425519
239,97,-0.460494439627451,0.876736170977976,0.010940389782911,0.376178822666108
240,97,0.110088550040575,-0.74519284779541,-1.20527185375847,-0.889750129670343
241,97,-1.02363074711184,0.827544981687066,0.772980170983287,1.18926590510034
242,97,-0.928171860681842,-0.769498153610906,-0.623860544288757,0.761117594035133
243,97,1.50685219868655,-0.173675231787374,-0.0686895415260994,0.897652886353605
244,97,0.420461172989853,0.834074540809948,-0.21036723957289,-0.217570483342924
245,97,1.31089904648259,0.109839364523127,1.44878032620258,0.964683150901703
246,97,-0.467543947139459,0.920829117604706,-0.00820106393812003,-1.08332405686574
247,97,-0.0142113961997507,-0.748876800046324,-0.919801366251187,0.465440836677014
248,97,-0.548732837916712,-0.323152937741597,-1.32213055239024,-2.21858523860617
249,97,-1.43631645043656,1.81635300264033,-0.268516692997349,-0.115099288857238
250,97,1.38555553323871,0.588758820803951,-0.000564529234371382,1.10339186723131
251,97,0.397443445385983,-1.46274581329092,0.738758382652442,-0.753747212111979
252,97,0.338950509971696,1.1301866124512,0.610690387957509,0.00223415417538049
253,97,1.68600876358389,1.99706426416156,-0.436627904878255,2.27244163870759
254,97,1.09781367664094,0.259793666477861,-1.21906064639553,1.39952876678597
255,97,-1.02731503892858,1.67387145185556,-0.357850463550692,-0.810356878060805
256,97,-2.15534606943618,-1.45207795598877,-1.24752763993392,-0.0365253571894815
257,97,0.0995740995533413,-1.78401186114068,0.428156650544497,0.285769503542923
258,97,-0.556824371729307,-1.26285283758315,-0.201239648946964,-0.273615626014306
259,97,0.736588133364661,0.159458429189168,-0.531095176323647,0.155893802129196
260,97,1.19053290523419,-0.117579497178529,1.54027660693701,0.730788728623653
261,97,0.340014948213825,0.919960205828122,-1.88852885565234,1.62330546057728
262,97,3.04047359460358,1.89183041495948,0.116554986770677,-0.74273990795235
263,97,0.56608889779148,-1.78079346807121,0.26924933889968,-0.991022823161396
264,97,-1.13184917735755,1.09477542328136,-0.816134509205708,-1.44696123367528
265,97,-0.583878903871045,-2.32003756641615,1.09915145178851,0.897682765253481
266,97,-1.1167608641701,0.718792129898118,0.254707165947883,0.00920416982604336
267,97,0.0315642975179216,0.863591796044296,-1.94715799712179,-0.292120202420966
268,97,1.41385991340221,0.332570434492407,-0.884279318753421,-0.193579821577718
269,97,-1.11326455827021,0.920958947781765,1.02367222641231,1.22106679144327
270,97,-0.652714221717761,2.0841242314476,-1.23205941628336,-0.530265026662501
271,97,-0.449765568299435,-0.361118899884753,0.54046628312869,-1.03650530736002
272,97,-1.32179698657324,-0.373520280849263,0.995702343932946,0.00766723578643556
273,97,0.721012862040266,-0.928689190760691,-0.159746403207648,0.253345972999136
274,97,0.402496569408475,1.06078907344451,1.62391151254894,0.991615830465983
275,97,1.52472727278564,-0.0923165245894831,-1.46771205490365,0.82985577144103
276,97,-1.09946265230299,0.995971661281059,0.303869265986215,-0.382223266393162
277,97,-0.163372641382681,-0.358911130848128,-0.369895002569331,-0.953394062238984
278,97,0.85020701513466,-0.233399309892253,-1.07580782001058,-1.58320320232008
279,97,-0.91014739367495,0.843038333161632,0.981934238649118,-0.0309597555771615
280,97,-0.772119713238465,0.644054567604197,0.613619779281416,0.778898467861744
281,97,0.968510009755575,1.65800997909775,0.0452577898324469,-0.340986822959766
282,97,-0.208124730430505,-0.402415332441503,0.51625239799216,1.19782398790426
283,97,-1.03971449586396,-0.550218812616027,-0.87320712824789,-0.309035052185914
284,97,0.438695972668206,-0.155602004948779,-0.0730588765089588,0.531773817024828
285,97,1.91352537990808,-0.799568262384738,0.69662591012931,-1.95884412073044
286,97,-0.162493778683436,-0.0122498539910023,0.374614196500219,1.29936821805213
287,97,-0.330370187929357,-0.968656401941402,-0.645657183251293,-0.457775555278722
288,97,0.119437827623808,-2.39247991730888,-0.981268438357279,-0.243350962157489
289,97,1.7443623054389,1.5191324607527,-1.32493792350646,0.926095753870269
290,97,0.999755796410563,1.15502641055353,-0.576140535162126,2.27571728312189
291,97,0.0198066975577517,-1.06419160813152,-0.202055214935901,-0.0371716530907379
292,97,-0.944512577961377,-1.07392616237435,-0.288750845581385,1.63542793778234
293,97,-0.695189756661821,0.204913985582928,-0.105712187571171,-0.15855371343724
294,97,0.782885872833986,0.240318995158717,-0.980073810416904,1.58011190655387
295,97,1.1180486016627,-0.954149967888265,-1.95327464438647,-0.0479700617181393
296,97,1.12360688290243,-0.149290782043196,1.53269678761527,1.13258935283563
297,97,0.941253568312363,1.38699680284249,0.62854900985574,-0.302007367546893
298,97,0.113882918329218,-1.21556083128049,-0.217651788833163,-0.00364822196539544
299,97,-0.517238130092674,-0.027818218235963,0.857764931890248,-0.35155208171519
300,97,-0.745201287150801,0.0790978030626972,1.00129796579546,-0.307320806375467
301,97,0.546744039540426,0.299771951375821,-0.956915246372399,0.106866375021072
302,97,1.21502095352209,-1.44415914868279,-2.93851622454299,1.14717173822349
303,97,2.0172246752457,-0.954902112249885,0.669402383056056,-0.610749725398769
304,97,-1.91537081910605,0.0247724995005955,-0.5898642279006,-1.8894391649498
305,97,0.310198215783546,0.167209393054598,0.869446794939239,1.20479363785186
306,97,-0.189838337692175,0.975870669359167,-0.111054167174823,1.08447436938855
307,97,-1.0823010585443,-0.322932279864329,0.563616067464243,-1.60414374468524
308,97,0.0203983466798901,-2.05919085163253,1.38261406884217,0.56128136415145
309,97,-1.1691258472355,-1.7968728735614,-0.475467463233146,0.158914382539353
310,97,0.539320903534386,0.0673741344278701,0.560974781707835,0.377938300996475
311,97,0.442783313074099,0.0101494169706719,-1.28713160592227,-0.760908474641816
312,97,0.235361976188467,-0.799025248045735,0.312447735706535,-2.24396666056291
313,97,-0.231548840947931,0.829485798137253,0.080518710076518,0.253496265482417
314,97,-1.64242723781464,-0.146602406683063,0.553286707066944,0.231771973308032
315,97,0.258476497215646,-0.606957875762698,-1.31380483729167,-0.616366140309511
316,97,-0.302688481286673,-0.00751147403987957,1.41837452808417,-0.557645590771551
317,97,1.3766117564816,1.1749495880511,-0.0455244342799976,-0.144943148134432
318,97,0.0102727201965923,0.0162995751867557,0.416265899162919,0.17316406262962
319,97,0.912942508911062,-0.668385517776819,-0.414660623671015,1.03560640560403
320,97,-0.00950648588455476,-0.636256099671003,0.712383403889555,-0.0263735249869132
321,97,-1.51793640163465,1.04544388549641,0.945068278069276,0.452660596235707
322,97,0.856753161492638,0.449927170766377,0.0812032840235198,0.307179367722804
323,97,0.942779574823892,-2.02030860107328,-0.967436234301786,-0.747555394425531
324,97,0.620951751531043,1.49754712660652,-0.536174234758581,-0.117059889860407
325,97,0.321516356872747,0.0873736841654031,-0.776020074196315,1.45024195689928
326,97,-1.88637792179962,0.0569711168071681,-0.241894584212272,0.0597217120527228
327,97,0.321708892279597,-0.731152394818946,-0.676984316834987,-0.116319110892313
328,97,0.382101193850063,-0.224752752117181,-0.211687277430465,-0.054732987158545
329,97,-0.218703098238894,0.196896984023813,-1.18132734687179,-0.433575124787789
330,97,0.649053875145463,-2.05861911841117,-0.0463917373560763,0.860516507520439
331,97,-0.754824501710647,-1.32296697445805,0.675130051727037,-0.201216635415033
332,97,-1.0587463897063,-0.326313522733307,1.01129769694144,1.22112416584856
333,97,1.2089614848757,-0.134697638948835,0.0589261179567134,0.0173898507938824
334,97,0.245752958871415,-0.0619192456237082,-0.188433846733674,0.294187377044988
335,97,0.401148731094842,-0.0361109880988151,2.05504254020424,-2.01802655810383
336,97,0.0173028751259614,1.26902293538156,-0.452728719098488,0.32285133241982
337,97,-1.00905163423967,-0.988343814575731,-0.392410829723977,0.420003976539494
338,97,2.54812928763062,0.525104089670899,-0.486578692116523,-0.740841268383651
339,97,2.31765142264314,1.48656332290186,1.88036553356252,-0.125617831721769
340,97,0.274617355480083,-0.0829434251448601,-0.0677963314502973,0.654133516648482
341,97,0.349312108060705,0.065273731748185,-0.164705333394547,-0.567570217952336
342,97,-1.50064308212275,0.132777286520749,-1.34622188557536,1.6574148503882
343,97,0.368088099176204,1.0455434485116,-0.640333095173614,0.092523941965542
344,97,-2.82210049670528,-0.551919557004538,-2.16656170496509,-2.36402110384647
345,97,-0.652890453712373,0.683106086944515,-2.43961348349668,0.868841077566956
346,97,-0.138759821445169,-2.82169600446502,-0.14967828887169,1.265483785973
347,97,-0.33383443757569,0.684116905755301,1.1059433393494,-1.22641655277716
348,97,-2.66467748834789,0.0837746074947136,0.583277087190659,0.307760427082973
349,97,1.03356950507331,-0.0466850058812705,-0.261673058931539,0.288346511641741
350,97,0.198378274121993,1.55899129836735,2.37906074545811,0.406506816639293
351,97,0.746915908737981,0.122337079068673,0.196048853725802,-0.253399608788074
352,97,0.622431534389578,0.824600894383209,-0.339291729092903,-0.253798926168515
353,97,1.92864507639075,2.05776603362352,0.784364468835769,-0.0522088088828007
354,97,-1.09054472907014,1.3948611250607,1.09553197335904,0.196694114848667
355,97,0.324584663665784,0.65812060585307,0.837906779823409,1.06521871036098
356,97,-0.344599884753322,-0.193204125817666,2.38485600448424,0.234286103870153
357,97,-0.289128293411473,-1.23655677761651,-1.17599218397416,-0.0730314311478799
358,97,1.68741532424113,-0.32172792308401,-0.688109959887968,-0.351317246554745
359,97,0.0293633277731837,0.335554291272043,0.431014262056148,-0.934878339834336
360,97,2.03846121926228,1.00120500546646,-1.59607124868447,-2.06736240658216
361,97,0.516568694592207,-1.40499077159768,0.944363700098054,-0.17193201839292
362,97,-1.08208387621264,0.241028117153805,-0.668185782521919,0.410569723360004
363,97,-0.735935343209344,-2.06290103906363,-0.337719328010694,-0.819955922759735
364,97,0.910912664022321,-0.649391128866999,-0.455742548193977,-0.00978742060639024
365,97,0.147083250681923,-0.293658260959065,-0.923155916968329,0.151138335641852
366,97,-0.0966063780063752,-0.982760140054893,-0.792477662394313,-2.46137238448545
367,97,0.12381959173014,-0.213413682623324,0.332693871834366,-0.25523187035481
368,97,1.27969365631319,-1.29595681611158,-0.151589902952411,0.289517085054635
369,97,-0.451144908275971,-1.09968333308814,0.0138679577571471,0.875955121881564
370,97,0.070576334677327,0.216312835969175,0.26426209156146,-0.196097749138432
371,97,-0.0792385020355418,-0.356822349417869,0.762070153078207,-0.82920753687117
372,97,0.377734733567049,0.505001762038306,-1.36547665534441,-0.0485556951185568
373,97,1.00613133628493,0.809283734051677,1.09751083718995,-0.824369310266383
374,97,0.250439081248222,-1.63450441720838,-1.15894973867527,-0.638398804589424
375,97,-1.39859855260213,-0.14309981932111,-0.861287793128581,-1.43340648165657
376,97,-0.350220033037181,0.466210960211152,-0.392983631284137,-0.174491957561769
377,97,1.57977101792157,-0.651917605733834,0.189781656937149,-1.25060105639652
378,97,0.916554631342819,-1.77526293765039,-0.212217603986818,-0.26076831877361
379,97,-1.83054979279938,-1.23883679401818,1.69350556787777,0.176519283439243
380,97,0.575601053437155,-0.10760148240603,1.69662528028895,-0.757915792163378
381,97,1.04908160937993,-3.26461589149455,-1.32823659671257,0.0124549638940702
382,97,-0.550009517247199,0.166024141213308,-0.776385463161128,-0.224062500666439
383,97,-1.85110686408305,-1.19197626945305,-1.30461714821884,-2.69762241500119
384,97,-1.61854408051624,-0.866601033342618,0.562119078545216,-1.97832773089871
385,97,1.37747171133426,0.365710551731355,1.46416008348243,-1.42505997080505
386,97,0.346895292464313,0.804346895504997,2.47875981068173,-0.837157929480312
387,97,0.392358866731897,-1.137417222316,-0.0353567231274921,1.20706204653572
388,97,-0.274626856970792,0.942971869737763,-1.24180938841016,-0.872108959005099
389,97,1.55885606993243,0.266907046949439,0.242285407588428,-0.749707679580252
390,97,0.729692034288683,1.34532192089831,-0.0563532098008368,-1.33292557869667
391,97,-0.399843826061879,-0.122866957395904,-1.38260576294745,0.197023440528856
392,97,-0.109116667801386,-0.572495163404605,1.63995925810422,0.338038659071921
393,97,0.370290388916612,0.745917185216345,0.28324112299276,0.58739338439675
394,97,0.899984906682841,-0.31186229286994,-1.78187388709683,-1.12778919310123
395,97,0.336018143325866,0.0628428504915131,0.0620394685504519,-1.00639497243297
396,97,0.560527794355796,0.221073585574906,-1.82123532954299,0.47531868997723
397,97,0.311037888401742,-1.98096995057047,-0.6678483740948,0.354442286018043
398,97,-0.231694146594749,-0.242393879992061,2.32549298428577,0.160827753310781
399,97,-0.68513339185296,0.786649071468859,0.393207288837264,0.322236862635312
400,97,1.44848430246299,-0.610336918681407,0.578055060165505,-1.13406842434197
401,97,-0.707482504897694,-0.958097762714911,1.03676598575533,0.403269738327661
402,97,-0.933031311086358,0.0277519840000034,0.0115538932933655,-0.335083602953371
403,97,-0.973657748502505,-0.993109323089652,0.240834668039851,-0.179414602930378
404,97,-0.0966794561343828,0.363578755759522,-0.0178218972014119,-0.791031432820692
405,97,0.355146099326866,0.822022101404671,0.415298176478669,-0.667702169818385
406,97,-2.88990039020614,0.824818212237616,0.869273905495771,-0.211066508978803
407,97,-0.97750749819735,0.433748183766323,-0.658792924271837,-0.175892573620818
408,97,1.19433392190425,0.318727953320981,-0.672209141660184,1.14270291828435
409,97,-2.62789531158305,0.232185274360972,-0.760661455445745,-0.416703283883109
410,97,-0.154084024556397,0.55700814557744,-0.298627529542239,1.12605896068642
411,97,-0.395651178721307,-0.742731614504444,-0.069281341936232,-0.628193807515701
412,97,0.550369505429294,1.42143068465172,-0.734293135290012,0.299344229544474
413,97,-0.954562406089002,-0.151109629354203,1.00739187370409,1.85876669964947
414,97,-0.0072726363003863,0.517777139375689,-1.84459933954943,0.48800268689092
415,97,-0.0268491959550482,-0.935519607422394,-2.30727205555701,1.22637474773151
416,97,1.2368658013234,-0.944999054739863,0.650794407139368,-0.279314639866634
417,97,-0.959751790364916,0.767629382928904,0.224930060463232,-0.775383768281914
418,97,-0.792381057272839,0.452866571916792,0.399531144714265,0.264079432855726
419,97,0.291729793654623,-0.646681811944436,0.653351977221059,-0.982501109330438
420,97,-1.99462098185092,-0.180461111127537,0.109685191222405,0.185857063974318
421,97,-1.55407915777378,0.926567275297565,-0.114385128319311,0.82211242472251
422,97,-0.916542753969483,-0.33707008989856,-0.00493380474806618,0.949004868437382
423,97,-0.726303891619571,1.13768897268922,0.309282149290814,-0.442899185805738
424,97,0.564808736470614,0.396720022594974,-1.38351659479682,-0.507840282958058
425,97,0.411749725039305,0.431453035980799,-0.451338253895267,1.16510666899921
426,97,0.0840890003229311,-0.688954847366985,1.16831350194066,0.838635600455963
427,97,1.9399952536066,1.319874040341,-0.076618844049374,2.17163147382873
428,97,-0.322458746559065,-0.686267873548733,-0.146788699133501,1.1535323876327
429,97,-0.566443163163821,-0.875636536501106,1.44355613348175,1.67690346919985
430,97,-0.725140976648162,0.357113174543005,1.5577957862781,0.271010474956609
431,97,1.82474498733818,0.197537383755554,-0.148200552464045,-1.76838295643564
432,97,-0.460068732399575,-0.702097310801017,-0.0816564998274988,0.605118698928886
433,97,-0.0908534284983521,-2.89831922691686,2.1993813650151,0.00684225104574545
434,97,-0.441583410216765,-1.22363289741632,0.419245697962936,1.88855114804291
435,97,1.57752885472882,1.59903403982376,-1.33456940968631,0.453535779759529
436,97,-0.658640850832811,1.82335715536444,-1.03180640219479,-0.67813354144742
437,97,0.389075364874216,-1.65016564573032,-1.24381834189879,0.253653914870411
438,97,-0.0986797924937757,0.993432907978612,0.859893337309543,-1.27155182030012
439,97,1.12332401373426,-0.601656580755677,0.805461330424545,-0.0852569095041001
440,97,-1.14144750516987,-1.19219245924336,1.949449932107,0.881869307631988
441,97,0.46725204385798,-2.01340338889257,1.26829198360015,0.59115517806592
442,97,0.335247901846806,-1.38853753050016,0.572657495006116,-0.402461271483176
443,97,-2.22545061374665,0.184849027931838,-0.467418159326242,0.0208151179411607
444,97,0.709027932869512,1.51990954023706,0.0991076211037378,-0.0210066715174114
445,97,-0.502919664610367,0.370060185819689,-1.14104683758431,-1.79354504202921
446,97,0.910169429350041,-0.0875438197209662,-0.263220330333186,-0.252897758837658
447,97,-1.84592212818643,-0.410550562282506,1.02566616404033,0.840602401433449
448,97,0.754526287282748,0.680601428797488,1.00779811110334,-0.265385538347756
449,97,-0.539181829616115,0.474156999276462,-0.774444940827826,-0.375485538885984
450,97,2.01997501357007,-0.843379632169862,0.274872658002043,-0.302242154367141
451,97,-0.0511926003707711,0.210850144505432,1.48943929395168,0.412595832513543
452,97,0.650193611159954,0.168939888623655,-1.55511037453876,-1.39386699731127
453,97,-1.52957348856165,0.345404057488459,-0.788147129714537,0.66437124215941
454,97,-0.436704610934766,0.104753736281777,0.128951966546259,-0.357397364494561
455,97,0.100984948014728,0.670848285364331,0.722863836213107,-0.0573877609330596
456,97,0.117855349557277,-1.7469886823092,-0.168148046789709,0.500418855943775
457,97,-0.995805471613766,0.0104018486776212,-0.298034914153664,-0.282509897751792
458,97,-1.70980373051764,-0.011075242779927,-0.170510079914529,-0.165591376691322
459,97,0.685620569721264,-2.06411905389862,-0.910088124489173,-1.34584767650463
460,97,-1.37992803721655,-0.373562919015394,1.11042469261953,0.0493688811347508
461,97,-0.103983200556211,1.12438777065958,-0.0515084816616559,0.671951957826911
462,97,-0.524826961872567,-1.57086226273537,1.47469357810201,-0.463539999362274
463,97,-0.144861313685397,0.588090922802364,-0.627342368033379,1.28766307741562
464,97,0.403955695816698,-0.0590316326906785,0.211724860231778,0.383860595734859
465,97,-1.8799382661092,-0.493875303909685,-0.788902946085514,0.199568761993444
466,97,0.8340103832947,-0.0601532708980705,0.824246716728833,-1.27286639745335
467,97,0.411314692081181,-0.101237844070643,1.94539432415749,-0.600165512620293
468,97,-0.317554528454516,-1.81713541875241,-0.203420505920359,-0.971379696381389
469,97,-0.145164291960496,-0.732393883784563,1.63485945423138,-0.503363237814873
470,97,-1.0398776879544,0.55699668562127,-0.304930521113794,0.15283078632547
471,97,2.52815915465323,0.830725401795681,-0.17967269685314,0.425284826924925
472,97,-0.125167205428778,-0.279211274828501,0.0560125152122999,-1.89229540580053
473,97,0.061765936691222,1.09927815296842,-0.830835712459017,0.112204480501617
474,97,-0.666518555011208,-0.0540241375699556,-2.38105050570766,-1.08023471967179
475,97,1.59439513325379,0.0762719196329703,-0.155165978058719,-2.45845010311758
476,97,-2.05402297557441,0.346940999336384,-0.831754946005046,0.327580325201104
477,97,-0.643385355383394,-0.0859018487893535,-0.540838190579237,-0.923522193495097
478,97,-0.328468048442774,1.71280263622483,0.86085041443004,-0.545771720514702
479,97,0.158724324902213,-1.46849480562184,-0.386950086080396,1.76907210014541
480,97,-0.200879007734432,-0.484330146672036,-1.34231950548256,1.57992607541508
481,97,-0.403488119520974,-0.476324985859285,0.620426723260331,-0.111303741561953
482,97,1.38787669401459,-1.19520218340205,-0.979334509018357,-0.228248749343687
483,97,-0.866349324107908,0.741685973387542,0.700712723950757,-1.12009080995352
484,97,0.943482808042179,0.904738701426601,1.69365425643508,-0.44053725718058
485,97,-0.93003106760922,0.0480171876370001,0.723207831759445,-1.57832785429811
486,97,-0.766467499339686,1.40468793516177,-0.968177605988054,-0.38684643392042
487,97,-0.0380036435736535,1.12591692774085,1.76722304214288,0.31833505270469
488,97,-0.0289641892271628,-1.52912876113053,1.02383310366827,-0.303737569519101
489,97,-0.497851057870875,1.25909705636236,-0.674469070779049,-1.10670913724734
490,97,1.54011102712378,-0.765113729087303,1.10280061372647,2.68128851824429
491,97,-0.54308257421058,2.00690482815462,-1.62542745442435,-1.6226950435478
492,97,0.808464336216489,-1.35622896776711,1.95634487926989,0.490801070362856
493,97,-0.213754818891177,-1.01381625730205,0.612477537462152,-0.105915456774176
494,97,-1.52309748505625,-1.12580611448191,-1.05880502560911,-0.80377173784626
495,97,-0.593759502126259,1.42552894284755,-0.915875872368178,-0.32395638191623
496,97,1.73989912803008,0.453163030373015,-1.0609650974015,-1.00091767568422
497,97,-0.163572864650782,0.456522636640736,0.498146485728979,1.43744482933703
498,97,0.476857565914389,1.39009612365172,1.25296561194299,1.21701489798017
499,97,-2.38123158393088,1.17286835980619,0.969275675640079,0.413645597076521
500,97,-1.63754655899569,-0.925299897499354,1.81481253893018,-0.91959995075602
1,98,0.129126681254947,0.251403952222272,-1.05145655320821,1.22110197051438
2,98,1.55446190985421,0.639877168908054,0.384319546805404,0.303175251187731
3,98,-2.05642050687653,0.896694180987243,0.911281714635966,1.12758011914026
4,98,-0.610739387619975,-0.561503891067804,1.92081932430937,-0.426112257891329
5,98,-0.195636004921198,0.0903956016733597,-1.20541765898517,-1.46822434694049
6,98,0.929838175377604,0.215945016711168,-0.153026909528043,-0.791509208826712
7,98,0.758206840036247,-0.0264202038288082,-1.21988811224868,-0.816819921723057
8,98,-0.59561311064561,0.516828171121135,-0.263490391784837,0.920279857656159
9,98,0.657315893505785,0.102256332020305,1.19310074470636,1.91035479477392
10,98,0.269776415362935,1.34559949663051,-0.0461438549182083,0.97494338486484
11,98,1.171980396848,-0.843036718641352,1.62780503377771,0.23803344404195
12,98,0.844628508201142,1.22071182599937,0.913555329812429,-0.0496340889741876
13,98,0.971068276821617,1.92723749211288,0.234381750960483,-1.60162859934452
14,98,-0.451627484409276,0.0120118858614728,0.0278098793596632,2.7578142927039
15,98,1.9668837789889,0.0171453817006942,-0.950438432821268,0.354616847569931
16,98,1.06203505531308,2.53298868731489,-0.964942293138791,-1.0350007240689
17,98,0.458297843796788,-0.75733497779801,-0.418651455213675,1.38014833849157
18,98,-0.394809719940069,0.51928072063242,0.686469561607032,-0.748045496177488
19,98,0.551958923543298,1.61064716892714,0.181562857098339,-0.658403730219769
20,98,1.24470340211987,0.982458126012472,-0.737245956307629,-1.33623862417435
21,98,-1.64670436277103,0.969114476102529,-0.00132428986104073,0.241908696904881
22,98,-0.266309085129517,-0.301364857892853,-1.86828340975107,-0.959515520531199
23,98,-1.72693812112988,-0.410274104068335,-0.136235596181988,1.23806517125513
24,98,-0.163092808389916,-0.396029338351912,-0.430256530401331,-0.300492199640223
25,98,-0.675113673561049,1.45604439460765,1.17165791541399,1.22719938434841
26,98,0.369460766362801,1.27114963307434,-1.2304145263731,-1.37988685441419
27,98,0.125694506630144,-0.875185864895224,-0.0935004439108146,1.337578005419
28,98,-1.4027036371085,0.0528368345326569,-0.593732672053164,-0.0953575455456525
29,98,1.33542037927118,0.579461669352011,-0.13434215778774,-0.365815830374446
30,98,0.897508283222674,0.967383892671684,-1.57287802399401,-0.456389455109224
31,98,-2.13569767959301,1.2455794893763,-0.438313538047368,1.12462297388379
32,98,-0.475477778819426,0.197057009279801,-2.26847938616918,-0.724654821818033
33,98,-1.4815521607636,-0.336213168233563,-2.10087375524196,-1.00791810178528
34,98,0.639469915099202,0.557423121701799,-1.00142984214504,-0.893238565440478
35,98,-0.32384934223803,-0.448873160561264,0.0134451013565662,-1.04958832565087
36,98,1.79273813326705,0.343985024031475,0.541764406043893,-2.01003491857619
37,98,-1.88117247057222,-1.48512560882161,0.463842337487811,0.674883845660221
38,98,-0.262724000684416,0.00843641815135614,0.280097422710729,-0.928170549464063
39,98,0.656686121071076,1.30675222880867,-0.294307722519943,-0.568236419134163
40,98,-0.471906762041848,1.18779212151929,-0.285474851551121,0.530775842376279
41,98,-0.559074164560858,0.670487988251885,-0.57426059221237,0.23799570045641
42,98,-1.37687795559746,0.591241279464117,0.728582369864402,-0.980850112632633
43,98,-0.202029179011737,-0.323840404441176,0.595797152681034,0.124855633489616
44,98,-1.88523419975868,-1.17256492135463,0.229234161272008,-0.498080857851458
45,98,-0.849529374376183,-0.544680346329646,-1.50158796612942,0.543628287459865
46,98,-0.364760700911645,-1.85920013425749,1.31142910888585,-1.65207646832981
47,98,-1.01852444930181,0.45309477451084,-0.394990631813712,1.06875884667573
48,98,-2.74716975159441,-0.501281255679633,0.469440246583951,-0.238235728439358
49,98,0.214825587670247,0.735016259671099,-0.0165931335066283,-1.00648348255748
50,98,-0.495346494357298,-2.25446716106343,0.261835173280911,0.0773429410072857
51,98,1.8250185544175,1.69587920062558,1.88456500718748,1.1954466132157
52,98,-0.294545501568534,-1.12881401867492,0.491272585740143,0.795797054732855
53,98,-0.313187044487977,-0.57601849460347,-0.734799412264933,-0.287132361266213
54,98,0.697399826178551,-0.610568106863093,-0.952304745558053,0.281931853517536
55,98,-0.72373188105214,1.01233199564511,-1.35666179761291,1.43504613906655
56,98,0.489736955054213,0.122726859061244,-0.38879594389225,0.333056332833283
57,98,0.229613973547286,-1.01592833091172,-0.914060547026221,1.04273418249562
58,98,-1.88854940338003,-0.93714055722833,-0.572201925786887,-0.889524558631487
59,98,-0.582784123171565,0.543961911514619,0.168413088500599,-1.2299457577031
60,98,0.113309600075286,0.442108448710032,0.654290324048731,0.382260027319771
61,98,-1.27102808187615,0.304047898523365,-0.995564257270439,-0.0328262802557614
62,98,-0.0223942038658312,0.382950704633822,0.683527671059937,-1.28736138456906
63,98,-0.96630847718134,0.136810335055907,-0.209310651563535,-0.884313797456416
64,98,0.835595388084056,-0.704462249521216,-0.848023927850967,-0.695907659412664
65,98,0.836269217445303,0.823556541687037,-0.695068566170108,0.676927164718514
66,98,0.986491806204396,-1.07707016046288,-0.290644817635731,0.600748112710621
67,98,-0.161344195759075,-1.5952755360172,0.713811418968988,1.80228833140109
68,98,1.15235399975065,-0.205393368622283,-0.31058300251747,0.582359808440332
69,98,0.604702814831074,-0.448719090456108,-0.0775468875829425,-0.169315086630377
70,98,1.06779602712743,0.410257749702234,0.0323798587465108,0.418086864800719
71,98,1.07035646468161,-1.24352559168455,1.69921109221019,0.194910826956756
72,98,0.302506979010144,-1.27638088087103,-1.75633652660479,-0.733589041864219
73,98,-0.418731027636406,2.0441062487074,0.300238748017092,1.47570627763488
74,98,1.26174239235686,0.307837253477388,0.650284842203245,1.98764592305015
75,98,-0.819187050604688,0.981330407647286,-0.649560267177494,-1.69565683741035
76,98,-0.261575793994762,-1.79873968432665,-0.468972106070153,1.95143208988495
77,98,1.10911886796611,0.0179614321016867,0.641810381084432,0.763936828203179
78,98,-1.99585827262477,0.329738911018237,0.241268399799078,-1.82252553759457
79,98,-0.488401348067017,-0.209956519687162,1.38078905063999,1.75994817396474
80,98,-0.0133259914235342,-1.11596661693938,0.981823127872674,1.08247478585897
81,98,-1.14829176593589,0.101544600035766,0.294482701682234,0.460423030571252
82,98,-0.20103878670718,1.12112326567137,-0.837235724293165,0.758695612270772
83,98,-2.18435987215863,-0.462409361599862,3.26248921966177,0.341990164988755
84,98,0.791432497640683,-0.320292516710073,1.05738520664864,0.78127892266706
85,98,0.490358969410849,-0.419646541920477,-0.546707794034519,1.40716233770441
86,98,-0.475457508736556,1.64581915025389,0.973159775382601,1.88757849581152
87,98,-1.63423120041559,-2.01238530945003,-0.776663286301117,0.10588814647033
88,98,0.0611013523965531,0.968355306416857,-0.634563898415858,1.28087992614629
89,98,-0.00285503000711643,0.71357438872678,0.119761395487969,0.199907545745486
90,98,0.657400640919106,1.79014046334355,0.467969863001462,-1.01023067703578
91,98,-0.445747297885081,0.361198563513775,1.10902562761484,-0.386889875386987
92,98,0.941362015068059,-1.26063341182282,-2.08087982470369,0.0776712508326392
93,98,2.98364476313183,1.2467653202643,0.890085327265781,-0.278851540493838
94,98,-1.19179784838713,1.33097869374083,-0.83964129636939,0.336933767224639
95,98,-0.463723034570742,1.03479925219316,-1.00666344077664,0.970136758126429
96,98,0.695575143338688,0.153263369292073,0.705923452541503,-1.35242003303418
97,98,-0.421517520189607,-0.653262777060208,0.460279061308426,1.25983349681075
98,98,0.355087641858016,1.26312195737067,0.542687623136396,-0.618310954813533
99,98,1.51751801539408,0.624631189199856,0.367771114141668,0.858189040304484
100,98,0.577816217487092,-0.356570115465899,0.925315447766681,-0.370980803833434
101,98,0.0145092953074174,-0.665993610768804,-1.29686562227761,1.0928769679495
102,98,1.20622944656177,0.281830358170529,0.941714673246649,-2.79343940186852
103,98,2.03101191128068,0.990407024566966,-0.400275769335039,-0.0403399343408635
104,98,-1.44625942621059,0.332537698498212,1.29653619337691,0.289964288856854
105,98,-0.378407964478695,-0.61045221980438,-2.28574990785701,0.926321978070643
106,98,1.00047017390469,-0.697651165891492,0.533533936986179,-0.805827277050861
107,98,-0.270574213676667,0.0619848753400809,1.22325492458903,-1.66001135482096
108,98,-1.333220314459,-0.157425401568056,-0.130407983336633,-0.805946749291801
109,98,-2.05001213193778,0.0876931600130841,-0.391615516510802,-0.621429567466976
110,98,0.587607090450907,-0.315070310091043,0.0318207190772669,-0.458906382264223
111,98,-0.381737117589319,-0.533026172743135,-0.0914937237338927,-0.213301665812251
112,98,2.43441073221064,1.66522127060071,0.58148599162708,-0.843248934146464
113,98,0.99967285531734,-0.794012773731271,-1.24078700029988,0.355394614009336
114,98,0.478059463789738,-1.26586246211117,-0.247079541977782,0.339585339607723
115,98,1.32368027021236,-0.564848567775068,-0.941202351307637,-1.2120735284692
116,98,-0.0352330659905761,0.307662941739569,0.00836755292264545,-0.0747071710531072
117,98,-1.47320022510703,-1.46137578195346,-0.027107784357182,0.237605507339804
118,98,-0.507989990503191,-1.30605717616281,0.518179465914787,0.17085817108252
119,98,-2.13004872928784,1.55363415142718,-1.53084226239262,1.77816555014235
120,98,0.214214245842766,-0.284701169977067,-0.0366170095143071,0.546806641413795
121,98,-0.574927839762759,-0.828198230666726,0.581420446393998,-0.373755806076609
122,98,-1.72080825537215,0.794736837618196,-1.78619047841477,-1.75344397931188
123,98,1.89440128620924,0.589932534409908,-0.727947050478992,-0.154309554259261
124,98,0.556591525140102,0.629250821463577,-0.0396487373157559,-0.717774737943891
125,98,-0.1605107512916,-0.885957918483479,1.82133379892771,0.265890638413525
126,98,-0.152688877426287,-2.262052785415,-0.079948249862868,0.159107543026024
127,98,0.46559068256959,-1.04515200652068,0.474965233431589,1.57146408224718
128,98,-0.25458139729797,0.753596699401434,-1.55598333181042,0.696848117048313
129,98,-0.444084746400359,0.811212367491845,1.70877487100569,0.178706278168567
130,98,-0.594386947887535,0.900427474861058,0.0059930060070559,0.855288901745871
131,98,0.768776638019178,0.15806609251376,2.29483335435017,0.0274412801816856
132,98,-0.287795524777457,1.16200080354837,0.997102746808281,-0.16623593779552
133,98,0.186020294427467,1.45641301596865,-0.207564251572581,0.551858152628376
134,98,0.665515627797397,-1.05607734606607,0.0623546497860057,0.152217722988261
135,98,-0.0843952380712828,1.33032642188893,1.02178782981925,-0.97431342211748
136,98,-2.44984482949871,2.05605730455415,1.46915040802239,-0.900760709322439
137,98,0.055614781239217,0.555423018862125,-1.84632100619866,-0.696749617409244
138,98,1.26123440641476,-0.733669022624483,-0.453181531907162,-2.23041966979866
139,98,0.749023138436769,0.888867738167568,-0.0969767929059131,-0.0212416532056707
140,98,0.200777410307669,0.813776895465203,1.4164075275339,-1.57363676570409
141,98,1.18738123239806,-1.05971351352313,-0.184721431789195,0.524028895306899
142,98,-0.827232965078214,1.3317508268603,-2.02379455864909,-0.566367271398367
143,98,-0.0951842503879115,-0.143794314030846,-0.55474471734327,-0.116643876009327
144,98,-0.694694078960417,-1.3408806288411,-1.89919038141829,-0.246765829317049
145,98,-1.55899262065763,0.856499878027694,-1.1281565258743,-0.540575078660621
146,98,-1.83785348931177,-1.03500115889727,-0.0226043309145815,0.617695122878125
147,98,-0.840007873774238,-0.346394663571665,-1.61795296397971,0.668199757786968
148,98,-0.794088530086627,1.23360049460767,0.760424938744504,-1.10668747813374
149,98,1.8342955297539,0.685475847293514,-0.701064999274975,-1.11471145065565
150,98,0.28643580322671,-0.104556404882131,-0.116279774891399,0.86921874584406
151,98,1.83417207764331,0.374038201153735,-0.196938939528299,0.817495828294248
152,98,1.48237112997317,-0.310423303419998,-1.43540862225964,-1.1386616768371
153,98,-0.0508320522399395,2.19659911890721,-0.227442912642298,-1.0065016682784
154,98,-0.738936055745861,-0.631220917538385,-0.158423606344791,1.39334170046795
155,98,0.407478237778375,0.280196820275841,-0.276123347522014,-0.900877420481531
156,98,2.79409192802668,0.348713125823833,-0.092418638746182,-0.800416503541875
157,98,-1.13408403453552,0.728801758247174,-1.13268474202061,1.82941307795643
158,98,0.690315982280162,-1.04549631827268,1.32124813514164,-1.495168080735
159,98,0.929632051656136,0.220827108855309,-2.20893916269601,-1.48664287979449
160,98,0.260916112679558,-1.34248685215005,-1.91198128168516,-1.29589046181443
161,98,1.06306616744561,0.338674881022824,1.26418487359892,-0.759803406389499
162,98,1.60565442333453,1.45243475930087,-0.012816908254228,-0.805410525662324
163,98,-1.74054735535338,-0.152863303131674,-1.0915113157666,0.73851361527704
164,98,-0.538160479171877,0.0514530152164336,-0.53517531858209,-0.0176161639788636
165,98,-0.360869409280625,0.14686703740308,1.56685705574797,0.487840346341763
166,98,-0.595287931674049,0.432326930488387,-0.633122871065497,-1.06228367290358
167,98,0.946978712407905,-2.51531157660798,1.17722170755588,-0.739826752033333
168,98,-0.392437037920233,-0.847360922339342,2.00321444179607,-0.102666870391551
169,98,0.249346641782628,-1.17842593395027,0.106945865859622,0.288277170797325
170,98,1.40724303086201,1.09863467891477,-1.40275369349008,-0.520431345908356
171,98,1.50900501251284,-1.39640226503363,-0.0527138885941974,-0.454598940123841
172,98,0.889928668544544,1.30648974336623,-0.506516025364431,-1.29710257048433
173,98,0.617314908541412,0.0977208052202478,-0.298789947339125,-0.575419247842349
174,98,-0.261280067225009,0.843102852423179,-1.55539523731561,-0.522459548544206
175,98,0.024351835073832,-1.84585994561566,0.0268019822076008,0.662430294889387
176,98,-1.10595465294322,0.450649343995709,2.04225069122212,-0.973905524097978
177,98,-1.91016314025902,-2.1381480894151,1.16399041011201,-1.70670861645309
178,98,0.573593246815583,0.0374641170648355,2.15016468260802,-0.592263830226188
179,98,-0.0895681054320432,-1.13315128626003,-0.311063328604168,-1.04742085671851
180,98,-0.567292800144192,-1.7617173255737,-1.09942069792573,-1.00941993390777
181,98,-0.73773275597955,-1.55837792562376,-1.55264278767058,-0.320623849545639
182,98,1.03493062002242,1.12000217040565,1.88376456436144,0.703974023716893
183,98,0.21650494169675,0.971705995487115,-0.818002315676336,-1.38661727340094
184,98,-0.271856087680126,-0.215785899414739,0.798592291298681,0.164063138426319
185,98,2.29330522773623,-0.0129290758068602,0.287670885512489,0.0145412348550243
186,98,-0.0674520664603813,-1.69819170265668,-1.24544291776518,-2.20456226819788
187,98,1.99137603167286,-1.07310409610875,0.214699248596946,0.94499059844426
188,98,0.424412559124419,-1.62547559617697,0.943513719388653,0.432010187320052
189,98,-0.787867658527086,-0.852161812107388,-2.26750721507592,-0.236563797652689
190,98,-0.777578736652589,1.57477627034005,-0.340694576676111,-0.101926928009669
191,98,0.242200287345891,0.362855758147976,-1.47080902927025,-1.50868462049434
192,98,1.33303277166024,-0.456786453514059,-0.404370509328047,-0.624217751292444
193,98,0.481155704955079,0.66104217476964,-0.317473019218499,-1.90481435016975
194,98,-0.511808092824127,1.08616329913336,-1.26276759939647,1.00233297296417
195,98,-0.874701069156219,0.974721939794498,-0.350206222029848,-1.02883890754568
196,98,0.476485494046991,-0.68067466900126,-1.33604696426356,0.663161307964731
197,98,1.38655303569101,-1.09504351655766,-0.06896113377241,0.986081841822446
198,98,0.0129581619690262,-0.151581757128056,-0.0111310077507417,0.439066976501785
199,98,0.184435522256223,0.00722022953509067,0.687882873214144,1.17578028313724
200,98,-0.483530405474777,-0.51520189158108,0.390390185036757,1.25277967533233
201,98,-0.716419361169913,-0.704566482013301,-0.964515553868957,1.768509276237
202,98,0.219525959644488,-1.6009271223641,0.562823215650425,-1.22001692498412
203,98,1.41779076999146,0.245569996032092,-1.18721753214123,0.34509325602819
204,98,0.82699761329337,1.3783923709647,-1.55580120586666,1.24427671233836
205,98,1.0151665950957,0.0739658215435423,-0.735640649307025,-1.70841585414267
206,98,0.355269126212271,0.341305308112373,0.0131090531100132,0.194135585972954
207,98,1.71614322626849,-0.188735297581157,-1.38491162619063,-0.241423089745857
208,98,2.4821339089511,-0.838543050853072,0.421779863257565,-0.387404423124204
209,98,-0.772450082677927,0.250972610286026,0.143492402359484,0.156797572189534
210,98,1.74656517362271,-1.29991379370158,0.452397188377552,1.65892348961685
211,98,-0.191636045906382,-2.14566636728129,0.41069819744704,-0.155637151503424
212,98,-0.775155592126293,0.197420224204093,0.26478092212541,-1.3811010815809
213,98,0.187401912932133,1.1281746003485,-0.321760400807076,-0.528854257989008
214,98,-0.992514524232043,0.846136712992798,-0.116508064935541,1.10498907078218
215,98,0.178096556728059,-0.790440576941293,0.424745646642032,-1.14581702511208
216,98,2.28601636390651,1.01145718719048,1.55547295657103,2.75289445847586
217,98,1.3520078848016,-1.01073703169959,-0.480217415278224,-0.834205300121023
218,98,0.362037173741116,0.991003618187905,1.00038966397332,-0.469791477818027
219,98,-0.880234135132763,-0.418167362831466,-0.792742637021359,-2.3386376594707
220,98,0.684782402746324,-0.762722200372984,1.68251396922676,0.230159820600247
221,98,-1.103556309999,-0.431421099577383,-0.099768405293217,-0.66377987911023
222,98,-0.962371053529322,0.672504713554409,-0.266837794330581,1.80400327422416
223,98,0.643078598562898,0.128781045262845,-0.444752145559333,0.967407172469595
224,98,0.601042693646614,-0.0954709836222671,0.115444068457444,-0.362620511717512
225,98,-0.296223816553911,-0.439571010341493,-2.08676258208277,0.641139867503603
226,98,1.15271106836896,-1.47553535347743,1.49340087876627,-1.99172591829872
227,98,-0.370019441607557,0.526154951487058,0.185701890786951,-0.124982042490011
228,98,1.67897038647864,-0.764914742594446,-1.67269322919466,0.695290039102085
229,98,0.310192567490311,-0.403135926480044,-0.279132125321339,0.610718639961125
230,98,-0.388133601104494,-1.10422357009302,-0.216328638368779,-1.62767007952219
231,98,0.992629376001529,-2.93453996539787,0.589174560312851,-0.846513487179996
232,98,-0.497926880973145,0.198299013686701,0.510333193533321,1.90324246909028
233,98,0.409142326064778,0.422113330208294,-0.292345085276253,1.24425179380833
234,98,1.06852418090376,-0.401535733814277,0.417786363084154,0.647804498247981
235,98,0.711501714701611,2.61539334562551,-0.062116801078776,0.863175563990802
236,98,-0.683142719184752,0.502131595173891,0.823469098072495,0.139063254849631
237,98,-0.0671795990536934,1.23091619419771,0.62411106907558,1.46556810461269
238,98,0.0133176829505247,-1.11169583028623,-0.374869743497541,0.433795922309438
239,98,-0.174962982433282,-0.441090624846131,0.103215961716691,0.164462255051937
240,98,0.675337090381345,-0.533449673634579,0.00860322402990579,-0.75363730103412
241,98,0.393381909363822,-1.60891628033506,0.433843875775078,0.680243837927977
242,98,-0.0672100262930378,-0.0358049119517566,-1.66690503971347,-0.927631461372967
243,98,1.4090429159548,-0.533625379526023,0.637533491602152,-0.498147554268409
244,98,0.899427528185899,-0.10954066736184,1.13576065959126,-0.164425218866616
245,98,2.2803583590025,1.16115004039296,-0.592994070849637,1.16285416176891
246,98,-0.128964592438377,-0.38756934366135,1.09475443845082,-1.70341218013604
247,98,0.327376942546263,-1.20749371327031,0.608551017627235,-0.809190675592672
248,98,-1.54467782580163,0.996916839996995,-0.420738069525854,0.0819665978656889
249,98,1.54011012625448,-1.86583455350708,1.19152139265984,0.0102756056244901
250,98,-0.297217967408834,-0.535776244976577,-0.469018847423917,-0.837749906756012
251,98,0.0583226614454676,-0.589089467889212,-1.01955970561923,-0.861605768371013
252,98,0.953513363881491,0.289418082090062,-0.941453859144024,0.795927215553043
253,98,0.546550218126742,-0.271435128715552,0.493960392747173,-0.519013720968512
254,98,0.980117479821536,-0.778498100889574,0.198244798277326,-1.03195778168998
255,98,-0.502248486956875,0.229568347960079,0.351373154264508,-0.789244643730099
256,98,0.490329174511348,0.378149741449524,-0.0428939663032754,-0.207824371233211
257,98,-1.27066062664424,0.469527299927645,-0.165563137501548,-0.514483764062018
258,98,-0.496166789633895,-0.654730898383296,-0.247064125001035,-1.03028796444008
259,98,0.190616267097107,-0.372746202957803,-0.381549447393751,1.21621894352721
260,98,-0.101332020515773,1.24881900576793,-0.194799656135035,2.36213437248677
261,98,0.720777248923941,0.36367999674938,0.103313063896289,-0.448085163609676
262,98,1.21504599802935,1.08211461860343,-0.807984854278925,-1.29868890156698
263,98,1.06253873078516,-0.432825428168437,0.917168640949508,-0.312524801558257
264,98,1.58868975712735,0.283301706307565,0.488809047440821,0.507021899533115
265,98,1.95581932086649,-0.436287796133006,-0.545964719079435,0.484994024095261
266,98,1.11093231139784,-2.03318280742947,-0.141221694403349,-1.75921315238879
267,98,0.639344681900128,-0.655716191371587,-0.799466365606965,0.619510637530128
268,98,1.23832982897714,0.307415356011191,-0.253351970900266,2.13922920942707
269,98,-0.795856032242977,-0.33643732384314,1.16661916400181,-0.611337641651995
270,98,-0.263290888473615,-2.16624286571618,2.35970241122078,1.00380487806043
271,98,0.597632584222308,-0.500643618814303,0.977624883899116,0.340534849953867
272,98,1.38025731052471,-1.92899883836731,-1.70000707782456,-0.614021370552969
273,98,1.44908824293127,-0.0234162937361731,-1.81121718190987,0.290452196531571
274,98,1.53269109288591,0.275814930933423,-1.96794472396033,-0.146129962487755
275,98,-0.668223395737553,1.78169867698379,-0.476635746869544,0.153633258395192
276,98,1.099197944843,1.73953805647141,1.3874599161265,-0.378425179137947
277,98,-0.846140909693173,0.214752862926931,0.00346175065986103,0.417716765782688
278,98,-0.290544205069986,-0.275132336137062,-0.425182926622288,-0.451373242946146
279,98,1.93549798677666,0.522729485936364,-0.0783719155439256,-0.993514148339114
280,98,1.71168995277314,1.0573538272561,0.47000029270098,-0.303869868886704
281,98,0.794216289757794,-0.0212661028296934,-0.503807442288002,0.0969689025514713
282,98,2.26029806898384,0.227053871398644,1.94510860300987,-0.443899266572801
283,98,1.9893584531766,-0.69891827126568,0.517268256693823,0.525939246670359
284,98,0.132966489233217,0.893804123493711,-1.10185006008827,-0.245371182422684
285,98,-1.18014300651303,-1.9673813314082,3.7662132000229,-0.0939173764565105
286,98,-0.357205796228035,0.724817385321059,0.364217046511894,-0.207364478287261
287,98,-0.721483173545117,-0.657225655886961,-1.44779706599197,0.412245637692826
288,98,-1.86054035496234,-0.126930899290178,-0.0738872892936824,0.363617757329274
289,98,-1.04498338765948,-1.45143455131826,0.617420961347703,2.126509421998
290,98,-0.888097650085942,1.04527596828046,-0.0666955196499246,-2.42453297713258
291,98,-1.1107949225776,-0.82642051846761,-0.327455258778627,1.3737170266497
292,98,0.903043126697859,0.476866003711265,-0.887945919239454,0.0120589353040648
293,98,-0.918939801419587,-1.56484565995571,-1.32785182588126,-0.0799705227754386
294,98,0.706867226864703,1.7460316355727,-2.07011857332481,-1.57410343999181
295,98,0.713932466229738,-0.374624999365169,0.997160840070926,-0.780059719025647
296,98,-0.730926528512855,-0.390314437001944,0.470888398842136,0.0566240768872567
297,98,-1.15518802483973,-1.19176524395626,-0.271678129164223,-1.22295484047738
298,98,-0.753690130216851,0.731679997605229,0.377192404815612,1.15871216719651
299,98,-0.283043244129708,1.09403340232982,2.13447831886377,-0.375076184611687
300,98,-0.288664128326925,-0.177042176442701,-0.0175769608602516,-0.596465717089967
301,98,2.39434064882023,0.220622722463802,1.11238485606722,0.569301931169671
302,98,-1.36506426347064,0.127311054315494,-0.350721878710421,-1.01028621354407
303,98,-0.63502341049504,0.0599420362752864,1.37171716124797,-0.0693630839798252
304,98,-0.263640370836235,-0.346748579445163,1.82284628350809,0.197403572849312
305,98,0.109575538897387,-1.83994411488988,-1.78675170699952,-0.66742735416187
306,98,-0.140858900444288,1.83373067349843,-0.607781314991241,-0.686624362133945
307,98,0.646484384810958,-0.231363746055076,-0.479761648515552,-0.439771409686712
308,98,0.816258636762094,-1.39646944686533,0.237328994803324,-0.472728022264329
309,98,1.46828968369382,-0.60347637941131,-0.287208550178928,1.28673728135612
310,98,-0.652495677357918,-0.573545006436206,-0.22693444673113,-0.592804150091309
311,98,0.68539668936301,-1.31455103232409,-0.094501784870649,-0.141172868273921
312,98,-1.62228348260321,0.0723055528210453,1.4181628521657,1.4292528193025
313,98,-0.344597330903579,1.90961375962954,0.923152333627729,-0.309819403934824
314,98,-0.732649216474617,0.81851715098693,-0.533689029088174,1.02833619726677
315,98,-1.25869584749739,0.0261275194189818,0.677094601751078,0.693136263531403
316,98,-0.530786556785167,-1.63238005685719,0.856777212944867,1.55049235133925
317,98,0.423512307303422,0.430540105917241,1.71420755781796,-0.212307718759931
318,98,0.312591336930234,0.214593547129402,-1.67223372372031,1.16653795804274
319,98,0.754308613017631,0.136746130175243,-0.0119350508595549,0.433612472746568
320,98,-0.508416689175776,-0.374654325899403,0.79467215804201,0.511163827425498
321,98,-1.13368668919373,-0.566822911468082,1.46340159422187,0.813229123452996
322,98,-0.324644431480386,-0.133036048405051,0.13253433675203,0.107925273918941
323,98,0.903856371305055,0.597368066510219,2.23161336299126,-0.584738026484774
324,98,1.10501827223285,-2.24636107082762,-0.256265124543006,-1.00418503234866
325,98,1.52080540643416,-0.366913234703324,-0.623261440545028,-0.0942530155275493
326,98,0.350739082897748,-1.23119264875266,1.03071665858586,-0.156398651976008
327,98,0.749906735966076,0.635874648178687,-0.98906567962919,-1.3520725502962
328,98,0.547902365199429,-0.197606895753261,-1.12488312207323,-0.327131361872889
329,98,-0.957293711458441,-0.262455456975425,-1.69605767125077,0.258877761906601
330,98,1.09387471611457,0.477570454401471,0.0134359296781224,0.346415461125653
331,98,-0.15272092061342,0.798652455048305,-0.712643542547584,0.368071161923032
332,98,-0.281151303767392,1.17680252819026,0.311407381455964,-0.127791047438715
333,98,0.736590632437086,1.83894810722374,0.687833055081957,-0.136964596976954
334,98,-0.468731569034224,0.575251287468336,0.138612959714115,0.772972688302356
335,98,-2.39840433448099,0.456203412074751,0.875925552278221,-1.78911428104564
336,98,-0.12377707048322,-0.674004958940034,-0.136831907742694,-1.57621080990986
337,98,-0.62938668987542,-0.704201558584424,1.11788583219655,-0.588665657685209
338,98,1.29381576709232,0.722687689565614,-0.482334765490907,1.07984519753198
339,98,-1.8924444499507,-2.08801390561166,0.709538688924933,0.663967650834367
340,98,-0.0923028225866295,-0.513513238074808,0.572194891414984,0.236309505252647
341,98,-0.848362918673795,0.567341790679581,-0.109992456448996,1.36749479116068
342,98,-0.57823210273565,-0.899642939136972,-1.10227880788692,0.289266616017436
343,98,0.956825040305363,-0.934259892488564,-1.17916892589054,-1.709257346347
344,98,0.630970581022522,-1.00111749178498,-0.402019873104713,0.111302236211037
345,98,-1.14739761351279,-0.200794990315735,-0.943000775008899,-0.408554608218727
346,98,0.685924909486611,0.245564944087958,0.102693420419568,0.947874973536519
347,98,-0.206015344515503,0.523097600621593,2.47199722050288,0.0788330747018047
348,98,-0.0499167267526047,-0.0332521515037669,-1.23619777975974,0.696083275712851
349,98,-0.816989195735974,0.901116805833482,0.881669772194346,-0.205046828989877
350,98,2.01197295101308,-2.84890178288576,-0.723690235170507,0.908988551368269
351,98,1.47415061269165,-0.3289232657269,0.00531000046228651,0.0607761759990328
352,98,0.371887188720844,-1.85375407857758,-0.812776852538502,0.171630160671335
353,98,-0.133889586600266,1.30119692948382,1.17534110997181,0.432913461085884
354,98,0.966749876294904,0.609455501994846,2.09979398342469,0.48707885233677
355,98,1.87777380891977,-0.445432440041195,0.605326899671966,-2.45442671589507
356,98,-0.540650114791295,4.0686850729632,2.76844749147864,0.157250714796676
357,98,-0.477597259941433,-1.19566868772649,1.24257747627036,0.662606083644757
358,98,1.82229330840175,-0.35771066295817,-1.45195533264239,0.649570904433518
359,98,-2.69003057927349,-2.09023852718791,0.868498661008145,2.47009263934463
360,98,0.0936616410837207,0.972614730214006,2.17947551745563,0.166666292146073
361,98,-0.206218573111482,-0.116695663917175,-0.420153478716721,-0.69402609395009
362,98,-0.913289308545182,0.855464452621413,-2.56721941933132,0.753082692012158
363,98,-0.366529625142068,-0.0676590464217956,0.680822986300736,1.54176279538962
364,98,0.1353168741049,0.549975795993279,1.25905764725312,-0.333656380164227
365,98,0.96452653988619,-0.16010784620039,0.813026142811922,1.40997141882496
366,98,0.890345432484592,-1.12188405769064,0.48592475855293,-0.51380517146145
367,98,-1.41702458838908,-0.0924000947872373,-0.390032137202435,-1.45865165988328
368,98,0.300755563715984,1.50936437087544,-1.11155341213776,-0.0604566154382571
369,98,-1.02889407273351,-0.917025267035615,0.148777456300846,-0.245152656143462
370,98,1.1709473965282,1.24050068380821,-2.12130655914734,-0.462711248484552
371,98,0.749000913599513,-0.255898653089159,0.0657918836447631,0.877616064041848
372,98,-0.0950804459876523,-0.80024392382128,-0.00471863964719683,-0.453631946287301
373,98,0.413183461774676,0.194921700846269,-1.98158217358707,0.648812314771989
374,98,0.0727751984702091,0.444985275754196,0.400579914282517,0.101115852270535
375,98,2.8208387197877,-0.365466112044786,-0.724040546372331,-0.916498758157731
376,98,-2.16603685084315,-1.63718640686994,-1.75130278903522,-1.34251871747379
377,98,0.641929085426989,0.414623379684315,2.34966536212139,1.08102830597408
378,98,0.691633572280326,0.481422019363851,1.10472662269336,0.687232372764846
379,98,1.46792173129404,-0.385669686391854,0.361062506548,0.904348052272961
380,98,-1.7946563911994,-0.832646836498176,-1.76120378256743,0.253567390992179
381,98,1.41638635719474,0.417032287203099,0.219793874344093,0.982911283213711
382,98,0.0552517970350923,-0.255716662192427,0.263555446585434,0.471488288456392
383,98,-1.61399607750528,1.51226435126297,-0.466496185607817,-0.0263999904256858
384,98,-1.12830461066883,1.21330534643538,-0.0374719833578224,1.15645333734218
385,98,0.399316040045239,-0.449949896681021,0.257903703277691,0.411865013259859
386,98,0.516602374946216,-0.455002484622891,-1.33889073125401,0.0680909297124975
387,98,0.453435221926111,-0.400774699426573,-0.56116836173005,0.588950067589326
388,98,0.176612790441592,0.464502471321013,0.510846090462262,0.549829198393331
389,98,0.298349376958907,-0.48464544977759,-0.847715844418336,-0.595352468906618
390,98,0.958876078238789,-0.422838468772975,0.537609982861879,0.144522375329367
391,98,0.272638106760568,-1.13231561376246,1.4113915188776,0.282077587719846
392,98,-1.24046748148762,-1.11697103452127,-0.159116289412515,2.09035813073431
393,98,1.28349981172965,0.293037597710777,1.23290584244405,-1.656451314065
394,98,0.900657072178521,0.0259022941620732,0.308646810595995,-1.33793324544329
395,98,-1.22430234703403,0.475015672957704,0.89307123009767,0.717127300780255
396,98,1.20005962873719,-0.48889703676673,1.0234015622654,-0.0758908063384319
397,98,-0.567181036901422,0.99001074743788,-0.790908823611567,0.52321014427814
398,98,-0.391212106556288,-0.758339485342984,0.349776614609968,1.42959472664134
399,98,0.187386148700815,0.53365953819291,-0.908668974798854,0.69406899846298
400,98,-0.531043250764875,0.15085282628447,-0.0840601313623382,-1.00712295968988
401,98,-0.36266913862022,0.219831219879281,0.880443914016303,-0.368312231825898
402,98,-0.261062265799978,0.872824494419054,1.08688399133154,0.139626161616562
403,98,-0.961686901661476,-0.0889369445369266,-0.418244218700222,-0.255310923413905
404,98,0.748902598090085,0.563158673101814,0.711471585551445,-0.74537701284808
405,98,-0.242590848276615,0.187088868989701,0.522008690384452,-0.194959883539794
406,98,0.149734131755389,-1.13353960494063,-0.157436908142211,0.28485402231132
407,98,0.522649155608552,-0.620479561638463,1.35167295628943,-0.887159828221951
408,98,0.145058048531228,-0.461127580951162,-2.59809981447481,1.28915391996108
409,98,0.228469277167888,-0.32607301525647,1.49580800563356,-0.174034862059785
410,98,0.428067456728303,0.645119246310662,-1.38160325822169,-0.233095651708506
411,98,0.504986681691468,-0.955546666019347,2.11384289143862,1.52696016227111
412,98,1.84087074546871,0.318444892142825,0.743907193779582,-2.38394602524203
413,98,0.175119020227032,1.49713276141326,0.225698084496629,-0.0766204043305381
414,98,-0.719445959746819,-0.644813467187026,1.30876719854555,-1.25355080029871
415,98,-1.11415606532571,0.585653090628384,-1.87908898821304,0.244713994509706
416,98,0.857354101762542,-0.749647401769587,0.357642619889657,1.55388263612843
417,98,-1.02192433405123,0.772787567485098,-0.681868105503301,-0.733243603233575
418,98,-0.631686621619785,-1.37567911776209,0.850272175064162,-0.831896967573647
419,98,0.561506646796004,0.28068379977784,-0.440250704941714,0.355562296336612
420,98,0.174413136617694,-0.673919576519091,0.720254806103164,0.837886582330865
421,98,-0.448459441243269,1.83704704355544,0.67175099925585,-1.47151054574943
422,98,-0.0974405138522272,0.241413710619293,-0.00774800503603677,1.69002950543292
423,98,0.0223186441733957,-0.674388992626175,1.99043381682228,0.363401492308441
424,98,-0.737773366825735,0.0829841151989402,0.521945138926204,1.30660820956698
425,98,0.000146135259587653,0.236767585403395,0.693130490149448,-0.138318555686799
426,98,1.09436285048983,1.81815333318299,-1.30441431898195,1.02538253458378
427,98,0.377119397852886,1.60131801217117,0.566213193974919,0.842912849085742
428,98,2.24094020947012,-0.863758241281907,-1.13131969934224,-1.67075091983044
429,98,1.55086924054432,-0.855565294301243,-0.0792442916890466,-2.14092230173932
430,98,0.307420032900603,0.345110278420984,2.52797490456568,-0.424417076382906
431,98,0.296593815242138,0.825310205393128,-0.1084927586356,-1.29177255909597
432,98,2.51378684081027,0.347139821124285,-1.93297879974616,0.212390857138655
433,98,-0.392790576827481,-0.299768605706449,-0.886800317820277,-0.329112285733835
434,98,-0.509802863671252,-1.76358725481864,-1.15513194559199,1.23282232394055
435,98,1.5173529222543,-0.159609552752589,0.33321765595281,1.73170003520846
436,98,-0.500322631990446,-0.604923128102128,-1.58047314130682,0.731154033982701
437,98,1.17999498922626,-1.07730633786818,-0.939522172127576,0.245052632905457
438,98,-0.424007992781367,1.41584190277298,0.986854881151645,-0.113607710252363
439,98,1.2163230627638,-0.215405573320849,-0.390007671632734,-1.58804906902485
440,98,-0.544301321502731,-0.328952174216344,0.00931571356735459,-0.799125383930181
441,98,-1.15046431393031,1.73408757382177,-0.682141678744716,0.479777228866126
442,98,-0.867734338145526,-0.649331446381272,-1.56749285078091,-0.354608307196869
443,98,1.42780835538685,-0.243268629436088,1.46512589801504,-0.0191540956370408
444,98,-0.602692616669043,1.55374862049796,-0.440730446321122,0.0134893560555104
445,98,-0.530604311999086,-1.00888345043464,0.118979338729147,1.16646407283221
446,98,0.795232389673097,0.372499003042668,0.876800035936452,1.00223289560968
447,98,-0.361856525869702,1.07060852252153,-0.0950800027053074,0.931524080934637
448,98,-0.817189218214117,-0.0566728298051353,1.17519139093736,-1.00434635389416
449,98,-0.504088350727021,-0.02126044725669,1.33552372622587,0.580085330265654
450,98,-1.03848354646766,-2.14339930877233,-0.383463861702315,-0.209787319348165
451,98,1.03876065137145,1.55677869022612,-0.783928857136546,0.672784928583199
452,98,-0.995044223531687,0.58492225154525,0.921494736480958,-0.222838002342308
453,98,1.57648261709022,-0.588791520183295,0.572296271092503,0.655330412256516
454,98,-0.628631246902532,1.03566047010562,1.57876043112167,1.50356899207579
455,98,-1.68812000099956,0.433737173660463,1.55206968108006,-0.270378724963622
456,98,0.493571408635425,-1.6508278516387,-1.19079147885321,0.00912192985384208
457,98,0.473507099468664,-0.179895254249146,-0.024080772943213,0.563166917716245
458,98,-1.0129416237749,-1.78489479554436,-0.288100746780937,-1.20148118469675
459,98,0.365053033143304,0.496272760058388,0.261241542240312,0.827913370050094
460,98,0.546744319341714,1.6008286296749,-1.3993901471127,1.52352374963938
461,98,0.667011456044601,-0.352258246117003,-0.0124367254468544,-0.14717826277596
462,98,-2.17478948015342,-0.432256865129992,1.06381374723303,0.028800041558644
463,98,-0.261510757370535,1.62473300861021,-0.42689538731269,-1.75127865517492
464,98,0.288842642604852,-0.421596851536531,1.6948897225662,-2.80930946317143
465,98,0.840944182708359,1.63045509758998,0.0114717264508967,0.0291958167934539
466,98,0.126691345987572,-0.991140738132529,-0.286648434853212,0.319594691294164
467,98,0.0961383002514125,-1.16319028452656,0.893163128722772,-1.38393916438671
468,98,1.7023056533787,-0.510524934777249,-0.00283076141519849,1.82133160422582
469,98,-0.39178327274032,-0.192542950812811,0.222898988226326,1.18226347927797
470,98,0.280642012314128,-0.0664041300688749,0.544819514127569,-0.0586476961321532
471,98,-0.30363859292577,0.991221098889843,-1.04397984138156,2.14286569767885
472,98,1.34648965334932,-1.13609822647408,-1.28049822615961,1.09273641675289
473,98,-0.0871180520070323,0.0541037644327032,-0.904672657543593,0.630978445386134
474,98,-1.02327536348023,-0.674626074359985,0.299673792137464,-1.28580031019527
475,98,-0.456792970833959,0.806829371940261,-0.36839450995465,-0.138934704075973
476,98,1.3325442561151,0.941403369321319,-1.15979818687612,-1.38837842114167
477,98,0.81808776830001,0.0445775155411433,-0.731026823778851,0.193075689456168
478,98,-0.323834921133943,0.354395077532055,-1.33784347927856,-0.403570569335053
479,98,-0.0439672485765714,-0.0819585189238335,-0.371684101218772,0.428675984301322
480,98,2.01805106892934,0.217755971930524,-0.0353600425154415,0.972225831816131
481,98,1.82755009317572,-0.279080824661263,-0.565314938971311,-0.343277617406014
482,98,0.053656825574405,0.306490121271905,0.985187043294466,0.853587001791864
483,98,1.21837692585826,-1.83946252594492,0.415292372267179,-0.438526536663124
484,98,-1.41455172519862,1.83119940974551,-2.05461358163961,-1.15037564197133
485,98,0.121824048981426,0.430878383878263,1.32901577711203,0.0608801947988592
486,98,0.485887623879867,-0.115827451785998,-0.215160405339676,-0.28115595338966
487,98,1.10350356229169,-0.0433167111551979,0.379858440747959,-2.81134073084333
488,98,-1.13216344035783,-1.33779765338514,2.43385602764636,0.862853410753347
489,98,1.09796235678266,0.0713195077090827,2.50102239204413,-1.46891661221997
490,98,1.56088604220853,-1.22160857546767,1.34926036708777,1.17441012171304
491,98,-1.30308830328278,-0.243683115315424,-0.989633882848212,-0.477511347734721
492,98,0.851733230581055,-0.987874420580997,-1.96281516097656,0.912377463270312
493,98,1.97251756534423,0.390875876961729,-1.65106549293061,-0.482748119481657
494,98,0.0108975409631415,-0.406114070147147,-0.304109948613727,0.366608695706515
495,98,0.238465642610812,-0.552122585578943,-0.847459620306377,-0.505156857530767
496,98,-0.143261822682011,2.63078719106835,0.159197548496477,1.3355401428241
497,98,-1.19726422028029,0.339427900265179,0.0766298734310231,-0.335351941868921
498,98,-0.646687174566039,-1.03408069885318,1.10128066583329,-0.664461884957002
499,98,-0.293030435960531,0.247331986284023,-2.30412230223299,-2.0560496765398
500,98,-0.28910914242591,1.17473074258166,-0.254664310295361,0.338674510777118
1,99,0.742362242520228,-2.20111266352546,0.119160464494755,0.376888338325765
2,99,-0.376188598622358,0.152263918995988,-0.324283256716224,-1.95502988399087
3,99,0.137682396695441,-0.839761864670816,-0.24770602304433,-1.19504968010936
4,99,-0.127487240831293,-0.187646977682073,-1.1857895258816,-2.32979977216946
5,99,-1.34576268210743,0.295333818704569,-0.560640606196767,2.18153548134547
6,99,0.593599309475003,-0.00390706962084043,-1.38871237847236,0.11285481109252
7,99,0.434637709856679,-0.210462397327847,0.108747923133156,0.404412321182375
8,99,1.30921764201056,1.09614565521632,-1.30122978640781,0.546907671912312
9,99,-0.210822746074903,0.114159374495754,-0.502246891401245,1.79891880400039
10,99,0.381719731437459,-0.506892642884075,-0.758772871634115,0.949086792204034
11,99,1.73602330482904,-0.921386666974912,0.233888800708861,-0.161259752448418
12,99,0.881897660376086,1.3500303147235,0.716943023740671,0.3076161011511
13,99,0.18566140881075,-0.577313614805175,-1.45214777360367,1.59248006272095
14,99,-3.29665486357876,-0.0352067361704206,-0.0539280938430738,-0.877806451688423
15,99,-1.0254896660843,-0.46614103000378,0.67320240115259,-1.6393858229269
16,99,1.66110255986217,0.791051973777401,-0.738452670018405,0.860745975108656
17,99,1.03567785700475,-0.114842244345777,0.0433366466684068,-0.439158758888991
18,99,-0.237007465619735,-0.305203469620438,0.965293805445109,-1.02761347405027
19,99,-0.123586597852809,-1.27708349717656,-1.2407396044215,-0.65885260334923
20,99,0.171203621256424,0.574162737805118,-1.81509748009378,-0.663689105736595
21,99,-1.62992880855725,0.702102117759711,-0.124387483583123,0.813678674003362
22,99,1.04127695559252,0.221099728905936,-0.223778774153928,-0.997841598039221
23,99,-0.853636925326967,0.457730613329265,-2.03776038939113,-0.0668029480607447
24,99,-0.0060525593447319,0.531357111735343,0.971596622034851,-0.880564017305713
25,99,-1.31194684110466,1.66668467697504,1.11978070509208,-1.40796976358875
26,99,-0.212495457127132,1.08741772260922,-1.14898486999584,0.234516486763291
27,99,0.130176175427395,1.48002916927764,1.1616922993129,-0.73193423232844
28,99,0.983363008064017,-0.418247546264269,1.17409313717225,-1.28138445975033
29,99,0.879846815103317,2.72943684341526,0.700716699274987,1.32625726297836
30,99,-1.80965151874815,0.591920369270647,-0.124657414921434,-2.3676673676808
31,99,-0.146286053272953,0.917241166887798,0.916885757529124,-0.206050979024133
32,99,1.39164385925301,-0.249129072071443,1.00310795464347,-1.07146486378009
33,99,0.020442833661062,-0.00642143507721136,0.222885085132345,-0.371471478374332
34,99,-0.102436391106754,0.00733043846977367,0.0405825232099117,0.130374175679249
35,99,-2.52572086022124,0.629496995226741,-1.57238610586672,-0.650693654744601
36,99,-1.95556896272927,-1.68503873493218,-0.453605150510417,1.2855691499838
37,99,0.0350592831170643,-1.14643723094978,1.02885852632293,1.70664213123866
38,99,0.77250278725156,0.674367136795342,-1.8658887843587,-1.15417650384337
39,99,0.308252870539687,0.430707570516479,1.46232162908309,0.468953906097086
40,99,0.862830591263115,-1.59035128558604,1.11413708173006,0.478641483943199
41,99,0.514829775191791,0.903894323521215,-0.346471415613901,0.847738221471086
42,99,2.70503414340164,-0.835050910041881,-0.331897874518343,-1.02668769967277
43,99,-0.564795898631484,-0.932320178177669,-1.20142727340253,-1.49854207959512
44,99,0.187371003486586,-0.654901562709882,-0.757611090172151,-1.41689092112134
45,99,0.24068910197556,-0.825489598194226,-0.916040707506934,-0.942336569137556
46,99,1.55188494922997,0.206685904136702,-1.75988517902759,0.363482466768495
47,99,-0.0340834779376137,0.68344145246259,-0.202530401322641,0.0433165633402139
48,99,-1.27510400669911,0.644352367100197,-0.744572789342202,-0.0204438872792349
49,99,0.133990229407988,-1.23622598026845,2.03706379959391,1.32527174080926
50,99,-0.568622118388244,0.908294519791539,-1.06709876171623,-0.527224563929148
51,99,-0.477083408597921,0.361043297502995,1.14745241654467,-0.091997306955364
52,99,1.6627551352894,0.276679815755482,-1.15842793788263,0.379358290920972
53,99,0.0979995796915381,0.93157998879707,1.15003056185635,0.482076750085068
54,99,-0.709096689532354,1.02991591947143,1.75781563863373,1.03282073415609
55,99,0.249339229617174,2.40520448039394,-0.810891721543672,-0.522622754327542
56,99,-0.273023236144087,-0.947147293075581,-0.409972673527239,0.744801632826823
57,99,0.325856041811195,-2.26174915469572,1.68099107319022,2.05394850424897
58,99,-0.312886521902576,1.36879288346435,-1.69057582188688,0.622312662175946
59,99,0.389044058896719,0.418093455615054,0.891095042963106,-0.390441960236122
60,99,1.10356962231399,-1.16979151790948,0.434773503483169,0.0433505854896262
61,99,-0.490733627318147,-0.676543286916751,1.85819055356024,0.88433900115206
62,99,0.646034504388688,1.6096596296018,-0.0429688853789521,1.48033705240357
63,99,-1.54558428404612,-0.787686693073309,-0.0310486368359661,0.066304920535133
64,99,-0.493524995436213,0.0336196600297204,1.60636137658711,1.07554190904611
65,99,-0.050697885387292,0.0986420566895224,-0.323098230934523,0.33913922013181
66,99,-0.227800456720772,0.457409409534075,0.671426728051288,1.32229287174467
67,99,1.53197813895915,0.206270683021028,0.630474655388993,1.38618268530151
68,99,-0.431820333374188,-0.484034755942532,1.37289081046303,-1.57464165338333
69,99,-0.586130580882732,-0.122102383258129,-0.473382729618576,-0.802716921144037
70,99,0.200093649755348,-0.794106389330132,0.495094271856997,0.951052612723618
71,99,-2.75806120602759,0.275636568110705,-0.73538649664289,1.00512938408295
72,99,0.333274629652304,1.05993481998581,-0.00458878080912998,0.580534414579905
73,99,-1.10222097613668,0.425133363818374,0.565298010290413,0.343772555380458
74,99,-1.24293280485282,-0.955504963661122,-0.393575530874618,-0.0881827306624389
75,99,-0.928451439527149,0.498969381845814,0.365634737828738,1.19356273598515
76,99,0.197030841323659,-0.813283767112423,1.26988191147392,-1.14837609560988
77,99,-0.312107086775065,-0.364337966596938,-0.179985413087616,-1.17169828457435
78,99,-0.0948039552866608,-1.13549421159755,1.47669666046375,0.473216309201813
79,99,-0.135571975940989,1.09373351993064,0.552897790996085,0.477140642707669
80,99,-0.139957893780914,-0.43236439936435,1.24004477951195,0.631075234264674
81,99,-0.234979780682253,0.460457141004911,1.22590213215599,0.101792449833888
82,99,0.873301154791745,-0.306035363541976,-0.705509063266863,-1.98662199894459
83,99,0.701330957526612,-1.03456657551914,-2.70590160249698,-1.4339932057742
84,99,0.511727234612102,0.224121286333795,1.27666964589399,0.821156523393435
85,99,-1.95636628330983,-0.508653353257855,1.44565873810592,-1.07675898599361
86,99,0.100888778220716,-0.555798552330538,-1.81112573244129,0.288568113514189
87,99,1.83048730499977,-2.76994732463629,-1.18884163464084,-0.655976287778588
88,99,0.521129897339085,-1.76563495524533,0.664943468674694,-0.152441822887171
89,99,0.508350315960521,-1.7762592548766,-1.30147463830853,0.725537699893691
90,99,0.0563656272467228,-0.250240043442605,1.25774706446326,0.701923679712797
91,99,0.212261503006003,-1.27526712291764,-0.26072230770444,-0.512607986685883
92,99,1.00973510296743,-0.577436988082893,1.80292639058632,-1.16755239690479
93,99,0.279666188949501,-0.66260700221499,0.570447883961059,0.016170322990175
94,99,2.40087411882666,0.448103419650245,-0.504215979984683,-1.04184144212674
95,99,0.542129898628079,0.831227614278298,0.412056719602994,0.416244816577869
96,99,-0.0788190354986709,-1.07049638537112,-0.337119541969156,0.0755423892186051
97,99,-0.283024087982537,-0.212765984935937,-0.502591938854873,-1.36152395221026
98,99,1.25810693207262,0.256889465745861,0.502668092042386,0.347421003065583
99,99,-0.0966318232186814,1.49104514550891,-0.286446213288133,-0.304108663674916
100,99,0.242338620022967,-0.537440812411051,-0.564689405301604,0.158988818483178
101,99,-0.945274773342596,-1.10880414222932,-0.842946290989564,1.83256074564514
102,99,-0.20699101241922,1.71339764080672,0.774210419397564,-1.25696794358849
103,99,-0.0390628981393678,0.312671593820879,-0.36469246633572,-0.719938087207695
104,99,0.387956467640018,-1.95452895182688,-0.186725546576926,0.832737347757874
105,99,-0.845266487156176,-0.344928430314958,1.29607669923456,2.59775150543271
106,99,-0.45121941039138,-0.331643727646716,0.306152181167731,0.815606732654025
107,99,-0.299606969601632,-0.0255673918692526,0.668195256008545,-0.945405443528209
108,99,-1.18139295799401,-0.813794354291117,-0.898269696840077,-0.464437705841094
109,99,-0.112219115173132,-0.641376358607147,-0.394151871147364,0.331335129895715
110,99,-0.660175805293505,1.88722452693729,0.71466442585181,0.00455960784758385
111,99,0.642606512423009,-1.32758629018555,-1.16447933143498,-2.07256433963211
112,99,-0.892588043259915,-1.22185438967387,-0.440296807507745,0.443211694440349
113,99,1.69899033392718,1.52922910423524,-0.866459980559901,1.19758050918762
114,99,0.274315782629962,0.272098733698087,0.729114696072838,0.152150620871634
115,99,-0.0300880498294736,-1.4455987847966,0.484491858511649,0.87267687296965
116,99,-0.153150856253766,1.70697671736573,-0.347000938009154,0.221140137117318
117,99,2.05137246127979,-1.46150011469445,-0.598797375108279,-2.03597701424085
118,99,-0.295693965562088,-0.161410567973483,0.377192609486565,3.42005405523994
119,99,0.0255445022890759,0.593701528639426,0.769090703320523,-1.28318710966117
120,99,-0.143114302011141,2.87835671339081,2.60165969838297,-0.123010557094265
121,99,-0.760866152005879,0.131688426432006,-1.0878520689508,0.304855983796667
122,99,0.133049819170057,0.0398874154617266,-0.539162859225597,-1.6545298855814
123,99,0.0298587643945227,0.575597016690897,-2.50452138693007,-0.224906098175544
124,99,-0.275662867988641,-0.789175587366876,-0.354315636698088,0.877715164757238
125,99,0.187401101381728,1.13304123377452,1.73273914741167,-0.659226501577133
126,99,-0.301778997283361,0.750841594964271,-0.738209139975209,0.43170285675124
127,99,-0.39349370430979,0.291183701427698,0.256138657154115,0.229427473220086
128,99,-0.0650396485506528,1.38428134707944,-1.10448846274356,0.552252044156021
129,99,-0.148386376162409,0.229382489491753,1.40005697786096,2.37846214883394
130,99,0.368762327994008,0.171904008894445,0.868003693811452,-0.398640620357178
131,99,-0.198806760705584,0.61210277503883,0.816745324065573,1.31248392947548
132,99,-0.781262186304216,-0.890064697882592,1.24655802494228,-1.56883268881892
133,99,1.83135908260938,-0.37283594065634,0.697193622969763,-0.439299065053402
134,99,-0.544689030515909,0.816034275305773,-2.60598958418397,-0.743856950460071
135,99,1.31750216919989,1.55248355833278,0.713076977610884,-0.702745343877965
136,99,0.396977599890603,-2.23369720908231,-2.06393421976103,-1.06220786752792
137,99,-0.793586823296553,-0.108772183513974,-0.289989433172665,1.00603973611407
138,99,-0.324327852722449,1.05673179231712,-1.73178150051771,0.270971665959192
139,99,0.105506992804776,1.03552437181329,1.12324565352302,-1.49752771091456
140,99,-0.768167801015639,0.750590177595284,-2.92152620358971,1.05738796900091
141,99,0.282026505903411,0.519998621506229,1.34882777550244,-0.492136615553896
142,99,1.26180331943953,-1.04872137145368,1.19376029083254,0.941773210630624
143,99,0.477771411011222,1.24266558819478,-0.323603406018744,0.184148156896422
144,99,-0.0651978633359186,0.106725369628757,-1.97815937610099,-0.881549387917749
145,99,-1.22438537060447,0.218370124422127,-0.503347091773,0.390172081176089
146,99,1.32692970141819,0.647292537850286,0.572593345274688,0.18909748015916
147,99,0.290052723458081,-0.0112579052242862,0.966766040879403,0.600255896549891
148,99,-2.53930809451088,-0.267624545045818,1.48402604189941,0.845384966961075
149,99,-0.466207075499557,0.205020010484316,0.976224167986363,0.405460934329883
150,99,-0.214700451617677,-0.44241304472838,0.432962015623387,1.52212532190796
151,99,2.33342921307023,-0.637357349798269,-0.0107225102232497,-1.17193392521265
152,99,0.775990465645896,-0.491716431903435,-0.258977257087655,-2.61071358379393
153,99,-0.982595885966599,-1.2897140914426,-0.338428127835909,-0.0170257227053614
154,99,1.19908829960423,1.54471693025171,-0.476342967494576,-0.259245913071555
155,99,0.83401042234034,0.859937382139099,0.377261614399604,-1.07008418324276
156,99,0.0221609677414537,-0.0154952256485452,-1.1798664110558,-2.13316339738911
157,99,0.522840546608438,-0.993202862331392,-0.739361529121798,-0.049645161773195
158,99,-2.434395906185,-0.116442527233183,-0.745271688172085,1.20960656853576
159,99,2.53008313642332,2.66264744828032,-1.09234265432056,0.182533691742354
160,99,-1.39516323095758,-0.0633536533144855,1.0873348880272,0.718191855137082
161,99,-0.274355493507642,0.529737664012199,1.03582118983814,-0.471446557329571
162,99,-0.464461442565354,0.843809620948534,0.882383701836261,1.03149582984938
163,99,-1.58489593010628,1.55289693708232,-0.793243902470654,1.88451918330035
164,99,0.617161699579833,-0.422416573574744,-0.819475945615308,1.17624008793204
165,99,-1.41576800293449,-1.42448242401231,-1.19123252924938,-0.529115135932789
166,99,-1.11229110459535,0.883607156768585,-0.442352751872446,-1.24876617982283
167,99,1.26330068592302,-1.03062072486624,-2.77816853081358,0.777896584189502
168,99,0.85698865846869,2.06907591580718,0.146702772295218,0.116468949333987
169,99,-1.63690185825412,0.0697156038900253,1.4668629149083,0.542904621603832
170,99,-0.64432350863675,0.54469228054056,-0.33059910248903,-0.641203225229637
171,99,0.486546461605524,1.13717373537813,-0.857354822801503,0.333485983517188
172,99,-0.348917850535039,-0.556208889776875,-0.506411560746938,1.0060433754546
173,99,1.28089409397887,-0.0208889290714993,-0.739873945025681,-1.53526554979796
174,99,-0.324588396629561,1.16409648606597,1.34828761260154,2.2912279268552
175,99,0.815921685368276,-1.0759270031069,0.871299170195636,0.800762268299034
176,99,-0.0513525604318964,0.330589904949394,-0.682085434611423,0.124065287638768
177,99,1.03666622862208,-0.108253417416515,-0.637460337217932,-0.777497363613954
178,99,0.442845607754369,2.01660788393153,0.332057341109521,-3.00503651841125
179,99,-0.660669450254628,2.31606197177986,-0.298218194164641,-1.13372843363795
180,99,1.13291027276533,-1.25524666360302,-0.0485239224029668,-0.28049635767348
181,99,-0.951360957871043,2.41113770964568,0.614497134802698,0.951293588265651
182,99,3.19209797264073,0.740078977455183,-0.605237492764823,-0.235511134871222
183,99,2.15369943382926,1.04017863020213,-1.5761462275672,-0.663983171468234
184,99,-0.667801869544167,-0.701214994842436,1.29333016055759,1.38398140771211
185,99,-0.255818591046878,-1.97806847784277,-1.46992892893468,-1.22372086153812
186,99,-0.893239365385972,-1.589702999476,-0.399975272326969,-0.334203178798455
187,99,-0.829740858631205,-0.648580876772329,1.69857998454134,-1.00080611539902
188,99,-0.849745430089985,0.605670244536745,-1.27254732391293,0.569337288654197
189,99,1.54740620317792,-0.887155741699266,0.838155821490245,-0.679605062464163
190,99,-2.37177538417245,-1.4800129983975,-1.41831783697426,0.164495729431566
191,99,-1.31938566185217,-0.322221623288358,0.642419352645498,-0.878144141163029
192,99,2.0315836989893,-0.0177653893588006,0.721190588877413,-0.673826477765961
193,99,0.279393873120483,-1.14474921486486,-0.999805052042361,-0.615483309579898
194,99,0.135055755459177,-0.615087340390276,0.461479457728649,-0.101583183675612
195,99,-0.502618195417461,0.622133419145435,-0.661815381733799,-0.811610737981582
196,99,1.92090744455619,1.50812829580464,1.06739100707625,-0.995501237933039
197,99,-0.96437072377079,0.606539144137031,-1.30010950706454,-0.292452746480285
198,99,1.36573723016822,1.85316326116045,0.60398735310233,0.289771390513502
199,99,-1.6607949318919,0.593609645490701,1.95369414673107,1.34480243263465
200,99,-0.571750882388813,0.134613468772745,-0.184975587947717,-0.607475727966103
201,99,-1.52022998346585,0.691189527174844,-0.815471482099961,-1.28636523515565
202,99,1.4796240602238,0.639053525929337,-2.52095828976797,0.0532007256651109
203,99,-0.564371548111567,0.347014465406575,1.48080001574038,-0.544460700566909
204,99,1.28038351409545,-0.361909963431158,-0.928303384474614,1.38479317169089
205,99,-0.32715285780757,0.650817315581554,-0.114267276931909,-0.463754200090074
206,99,-0.425099795693002,0.384247265563204,-0.542282663245975,-1.64199614785368
207,99,0.00812750737505782,-0.149025036065029,-0.430871299080355,0.594544436975268
208,99,-0.491719763743414,0.276802906131674,0.0700206968030001,1.15449699652048
209,99,-0.214374420263375,-1.55225934243725,0.262989752574722,0.799315465583155
210,99,-0.532924901310125,0.0959388007176924,1.21689959598424,1.31412110535575
211,99,-0.343017376798401,-1.00050299539713,0.108288822466516,-0.627723947360159
212,99,1.56342258240234,-1.88532855983686,0.962541382834163,0.247610676279981
213,99,-0.899014892229782,-0.0222295554803354,2.52322850609999,1.53750454649637
214,99,-0.801394754132114,1.23742428554613,0.765389863106904,-0.213658032814667
215,99,-2.82301511733238,-0.324324144679022,0.213381296038125,1.15883869925314
216,99,-0.270958452300134,-1.2424074086071,-1.32722893150488,-0.136590804168633
217,99,-2.38304727777159,0.128431249338307,2.58255842391138,-0.617725884008451
218,99,-0.482098449295128,-0.0813377783290276,-1.35237109172364,1.60115258476554
219,99,0.134064141916606,1.70212491380066,-0.420924427035458,-1.38254033440189
220,99,0.439860232750738,-0.544981507385756,2.26273015375115,-1.07398354784346
221,99,-1.33261233474892,0.0693701960481232,-0.436031432779199,1.77815304809457
222,99,-0.329254051136787,0.717650787789299,1.35429799893047,-0.264254377458238
223,99,0.759623436245557,1.35093508678374,0.489941945066092,0.315530947220831
224,99,-0.703083378145243,0.761797364266811,-0.438467707434604,0.312640590899761
225,99,0.25006334163174,-0.312921056242688,0.478953537002912,1.51075841832714
226,99,1.07213645861048,1.88500023961439,-0.735504533386753,0.00879247547795592
227,99,1.58436092942879,-1.18386691899552,1.26134647818191,-0.356959159316428
228,99,0.15773511663194,-0.0553165433063425,0.312605565421821,1.61428355948705
229,99,0.713849773382735,-1.06300749802268,0.382011463368291,1.66819049910154
230,99,-1.23865709402652,-0.558427377664722,0.80636290753418,0.918738685365224
231,99,-1.16751633171832,0.517695392135684,-0.974319122710458,1.36102478054563
232,99,0.712788757568142,-1.04651330673446,0.216460705328092,0.612002875621251
233,99,1.58706059650241,-1.74904338890138,-0.356178814205032,1.37993080783523
234,99,1.23765340883969,-0.208970841263192,-1.43852410725217,0.532871594853775
235,99,-0.23028218240876,0.91709459073341,-0.275343107856382,-0.351598197677558
236,99,0.778723271658561,-0.715764890160075,0.245216890352729,0.689709442326561
237,99,0.262874484744351,1.24344025142676,1.8613255490439,0.382001448114955
238,99,0.896101884859016,-1.3706447616322,1.34830308261941,-0.606736385077658
239,99,0.657582536430137,0.782610029409352,-1.11674942613446,1.46925193536025
240,99,2.08630141395372,-0.068590427673758,0.00122712005289517,-2.64131566879046
241,99,1.45104055614799,-0.963518181245958,0.246035925575603,0.0483172152431833
242,99,-0.704622652513659,0.490776058230084,0.561849093682296,-0.115471081858726
243,99,-0.927030226026998,-1.55254652497998,0.823442545877432,0.0843567652280969
244,99,-0.00208806056791162,-2.30085921352801,-0.479244500437541,-0.519933483784113
245,99,0.802063544868837,-0.518600337104933,0.153716853041604,0.877233017404797
246,99,1.72085054592119,0.924479052083655,0.102098439836269,1.43883017359775
247,99,0.908747302783119,0.408541991955836,-0.35394233170838,-1.4218976554877
248,99,-0.602716096429131,0.602221523411613,-0.151967164382797,-2.16685737937221
249,99,-0.00915041564460656,0.12231151986087,0.910886472883175,-0.247958845927417
250,99,0.773472306983228,-1.4274397682684,-1.5300876390312,1.50227667577789
251,99,0.40000032478667,-1.50726775852692,-0.515105567936342,1.35513559512362
252,99,1.92514596492981,0.0816279531370833,-1.7269644149741,1.77259865551946
253,99,0.596038667211323,-0.429950895053696,-1.24027276584074,1.6937685373966
254,99,-2.05437995741792,0.313072814978441,-0.798085392427189,0.602749883723804
255,99,1.24691122439704,-0.553468917062919,0.409296067856843,0.257941558954951
256,99,1.96634803187381,0.146694761900836,0.0889552214262069,1.46762417805074
257,99,0.467918548358475,0.362372531207789,-0.376267429461476,-0.207551334992212
258,99,1.36800716701592,0.77640283831328,-0.268327822617172,0.419699276287736
259,99,-0.468556511898365,-2.17294053168035,-1.07077252839308,-1.32680441809612
260,99,0.331237300279329,0.914270475157173,-0.946771217603382,-1.083888016673
261,99,0.689228307837161,-0.647049849117034,1.30755804253888,0.606865234181817
262,99,1.47354562357944,-1.75567763009246,0.910114048372676,0.138171655572463
263,99,0.226942995264146,0.18089389750803,0.162342513290227,-0.358700239755362
264,99,-0.674429730125306,0.12715997737271,-0.416290624872644,0.55260900445106
265,99,2.18889625112615,-2.14337721944277,-0.349474705720897,-0.891910873543747
266,99,-1.20365453439938,0.887824271889549,0.203455419966545,0.405494870411018
267,99,-0.984395156466287,-1.82013402486193,-1.51492981316007,0.842860586106395
268,99,1.22874264058189,-0.389157320245078,0.246959969261035,0.670743053735842
269,99,-1.2448407772848,-0.288199581630995,1.67973840314951,-1.12168235500835
270,99,0.991767536227243,1.16298697723094,1.1441495542857,1.08942619519929
271,99,0.211841220591209,0.100122925003755,-0.188163441489307,-0.509277665887368
272,99,0.168407809768083,-0.483566483891908,0.966979249404397,-0.552011798970886
273,99,-0.58921534568983,-0.557655459206697,-0.0700310091205868,0.440101898648072
274,99,0.637811022191942,1.28417054698879,0.215644882408579,-2.54001870161257
275,99,-0.202287586097031,-0.856178660180207,0.819296344507142,0.603600675287118
276,99,0.937366671865933,0.628157538800456,-1.23086963220976,-0.69379457688512
277,99,0.474517257658774,-0.87278772184753,-1.53993206064354,-1.44762649116371
278,99,-0.555246572118711,-0.331296660556858,-0.935025321570541,0.112635179982077
279,99,-0.236805528413564,0.457279587167913,-0.987177619179888,-0.153112125772566
280,99,-1.40609598041018,0.41923397165773,0.0256909925675761,0.28259415411521
281,99,-0.522433875951046,-0.251379074834268,-0.0534868545206249,0.969712227875343
282,99,-0.407017728398992,-0.293106526784109,-0.900577521077971,0.271098104441535
283,99,-0.566962651959605,-0.818285078339062,0.57839330281328,-1.04359667253426
284,99,0.18797623459929,0.861098865980061,1.31849462817183,-1.46460513862338
285,99,-1.67884420989584,1.2081545089756,0.756725384354067,0.842229219546165
286,99,0.118768018407604,-0.608823813932049,-1.63585802618829,1.23836321801076
287,99,0.159986737035496,0.118509076663789,0.33128219278716,1.33946870978356
288,99,0.603875193340518,-1.68120501326551,-0.541584311701767,-0.831793858535635
289,99,-0.51228219440948,0.536520877338991,-0.340721946374833,-0.26407722368084
290,99,0.0970382652241743,-0.710750578066491,-0.492619181240028,-0.112945746679165
291,99,0.337056278920514,1.73803414001692,-0.241146518126845,-1.33773895693122
292,99,-0.225121914611267,-0.813688001178425,-0.3789699362461,-0.0946340736142656
293,99,-0.273733024283782,-0.0364335976472177,-0.681681885723486,-0.431959274327379
294,99,-0.530878781008486,-0.137361666163408,0.660937219302727,-0.0786973062719821
295,99,-1.17146465182314,-0.264049474906088,0.20442576689542,0.99356080644926
296,99,0.209506957980411,0.29402011259508,-1.32713163341658,1.27335268543247
297,99,-0.209199841009522,-2.93672349045835,0.826159057345945,-1.15814204489284
298,99,0.785088342767395,-0.0798323490091965,1.32524355880803,-0.847529135981897
299,99,-0.571899500494302,-0.364739362589279,-0.304293849643493,1.28830763184489
300,99,-1.13709352183334,0.858728492506051,-0.524583509603508,0.424517217201606
301,99,0.236462194871934,0.650246187724799,-0.06598526721241,0.801151658254108
302,99,0.608501711106078,0.195634028845232,0.691032707991189,-0.27495075951501
303,99,1.19372613430719,0.220133844831071,-0.900427599483348,-0.33041052177719
304,99,-0.259247726435126,-0.46772472454005,0.398647407617596,0.927047357249853
305,99,0.936651691945738,-0.918812083175394,-0.597114457548772,1.01169310873408
306,99,0.222950360998383,-0.934925833913412,-0.305379046669197,-0.218597075185855
307,99,-1.3760089097315,0.0387374410819646,-1.40262576802718,0.77305716948094
308,99,-1.1341431940129,1.70292732399794,0.353939564608065,-0.148817927744444
309,99,-0.0407025487701154,-0.545780627565379,-1.1319228411974,-0.740917315221536
310,99,0.399564531895879,-0.160503913360076,1.3116488389436,0.949307293384175
311,99,-0.457137754175098,0.535682978897895,1.09187953175249,-1.39212286420306
312,99,0.985975430122688,-1.55757011276571,-0.295689220759207,-0.644571412078327
313,99,-1.38500878006775,-0.71888232044433,-0.488754495436901,0.981095985611324
314,99,0.495848503484451,-1.61599176504757,-1.59142425610607,1.12597493104956
315,99,1.01037866709002,0.38861691688307,-0.314363696360826,-0.948323709877411
316,99,-0.447887438562819,-0.140196301909226,2.25640036996042,-0.164314789400773
317,99,-0.695125776754621,-0.592771719794775,1.15736162116395,0.744819126958704
318,99,0.366661713699843,0.195270001954916,0.573457546498398,-1.19328893459818
319,99,-0.947717076511005,0.33931496993885,0.137742613282677,0.0130758732659478
320,99,0.800635575916355,0.0940044634241157,-1.9784224364631,-0.411549154531985
321,99,0.62808667728191,-0.00499870077471064,0.0732327909341577,1.58870671050285
322,99,-0.34992347983062,0.185477710359698,0.355905203920224,-0.0253486289464978
323,99,-0.479385763799248,-0.00418062092408749,0.564184903293378,-0.578154894890187
324,99,0.508595039856211,0.752627952859257,1.09256572503507,-0.0690092939662008
325,99,-1.32704942258303,1.37145246619692,-0.0145867971115238,-0.634824813272597
326,99,0.426523501211801,2.3922036209829,0.083060985371036,-1.44517433243746
327,99,1.03104839030821,-0.688458819083566,0.140548403388059,0.236821011558771
328,99,-0.193631656442968,0.402199513936845,-0.291274647628543,1.28293635902493
329,99,-0.915194302157237,0.714775402597739,-1.02868805354739,-0.646730216749659
330,99,1.07452444157136,0.279983924542195,-2.01168348680486,1.22386653024247
331,99,1.53026836633583,0.368236930892312,-0.924657258165264,-1.15212318433101
332,99,1.92637311003897,0.862921418894548,-0.90062148279175,-1.35471035631649
333,99,-0.534218613269514,-1.8755179520799,2.33182312194479,-0.784453754159386
334,99,0.119632407906293,-1.14169543544734,1.2366252508123,2.40152039116036
335,99,1.01163006110148,-1.13711331322556,-0.749354480756711,-0.344215672186169
336,99,0.278997378207423,-0.715939307122054,1.18128059704737,-0.380571645046866
337,99,0.0850928286068807,-1.14335084969232,-1.96878441025248,-1.48517323382817
338,99,-0.32377609304683,0.291085734219313,1.07961225438218,-0.124464576023162
339,99,0.787606604647803,0.908986932468198,1.24937786426135,1.855806462086
340,99,1.74145901147489,1.47834572711341,-0.52288891479683,-2.45126094684774
341,99,1.43351436278114,1.05370851310346,-1.56965534009908,-1.54664381994415
342,99,2.06073235385606,0.644599229017418,0.770924515005604,2.56925804435158
343,99,0.0188545918517573,-0.386007880002655,-0.288973411095765,0.265994807207202
344,99,-0.895977018885497,0.990376689172433,0.617455368953723,-1.15173720237764
345,99,0.265808197925257,1.70486557927786,1.28323786081531,-0.0185165747155372
346,99,0.351083414271489,-0.569011981251877,-0.316558125037061,0.747804956067282
347,99,-1.2451172188586,1.38222388023522,1.73076306230336,0.595285359705521
348,99,0.439303485547887,0.706436699442769,-2.79070346897539,-0.549490451693458
349,99,0.839107368382977,0.0229283449190594,0.114633945811731,-0.159443770448449
350,99,0.840711400320929,0.54674587317837,-0.873411021196496,0.0190216772720149
351,99,-0.0938147010367943,-0.498196434308769,0.855007254657151,-0.767026911145596
352,99,0.416817236287902,0.0881179786148227,-0.268419840805169,0.00764611786991621
353,99,1.18026712055672,0.262524976538857,0.672937095568749,0.83113481919424
354,99,-2.00402768587156,-0.234952878310493,1.53446390405944,0.610658571500761
355,99,-0.2991864796775,0.903687265096551,0.300487630936153,-2.63414463359165
356,99,-0.741717232348067,0.44341182612595,0.071723118165219,0.815956618862704
357,99,0.161750292127674,-0.370390855818817,-0.828227614435984,-0.489569020098397
358,99,-2.10168582364793,-0.677185619896589,0.702322571036794,0.304056629253678
359,99,0.0909532624719523,-0.253216375033149,0.0666317563183623,-1.08293960516547
360,99,1.36451604719726,-0.278470867607646,2.96219091812512,1.0414091711464
361,99,2.01814737229588,-0.953961520101892,-0.537801075342806,-0.242519408476548
362,99,0.154272589251891,-0.616326232327624,0.194523196646115,-1.66622682584144
363,99,2.1259804196885,-0.606195082797,0.858979138047531,-1.15183595874852
364,99,0.233649536584321,-0.287288721029319,1.8488070510003,-0.321392182031952
365,99,-0.268150310574238,-1.01553819070266,0.101035861171041,-1.67487304936586
366,99,1.02640442522123,-0.624701741972108,-0.628556473920378,-1.88836793645692
367,99,0.34298315735372,-2.04549342245466,0.758129461296015,0.179096121592387
368,99,-0.95315994926415,0.460508921855084,1.22909151166037,1.48968295339159
369,99,0.525832724224918,-1.46181564813267,-0.985414363727605,-0.004928200548453
370,99,-0.703678776449574,0.357066629398605,0.59945918178379,0.25314459100149
371,99,-1.59267643267769,0.935219726711009,0.553392224670822,-0.226393875652065
372,99,2.1021149886553,-0.518373516335797,0.713545299812749,2.60134780793591
373,99,-0.164828448779518,0.583533300179719,1.42039493584498,-0.0641562079750695
374,99,0.215963122134529,-0.737899553257227,-1.1064022912188,0.835846724414749
375,99,-0.581443660853689,-0.527367323521797,-0.224338554873175,0.333106724487721
376,99,0.885360039340983,-0.641288589025825,-0.287025246335014,-1.70617499961459
377,99,0.642205532254107,-0.119823368242002,-1.20967745297063,0.367518493049734
378,99,-0.653129433867283,0.025079056837161,-0.765303319935375,0.196460005507281
379,99,-0.745819961897292,-0.315159072139392,0.248376324118317,-1.08505904251573
380,99,-0.705795728859343,1.25020404441354,-0.291727725867385,-0.798603658518067
381,99,-0.802094674053502,1.05018363652295,0.906781399062973,-0.026077359128719
382,99,0.100763585535616,1.72869112917322,2.45819676020278,-1.30839072440369
383,99,0.158105138580032,1.48303887333439,-0.738522827753868,0.297649210910014
384,99,-0.374544863027746,-1.13846206625099,0.988345428114721,-0.304651798203824
385,99,1.39598969779059,-0.106225498174803,1.73359990868268,2.03920141432353
386,99,0.456010842082497,-0.271421690856834,-0.958589875284287,0.379427848721144
387,99,0.201296252003536,-0.0170147625199277,0.597392958825777,-0.622080767208528
388,99,-0.489034566571962,-1.17229749737294,-1.26804618318666,1.74126117588665
389,99,0.993095452315031,-0.675087668484518,0.777531821009465,0.246421736114795
390,99,0.225715140671028,-1.36047825737065,-0.984575183437407,0.365456073557155
391,99,0.0121892878062671,1.06494842049132,1.50418632783804,0.271977729183606
392,99,-0.709133177275017,-0.220164144710945,0.151792495649359,-0.01581641062829
393,99,-0.584190633946033,2.11020026322374,-0.0720843403632469,-0.0064215636775799
394,99,0.539224316152763,0.571293127104556,0.426679465439277,0.933386843600004
395,99,-0.574916068416128,-0.433977366106297,-1.63197253359559,0.249250794232142
396,99,-2.16220430256667,0.799221881092948,-1.72533031530626,0.793787224599442
397,99,0.909734315908746,0.587926651163133,-0.787750297742358,0.324317152230124
398,99,0.83261906915355,-1.50686507975254,-1.03509488709621,-1.57825471168022
399,99,0.0865995105237364,-0.730456942038208,0.040619765781364,0.112503721250615
400,99,-0.833165731457336,-0.196093760532817,-1.30316222579821,0.109564928903921
401,99,0.313049870553982,1.0747159187887,-1.86136941537186,-0.0237740340572767
402,99,-1.25275617021509,-0.826882397218804,-0.202108427019577,0.0195231303935795
403,99,-0.586005288920726,1.09666696482194,1.04059358851804,0.293767400804338
404,99,0.674625537988419,1.31565200026924,0.279992364082978,1.2628112378163
405,99,-0.0723191994420442,-0.579084055501036,0.25268374993493,-0.682046567079246
406,99,0.690962000914446,0.917531212337131,3.95229628626675,1.06293567686086
407,99,-0.622826848414333,-0.780444381812946,0.596443514609954,0.828711881294127
408,99,-0.372223915519459,-1.80673583690296,-0.429649421509084,0.545653164984468
409,99,1.17297406960299,1.10976690144501,-1.26975281758717,-0.814420155972897
410,99,0.0694490888065705,-0.616845732290617,-0.565313956537388,0.646675160318173
411,99,-0.123688841387009,-1.1278120415226,0.298148246984505,-1.41803573396911
412,99,-0.801637420077006,0.619916530322209,0.637964156208953,-0.875843087375424
413,99,0.993704207876692,0.660113141149452,0.176613384790023,-1.41052930470439
414,99,1.95591095133029,-0.507748411529031,-0.69201762935047,-0.851695687946464
415,99,-0.282973257201393,-0.998800794187875,-0.688544182460686,1.51795445302194
416,99,0.525781344441804,-2.20439315203193,-0.327558310154811,0.731899847964273
417,99,1.52172008970905,1.06981490509324,-0.0660306709622023,0.72430374064192
418,99,0.650710238522141,0.0131603380010078,0.525551827543397,0.175097368818665
419,99,0.613369805863043,0.546974323162066,1.41083235404409,0.0677257897299965
420,99,1.91603149916169,-0.782673058153773,-0.761801258470703,-0.931805714995123
421,99,2.46171505575078,1.58842084198657,0.573755787665416,0.785103160888921
422,99,-0.514655412043893,-1.8097568574311,0.316112844737938,0.30414422787689
423,99,0.0354424200433203,-1.29047975778561,-0.998202880885175,0.820395674150717
424,99,-0.2170410208694,-0.870514103485377,0.312757301418276,-1.10288034546596
425,99,-0.0223525756954617,-0.075727947336461,1.07997129801932,1.36174189865529
426,99,-0.327480155852137,2.31074703491673,0.160244529495556,0.864866999981654
427,99,-0.231460306807177,0.87397296891029,-0.334861074223967,0.418845926525209
428,99,-0.399411943568054,-0.0329857081944518,-0.564123741334186,1.16884483884034
429,99,0.684889593500763,-1.29395764981435,2.40290043214142,-0.0598380544446201
430,99,0.129556943082641,-0.468108248371123,-1.21113974043592,-0.524887673706617
431,99,0.169425540293252,2.0907634127514,-0.785835977749588,0.123407839391191
432,99,-0.265836115335543,-0.0276937132391843,0.294005965771348,-0.788579968106487
433,99,-2.08738109887529,2.07127709456838,1.01416858402709,0.683661517324184
434,99,0.0168156428737009,0.15284892050079,0.483965267951854,-0.0178302636362536
435,99,-0.322917097398965,0.756019435892829,0.967215186600009,1.12120110603973
436,99,0.632491409784069,-0.127521947243134,1.55813524588654,0.04892418625599
437,99,-0.598005212043329,0.850276813289986,-0.224554900013816,0.449509956501893
438,99,1.58582936125069,1.18227471641815,-0.991774740318818,0.859112321176627
439,99,-2.33353915467939,0.40656631106601,-2.80415689854312,-0.213889670864427
440,99,-0.0370005742930727,0.252620168187075,1.07277983259836,-0.324352173044151
441,99,-1.21240214862115,-1.26082149836714,-0.879325154932922,0.890024820049008
442,99,1.04827430680713,1.22812018076217,0.090733146446474,0.256056523939308
443,99,0.0808629799734587,-1.16210956948983,-0.754305286639047,0.939204367371697
444,99,-0.121217314813873,-0.20375923159018,-0.586507095783594,1.17584148842308
445,99,0.408110632195931,-0.550599153995138,-1.20517256185446,-1.00655755214483
446,99,-0.349194710342133,-2.00829291589389,1.27566753280188,-0.822068941968621
447,99,1.08005057026469,0.930319353865729,-1.65140936128741,0.505466320594681
448,99,-1.99116273199448,-0.180378290822133,0.106969297824354,-2.13572752961812
449,99,-1.38593788680053,0.790435898790077,-1.39805742224995,-0.917246863903629
450,99,-0.311114627179391,-0.363093795431779,-0.191317453130909,-1.34936107471569
451,99,1.08489228473678,-0.523180314674546,-0.494342177966539,0.764086036027337
452,99,1.21776272379898,-0.558429503774998,-0.0831720037963501,-0.771193444202147
453,99,1.14457677454347,-1.27367614326428,-0.991061489286717,2.23757430135957
454,99,0.341540074160508,-1.43156239572849,0.22212462946367,-1.39773755531976
455,99,1.43496759696122,0.279043540400444,-0.301122674957561,-0.747110355856951
456,99,-1.04524185142413,-1.56261875967276,-1.39594842799835,1.54910855129484
457,99,1.5636509433611,-0.559379479338823,-1.5066481156018,0.64214896837778
458,99,0.181357638849887,-0.439033581205476,0.495949314631999,0.250229248588258
459,99,-0.113888771559327,0.318180193801082,-0.0401254168133737,-1.38645549537292
460,99,-1.16665232384647,-0.361795647323463,2.40523405401622,-0.962144246903368
461,99,2.34657891181414,-1.59494314301063,1.25517242716456,-1.08705256211142
462,99,2.0793844233783,-2.13838649387021,-0.791620790282957,-1.80134361618978
463,99,1.27090980130824,1.78546284469724,-1.96958284742539,0.572985588524918
464,99,0.337060366545083,-0.2154433249557,0.475834314641358,-0.0177428111182344
465,99,0.274430910584626,0.651485688895771,-0.165014811168829,-0.918825533742751
466,99,-1.37228754600932,0.20554558003726,-0.0795951409027784,0.390899360272297
467,99,-2.60179725848386,1.19481641160337,0.932063925891654,-0.695317763448946
468,99,1.45558811780176,-0.144884555032959,-1.06632703290973,1.11021563896492
469,99,0.917085712309459,-0.797473159158416,0.772369051112591,1.3930298657461
470,99,0.849256829299177,-0.709052168201703,-1.37310011785387,1.00394940436282
471,99,0.695118811903615,0.842036537589643,-1.62302253370751,1.86946255146681
472,99,-0.470635518734916,1.07499957601674,0.449742856029878,0.963349787047719
473,99,-0.390685087118471,-0.24416614585439,0.750876382747764,-0.361402381382882
474,99,1.96930401799931,1.3754678809535,0.27875847431803,1.09526097405472
475,99,-0.191253203009651,-0.488902387462387,0.362684874727743,-1.69483466348509
476,99,1.50465284213684,0.226731631793258,0.849617574065199,0.209271337708641
477,99,-1.19934025813991,-1.04761161072577,0.524308032135919,0.593915583936014
478,99,1.36636610808429,0.954102584864119,-0.155560093093359,-0.335103836576883
479,99,-0.651631259059838,-1.17673472135769,-1.22554008053949,-0.892370953578399
480,99,-0.351355924695158,-0.463796064706622,-0.144788433116881,0.988229573688452
481,99,0.188959281511848,-0.724628012202991,1.26309342208964,-1.22045732202722
482,99,1.73475781637903,1.22849124627753,1.44173687266962,0.888991349286679
483,99,1.11542966070449,1.38843652070005,-1.36768117250851,-0.825941978082471
484,99,-0.991085649914197,-0.854431581211119,0.213364551558688,-0.384866046031579
485,99,0.581047309638882,0.55267911360642,0.0603962563806971,0.527244175064177
486,99,0.302367219256993,0.357215071572388,-1.03246063052966,-1.00933222006741
487,99,-0.214510286328764,-0.744499656573154,2.17710575632516,-0.497504060261302
488,99,-2.40535147230494,0.863922509048057,-1.27314055817113,-1.32069286783604
489,99,-0.214068434591853,-0.316824338699981,-0.193432383105371,-0.787905861731221
490,99,1.04784441595041,-0.859655027867128,0.204758251600646,-1.07539804291534
491,99,-1.91170986108591,-1.69882732731752,1.84584248987329,1.45827940673245
492,99,0.492375439407324,0.463874636167793,-1.81458196830887,1.98607543600335
493,99,-0.032385701314306,0.436257152558019,-0.0409575928184574,1.72640885335945
494,99,0.173673685582481,-1.61046713860664,0.581084225382623,0.330068976287284
495,99,0.777313231766225,-0.681942111089002,-1.30266782126337,0.634453018299626
496,99,-0.142240807081953,0.14531328902616,0.00602558483867106,-0.520300109109251
497,99,0.18535584399269,-0.259074298819236,1.8498166442069,-0.862317267290607
498,99,0.67090206911396,0.13718622166309,0.268313256388505,0.0556639080813384
499,99,0.501123001057235,0.384876255370507,0.64394640354255,-0.179935284309562
500,99,-0.909055685988538,-0.521623630923316,1.28072944654431,-0.111989252204411
1,100,-1.34065856506377,-1.25077967306052,0.618694441399574,0.00540634762310774
2,100,-1.9015784608137,-0.149368420906574,0.890935632783219,0.799600409805878
3,100,-0.690493674450528,-0.467726458347329,0.664714634365125,-0.304083632427531
4,100,1.29775033686599,-1.66319620702238,0.56476800326821,0.25221299424267
5,100,-1.02558570165525,-2.65728349166997,0.993313247540187,-0.598539463008532
6,100,1.02031578535003,-0.320936846463757,-2.42220624680661,-0.367912981471712
7,100,1.03471280707804,0.684654336075437,0.556667391420572,1.30222701458559
8,100,-0.934772837838477,-0.725801623948602,-1.73683412222486,1.45847046617297
9,100,0.619163090631886,0.199090516811952,2.50943642745562,-0.851373077495548
10,100,0.494906610127689,0.447664295226923,-0.203826613171575,0.755787558262769
11,100,2.55465305700562,-0.017349495163655,-0.223930687717683,-0.827777431212181
12,100,-1.07143803198107,-0.60696068938866,0.424092407259033,1.65846030657964
13,100,0.0185241853611236,0.605849051266803,-0.398920431099611,1.68771617474828
14,100,-0.669203009814907,-2.42008975285293,0.497124828311167,-0.153826858544894
15,100,-0.204911364059956,-1.10726458131759,1.08160483563018,2.63427394550472
16,100,0.495797043638401,0.75240880115726,-0.849918695748937,-0.66863859786227
17,100,1.34825519834943,-0.60346158164447,-0.341747200305091,0.214489994209559
18,100,0.213675545216514,0.0917105735130568,-1.1963069796311,-1.63409953547021
19,100,1.1443702774333,0.0244439696110335,-0.814941556302088,2.60952880484847
20,100,0.117324497479602,-0.890431972189558,-0.398754253646503,-1.2070430087205
21,100,0.366972181932221,-0.708595238649901,-0.05435009262776,0.786286151395721
22,100,0.030203815483128,0.226097327635441,0.364483857945942,0.207909806020027
23,100,-0.149209655642757,-1.23782703719906,1.63791329837472,0.183080564590572
24,100,0.157983276830451,0.589144599223238,-0.246253765347409,0.278926545894426
25,100,-1.64768465205459,-0.0526132738847818,0.122997245234707,1.31283332886651
26,100,1.09652106856619,-0.447302555159002,-1.55917389249771,0.0606019209055002
27,100,0.126904510242602,0.171059138914788,-0.4863694363628,0.725384896518104
28,100,-0.320839897294625,-1.31204108738241,-0.937766456450987,-0.2999954945507
29,100,0.40521325257284,0.58571700749126,0.115275585698637,-1.52135558352773
30,100,1.27548875548536,-0.204658681421888,0.890762428309672,0.770903523501807
31,100,-1.05252269906092,0.27619542207942,0.600250483590414,0.289877913604486
32,100,0.432042181449669,-0.717334952833189,-0.613675072471312,-0.38751316522631
33,100,0.0125406192480393,0.154822860322111,-0.645284806959324,0.0340023294108133
34,100,-1.5296723085493,-1.38732194542719,-0.305350701517673,1.4549142906068
35,100,-1.36786834071638,-0.645152000538152,-0.290002529105966,-0.959937371391419
36,100,0.5179588091713,-0.259324899710402,0.936672863495955,0.915774446542931
37,100,0.494568997390447,0.954002220591153,-0.269481818726456,0.0248805784820278
38,100,0.766022501715189,1.54361210273355,0.331863684528538,0.31980607498465
39,100,-1.0447984391456,-0.498706504314917,-1.34987358524556,1.64220579952394
40,100,-1.36378787270428,-1.35963218280212,0.475097213296936,-0.0335536372037411
41,100,-0.662144922009008,0.542476996530535,0.810472970419126,-0.432969534582347
42,100,0.0445650382272224,1.42513347614801,0.851306696589535,-0.347599585782706
43,100,1.06523064242206,0.215550947817001,1.76726955694368,-0.331472875034516
44,100,0.181339453552047,-0.188934752890301,-0.50834702703497,-0.806995786156291
45,100,0.18603894316214,-1.32705165986787,-0.411726188202944,-0.587796045600168
46,100,0.727738170644664,1.10574656693542,-1.57597043349935,1.64880754200064
47,100,-0.526445539599699,-0.584488375383267,1.00359817930019,0.58356756180369
48,100,0.0849207927860959,-0.576625127635622,0.80710515762966,-0.110821964656269
49,100,-1.09915403463381,-0.892665915053437,-0.600187750122227,-0.00101585369346333
50,100,-1.63936307785479,-0.0682721020858335,-0.501535555377653,-0.852347425843461
51,100,-0.548449598064399,0.692968756534692,0.616161576347821,0.0930293547250322
52,100,0.3056017158159,-1.65884341852506,-0.412665204644827,0.823548750829068
53,100,-0.38216863072745,0.0192502195048394,-0.722164261576003,-1.36703348053248
54,100,-1.13470826461851,-1.01758439036977,0.546735562928591,-1.09157456939924
55,100,-0.500781907139359,0.147361471016959,-1.36501051210812,1.3387559223658
56,100,-1.31955720194939,1.37774412193827,-0.847348127586328,-0.343306159404479
57,100,-1.46129866017801,-1.12443363762881,0.296397392672572,0.490799512933131
58,100,-0.732837148417327,-0.2983797825557,0.185741824347407,0.0457252714165859
59,100,-1.34048242712524,0.709418088040473,-2.17452943192015,0.403583042323127
60,100,0.164850539264838,1.04112376937327,0.860591936011687,-0.327770382545301
61,100,-0.463911986940242,-1.05800113450631,-1.6357680525843,0.585893122596315
62,100,-1.22124032094804,0.228978383469892,0.393336950553383,-1.10281565254831
63,100,-1.63199697615291,-0.406341412000129,-0.175773637022484,0.455377550292018
64,100,0.77574047937809,-0.211392384550003,0.00113129610579264,0.865278074123736
65,100,0.632036184334378,-0.520818959432005,0.238215758539261,-0.842750174093087
66,100,-0.973473456147577,-0.0457272658970383,2.05486388277284,-2.16315449794375
67,100,0.466343742139309,-0.295075094403517,-0.403668113130648,0.800518648931245
68,100,-0.51701200083131,-0.0920741992017456,0.853430408316515,-0.35065625275741
69,100,-0.329032680928239,-0.552348152770073,0.531321418294959,-0.0748535423667048
70,100,-0.508477449953566,0.965538638032142,0.244920537508349,-0.302996233887554
71,100,1.61955910374636,-2.07759063502284,-1.21723689533417,-0.322759329786942
72,100,0.218804811554666,-1.2282472237397,0.322714496950476,-1.0267954192582
73,100,-0.153763912728017,-1.5660389364226,0.42912496997993,-0.772291133124036
74,100,0.73855095043645,-1.23802276981589,0.109091259924724,-0.945405353972143
75,100,-0.276524621488831,0.911077689638939,-1.09706524728374,-1.33716415454605
76,100,2.16855706561649,-0.456067578098358,0.652820732157089,-1.24882277484199
77,100,-1.61009039338149,1.39017304935222,0.619834856837085,-0.15423916224801
78,100,0.76491867440366,-1.67711125565075,-0.12478756617123,-0.883988199071267
79,100,0.00318021882911776,-0.611126772112402,-0.611104052301002,1.1289313191372
80,100,0.638239548712048,-1.24343742166759,-0.341566622726649,-1.88375041022509
81,100,1.03972480838663,-0.499926084584045,1.88748586656895,-0.197210208502964
82,100,0.877024817950625,-0.154884964276147,-2.09341579273047,1.42234880673836
83,100,-0.282596899210299,1.65884918281008,0.801618334552077,-0.282133910292413
84,100,0.346397710847366,0.443003993466971,-0.0498867392283608,-0.721459653951073
85,100,-1.63409446473556,0.493628251449299,-0.276765920037568,0.707571627011816
86,100,0.20265019844981,0.880670671748534,1.87672899416404,-0.105642598220264
87,100,0.299718449461629,-1.33838166442878,2.3823589082952,0.00942125495324743
88,100,-2.28304592923718,-2.27669018337908,0.312081035598312,-0.231602423765623
89,100,-0.480084222405562,-0.702692270851449,0.307928258309761,0.743316289310526
90,100,0.679367678963489,2.74933185935089,-1.68873836871583,0.512086083166513
91,100,-0.946333138543282,0.117294550010914,-0.599442003391292,0.670299433153687
92,100,-0.238828971723345,0.882472665469336,0.457374910812127,-0.62567218858516
93,100,-0.383866921551291,0.628414781299287,0.169470711667842,0.280286693875362
94,100,-0.821660486389241,0.514493790956063,0.189785188697834,-0.93800754807935
95,100,-1.09168760212032,-0.924464520253246,-1.57747226490264,1.4319203021106
96,100,0.685382544012546,-3.063458939102,0.541979066239421,-0.876999598223116
97,100,0.73766679756028,0.734720088613464,0.643441754363398,-0.606619715862788
98,100,0.127196956978002,0.0697931850182498,-1.49804534863137,-1.25840659321995
99,100,0.571795663873584,-0.237863680665195,1.32557476807126,0.860267443884266
100,100,0.114040716460396,0.11407865933988,0.80157920796664,0.233932985443631
101,100,0.310531184470958,-0.744593939766843,-1.7201660561206,-0.509566208128094
102,100,0.792022071155985,-0.9588084308231,0.225456551926828,-1.26901473226887
103,100,-0.187349855215078,-0.00690708054156676,1.43009869938771,0.370417036806352
104,100,0.270172575639024,-0.654651810568031,-1.12198614854652,1.09790966161003
105,100,-0.330620917551849,0.65555998244379,-1.11283023579497,1.07720884574233
106,100,1.6411649283903,-0.0116376755214388,0.447009238600157,-0.994952302131062
107,100,-0.246912492786496,-0.597553382523934,1.4714982400217,-0.120714624429447
108,100,-0.771175385880119,1.8258503472389,-2.13640548708058,0.458271287224541
109,100,0.585838032714707,1.86223603757641,-0.0301752024350393,0.306678737013079
110,100,0.950275116077667,0.700348233974188,-0.171430189794694,-1.11690233464309
111,100,-0.656482429881144,0.330316955892589,1.86309518621652,0.00966873598301063
112,100,0.512291651220283,0.807471894253974,-0.969207974748201,0.344722569526501
113,100,1.23579527408179,0.20909907498696,-0.250327976386481,-1.58923236994559
114,100,-0.832080087977042,1.82411406270236,-0.17961376336017,-1.52015982238929
115,100,1.64316948530483,0.196671204859199,-2.40933644418835,-1.12672301972954
116,100,1.67716401970248,-0.13020826300021,0.33288233478995,0.733784816655675
117,100,-0.475432047191568,1.0483324520452,0.738547283691152,-0.497795136777521
118,100,-0.227826801021379,1.54931843879763,-0.962414714263038,2.13592910616942
119,100,-0.564388732814555,-2.52827679826749,0.321663458132308,0.0297160772002289
120,100,-2.38372005934707,-0.600519729294006,0.265504949311412,0.00026112878277307
121,100,-0.272020318084903,0.619612327188055,-0.505220090265486,2.02524365294023
122,100,0.171677410622552,1.70202777078773,-0.736861018380628,-0.227525751968157
123,100,-0.564480610076253,0.468714110307351,-0.629949655997146,0.239252150887021
124,100,-0.495742138142395,-0.421475294294532,0.0429802395577536,1.39278510790728
125,100,2.55891227155451,-0.454121061880795,-2.07733843098606,-0.675861254741522
126,100,-0.94568080471499,2.02294888343406,0.613097200759377,0.883041124034991
127,100,-0.425308170547619,0.52298870038927,1.80222237775693,0.25924431366701
128,100,-0.34380156856991,0.615010880747771,-0.890285169128969,0.401701867204745
129,100,0.0617515906842051,0.363830395170334,-1.82489781188751,-0.178401122854678
130,100,0.294278107765689,0.89228553620146,-0.156923376525635,-0.1181974130528
131,100,2.22251251681874,0.130979495588667,1.47963152834206,0.577329717377799
132,100,2.06468746091559,-0.446689521923671,-0.942088033811985,0.545045845873245
133,100,1.54250188180574,-0.965867760486755,0.621745634169494,-1.23941689223151
134,100,2.18109770964815,-0.501365024964574,0.681213333902514,-1.94774209292974
135,100,-0.25953506851639,0.486571723869989,1.5882519601608,-1.14098763763671
136,100,1.74038418091787,0.894036232453409,-0.284611213296743,0.595580768147098
137,100,-1.12468005752252,0.0710066372080096,-1.35106499983289,0.30967259086473
138,100,0.520075524394936,-0.12044040519757,-1.46251018319697,-1.19333619265683
139,100,0.286339252711641,0.740612891295922,0.350905871456359,1.19783307946835
140,100,1.07855705576868,0.229367850033349,0.0145648594879183,-0.182388008870432
141,100,0.731137962259748,-1.64321801043295,-0.517242376336579,0.0454710609111395
142,100,-1.14040303568207,-1.23331166529566,-0.532386703266157,0.507472473656147
143,100,-0.185402608834303,-0.798235200541489,-0.678657648673166,-0.659483688785199
144,100,0.151016307331168,0.232925896520728,0.534824948945928,-1.47516948745366
145,100,-0.0253256277069215,-0.0500276050655262,0.690763290981463,-1.85259028616862
146,100,1.41715778659843,-1.81253358898476,1.12637218287864,2.59321109501887
147,100,-0.361632035086368,1.12744153295368,-1.32658034702538,-0.117926130186588
148,100,-0.12245179433167,-0.809087589480034,-1.21515807728772,-0.136700464793276
149,100,-0.508458776007165,0.12555380739581,0.80456841042363,-0.395825021566142
150,100,-1.12239579617002,0.946033548083414,-0.0882476315483412,-1.32586590147775
151,100,-1.03122755042573,0.234011057453744,2.12422395282995,-1.24762218810513
152,100,-1.37168435976173,0.712042531193724,0.52589430669983,0.0584984958001834
153,100,0.0885161840994488,0.10087079420624,0.522996197039058,-0.429657818661406
154,100,-0.69390137372841,-0.456665136431881,0.732442426462738,1.24395176435408
155,100,0.899918317237774,0.789090436306288,1.27245767654128,0.441947892572036
156,100,0.262735990416646,1.08802467932473,0.717921735866418,-0.115407941939631
157,100,1.79602099568142,-0.3933765573599,-0.762649144129672,-2.97582733945131
158,100,-0.716482849228456,0.783609248180931,-1.71335878547212,-0.939764080375967
159,100,0.364450159559076,-1.16637263681862,0.758735414074243,-0.500059831275598
160,100,0.986913897986892,-0.284147111618152,0.892170970908411,4.20348359745036
161,100,-0.687813274966023,-1.04039408915462,-0.35026014890177,-1.05627805934347
162,100,1.82346317416264,0.198836717112232,0.433999914441317,0.797120674574091
163,100,-1.02265376827517,-2.9736633455143,0.683183535964587,1.29575613458582
164,100,0.209264708298011,-0.0424400234236905,-0.64756658313508,0.0710008528713294
165,100,-0.455613529427829,0.328383533109674,0.227051326124986,-0.760268562494252
166,100,0.766678809912266,-1.17315870993168,0.19353833333674,0.361955948149542
167,100,1.08621153536082,0.774683749603534,-0.877132500298003,1.51711944476819
168,100,1.11479510430213,-0.277407143745345,0.389999818914791,-0.569714320466614
169,100,1.11962633670338,1.34993340892342,-0.540039820974619,1.63501133348388
170,100,-0.608748993803698,0.310246277020404,-1.32632059831766,1.1493417548063
171,100,-0.570860200424854,-0.285468966061677,-0.931966248193314,-0.327921819811835
172,100,-0.550347244429061,0.213508124320169,-1.31473043801257,1.31403741320487
173,100,-0.308867289360787,1.15727128713385,0.901561226542601,0.136770305901894
174,100,-0.876642469096098,1.25545193675933,-0.796465684325614,-0.491402160025601
175,100,0.913738372000511,-0.391654920270268,1.0103480667531,-0.0770333501146381
176,100,-0.26302744884078,-0.812397890281069,-0.7598977125007,-0.190371343612733
177,100,-0.598941306686628,-0.409630418681377,-1.12347235888079,-0.706180065009848
178,100,-0.587906383057313,0.553891958954611,-1.84710916388115,0.0251707349659847
179,100,2.03548581816334,-0.887353326597316,-0.00369363091823152,-1.73328740057096
180,100,1.2638750165192,-1.73427845359246,0.248169009051699,-0.309342065312148
181,100,-0.884595845651771,0.739101047311145,1.85832340694013,0.0288196167833852
182,100,1.06787468347982,0.161384633456751,-0.76461153269574,-1.29576950920939
183,100,0.256948349869844,-0.829869363156623,0.618327576748681,-0.329973033859794
184,100,1.3015751449994,-1.54507075544457,-0.140369505890766,-1.37781128620722
185,100,0.036471122762508,-0.271450557610545,0.0378985790249148,1.66715649094402
186,100,0.246926159007316,-2.1077063556533,1.68754960607903,-0.362252984534601
187,100,-0.455171542942529,2.34946447765741,0.243058161967997,0.426293548197168
188,100,-0.00240841230234467,-0.541878965380683,2.14581863538241,-1.00801283910332
189,100,-0.580683768193893,-0.995031434025691,-1.48632360414474,-2.21474835415874
190,100,-0.498318626258517,-0.764003272635041,0.791867298914781,0.12114870896932
191,100,-1.66654984241793,1.39487312948295,1.14177715730324,0.574969909587679
192,100,0.29457552431852,-0.921447309245278,-0.726294197195674,-0.0757200763364318
193,100,-2.50783766948882,0.736106300551741,-1.29968611342792,-1.07862416095068
194,100,1.13586521411893,-1.07731415263832,-1.31468155013612,-0.869094121262115
195,100,0.451361771781333,0.400035145428907,-2.55779071983379,-0.116749116419708
196,100,0.203980248935158,1.32783915496403,-0.0774643184042532,0.648346393722745
197,100,-0.430144976284477,-0.140068891174038,-0.687785906502685,-1.2663685583655
198,100,0.544729974152989,-0.110850986353175,-0.297735814551576,-0.749631534627271
199,100,0.0713479930782147,-1.64600178097172,-0.426103506971285,0.247164719511774
200,100,0.0449005188213558,0.907759625965717,1.31722733977609,-1.57828415172226
201,100,0.648738870194091,-0.197963166778986,-1.17925735500037,-0.542166474826068
202,100,-0.297064857206561,-0.294952873827694,0.924454874452152,0.00737038048695119
203,100,-0.100241947231831,-0.78526799187866,0.774309416162706,0.911851851679594
204,100,-1.35458246650478,-0.492212393905185,-0.422040429887024,-0.208324428541949
205,100,0.73497940535856,0.71727992505889,0.412171020758398,1.90847935854597
206,100,-1.12988972167802,0.0953813849233589,-1.55467097110774,1.42586457888889
207,100,1.09549116717087,0.382629647321162,2.81878692337348,-1.58819125124494
208,100,-0.0805039290205292,1.87602148334095,-0.815771097874242,0.235821174522722
209,100,-0.342425132656824,1.32959855417723,-0.128063478384356,0.102651081229908
210,100,-0.00796624182121955,-0.71773148509782,1.14144012446066,2.36147883677993
211,100,3.05823982187183,0.247926262882005,-0.303777341202593,0.536405518846369
212,100,-0.353667749855007,-0.807174351661955,1.06573247577564,1.26611394472759
213,100,-0.464754945307643,0.654244032796079,1.30055319410225,-1.00363561062781
214,100,0.465980752704685,-1.2027022893567,-0.320615104272921,0.148297133856961
215,100,-0.180326426670626,0.989650933107458,-1.45958068089765,-0.408624624841903
216,100,0.443008840816378,0.389054136714674,0.179388676620592,0.811332007192741
217,100,-0.787425591961273,-1.61680490766272,0.0124761127948182,0.173512941986119
218,100,0.0134393075610856,0.0117086528696244,0.309451766757892,-0.43704436839638
219,100,-0.773812175402088,0.394189910612057,0.749817466355537,0.718473633429275
220,100,2.01795030735437,0.885232583075727,0.937774601743701,0.83644018410403
221,100,-2.88708211269673,-0.0954181494995342,-1.19930232506354,1.46155419149916
222,100,-0.684724941289652,0.978132989526043,-0.788037329871842,0.576035175500769
223,100,0.852774108172855,-0.823986274698569,-1.02032739905494,-0.791543144669645
224,100,1.43435121628403,-1.55602964121201,0.458921344625354,0.365679916798744
225,100,1.1766164159905,0.214109062729192,-0.286128128577844,0.145768898765949
226,100,-2.18713488438186,-0.274381950807395,0.369398444456565,0.631153294734811
227,100,-0.0370020189093324,-0.0411370051898623,-1.65705990296401,0.537000418243974
228,100,-0.55590837287147,0.748554241841626,1.02411165341947,1.59500861162291
229,100,-0.078694693418155,-1.15560623461849,0.125955246245529,-0.848882214346284
230,100,0.266780051431777,-0.383535385614825,0.410275355030938,1.07754797434304
231,100,-0.935035204585817,-1.41549401608422,2.10739605644504,-1.25939838169441
232,100,1.80763026949354,1.55603220370721,0.336275470511236,0.791247463519463
233,100,0.351784623994578,-0.933932225842853,-1.49607623202309,-0.998902044686143
234,100,-2.39586088695277,-0.794923386703021,0.488336475802333,-0.76143804177522
235,100,-0.0135043355292693,0.438545279330759,-1.93855172923701,1.6215391392169
236,100,-0.144710443484452,-0.582884578096834,-0.212733396189662,-0.483851765162352
237,100,-2.05194396755687,-1.38687644850573,-1.59691599615058,-0.659157844354973
238,100,2.93085829320857,2.13746127250037,-1.19580978726273,-0.638680274387672
239,100,0.0617156033336011,1.98509031213558,0.483754979007846,-0.185968393745766
240,100,0.107998656877864,-1.48198109770704,0.50879317186264,-0.243404392132092
241,100,0.252750408347279,0.674840858955334,-1.30039147625422,-0.976240301696539
242,100,-0.0409790522121784,0.46362618925629,-0.998165648948109,-0.158097847440654
243,100,0.983616537762006,-0.866217705313515,-1.23252610890303,1.02830121036516
244,100,0.443642229488855,-0.673796709726986,-0.245971826236876,0.434325048008625
245,100,0.310352242197312,0.654459406647537,0.468543796084327,2.54360480786354
246,100,-0.94226709536357,0.725183979369538,0.677647254518971,1.50817099345964
247,100,-0.0996352133216253,-0.428609565676403,-1.17792127802552,-0.119885872457543
248,100,-0.0505140698376932,-0.919633889517567,-0.150468664980717,-0.0616018318554121
249,100,-0.021057730046883,0.0881818880582263,-2.07611545716513,0.405725766764133
250,100,2.23682643087901,-0.0665046789711806,1.28511642066368,2.9249718767678
251,100,-0.672929386872604,0.0583150781957862,-0.124930800427341,1.69530465279045
252,100,-0.605719094483453,-0.442876949622,-0.364341858867118,-1.77641391600658
253,100,-0.29304649132715,0.330841683903271,1.10077432142984,0.962808609406701
254,100,-2.78533423314876,-0.219224714574588,-0.594066253622052,1.3350061118281
255,100,0.53908910954992,2.58147402646589,-1.16467453472356,-0.624864745322791
256,100,-0.504230043728016,-1.46904939479534,-0.495906943902029,0.573645556748587
257,100,0.301334939297818,1.23075548907667,0.366267506861337,2.3916466344699
258,100,0.857966664310503,0.0536127528565213,0.280139165548344,1.37713466590817
259,100,0.800776330374541,2.07256229068534,1.47222318419429,0.685983128327013
260,100,-0.57742694435282,-0.513073667078417,-0.795395610571627,-0.190433693658655
261,100,-0.038102323832284,-1.34079542591406,-1.61525601012738,0.517166228029239
262,100,-0.451747345165184,-0.154675605954411,0.531120202846085,0.0734174977606848
263,100,1.9474154077344,-0.0196139783037313,-0.830633906559103,0.0474778498519704
264,100,-0.370780712775866,0.290228838693698,0.215455625628425,-0.615684467259416
265,100,0.338282104023471,-0.739829920235329,-1.13648242613934,-0.541614957216832
266,100,-0.147826179773889,0.944654621879401,0.880975743164542,0.258481228197146
267,100,0.0866713542576769,-0.0099442215153842,1.86445337863771,-0.196714223825041
268,100,1.0551822249044,2.0497834161154,-0.611710052827363,0.197609834819682
269,100,0.429181204638197,0.288809779305968,1.8339268301343,0.789122831178296
270,100,0.908570545521257,0.499872485765862,-2.34139367053212,-0.703174284549582
271,100,-0.420823815829403,-0.923806062955805,-2.05412336467001,-0.229161087480238
272,100,-0.162339446027312,-2.25134694876512,-1.45914940978288,0.341815092963338
273,100,1.61707397386539,0.0700768267558819,-1.29697088457665,-1.79095385064529
274,100,-0.754704569118447,-0.0188124633277075,-0.381203373459203,0.737215623130106
275,100,-1.49261640754397,1.17777740619215,-0.0284583782101444,-1.40160480811518
276,100,-0.77451947551147,-0.184920318560257,0.91269326192637,0.701162673723163
277,100,0.0670674512847481,-0.232236153079077,0.718205634956859,-0.221884290665067
278,100,0.633843617569118,-0.733401600131346,0.388026814451167,1.06698636121593
279,100,0.697980746065937,1.34999683504145,1.62009798511438,-1.94196510160194
280,100,-0.877585664365476,0.937302097569802,0.334623465022042,0.493209131624705
281,100,0.179127836194635,0.687793405360339,-0.253974340422697,0.985849454525834
282,100,-0.643594588392004,0.59855008909459,-0.688372463099192,-0.489783153332595
283,100,0.573733433401747,-0.592621966133273,-0.165097164715115,-0.989965573267806
284,100,-0.117929726025981,-0.192832594054272,1.88077727147097,0.225165052793256
285,100,0.825032825940488,0.565508485596593,0.905168559263047,-0.132166491730437
286,100,-0.11149597017456,-2.04385775767559,1.02314101006753,-0.292948103542578
287,100,-0.733558426150906,0.150363072597316,1.44337437912166,-0.706850259876743
288,100,-0.050438319492899,-0.230205202583594,-0.434679148453903,0.501336787742421
289,100,-1.18688200116946,-1.02848119949349,-1.89805011905738,0.985612703033454
290,100,0.376131619505871,-0.340693222143171,0.783618988136689,-1.00282250524393
291,100,1.37716693731807,-0.647091646349989,1.39314641138978,0.258167334987582
292,100,0.617073986948868,-0.685495785519548,-0.544234657077416,1.58076923243565
293,100,-0.40189885638305,1.11409537930422,1.93083838136025,2.05959004750806
294,100,1.99120559245249,-1.19967589090207,-0.385713824931738,2.4304899489998
295,100,1.14939541190457,0.62052381739616,0.403985311422877,-0.238670837057725
296,100,-1.0369302382919,0.219491603178596,0.522417229574163,0.107747153163437
297,100,-0.713657357661185,0.340733608989828,-1.59397477296562,0.707105538608854
298,100,-0.401416422349978,1.54631453917126,-1.20428929452797,0.830432672636418
299,100,-0.340130624388302,-0.664507985054951,-0.624664528751058,-0.862195602052468
300,100,-0.825698708153551,1.00032647622588,1.48820883791925,1.60072947664507
301,100,0.810929052451444,-0.547198527350397,-0.0158522125887883,2.08327772775728
302,100,-0.835795321619212,1.12804472325985,0.453272651405092,-0.904508331109174
303,100,0.888946051282632,-0.673369931359292,0.734910874805818,1.41447274423007
304,100,1.42914964478566,-1.25070045835926,0.291748034196712,-0.816043581411203
305,100,-1.34192235534748,-0.562300314114686,0.331782174541566,-0.334154160587983
306,100,-0.467639883536736,0.31544652703075,1.39740067725483,-1.61498861500186
307,100,0.218284788384391,-0.054640507123495,-1.8052066528715,1.42200932195688
308,100,-1.53531594868664,-0.0793615886815935,1.53779506652942,0.539448098938641
309,100,0.988350432758077,-0.829402956126855,-1.43322829651443,1.06470207242093
310,100,0.0618968246089889,0.303460363115243,-1.12896030813065,0.804390487521995
311,100,-1.85350827052906,0.259823236368462,-0.846299408394918,-0.25008233378363
312,100,-0.993170911692739,0.258323667548967,-1.82879853111297,-0.600170058707762
313,100,-1.58054571011362,0.195359156656231,0.285080169555701,-0.32961991272594
314,100,0.285375723189515,-1.01544541583184,-0.86849079959626,0.21767805170796
315,100,-0.379821082304658,-0.444224155417899,0.10892585795831,0.339065932559392
316,100,1.2962204849085,0.0742159976941003,0.0695964711662967,0.396716095482043
317,100,0.23798644038891,0.879609799927475,-0.352588981806647,1.79928211926274
318,100,-0.32703824450355,1.24782524876234,-0.227732409570865,0.63620441090295
319,100,-0.982365849230614,-0.184798075490973,0.894153586943993,1.5742848811573
320,100,-0.106732558919231,0.5688148196258,0.716547172864718,1.4830323606316
321,100,0.620883047201702,0.445927592129502,-0.174351176495031,0.118975172938284
322,100,-0.158260184765535,0.892112480600308,-1.21799833860384,-0.679479640188632
323,100,0.495909398878829,-2.12948643314897,0.554003006648308,-1.34782276332927
324,100,-1.05542082581517,-0.518248631750279,0.456293195455283,0.493517101128734
325,100,-0.732242113937843,-1.58452246060278,-1.01727618581401,-2.24101184033938
326,100,-0.493925870829287,0.315199201304321,-1.36725514697081,0.243811464294344
327,100,-0.360029116579553,-0.311150595898636,0.123493372018912,-0.709523153045594
328,100,1.32545804224957,-1.37797590294341,0.381617151795506,-0.429338770811908
329,100,-1.17589291141029,0.170858192905398,-0.136879847467957,2.3982940887606
330,100,-1.37831617648737,0.581693901924701,2.15282180653794,0.572353293868415
331,100,-0.456001425733202,-0.380771678360748,0.0176931471168864,0.940001015807518
332,100,0.505302594401653,0.0123063765461066,0.653034779568049,0.477396691808641
333,100,-0.0860980085790168,-1.06029891545048,-0.531071786732339,1.95036945523415
334,100,0.425939256566478,1.5648945834339,-0.527639797048021,-0.154074517463499
335,100,0.738014319947509,-1.74128103593355,-0.0568849770223808,-0.711908640627736
336,100,1.16112838451327,-1.3616475697756,-0.405919340015686,-1.24178078941341
337,100,-0.63476682810621,-1.39046393945166,1.20182962360991,-1.47791232183105
338,100,-0.58066363140418,-1.25950894800518,-0.651853544111033,-0.356567074973146
339,100,-0.367161434954512,-1.74738085004119,1.2946313131492,0.480658080075636
340,100,0.308062731821484,-0.261751870337812,0.753782330832244,1.11003164253926
341,100,0.252013975711552,-0.973751124693187,-0.190400380354805,-0.204641333363844
342,100,-1.57126895703722,0.0988332484992634,-0.452755734988883,0.0295806596775375
343,100,1.90823481633799,-0.0696676186313757,1.01447900872229,0.881203658273879
344,100,0.97578123817869,-0.692413570849143,1.06097719869204,0.613733260831193
345,100,0.51373984331954,0.479632906054732,0.190700372159521,-0.586753301751719
346,100,-0.756695855990001,-1.07701184876896,1.20362060452885,1.43436928615824
347,100,-0.773139315529357,-0.89116641347659,-0.402369904855553,-0.248317506527979
348,100,-0.89706783087408,-0.438593882517677,-1.27124907653215,-1.01554057354266
349,100,-0.367905131326556,0.733401672512609,0.891455804567613,0.559654051233646
350,100,2.85364169236983,-0.082344576680159,0.948610262116619,1.5807059001543
351,100,0.355379312805983,-0.365359100480205,-0.179933291732341,1.16080693577689
352,100,-0.178316490675393,-0.142880017019753,0.532023919058543,1.51005783345145
353,100,-0.603258943987071,-0.941488751826408,-0.969918185835375,1.72979115762079
354,100,-2.02655012695042,-0.254413853699877,1.58468258466826,-0.0652683981753563
355,100,-0.046619456898817,-0.656579092064577,-0.531758847709806,0.300091372792725
356,100,0.860850878171008,2.49886574135385,-0.23397975972334,-1.4444261296918
357,100,0.69462949766901,-0.823597267789556,0.676368799861977,-2.74011805318355
358,100,1.46198193253559,-0.757387870936325,-0.719277921083472,-1.35217736593541
359,100,-0.242477569300984,-0.922307442151688,0.317707134884834,2.19262723880467
360,100,-1.05565861463513,1.19682652395823,0.62549270842781,1.04499822273925
361,100,-0.107950080106759,1.29503795875422,-0.531481786625283,-2.52954480366118
362,100,2.09655269472693,0.27321431288496,-1.20093656035587,-0.88728437446273
363,100,0.413508914892449,-0.889271595374079,-0.189555822294075,0.711293791066079
364,100,-0.0282686847158972,0.0989960558805115,-0.740149794443408,0.401604477942125
365,100,1.22786470376779,1.5722080223514,-0.461569043013586,0.725212349416531
366,100,-0.825536846495923,0.264542104670962,0.0759346053329537,-0.469443645395019
367,100,-1.28704813824965,0.316252656358591,0.694199396049761,-1.58065417738101
368,100,-0.490416987898439,-0.0503325494178653,-0.52699488272522,0.0172968950415528
369,100,0.124165578187538,-2.16618914933687,0.580484493780266,-1.88420032573092
370,100,-2.35490880430726,-0.137075867820246,0.22681298628704,0.014401685898197
371,100,1.325977974558,-0.376461235673643,-3.14597749951266,1.18642046161885
372,100,0.198654729889246,0.424165624003676,1.96546126094877,-0.200197803091776
373,100,0.365893254595451,0.0334592453945402,-0.722004476748814,0.312176642099677
374,100,-0.766313996894642,-0.168003260872711,0.420281098895052,-0.568153144196577
375,100,-0.0707688748566852,1.09827592263618,0.308219510932161,-0.117176639944134
376,100,0.722267218468233,0.476709388122183,-0.95473868311859,1.08057658080779
377,100,1.89328870751852,0.583718561418021,1.25417394075162,0.461887028677553
378,100,-0.139512636800992,0.504075719688026,0.359616886120444,0.317756140085343
379,100,1.45963082501187,0.602251069870956,-0.322137111196913,-1.15527800012936
380,100,1.09916345245353,1.24939561657464,-0.701963472633638,-0.220395805395511
381,100,0.982235381989365,0.502848067952692,0.801131575745427,-0.0872464863864943
382,100,-1.04944173247169,2.95767671874603,-0.0992217327129929,2.05003307759115
383,100,0.727704985274114,-0.0137916959166856,-0.183656858034208,-0.24415110001116
384,100,-0.113421844964122,-1.52107113434864,0.506888677954996,1.76857344224418
385,100,0.89666394357578,-1.2454066580759,0.332877690197457,-0.206008087964299
386,100,1.16106412233708,0.070630733587335,-0.178972872047005,0.188946793596878
387,100,-0.000735554776354994,-0.721119772836751,0.580610547423046,0.522073758588596
388,100,0.728215588944735,-0.483263291259498,0.939221210512493,-0.0803949610440465
389,100,-0.900682514824765,-0.728248610508883,-0.485879861750794,0.0285205792757203
390,100,0.543384797636005,-0.175191587826377,-0.0998494432697745,0.729829821159195
391,100,-0.0806488858526986,-0.326070844646445,-1.28915094592885,-0.812867857937367
392,100,-0.0761812084803339,2.03217803502967,0.597469536638822,-0.576186529344631
393,100,0.0235253472706366,0.26024888777678,-0.477243313099686,0.21464031250887
394,100,1.63747015601157,1.94892279633011,-1.13842829807215,-0.429800194667467
395,100,1.25961942026652,-0.763739508715558,0.59401584275681,-0.602379843040276
396,100,1.48772466195803,-1.16971932272614,-0.20505026687465,-1.04476555041805
397,100,-0.631525640510134,0.773566743132657,-2.97106775701376,0.681021469643053
398,100,-0.547240249746916,-1.11468989323157,0.0101666550015332,1.06693261654087
399,100,0.140091936807343,-1.54148884337717,-1.2474738598065,0.40849614800997
400,100,-0.698139967240008,-1.45840025742156,0.869645167084811,1.78323241650626
401,100,-0.37519587245626,1.06021248877311,0.277292719399148,1.0646092981678
402,100,-0.342760633470102,0.605022287330938,-0.194879531407419,0.347376854258095
403,100,-0.893773993189667,2.06123609502236,-0.0144929491159141,0.435882066472178
404,100,0.70431586923916,-0.719383352842711,-1.05121924585861,-1.55864259993908
405,100,1.30579276927433,1.07826721105327,-0.501905558109219,-0.814195700190381
406,100,1.93158894310432,-0.740205876538982,-0.522052510682283,-0.599105656440532
407,100,1.39178502534506,0.913235500126447,3.36539216141049,0.232699162099533
408,100,-0.138494981341547,-0.90897379843793,0.968153111497297,0.228234553529071
409,100,-0.00879859027175238,-0.462711132011879,0.851802296734747,-0.985382114095488
410,100,1.17230235371854,0.428752569963277,-1.08028548584343,-0.492971676305965
411,100,-2.01697892983269,-1.21389033986872,-0.0921999847711254,-1.16932688803374
412,100,-0.979483049733159,-1.06649049429187,1.0032355709943,1.37086206214908
413,100,1.55204395063102,0.195182843685448,0.102384476753497,-0.769940696799115
414,100,1.17979925574168,-1.15928720760204,0.706451181894626,-0.589849898424136
415,100,1.43370498215135,-2.01280334258552,-0.864020703434605,-0.810375065467647
416,100,0.492928801973185,-0.221380099271645,-0.122751349161483,-0.176398244164234
417,100,1.07199596507817,-2.15440338871125,1.67721124466762,-0.834027151471484
418,100,0.891492768479941,1.12358857117512,-0.22558313642827,0.0807493181633113
419,100,-0.337558348340278,-0.399594901880576,-0.0259131508257949,1.25925048987101
420,100,0.585063734340773,0.475955372321262,-1.48945733936917,-0.739652495429863
421,100,0.84405452909543,0.944564515405587,0.105139933981459,-0.362724710347992
422,100,-0.342086910515857,0.600536452766089,-1.60630445170534,0.27590641047663
423,100,-0.768849693629483,0.26426234417362,0.35637485938395,-0.299832713536866
424,100,-0.0348173012738148,-0.0576103633042275,-0.16120099778364,1.54841754066412
425,100,-0.935782676199114,0.449240187600612,-1.94436774147111,-0.859651197507693
426,100,-0.790545323556159,-1.32113058265172,-0.388683606927685,-0.53918193182366
427,100,-1.24613966674775,0.826678483428307,1.56733891092081,0.102215153627235
428,100,0.562626788149468,1.4271483465995,1.73832594650377,-0.438083630817229
429,100,0.348070070657253,0.345422907606381,0.393923280538346,-0.813832676566339
430,100,0.0831527225915789,-1.48085577552916,1.49267057189583,-0.570962595632533
431,100,0.0368284556823072,1.9722605585912,0.595676391957824,0.752143863876491
432,100,1.01136891252702,2.32680777830517,0.696473001674917,-1.00235926928017
433,100,-0.235231221387505,-0.666832427522515,0.975076441202625,-2.10840482073098
434,100,-0.479632071826801,0.954270768021965,-0.725392715991222,1.35057313261285
435,100,0.672247132521535,-1.52469794927556,-0.234913567395121,0.567284664052816
436,100,-0.779701959645211,0.221521940710157,0.219201869335685,-1.10635357198768
437,100,0.0939295334873161,1.24534021681153,-1.80766449206882,1.54923064694237
438,100,-1.92537703010389,-1.24509580654908,-0.128689567941769,-0.495249670643651
439,100,-0.0665347626025263,0.671016203521361,0.598753528666823,0.0666915210752668
440,100,-0.0772507058149739,-0.225259451036595,-0.166392556041231,0.0081552650523632
441,100,-0.674387414107056,2.47996569207295,0.0054346774234864,-0.352772686526893
442,100,-1.92909002709875,-0.253488408427058,-1.14336250431082,-0.559550305406498
443,100,0.53841590244444,-0.964575558654522,0.708566658660246,-0.185084604765171
444,100,0.178241962608814,0.877277660717585,-2.51805425220079,-0.158121363331256
445,100,-0.836288895022926,0.942744842033799,-1.15461064259765,-0.185216529436649
446,100,0.497284111312897,-1.40724108607042,-0.33448062855432,0.909993490711468
447,100,1.10374025997308,-0.894747438882415,0.160143693906914,-0.0614958026527426
448,100,-0.562960220876346,0.414319040411875,2.28251215495488,-0.54068916523009
449,100,-0.408704447281143,-1.34512372244373,0.0503931955900922,-1.06020697350809
450,100,0.0818227457169848,0.450435505761418,0.728822997621002,1.80841631436007
451,100,-0.838063749057092,-1.62236369579228,0.0820645983399998,0.55446495845235
452,100,1.01951489257804,-1.69004534691695,0.423955175618915,0.747186173728033
453,100,-1.48643584403877,-0.203237555991131,0.0700218154815153,0.0383238261908246
454,100,0.851584311763514,-1.08137977250958,0.266552408771219,-0.0813110542976553
455,100,-0.35521869453825,1.1164996018248,-0.426285030637713,0.778822366258734
456,100,-0.567462757598724,0.0236914640706131,-0.742052268785468,-1.09605686507634
457,100,1.09624236581405,-1.32359854381505,-0.994009847176637,2.57114837776138
458,100,1.0914508263018,0.204954648324585,1.69205857391045,0.19259426561694
459,100,-0.258926795065943,1.54202251602733,-1.32879667821531,-1.71730626022134
460,100,0.796601198125375,0.0718018889334091,0.466843576261501,0.90727431178702
461,100,-2.08875995214612,-0.28959954416137,0.338355000799348,-1.74136990952785
462,100,-1.52915589658692,0.00713710341839686,-1.2538802321405,1.25194814185841
463,100,-0.3558290538496,1.21575587747788,1.43568751913852,-0.618917053406289
464,100,-0.363934883848751,-0.102783751904174,-1.67819023871367,-0.915369575187543
465,100,0.538494287697745,1.48099783007269,0.163375862959171,0.988005775640948
466,100,1.92576980191859,0.117260422685206,1.19028327882649,2.02336535435703
467,100,0.372015354945182,-0.39944008649404,-1.33877687280019,-0.83385568264759
468,100,-0.729111256840492,0.907057816145837,-1.19247271023927,0.440325170579476
469,100,-0.636894597465756,-0.0867941008386192,-0.957655395248962,0.75276576684256
470,100,-0.734916113762529,1.03583877003244,-0.0958508698987523,1.54032376496452
471,100,0.480999028695668,1.35338235405862,0.0115773138223488,-0.355630001333009
472,100,0.456970938504901,0.0852642049930858,0.314905702526831,-2.23987269589824
473,100,-0.66596152258909,-0.800100149349486,-0.336127489078089,-0.0558212618869086
474,100,0.368111902608364,-0.589102259795791,-0.0209712767712882,1.8704714663773
475,100,-0.937110679678743,-0.355876237158287,-1.97532360646432,0.111578030877993
476,100,0.578746490717927,-0.250625094623014,0.69833443437331,0.168733637202359
477,100,0.731717125521093,0.567005438336611,-1.48115455301138,-1.63745642421065
478,100,-0.587001352664828,-1.83329420465339,-0.823505557476015,-0.146490939173771
479,100,0.136265781770405,-1.39339880891803,-1.17753782839389,0.86977647300459
480,100,0.184511679089638,-1.16245645726561,0.12533434423933,0.70153775549798
481,100,-1.14511595242214,0.790886326950188,0.414447730638322,1.5360089867729
482,100,0.643701131463602,1.17381065702319,0.12270226876122,-0.419495040535625
483,100,1.87260183612787,0.84336577575635,0.14770554456415,-1.43778244520595
484,100,1.77087424153465,0.471165441920577,0.454842473580022,-0.62087342855682
485,100,-0.587157479581669,0.153735595057163,0.0491659469620262,0.659712188729836
486,100,0.259995118531106,0.159829123766345,0.9514596665936,0.779572302577109
487,100,1.71157050110105,-0.44739757684303,2.38723042840526,-0.53292764888283
488,100,0.28183431827815,-1.06525214608802,0.914966370995601,0.162586465787
489,100,1.10639658903484,0.320336672115637,-0.859468779456532,-0.827811745153277
490,100,1.00678389780337,-0.523945765746481,0.172030686568064,-0.00856620379563967
491,100,-0.227134600186898,0.908272249749887,-0.877983964134358,-0.731800927468145
492,100,0.565892575560303,-0.214023404235259,-0.622467556583069,-0.827933216919807
493,100,1.55120473805076,0.134774364123616,0.248586419645369,0.750891906596217
494,100,-0.32806181278985,0.296244189645606,-1.6481714406329,-0.655922644311374
495,100,1.168461448465,-0.900289639052371,-0.127969564054695,0.944445700013781
496,100,-0.819919349529324,-2.23670639370246,-0.443720302008226,0.167854416247725
497,100,0.137973230643243,-0.702396236635433,0.937441858752098,0.385176117915937
498,100,0.568156594598857,-2.32561864990044,1.24658328838361,0.639264816203008
499,100,0.586307389983512,-1.05425614057975,-0.559406012296241,-0.979268265791985
500,100,0.254453921774308,2.14597831118898,0.868147635543748,-1.48309362233094
